  0.11273042      3.77777643E-13  2.41537178E-13 -3.30975287E-15
  0.56771952      3.89566038E-13  2.77892536E-13 -6.01172952E-15
   1.0225676      4.03785675E-13  3.16132808E-13 -1.15490655E-14
   1.5908108      4.27201352E-13  3.67188349E-13 -2.17360513E-14
   2.0451236      4.51917800E-13  4.11305321E-13 -3.25706936E-14
   2.6127074      4.91437349E-13  4.71639221E-13 -5.11639003E-14
   3.0665996      5.31359299E-13  5.24997580E-13 -7.15183528E-14
   3.5204115      5.79055846E-13  5.83889111E-13 -9.88061765E-14
   4.0876346      6.49413574E-13  6.66796642E-13 -1.46923950E-13
   4.5414238      7.15898261E-13  7.41917216E-13 -1.99855106E-13
   5.1087065      8.15020848E-13  8.49049130E-13 -2.88676011E-13
   5.5625720      9.10432645E-13  9.47428659E-13 -3.81541072E-13
   6.0164661      1.02398938E-12  1.05943780E-12 -4.97468006E-13
   6.5838690      1.19855363E-12  1.22296194E-12 -6.79919554E-13
   7.0377955      1.37219728E-12  1.37713376E-12 -8.59269958E-13
   7.6052070      1.64485049E-12  1.60713532E-12 -1.13084845E-12
   8.0591211      1.91872104E-12  1.82861734E-12 -1.39206149E-12
   8.5130253      2.25349470E-12  2.09162288E-12 -1.70001556E-12
   9.0803757      2.77458113E-12  2.49225206E-12 -2.16654797E-12
   9.5342360      3.28871132E-12  2.88253080E-12 -2.62108868E-12
   10.101531      4.07734306E-12  3.47682863E-12 -3.31719287E-12
   10.555342      4.84771598E-12  4.05461602E-12 -3.99961834E-12
   11.009133      5.76762856E-12  4.74217323E-12 -4.81785532E-12
   11.576332      7.17395848E-12  5.78949605E-12 -6.07255956E-12
   12.030070      8.55025252E-12  6.81135617E-12 -7.30163326E-12
   12.597208      1.06614023E-11  8.37567429E-12 -9.18598878E-12
   13.050895      1.27328807E-11  9.90898249E-12 -1.10328907E-11
   13.504553      1.52192842E-11  1.17486975E-11 -1.32474223E-11
   14.071603      1.90389163E-11  1.45745412E-11 -1.66464134E-11
   14.525217      2.27873883E-11  1.73478558E-11 -1.99803403E-11
   15.092206      2.85426058E-11  2.16064736E-11 -2.50976046E-11
   15.545775      3.41881280E-11  2.57848569E-11 -3.01162567E-11
   16.112707      4.28538940E-11  3.22005374E-11 -3.78181375E-11
   16.566236      5.13540946E-11  3.84957968E-11 -4.53712276E-11
   17.019741      6.15500220E-11  4.60492755E-11 -5.44296413E-11
   17.586597      7.72014397E-11  5.76481606E-11 -6.83333737E-11
   18.040064      9.25541588E-11  6.90289076E-11 -8.19714227E-11
   18.606867      1.16120689E-10  8.65024441E-11 -1.02906822E-10
   19.060299      1.39236969E-10  1.03645280E-10 -1.23443700E-10
   19.513704      1.66963277E-10  1.24209670E-10 -1.48077717E-10
   20.080450      2.09523232E-10  1.55780250E-10 -1.85892648E-10
   20.533821      2.51267451E-10  1.86749560E-10 -2.22983368E-10
   21.100523      3.15343723E-10  2.34292225E-10 -2.79915729E-10
   21.553862      3.78190479E-10  2.80927670E-10 -3.35753453E-10
   22.007195      4.53569626E-10  3.36868061E-10 -4.02722244E-10
   22.573837      5.69264635E-10  4.22735902E-10 -5.05501530E-10
   23.027140      6.82734980E-10  5.06959696E-10 -6.06296346E-10
   23.593752      8.56887339E-10  6.36235009E-10 -7.60981889E-10
   24.047028      1.02768172E-09  7.63026087E-10 -9.12672493E-10
   24.500294      1.23251209E-09  9.15091836E-10 -1.09457909E-09
   25.066856      1.54685942E-09  1.14847387E-09 -1.37372547E-09
   25.520096      1.85512894E-09  1.37735257E-09 -1.64745662E-09
   26.086632      2.32821118E-09  1.72861003E-09 -2.06750927E-09
   26.539846      2.79212298E-09  2.07306750E-09 -2.47939758E-09
   27.106359      3.50404772E-09  2.60168664E-09 -3.11145665E-09
   27.559551      4.20214885E-09  3.12005044E-09 -3.73121756E-09
   28.012745      5.03929476E-09  3.74167008E-09 -4.47439774E-09
   28.579214      6.32390762E-09  4.69556571E-09 -5.61478197E-09
   29.032389      7.58358265E-09  5.63095570E-09 -6.73299949E-09
   29.598843      9.51654577E-09  7.06631775E-09 -8.44885584E-09
   30.051998      1.14119469E-08  8.47379766E-09 -1.01313375E-08
   30.505152      1.36847751E-08  1.01615578E-08 -1.21488188E-08
   31.071575      1.71723293E-08  1.27513697E-08 -1.52445132E-08
   31.524714      2.05920898E-08  1.52908530E-08 -1.82800015E-08
   32.091122      2.58395669E-08  1.91875902E-08 -2.29377832E-08
   32.544243      3.09849284E-08  2.30085142E-08 -2.75048961E-08
   33.110641      3.88803443E-08  2.88716286E-08 -3.45129614E-08
   33.563751      4.66219348E-08  3.46205269E-08 -4.13844532E-08
   34.016857      5.59048878E-08  4.15140526E-08 -4.96240240E-08
   34.583233      7.01489711E-08  5.20917283E-08 -6.22670555E-08
   35.036331      8.41157970E-08  6.24635348E-08 -7.46639373E-08
   35.602699      1.05546690E-07  7.83782070E-08 -9.36857987E-08
   36.055794      1.26560380E-07  9.39830542E-08 -1.12337212E-07
   36.508884      1.51757263E-07  1.12694408E-07 -1.34701452E-07
   37.075237      1.90419286E-07  1.41405124E-07 -1.69016829E-07
   37.528324      2.28328290E-07  1.69556770E-07 -2.02663657E-07
   38.094673      2.86495037E-07  2.12752056E-07 -2.54289972E-07
   38.547756      3.43528086E-07  2.55105562E-07 -3.04909520E-07
   39.000828      4.11911969E-07  3.05888506E-07 -3.65602716E-07
   39.567177      5.16840146E-07  3.83810061E-07 -4.58728863E-07
   40.020252      6.19718776E-07  4.60210117E-07 -5.50034315E-07
   40.586594      7.77571074E-07  5.77435515E-07 -6.90126512E-07
   41.039669      9.32339503E-07  6.92371430E-07 -8.27478573E-07
   41.606007      1.16980050E-06  8.68718814E-07 -1.03821162E-06
   42.059082      1.40261773E-06  1.04161893E-06 -1.24481721E-06
   42.512150      1.68175643E-06  1.24892108E-06 -1.49252094E-06
   43.078487      2.11002134E-06  1.56697479E-06 -1.87254136E-06
   43.531563      2.52989116E-06  1.87879789E-06 -2.24509495E-06
   44.097900      3.17403646E-06  2.35718926E-06 -2.81662119E-06
   44.550980      3.80552819E-06  2.82619021E-06 -3.37688743E-06
   45.004051      4.56257567E-06  3.38844666E-06 -4.04850789E-06
   45.570404      5.72395766E-06  4.25101780E-06 -5.07876030E-06
   46.023476      6.86239173E-06  5.09656275E-06 -6.08857317E-06
   46.589828      8.60872024E-06  6.39363770E-06 -7.63745993E-06
   47.042908      1.03204384E-05  7.66503399E-06 -9.15549572E-06
   47.609257      1.29459077E-05  9.61518526E-06 -1.14836275E-05
   48.062340      1.55191374E-05  1.15265902E-05 -1.37651650E-05
   48.515427      1.86032812E-05  1.38175683E-05 -1.64993762E-05
   49.081791      2.33331011E-05  1.73311182E-05 -2.06919249E-05
   49.534885      2.79680644E-05  2.07743306E-05 -2.47997395E-05
   50.101250      3.50752198E-05  2.60543020E-05 -3.10974938E-05
   50.554352      4.20389624E-05  3.12279590E-05 -3.72670329E-05
   51.007446      5.03828342E-05  3.74272167E-05 -4.46579652E-05
   51.573837      6.31748262E-05  4.69317893E-05 -5.59865875E-05
   52.026939      7.57053640E-05  5.62425957E-05 -6.70811423E-05
   52.593330      9.49124660E-05  7.05152124E-05 -8.40829089E-05
   53.046448      1.13723785E-04  8.44945971E-05 -1.00730031E-04
   53.612846      1.42552337E-04  1.05919498E-04 -1.26234736E-04
   54.065975      1.70781641E-04  1.26900442E-04 -1.51202010E-04
   54.519108      2.04586890E-04  1.52027220E-04 -1.81092691E-04
   55.085529      2.56377389E-04  1.90524908E-04 -2.26870980E-04
   55.538670      3.07075155E-04  2.28213248E-04 -2.71668192E-04
   56.105099      3.84726853E-04  2.85943650E-04 -3.40257626E-04
   56.558254      4.60723095E-04  3.42448184E-04 -4.07360145E-04
   57.011406      5.51682897E-04  4.10083652E-04 -4.87647427E-04
   57.577862      6.90956716E-04  5.13653911E-04 -6.10530260E-04
   58.031025      8.27208860E-04  6.14987104E-04 -7.30697822E-04
   58.597492      1.03578134E-03  7.70122104E-04 -9.14568896E-04
   59.050667      1.23978080E-03  9.21871746E-04 -1.09432999E-03
   59.503853      1.48382830E-03  1.10343040E-03 -1.30929414E-03
   60.070332      1.85727340E-03  1.38128782E-03 -1.63808069E-03
   60.523521      2.22241995E-03  1.65300467E-03 -1.95940910E-03
   61.090008      2.78105168E-03  2.06875708E-03 -2.45076139E-03
   61.543190      3.32714897E-03  2.47524120E-03 -2.93084863E-03
   62.109642      4.16243123E-03  3.09708016E-03 -3.66478181E-03
   62.562763      4.97878343E-03  3.70493182E-03 -4.38170182E-03
   63.015820      5.95467910E-03  4.43170499E-03 -5.23831323E-03
   63.581921      7.44651025E-03  5.54295350E-03 -6.54704543E-03
   64.034485      8.90328921E-03  6.62835781E-03 -7.82426726E-03
   64.599731      1.11288112E-02  8.28700326E-03 -9.77424625E-03
   65.051582      1.33014685E-02  9.90676880E-03 -1.16766430E-02
   65.503128      1.58964340E-02  1.18420208E-02 -1.39473733E-02
   66.067162      1.98608618E-02  1.47998836E-02 -1.74137522E-02
   66.518112      2.37321369E-02  1.76897235E-02 -2.07958296E-02
   67.081421      2.96485424E-02  2.21089646E-02 -2.59596370E-02
   67.531792      3.54286581E-02  2.64294855E-02 -3.09990793E-02
   68.094421      4.42693047E-02  3.30433957E-02 -3.86974439E-02
   68.544289      5.29152155E-02  3.95182185E-02 -4.62158173E-02
   69.106354      6.61583394E-02  4.94483113E-02 -5.77118099E-02
   69.555771      7.91325271E-02  5.91906607E-02 -6.89509511E-02
   70.005020      9.46931317E-02  7.08916634E-02 -8.24019536E-02
   70.566383      0.11860676      8.89040455E-02 -0.10301925    
   71.015320      0.14212406      0.10664830     -0.12323961    
   71.576332      0.17839234      0.13406715     -0.15433314    
   72.025063      0.21422124      0.16122110     -0.18495239    
   72.585876      0.26982552      0.20351797     -0.23226716    
   73.029984      0.32460874      0.24540733     -0.27859360    
   73.590706      0.41138673      0.31225780     -0.35126016    
   74.039330      0.49904123      0.38043046     -0.42364261    
   74.600090      0.63893348      0.49055240     -0.53685868    
   75.048798      0.78294271      0.60547507     -0.65031612    
   75.609795       1.0179720      0.79604095     -0.82858104    
   76.058640       1.2658263       1.0004133      -1.0070890    
   76.507683       1.5874701       1.2685243      -1.2230067    
   77.069244       2.1304579       1.7252734      -1.5522357    
   77.518639       2.7106915       2.2228553      -1.8641304    
   78.048470       3.5960422       2.9911370      -2.2472596    
   78.602119       4.7206454       3.9843245      -2.5728695    
   79.014641       5.4809170       4.6653028      -2.6299901    
   79.554306       6.1242476       5.2162447      -2.4889007    
   80.067139       6.3910112       5.4191308      -2.2046311    
   80.524811       6.4181862       5.4121284      -1.9327495    
   81.053589       6.4049544       5.3729720      -1.5922912    
   81.564354       6.4067426       5.3557496      -1.1709909    
   82.063629       6.3872519       5.3239269     -0.70548874    
   82.549644       6.3954787       5.3031316     -0.19116527    
   83.020416       6.5693450       5.3779559      0.45058930    
   83.522820       6.8488426       5.3834929       1.2940935    
   84.053658       6.8019948       5.1838732       2.0025227    
   84.549942       6.5122523       4.9844046       2.4696672    
   85.027672       6.1080389       4.7990136       2.7615252    
   85.525734       5.5405321       4.6270795       2.9420402    
   86.027512       4.9535484       4.4643464       3.0778596    
   86.590935       4.2307296       4.2642083       3.1753352    
   87.029121       3.5995131       4.0790391       3.1333735    
   87.559258       2.8227673       3.8044353       3.0207255    
   88.067757       2.1665747       3.4994259       2.8851166    
   88.585281       1.5961570       3.1683369       2.7833016    
   89.036705       1.1693796       2.8719442       2.7250998    
   89.556389      0.73967505       2.4922366       2.6810191    
   90.083794      0.36215001       2.0347419       2.6605680    
   90.522835      8.84602889E-02   1.5855025       2.6672146    
   91.066666     -0.22739449      0.98058271       2.7042246    
   91.547646     -0.54236621      0.46252975       2.7005124    
   92.020836     -0.91442299      5.90566061E-02   2.6241319    
   92.527176      -1.3440484     -0.22595543       2.4542060    
   93.040657      -1.7522018     -0.40254438       2.2067115    
   93.570419      -2.0616934     -0.56987685       2.0300422    
   94.013809      -2.2219100     -0.70902437       2.0718658    
   94.539070      -2.3449616     -0.93406349       2.1272120    
   95.091621      -2.4893155      -1.1688637       1.9844186    
   95.545456      -2.5780365      -1.3294483       1.8056749    
   96.112778      -2.6008134      -1.5177864       1.6543399    
   96.566650      -2.5814009      -1.6162246       1.4270459    
   97.014771      -2.5626006      -1.9298005      0.81845635    
   97.544777      -2.5153546      -1.7877734      0.22808789    
   98.112152      -2.4290433      -1.5283095     -0.14444213    
   98.566078      -2.3023701      -1.4376940     -0.29694244    
   99.001091      -2.1420875      -1.5127375     -0.46953845    
   99.542236      -2.0512464      -1.2676185     -0.73750478    
   100.10968      -1.9745301      -1.5107663     -0.91508901    
   100.55460      -1.9546905      -1.0914127      -1.0579008    
   101.08748      -1.9018065     -0.83419061      -1.1695002    
   101.52034      -1.8444237     -0.67997140      -1.2236485    
   102.08784      -1.7638950     -0.56674266      -1.2931272    
   102.54187      -1.6852000     -0.50043643      -1.2722689    
   103.10939      -1.5410802     -0.43366694      -1.1951479    
   103.56343      -1.4073775     -0.37802798      -1.1108531    
   104.01749      -1.2672069     -0.31252813      -1.0017695    
   104.58506      -1.0421137     -0.17183185     -0.80644429    
   105.03915     -0.83280671     -2.75882259E-02 -0.61752111    
   105.60675     -0.59678423      0.13723405     -0.41160142    
   106.06085     -0.48465139      0.21445644     -0.29779130    
   106.51496     -0.41615450      0.25382295     -0.22473937    
   107.08263     -0.37861115      0.24495389     -0.16428268    
   107.53677     -0.36470473      0.21178444     -0.12331535    
   108.10446     -0.37142238      0.17611812     -7.47944489E-02
   108.55863     -0.37653932      0.16604425     -4.52468209E-02
   109.01280     -0.36770445      0.16930628     -2.03091390E-02
   109.58054     -0.33745772      0.18657702      8.94698501E-03
   110.03474     -0.30268604      0.21566129      3.23219821E-02
   110.60250     -0.24315986      0.25620115      6.66160062E-02
   111.05674     -0.19298118      0.28894261      0.10495911    
   111.51097     -0.14846525      0.31859416      0.15008894    
   112.07880     -0.11365476      0.33918458      0.20677313    
   112.53306     -0.10842562      0.34656948      0.24065083    
   113.06913     -0.12045167      0.34164876      0.26023850    
   113.57185     -0.13996294      0.32375062      0.26009524    
   114.08277     -0.15689141      0.29563084      0.24293160    
   114.52990     -0.17245233      0.26578289      0.22032715    
   115.07253     -0.19282281      0.23988014      0.18667322    
   115.56587     -0.20223667      0.23584628      0.15353763    
   116.03012     -0.20252973      0.24161214      0.12051898    
   116.55170     -0.19173457      0.25667429      8.92757550E-02
   117.09390     -0.16950721      0.28042752      6.84520975E-02
   117.50079     -0.14385469      0.29953358      6.32274747E-02
   118.06371     -0.10771684      0.32574826      6.31187633E-02
   118.57147     -7.76215941E-02  0.34513241      6.35083094E-02
   119.09225     -5.47875166E-02  0.36020461      6.33285418E-02
   119.55916     -4.43072915E-02  0.37142342      6.19805418E-02
   120.00833     -3.78849655E-02  0.37966207      6.28793240E-02
   120.57141     -3.47323567E-02  0.38440773      7.05894232E-02
   121.02556     -3.72380652E-02  0.38009584      8.34017247E-02
   121.59370     -4.63513508E-02  0.36765683      0.11025923    
   122.04821     -5.75694814E-02  0.35605329      0.14225210    
   122.50274     -7.15397522E-02  0.34685400      0.18375783    
   123.07092     -9.44879651E-02  0.33620402      0.23675074    
   123.52547     -0.11620905      0.32683653      0.27494615    
   124.09369     -0.14513172      0.31438643      0.31476325    
   124.54827     -0.16880392      0.30388081      0.33803937    
   125.09406     -0.19885358      0.29200083      0.35370466    
   125.55219     -0.22727694      0.28267744      0.35698611    
   126.04717     -0.26211184      0.27319735      0.35025743    
   126.60718     -0.30337739      0.26276994      0.33211800    
   127.05280     -0.33346608      0.25597024      0.31237680    
   127.50592     -0.36157107      0.25099835      0.28880474    
   128.07426     -0.39227697      0.24441439      0.25484544    
   128.52896     -0.41191131      0.23780690      0.22513059    
   129.09735     -0.42975318      0.22916758      0.18567154    
   129.55208     -0.44024432      0.22145966      0.15260962    
   130.00681     -0.44486681      0.21353391      0.11740442    
   130.57526     -0.44138634      0.20384410      7.19854981E-02
   131.03004     -0.43215397      0.19576091      3.59941013E-02
   131.59857     -0.41139752      0.18886679     -6.38948428E-03
   132.05341     -0.38897562      0.18699452     -3.88840772E-02
   132.50826     -0.36423120      0.18765330     -7.08118677E-02
   133.07692     -0.33195981      0.19332829     -0.10760792    
   133.53189     -0.30641741      0.20141640     -0.13239938    
   134.10069     -0.27553931      0.21574233     -0.15584576    
   134.55585     -0.25383186      0.23035550     -0.16855091    
   135.01115     -0.23666009      0.24828216     -0.17603722    
   135.58057     -0.22056767      0.27513462     -0.17923464    
   136.03642     -0.20947391      0.29894421     -0.17817995    
   136.60681     -0.19558086      0.32952464     -0.17386056    
   137.06377     -0.18041492      0.35348234     -0.16818583    
   137.52155     -0.15781680      0.37346077     -0.16075496    
   138.09309     -0.11914174      0.39026052     -0.14743586    
   138.54726     -8.54859501E-02  0.39536086     -0.13463378    
   139.00862     -4.99541163E-02  0.39554387     -0.12090293    
   139.59102      8.41852278E-04  0.38870648     -0.10646823    
   140.05928      3.79227661E-02  0.37806422     -0.10266659    
   140.52754      7.42080659E-02  0.36042812     -0.10575460    
   141.11293      0.12521522      0.32436827     -0.12241004    
   141.58136      0.17455187      0.28177017     -0.14453875    
   142.04996      0.23467632      0.22633398     -0.17201087    
   142.51881      0.30655739      0.15816045     -0.20391136    
   143.10545      0.41224900      5.65909147E-02 -0.25008580    
   143.57541      0.50526893     -3.82378995E-02 -0.29382056    
   144.04617      0.60128093     -0.14893931     -0.34517354    
   144.51489      0.69577277     -0.27379945     -0.40456712    
   145.09634      0.82484925     -0.48572600     -0.48442066    
   145.55771       1.0087637     -0.77162135     -0.53516603    
   146.00945       1.3308012      -1.2060802     -0.53629470    
   146.58301       1.8272797      -1.8463546     -0.46938279    
   147.03491       2.0032804      -2.1398921     -0.38087499    
   147.60600       1.8817923      -2.1936321     -0.25117263    
   148.06233       1.7334285      -2.1054361     -0.14381921    
   148.50493       1.5637848      -1.9909315     -1.15741938E-02
   149.04149       1.3959634      -1.8530356      0.18810192    
   149.53152       1.2648709      -1.7563672      0.37429115    
   150.08556       1.0983820      -1.6650259      0.55140918    
   150.55177      0.92869055      -1.5874686      0.66450292    
   151.01271      0.74165499      -1.4941555      0.74725544    
   151.57442      0.51262993      -1.3514497      0.82498050    
   152.05774      0.36676705      -1.1923579      0.90208209    
   152.57739      0.30468327     -0.99364495       1.0680975    
   153.00316      0.30877373     -0.81609142       1.2550951    
   153.51299      0.35223469     -0.58487719       1.4816892    
   154.01495      0.29307398     -0.39480799       1.6356249    
   154.58026      9.59102660E-02 -0.25122029       1.6975108    
   155.03586     -9.33766663E-02 -0.16142033       1.6537650    
   155.60519     -0.35456610     -5.80004416E-02   1.4910191    
   156.06055     -0.53487790     -2.41520628E-03   1.2915800    
   156.51578     -0.66507161      4.18632887E-02   1.0498344    
   157.08470     -0.76593006      9.44645405E-02  0.69209456    
   157.53973     -0.80947495      0.14312401      0.42947763    
   158.10846     -0.83342862      0.23699428      0.16455826    
   158.56342     -0.84133911      0.35859448     -5.64922392E-03
   159.01837     -0.86153764      0.49972683     -0.13716903    
   159.58714     -0.90459090      0.67654014     -0.25585699    
   160.04225     -0.94250929      0.80004382     -0.32551146    
   160.61131     -0.97657228      0.93395770     -0.37603241    
   161.06674     -0.97550595       1.0272789     -0.38670963    
   161.52234     -0.95817041       1.1104209     -0.38507983    
   162.09209     -0.88311547       1.1845509     -0.35956088    
   162.54810     -0.78053057       1.2161283     -0.31363368    
   163.00429     -0.64714187       1.2308633     -0.24997684    
   163.57474     -0.46225619       1.1835541     -0.17069751    
   164.03125     -0.32483208       1.0945897     -0.12834993    
   164.60199     -0.19069500      0.94466138     -0.10321379    
   165.05867     -0.13644046      0.82513142     -9.47569907E-02
   165.51541     -0.11941989      0.72255749     -0.10707157    
   166.08638     -0.14058281      0.63984972     -0.13415635    
   166.54323     -0.17233570      0.60949671     -0.15976772    
   167.00014     -0.21046340      0.58965218     -0.18667655    
   167.57146     -0.24494524      0.57645106     -0.21721055    
   168.02864     -0.26428050      0.56413841     -0.23518571    
   168.60037     -0.27979356      0.54409218     -0.25242463    
   169.05797     -0.28158998      0.51954830     -0.26092783    
   169.51572     -0.27679771      0.48847520     -0.26548353    
   170.08809     -0.25968739      0.44160566     -0.26716071    
   170.54613     -0.23478016      0.39457428     -0.26553276    
   171.00423     -0.19859165      0.34023196     -0.26022148    
   171.57689     -0.13942510      0.26666328     -0.24649586    
   172.03500     -8.55194926E-02  0.20465571     -0.23722637    
   172.60757     -1.36006903E-02  0.12060410     -0.23286647    
   173.06560      4.52131778E-02  4.39049527E-02 -0.23573877    
   173.52361      0.10192691     -4.13463302E-02 -0.24099824    
   174.09618      0.16102394     -0.15126926     -0.25344321    
   174.55434      0.20000499     -0.23364468     -0.26297659    
   175.01251      0.22512804     -0.30063260     -0.26405317    
   175.58504      0.23941456     -0.35612237     -0.25676635    
   176.04291      0.24473965     -0.38262296     -0.24599299    
   176.50061      0.24779609     -0.39652947     -0.23165305    
   177.07251      0.26454744     -0.40538818     -0.21374930    
   177.52980      0.29513267     -0.41091803     -0.19622749    
   178.10117      0.35305178     -0.41587698     -0.16464493    
   178.55803      0.40131825     -0.41105115     -0.13732846    
   179.01469      0.44146675     -0.39178324     -0.11160474    
   179.58530      0.46764156     -0.34964049     -8.04692134E-02
   180.04160      0.46935037     -0.30613601     -4.78676856E-02
   180.61182      0.44847578     -0.25040388     -4.70974110E-03
   181.06787      0.42267826     -0.20658125      2.77821608E-02
   181.52380      0.39248538     -0.16522130      5.64845726E-02
   182.09352      0.35254285     -0.11450768      8.89334604E-02
   182.54913      0.31624967     -7.21338093E-02  0.11073475    
   183.00459      0.27708000     -2.77733691E-02  0.12928848    
   183.57365      0.22798286      3.13922279E-02  0.14955297    
   184.02872      0.18973008      8.46540034E-02  0.16195029    
   184.59737      0.14217415      0.15811385      0.16973662    
   185.05215      0.10439998      0.21613276      0.16894057    
   185.50690      6.68114871E-02  0.27148938      0.16518512    
   186.07530      2.14510746E-02  0.33491290      0.15871951    
   186.53006     -1.33974189E-02  0.37973976      0.15113735    
   187.09862     -5.23224920E-02  0.42833686      0.13952279    
   187.55354     -8.08786452E-02  0.46175140      0.13148279    
   188.00813     -0.10950382      0.49091911      0.12337862    
   188.57570     -0.14208889      0.52097297      0.11159385    
   189.02924     -0.16324005      0.54173797      0.10020912    
   189.59560     -0.18299651      0.56521070      8.20378065E-02
   190.04829     -0.19492194      0.58095163      6.44649118E-02
   190.50072     -0.20227577      0.59085035      4.55171987E-02
   191.06595     -0.20961191      0.59263343      2.23426297E-02
   191.51794     -0.21597216      0.58566129      3.67803685E-03
   192.08282     -0.22416620      0.56674695     -2.03880537E-02
   192.53465     -0.22914846      0.54467779     -3.90934050E-02
   193.09933     -0.23071934      0.50988942     -6.30213320E-02
   193.55106     -0.22717988      0.47657540     -8.39879736E-02
   194.00275     -0.21546462      0.43853545     -0.10676548    
   194.55800     -0.19233078      0.38375491     -0.13707435    
   195.06509     -0.16425121      0.32510883     -0.16597533    
   195.51509     -0.13291103      0.26729128     -0.18951753    
   196.06335     -8.81924033E-02  0.19184180     -0.21340005    
   196.57037     -4.28873040E-02  0.12089240     -0.22948985    
   197.05713     -1.22403249E-03  5.61071225E-02 -0.23793124    
   197.52159      3.17083485E-02  9.98606905E-04 -0.23848483    
   198.05736      5.91479689E-02 -5.34288622E-02 -0.23215634    
   198.53928      7.55313933E-02 -9.39571187E-02 -0.22007304    
   199.06447      8.92620310E-02 -0.13025112     -0.20046218    
   199.52702      0.10181538     -0.15784448     -0.18471062    
   200.06082      0.11950404     -0.18606561     -0.17260890    
   200.52486      0.14011276     -0.20587200     -0.16476859    
   201.00836      0.16456622     -0.22303292     -0.16014227    
   201.53868      0.19837452     -0.24011993     -0.16312078    
   202.06763      0.23870848     -0.25907552     -0.18137819    
   202.57445      0.28671122     -0.28380832     -0.21203563    
   203.02087      0.34288973     -0.31550896     -0.24816461    
   203.58592      0.43230668     -0.37650183     -0.31167200    
   204.05768      0.52341473     -0.44625491     -0.37710100    
   204.53415      0.62682319     -0.53484213     -0.45171562    
   205.02100      0.75140613     -0.64302421     -0.53428763    
   205.58678      0.93482476     -0.79334199     -0.63838995    
   206.10188       1.1511652     -0.96627504     -0.74502099    
   206.53093       1.3784763      -1.1484689     -0.84172034    
   207.07907       1.7346752      -1.4452722     -0.97771907    
   207.52036       2.0737410      -1.7402151      -1.1001866    
   208.05061       2.5387020      -2.1572852      -1.2554497    
   208.58556       3.0587537      -2.6321282      -1.3976994    
   209.05405       3.5301490      -3.0764713      -1.4876999    
   209.53027       3.9889467      -3.5481403      -1.5365292    
   210.05080       4.4604440      -4.0373340      -1.5063450    
   210.50317       4.8597507      -4.4177070      -1.4096582    
   211.05940       5.1633248      -4.7387090      -1.2172598    
   211.53110       5.2883558      -4.9007239      -1.0569050    
   212.05405       5.4485016      -5.0278993     -0.80653185    
   212.57835       5.8289185      -5.1403627     -0.21890429    
   213.05884       6.1958094      -5.0519958      0.54656100    
   213.58380       6.2048531      -4.9613171       1.0405217    
   214.02679       6.2332554      -4.8863435       1.4189225    
   214.55882       6.1381617      -4.7640538       1.7719997    
   215.04926       5.8832994      -4.6922421       1.9765884    
   215.50475       5.6295156      -4.6645432       2.1275401    
   216.08000       5.2233672      -4.5907760       2.3057663    
   216.56850       4.8333812      -4.5126534       2.3906300    
   217.01120       4.4516783      -4.4536562       2.4319758    
   217.59718       3.8723750      -4.4015312       2.4542949    
   218.09695       3.3386865      -4.3479509       2.4460564    
   218.51784       2.9004397      -4.2994809       2.4707484    
   219.07486       2.3574657      -4.2256188       2.5480111    
   219.52748       1.9209108      -4.1260767       2.6031866    
   220.02795       1.4017164      -3.9677134       2.5958607    
   220.56204      0.83834374      -3.7665696       2.5032663    
   221.00104      0.41493660      -3.5661380       2.3955560    
   221.54613     -3.88739482E-02  -3.2920282       2.2459970    
   222.10612     -0.42345685      -2.9722514       2.0688677    
   222.56134     -0.67264998      -2.6718590       1.9037285    
   223.00381     -0.86442482      -2.3322668       1.7368754    
   223.57352      -1.0044713      -1.8051307       1.5179472    
   224.02953      -1.0232508      -1.2608247       1.3586582    
   224.58531     -0.93151760     -0.51121235       1.0940316    
   225.04138     -0.86795139      5.52003086E-02  0.79233038    
   225.61139     -0.86095047      0.54144454      0.36582041    
   226.05313     -0.93735093      0.70625019      4.65449989E-02
   226.56982      -1.0241232      0.73570377     -0.26547709    
   227.09438      -1.0739547      0.67217004     -0.49184695    
   227.51521      -1.0969121      0.57064819     -0.63380104    
   228.08539      -1.1037412      0.41920292     -0.79011661    
   228.51570      -1.0855068      0.28104860     -0.87102890    
   229.01878      -1.0197625      0.12465104     -0.94367331    
   229.58723     -0.91394091     -5.63077480E-02 -0.98338592    
   230.03476     -0.82328272     -0.20231438     -0.98052549    
   230.60602     -0.70823866     -0.38523901     -0.93130648    
   231.05811     -0.61615318     -0.52845168     -0.86398566    
   231.50717     -0.52314132     -0.66945267     -0.78503895    
   232.01602     -0.42044494     -0.82378745     -0.70061886    
   232.58264     -0.31984949     -0.98304349     -0.62187642    
   233.03319     -0.25401282      -1.0915711     -0.57760441    
   233.52217     -0.19248302      -1.1877378     -0.54121286    
   234.09470     -0.11805494      -1.2790840     -0.49997282    
   234.55185     -5.18676192E-02  -1.3424948     -0.46622783    
   235.00992      1.30985333E-02  -1.3993077     -0.43473029    
   235.57393      9.01834667E-02  -1.4601449     -0.39343083    
   236.04901      0.16281547      -1.5073547     -0.35313115    
   236.50539      0.23812369      -1.5483427     -0.30654964    
   237.00331      0.31794226      -1.5755062     -0.24546742    
   237.59187      0.39752686      -1.5631309     -0.16227433    
   238.07948      0.43735307      -1.5177553     -9.66431275E-02
   238.59378      0.46581364      -1.4409838     -3.51686925E-02
   239.05177      0.48705849      -1.3502061      2.17631534E-02
   239.59361      0.51326400      -1.2213640      0.10110527    
   240.00069      0.53594244      -1.1210278      0.16727921    
   240.54062      0.55743814      -1.0099831      0.25252643    
   241.00764      0.54572421     -0.94157827      0.32201409    
   241.54401      0.49447787     -0.89574146      0.38908899    
   242.03525      0.43130672     -0.85951078      0.43396556    
   242.53752      0.35251963     -0.81247711      0.47324240    
   243.04701      0.26458895     -0.75275707      0.51474339    
   243.51421      0.17918324     -0.69296032      0.55324906    
   244.01746      7.70980418E-02 -0.64292574      0.58975095    
   244.54987     -4.17834185E-02 -0.61475718      0.61343098    
   245.07614     -0.17275089     -0.59650612      0.62014568    
   245.53996     -0.28704381     -0.58081883      0.62003297    
   246.05464     -0.39240798     -0.55645835      0.62619275    
   246.52803     -0.47016954     -0.52418035      0.64307457    
   247.05533     -0.53801411     -0.46408135      0.66574514    
   247.57243     -0.59195346     -0.37659723      0.67953914    
   248.05302     -0.64843470     -0.28505796      0.67476809    
   248.55647     -0.72159052     -0.19596294      0.65793276    
   249.09454     -0.82035708     -0.12521970      0.63290513    
   249.55356     -0.91937804     -9.03435424E-02  0.61689770    
   250.01265      -1.0225015     -7.46947378E-02  0.60833251    
