  0.11273042      5.67390579E-11  3.60734081E-11 -5.94568933E-15
  0.56771952      6.34782574E-11  4.02344096E-11 -1.41040828E-14
   1.0225676      7.22876481E-11  4.41583090E-11 -4.65148753E-14
   1.5908108      8.46350143E-11  4.99025300E-11 -1.40911507E-13
   2.0451236      9.55428930E-11  5.63831620E-11 -2.58728802E-13
   2.6127074      1.10936586E-10  6.87760612E-11 -4.77011388E-13
   3.0665996      1.25243010E-10  8.35333955E-11 -7.25298239E-13
   3.5204115      1.41986534E-10  1.03648506E-10 -1.04903011E-12
   4.0876346      1.67473424E-10  1.37156633E-10 -1.58297030E-12
   4.5414238      1.92546978E-10  1.70524955E-10 -2.12770426E-12
   5.1087065      2.31679079E-10  2.21673832E-10 -2.96503122E-12
   5.5625720      2.71073886E-10  2.71984407E-10 -3.78460067E-12
   6.0164661      3.19655968E-10  3.32896294E-10 -4.77976035E-12
   6.5838690      3.96578381E-10  4.28252017E-10 -6.36777610E-12
   7.0377955      4.73803496E-10  5.24748023E-10 -7.94333002E-12
   7.6052070      5.95772764E-10  6.76472767E-10 -1.06363850E-11
   8.0591211      7.18853532E-10  8.27815316E-10 -1.35799696E-11
   8.5130253      8.69789185E-10  1.01129383E-09 -1.73468635E-11
   9.0803757      1.10613241E-09  1.29512867E-09 -2.33202728E-11
   9.5342360      1.34137745E-09  1.57453062E-09 -2.91829963E-11
   10.101531      1.70619174E-09  2.00313544E-09 -3.79994890E-11
   10.555342      2.06640327E-09  2.42182607E-09 -4.64007131E-11
   11.009133      2.49995269E-09  2.92098123E-09 -5.62079584E-11
   11.576332      3.16654591E-09  3.68056940E-09 -7.08595821E-11
   12.030070      3.82036847E-09  4.41883374E-09 -8.49355031E-11
   12.597208      4.82251927E-09  5.54210322E-09 -1.06228616E-10
   13.050895      5.80317927E-09  6.63596822E-09 -1.26906555E-10
   13.504553      6.97674141E-09  7.94157184E-09 -1.51530982E-10
   14.071603      8.77354900E-09  9.93803884E-09 -1.89031110E-10
   14.525217      1.05317923E-08  1.18919496E-08 -2.25527708E-10
   15.092206      1.32249642E-08  1.48884647E-08 -2.81136475E-10
   15.545775      1.58619891E-08  1.78276576E-08 -3.35349859E-10
   16.112707      1.99040393E-08  2.23418812E-08 -4.18209883E-10
   16.566236      2.38645246E-08  2.67733853E-08 -4.99295605E-10
   17.019741      2.86114403E-08  3.20926432E-08 -5.96507510E-10
   17.586597      3.58932937E-08  4.02631315E-08 -7.45893125E-10
   18.040064      4.30324825E-08  4.82808957E-08 -8.92766194E-10
   18.606867      5.39868630E-08  6.05903594E-08 -1.11896981E-09
   19.060299      6.47287806E-08  7.26647045E-08 -1.34167266E-09
   19.513704      7.76103519E-08  8.71457075E-08 -1.60967428E-09
   20.080450      9.73801519E-08  1.09370731E-07 -2.02239470E-09
   20.533821      1.16768518E-07  1.31166544E-07 -2.42819653E-09
   21.100523      1.46525977E-07  1.64618129E-07 -3.05206216E-09
   21.553862      1.75709701E-07  1.97424058E-07 -3.66440700E-09
   22.007195      2.10709942E-07  2.36767633E-07 -4.39888082E-09
   22.573837      2.64423733E-07  2.97145419E-07 -5.52552759E-09
   23.027140      3.17098170E-07  3.56352160E-07 -6.62950983E-09
   23.593752      3.97931103E-07  4.47204087E-07 -8.32205416E-09
   24.047028      4.77194817E-07  5.36286279E-07 -9.98022465E-09
   24.500294      5.72243493E-07  6.43102453E-07 -1.19671855E-08
   25.066856      7.18095350E-07  8.07002834E-07 -1.50143880E-08
   25.520096      8.61113335E-07  9.67713277E-07 -1.80012876E-08
   26.086632      1.08057634E-06  1.21432220E-06 -2.25838619E-08
   26.539846      1.29577029E-06  1.45613456E-06 -2.70771672E-08
   27.106359      1.62598906E-06  1.82720260E-06 -3.39725155E-08
   27.559551      1.94977792E-06  2.19104913E-06 -4.07343599E-08
   28.012745      2.33804030E-06  2.62734693E-06 -4.88433116E-08
   28.579214      2.93380253E-06  3.29681575E-06 -6.12872171E-08
   29.032389      3.51797053E-06  3.95324832E-06 -7.34900709E-08
   29.598843      4.41432667E-06  4.96046914E-06 -9.22156360E-08
   30.051998      5.29321551E-06  5.94804033E-06 -1.10576437E-07
   30.505152      6.34705975E-06  7.13217423E-06 -1.32592589E-07
   31.071575      7.96402855E-06  8.94900131E-06 -1.66372828E-07
   31.524714      9.54944517E-06  1.07303185E-05 -1.99493911E-07
   32.091122      1.19819824E-05  1.34633201E-05 -2.50309682E-07
   32.544243      1.43669413E-05  1.61427506E-05 -3.00129955E-07
   33.110641      1.80261522E-05  2.02535502E-05 -3.76565197E-07
   33.563751      2.16135741E-05  2.42834703E-05 -4.51494998E-07
   34.016857      2.59146436E-05  2.91147753E-05 -5.41328177E-07
   34.583233      3.25131186E-05  3.65261476E-05 -6.79133109E-07
   35.036331      3.89817978E-05  4.37910858E-05 -8.14211717E-07
   35.602699      4.89049708E-05  5.49346551E-05 -1.02141007E-06
   36.055794      5.86322494E-05  6.58570134E-05 -1.22450433E-06
   36.508884      7.02926263E-05  7.89485348E-05 -1.46792945E-06
   37.075237      8.81777596E-05  9.90259723E-05 -1.84125247E-06
   37.528324      1.05707470E-04  1.18701370E-04 -2.20711013E-06
   38.094673      1.32592104E-04  1.48871506E-04 -2.76811875E-06
   38.547756      1.58939190E-04  1.78432732E-04 -3.31782053E-06
   39.000828      1.90513703E-04  2.13852487E-04 -3.97646545E-06
   39.567177      2.38930224E-04  2.68152682E-04 -4.98624331E-06
   40.020252      2.86367547E-04  3.21341242E-04 -5.97534017E-06
   40.586594      3.59095400E-04  4.02863720E-04 -7.49136552E-06
   41.039669      4.30341053E-04  4.82700940E-04 -8.97606151E-06
   41.606007      5.39547997E-04  6.05036505E-04 -1.12511570E-05
   42.059082      6.46508764E-04  7.24813610E-04 -1.34786515E-05
   42.512150      7.74621964E-04  8.68229079E-04 -1.61456846E-05
   43.078487      9.70936788E-04  1.08790107E-03 -2.02309893E-05
   43.531563      1.16315298E-03  1.30289199E-03 -2.42291826E-05
   44.097900      1.45762367E-03  1.63209485E-03 -3.03513625E-05
   44.550980      1.74587872E-03  1.95418554E-03 -3.63410109E-05
   45.004051      2.09095562E-03  2.33958079E-03 -4.35076763E-05
   45.570404      2.61943717E-03  2.92946259E-03 -5.44765389E-05
   46.023476      3.13656707E-03  3.50631494E-03 -6.52024901E-05
   46.589828      3.92835215E-03  4.38893912E-03 -8.16125757E-05
   47.042908      4.70296573E-03  5.25180018E-03 -9.76536758E-05
   47.609257      5.88871259E-03  6.57158857E-03 -1.22186219E-04
   48.062340      7.04853795E-03  7.86143355E-03 -1.46158243E-04
   48.515427      8.43611825E-03  9.40329581E-03 -1.74810615E-04
   49.081791      1.05597181E-02  1.17606064E-02 -2.18608067E-04
   49.534885      1.26365582E-02  1.40634673E-02 -2.61381327E-04
   50.101250      1.58148799E-02  1.75832715E-02 -3.26736626E-04
   50.554352      1.89233460E-02  2.10209750E-02 -3.90544534E-04
   51.007446      2.26422325E-02  2.51280498E-02 -4.66745551E-04
   51.573837      2.83350684E-02  3.14039178E-02 -5.83116780E-04
   52.026939      3.39048207E-02  3.75317708E-02 -6.96694420E-04
   52.593330      4.24350649E-02  4.68946472E-02 -8.70039279E-04
   53.046448      5.07860519E-02  5.60363568E-02 -1.03850802E-03
   53.612846      6.35863319E-02  7.00028986E-02 -1.29461172E-03
   54.065975      7.61346817E-02  8.36399794E-02 -1.54991820E-03
   54.519108      9.11968946E-02  9.99331996E-02 -1.87834259E-03
   55.085529      0.11434884      0.12483395     -2.39334255E-03
   55.538670      0.13710380      0.14914706     -2.87107029E-03
   56.105099      0.17217296      0.18629846     -3.58485221E-03
   56.558254      0.20674267      0.22258350     -4.18231636E-03
   57.011406      0.24841170      0.26596582     -4.64571174E-03
   57.577862      0.31292868      0.33242124     -5.03647001E-03
   58.031025      0.37690312      0.39756992     -5.15461992E-03
   58.597492      0.47675747      0.49768397     -5.23587782E-03
   59.050667      0.57696223      0.59605485     -5.61136659E-03
   59.503853      0.70043778      0.71422398     -6.89873053E-03
   60.070332      0.90692973      0.88657302     -1.28244935E-02
   60.523521       1.1104573       1.0726956     -1.05881067E-02
   61.090008       1.4093646       1.3864574      3.53662763E-03
   61.543190       1.7016633       1.6904572      1.35979401E-02
   62.109642       2.1577573       2.1861877      1.44473081E-02
   62.562763       2.5976477       2.6369188      1.08472873E-02
   63.015820       3.1396480       3.1451168      3.47434916E-03
   63.581921       3.9797025       3.8049004     -2.35872180E-03
   64.034485       4.7524309       4.2622609     -7.91375525E-03
   64.599731       5.7614908       4.7183361     -2.03903876E-02
   65.051582       6.5263882       4.9698925     -2.80102845E-02
   65.503128       7.1732597       5.0630636     -3.24452743E-02
   66.067162       7.8223133       5.0218997     -2.66685747E-02
   66.518112       8.1743822       4.9057841     -8.95995647E-03
   67.081421       8.3661089       4.6481409      1.05146682E-02
   67.531792       8.3908043       4.3600144      2.53911894E-02
   68.094421       8.4130821       3.8664613      3.73792686E-02
   68.544289       8.3969069       3.4072430      3.86253260E-02
   69.106354       8.3139772       2.7840858      3.63561772E-02
   69.555771       8.1898384       2.2635677      4.14135382E-02
   70.005020       8.0048676       1.7581122      5.03796488E-02
   70.566383       7.7376900       1.1604030      5.96187562E-02
   71.015320       7.5143952      0.69699019      7.24192411E-02
   71.576332       7.2272997      7.72280768E-02  9.48163494E-02
   72.025063       6.9707518     -0.45560178      0.10548735    
   72.585876       6.6317129      -1.1359812      0.10797275    
   73.029984       6.3741598      -1.6727952      0.10613451    
   73.590706       6.0657053      -2.3463266      0.10237265    
   74.039330       5.8208818      -2.8834615      0.10118635    
   74.600090       5.5021286      -3.5592108      0.10051377    
   75.048798       5.2247953      -4.1005979      0.10066299    
   75.609795       4.8467951      -4.7835197      9.45277736E-02
   76.058640       4.5263715      -5.3587966      8.50887150E-02
   76.507683       4.1930771      -5.9648862      7.73105398E-02
   77.069244       3.7144949      -6.7578220      8.18939134E-02
   77.518639       3.2818437      -7.4332461      0.10772252    
   78.048470       2.7254050      -8.4458036      0.18545550    
   78.602119       1.9824467      -9.9313259      0.29873425    
   79.014641       1.3729260      -11.047664      0.39494202    
   79.554306      0.65623605      -12.608448      0.85457128    
   80.067139      0.12570915      -13.488262       1.3535826    
   80.524811     -0.27937302      -13.948755       1.2384557    
   81.053589     -0.83944952      -13.944696      0.70058155    
   81.564354      -1.4227331      -12.975631      0.30890444    
   82.063629      -1.7981465      -10.147351      0.27469382    
   82.549644      -1.9222410      -6.3894162      0.30680212    
   83.020416      -1.9513023      -4.6417289      0.44431630    
   83.522820      -1.9613911      -3.8533952      0.53010076    
   84.053658      -1.9652474      -3.4249156      0.56258637    
   84.549942      -1.9663382      -3.2070963      0.55773807    
   85.027672      -1.9656546      -3.0930607      0.51117313    
   85.525734      -1.9635036      -3.0552235      0.43422401    
   86.027512      -1.9608415      -3.1006942      0.35367548    
   86.590935      -1.9569808      -3.1117301      0.25201240    
   87.029121      -1.9552159      -3.0131621      0.21496177    
   87.559258      -1.9549527      -2.9739659      8.01203027E-02
   88.067757      -1.9845487      -4.5643497     -0.43428800    
   88.585281      -1.9890516      -2.7367065     -0.36118051    
   89.036705      -1.8489033       1.1886144      0.10375845    
   89.556389      -1.4753952       1.9410207      0.18882838    
   90.083794      -1.0301008       1.9870239      0.38489696    
   90.522835     -0.76159644       1.6053046      0.64168698    
   91.066666     -0.57719028      0.91748470      0.96636367    
   91.547646     -0.50636333      0.29369661       1.1015348    
   92.020836     -0.52500165     -0.24755460       1.1888263    
   92.527176     -0.58102691     -0.75315845       1.3169008    
   93.040657     -0.64804029      -1.1866663       1.5401162    
   93.570419     -0.70911056      -1.4358175       1.7938571    
   94.013809     -0.80940783      -1.4673973       1.9206952    
   94.539070     -0.94203585      -1.2998071       1.9434307    
   95.091621      -1.0275030      -1.0606717       1.8679292    
   95.545456      -1.0662389     -0.88934147       1.7740322    
   96.112778      -1.0614269     -0.39674482       1.7047919    
   96.566650      -1.0248188     -8.46772119E-02   1.7398291    
   97.014771     -0.95342290      0.40604299       1.8423150    
   97.544777     -0.82489347      0.66800308       1.7760679    
   98.112152     -0.64339662      0.92439401       1.4953994    
   98.566078     -0.47394723       1.1030844       1.1119351    
   99.001091     -0.29668057       1.2619214      0.73311347    
   99.542236     -9.87809896E-02   1.3432608      0.45772177    
   100.10968      6.24828786E-02   1.2476326      0.35626757    
   100.55460      0.16830862       1.1093597      0.33152053    
   101.08748      0.28658956      0.82480139      0.30993283    
   101.52034      0.37748498      0.53890669      0.31648931    
   102.08784      0.44877115      0.21712564      0.36645454    
   102.54187      0.48519850     -2.51508644E-03  0.44894043    
   103.10939      0.49895936     -0.21917270      0.54141086    
   103.56343      0.48640049     -0.35490409      0.58378750    
   104.01749      0.44699994     -0.45696202      0.60268074    
   104.58506      0.39516887     -0.55840671      0.60859942    
   105.03915      0.36208710     -0.65297765      0.59225833    
   105.60675      0.34386101     -0.81864065      0.60400349    
   106.06085      0.32919374     -0.98547000      0.64407611    
   106.51496      0.28398985      -1.1242602      0.70630062    
   107.08263      0.17694677      -1.2335830      0.84589142    
   107.53677      6.09698147E-02  -1.2484316      0.95618314    
   108.10446     -9.54374522E-02  -1.1940678       1.0322101    
   108.55863     -0.21624656      -1.0635992       1.0522512    
   109.01280     -0.32671368     -0.88256121       1.0381458    
   109.58054     -0.43716440     -0.64784795      0.98523778    
   110.03474     -0.49772882     -0.46249998      0.92538822    
   110.60250     -0.53423369     -0.27142054      0.81173199    
   111.05674     -0.53221822     -0.15311620      0.72325188    
   111.51097     -0.52504802     -5.98060824E-02  0.64357114    
   112.07880     -0.52056086      3.66079509E-02  0.56871879    
   112.53306     -0.51763576      0.10277734      0.54630822    
   113.06913     -0.51713121      0.16173913      0.53772205    
   113.57185     -0.52087295      0.20524240      0.53949392    
   114.08277     -0.52716470      0.23914091      0.54738247    
   114.52990     -0.53535646      0.25929451      0.55835700    
   115.07253     -0.54295373      0.27118835      0.57281500    
   115.56587     -0.54361558      0.27107278      0.58445495    
   116.03012     -0.53606629      0.26067811      0.58844912    
   116.55170     -0.52151036      0.24177128      0.58132261    
   117.09390     -0.49700099      0.22748424      0.55582225    
   117.50079     -0.47604752      0.21825299      0.52863753    
   118.06371     -0.44847128      0.20758994      0.48701096    
   118.57147     -0.42367414      0.20108150      0.44631869    
   119.09225     -0.39831451      0.19785750      0.40282691    
   119.55916     -0.37413031      0.20096686      0.36696279    
   120.00833     -0.34885907      0.20214148      0.33732790    
   120.57141     -0.31535599      0.19447908      0.31106290    
   121.02556     -0.28847301      0.17666812      0.30349642    
   121.59370     -0.25833219      0.13851732      0.31216717    
   122.04821     -0.23724984      9.95463729E-02  0.33192235    
   122.50274     -0.22015843      5.75530715E-02  0.35408646    
   123.07092     -0.20646843      7.02554872E-03  0.38307351    
   123.52547     -0.20248106     -2.81603113E-02  0.40910664    
   124.09369     -0.20913851     -6.02371804E-02  0.44171298    
   124.54827     -0.22014403     -7.87194595E-02  0.46549913    
   125.09406     -0.23557359     -8.06441009E-02  0.48643732    
   125.55219     -0.24884982     -6.47076368E-02  0.49570069    
   126.04717     -0.26000834     -3.64360809E-02  0.49792558    
   126.60718     -0.26434702      5.83476713E-03  0.49550998    
   127.05280     -0.26267821      4.20993865E-02  0.48927057    
   127.50592     -0.25616154      7.80222118E-02  0.48000979    
   128.07426     -0.23915857      0.11192454      0.46050385    
   128.52896     -0.22104545      0.12757176      0.43676627    
   129.09735     -0.19631125      0.13466440      0.40573424    
   129.55208     -0.17515625      0.12575094      0.37895331    
   130.00681     -0.15085013      8.98420140E-02  0.35477495    
   130.57526     -0.12001897     -7.40646431E-03  0.33108288    
   131.03004     -0.10577065     -9.92099494E-02  0.30794898    
   131.59857     -0.10183813     -0.16313829      0.27891159    
   132.05341     -0.10497378     -0.18246150      0.26426703    
   132.50826     -0.11287273     -0.18453367      0.26670545    
   133.07692     -0.12595382     -0.17194010      0.29746526    
   133.53189     -0.13322623     -0.15408975      0.33234519    
   134.10069     -0.13659662     -0.12437432      0.37734798    
   134.55585     -0.13834372     -0.10077764      0.40566346    
   135.01115     -0.13891613     -7.84924701E-02  0.42135271    
   135.58057     -0.13554785     -5.27276918E-02  0.42906567    
   136.03642     -0.12926009     -3.55890244E-02  0.42062461    
   136.60681     -0.11898833     -2.01419070E-02  0.39613649    
   137.06377     -0.11112165     -1.25661092E-02  0.37105772    
   137.52155     -0.10217001     -9.28386487E-03  0.34381554    
   138.09309     -9.05273184E-02 -1.03063509E-02  0.31161943    
   138.54726     -8.22722465E-02 -1.31561309E-02  0.28926584    
   139.00862     -7.53453821E-02 -1.75127238E-02  0.27003768    
   139.59102     -6.68084621E-02 -2.63419524E-02  0.24982789    
   140.05928     -5.96696027E-02 -3.42934765E-02  0.23300800    
   140.52754     -5.14384843E-02 -4.45343591E-02  0.21296677    
   141.11293     -4.18094620E-02 -6.07235059E-02  0.18467298    
   141.58136     -3.80668677E-02 -7.46439174E-02  0.16226472    
   142.04996     -4.02707756E-02 -8.98483545E-02  0.14692646    
   142.51881     -4.70246002E-02 -0.10726830      0.13950472    
   143.10545     -6.13824353E-02 -0.13112931      0.13639490    
   143.57541     -7.49400109E-02 -0.14889626      0.13609901    
   144.04617     -8.93718079E-02 -0.16456558      0.13836282    
   144.51489     -0.10545248     -0.17552920      0.14245442    
   145.09634     -0.12864763     -0.18304606      0.14812090    
   145.55771     -0.14826380     -0.18466896      0.15263516    
   146.00945     -0.16620338     -0.18274552      0.15784957    
   146.58301     -0.18683892     -0.17424245      0.16035688    
   147.03491     -0.20101736     -0.16435613      0.15770866    
   147.60600     -0.21505949     -0.14927484      0.14908370    
   148.06233     -0.22304012     -0.13325377      0.13778618    
   148.50493     -0.22797674     -0.11669393      0.12228717    
   149.04149     -0.23114105     -9.49711949E-02  0.10117170    
   149.53152     -0.23150674     -7.23605454E-02  8.50655660E-02
   150.08556     -0.22820693     -4.65487130E-02  7.05274418E-02
   150.55177     -0.22293845     -2.84414422E-02  6.16557188E-02
   151.01271     -0.21750931     -1.51416510E-02  5.66076450E-02
   151.57442     -0.21193457     -6.25338964E-03  5.42998984E-02
   152.05774     -0.20729014     -4.52824868E-03  5.34112751E-02
   152.57739     -0.20202231     -5.62363444E-03  5.44720404E-02
   153.00316     -0.19636230     -3.92609276E-03  5.45652248E-02
   153.51299     -0.18621135      2.61071441E-03  5.12691215E-02
   154.01495     -0.17107253      1.21300872E-02  4.15309332E-02
   154.58026     -0.14912570      2.99503952E-02  2.57546455E-02
   155.03586     -0.12858546      5.35670072E-02  1.30280852E-02
   155.60519     -0.10226600      9.08496976E-02 -9.74130351E-04
   156.06055     -8.16707909E-02  0.12161408     -8.23033042E-03
   156.51578     -6.27217963E-02  0.14984000     -1.33599481E-02
   157.08470     -3.96355838E-02  0.16929884     -2.01601163E-02
   157.53973     -2.24117152E-02  0.16422099     -2.52488814E-02
   158.10846      5.64479968E-04  0.13968778     -3.68536226E-02
   158.56342      1.92416850E-02  0.10580602     -4.98317517E-02
   159.01837      3.39708887E-02  5.99001944E-02 -5.94686754E-02
   159.58714      3.68805006E-02 -5.05535351E-03 -5.53127304E-02
   160.04225      2.55591385E-02 -5.71440868E-02 -4.56065089E-02
   160.61131      6.45001605E-03 -0.11223049     -3.55766788E-02
   161.06674      2.33986927E-03 -0.14851487     -3.64319123E-02
   161.52234      1.56081831E-02 -0.17631213     -6.35852218E-02
   162.09209      5.44393919E-02 -0.19700865     -0.15742160    
   162.54810      9.53345075E-02 -0.19985001     -0.25168067    
   163.00429      0.12813252     -0.20094152     -0.31921670    
   163.57474      0.14215265     -0.20533909     -0.34433281    
   164.03125      0.13260898     -0.21276185     -0.33675766    
   164.60199      9.73551273E-02 -0.23182048     -0.27982631    
   165.05867      6.11463226E-02 -0.25090069     -0.19605438    
   165.51541      1.70291774E-02 -0.27849633     -0.11041069    
   166.08638     -4.45287675E-02 -0.30897501     -2.34457199E-02
   166.54323     -8.56064931E-02 -0.33092466      3.15385275E-02
   167.00014     -0.11371581     -0.34926388      6.03343844E-02
   167.57146     -0.12241013     -0.36322820      8.15829411E-02
   168.02864     -0.12199321     -0.36335307      9.20170248E-02
   168.60037     -0.11925541     -0.34022313      9.52549577E-02
   169.05797     -0.11422600     -0.30835187      8.17285106E-02
   169.51572     -0.10436038     -0.26552722      4.99076806E-02
   170.08809     -8.03966522E-02 -0.20319617     -9.05004144E-03
   170.54613     -5.08790873E-02 -0.15315618     -6.50424883E-02
   171.00423     -2.11535208E-02 -0.11096631     -0.11961992    
   171.57689      4.08692611E-03 -7.74277300E-02 -0.17064218    
   172.03500      1.51806744E-02 -5.95450737E-02 -0.19003598    
   172.60757      2.29626857E-02 -4.04022522E-02 -0.19943538    
   173.06560      2.60032155E-02 -3.21780145E-02 -0.20065060    
   173.52361      3.07260286E-02 -2.95119584E-02 -0.20059623    
   174.09618      4.03304175E-02 -3.00407931E-02 -0.19946215    
   174.55434      5.40722944E-02 -3.74887027E-02 -0.20031717    
   175.01251      7.06330016E-02 -4.78559472E-02 -0.20265374    
   175.58504      9.12176445E-02 -5.66398315E-02 -0.20521927    
   176.04291      0.11100268     -6.39935285E-02 -0.20606025    
   176.50061      0.13353547     -7.36661404E-02 -0.20925002    
   177.07251      0.16396618     -9.54613313E-02 -0.22040808    
   177.52980      0.18661049     -0.11827070     -0.23696412    
   178.10117      0.22174425     -0.16525523     -0.27970800    
   178.55803      0.26321352     -0.23962745     -0.32920203    
   179.01469      0.31175828     -0.33678833     -0.38245285    
   179.58530      0.36710164     -0.44321287     -0.42825451    
   180.04160      0.39010394     -0.48543286     -0.44486856    
   180.61182      0.38837457     -0.50549352     -0.42123473    
   181.06787      0.38453126     -0.48040882     -0.37439287    
   181.52380      0.37543029     -0.43467811     -0.32406810    
   182.09352      0.38191295     -0.36691171     -0.27684632    
   182.54913      0.41285792     -0.31766340     -0.25906786    
   183.00459      0.46473330     -0.28120828     -0.24590695    
   183.57365      0.53932917     -0.25054312     -0.25024149    
   184.02872      0.60265374     -0.24831940     -0.27400765    
   184.59737      0.68238586     -0.27388883     -0.30790222    
   185.05215      0.73963499     -0.33089563     -0.33677042    
   185.50690      0.77959490     -0.38264093     -0.36611548    
   186.07530      0.81437558     -0.41842309     -0.40444991    
   186.53006      0.82008517     -0.40465206     -0.42691207    
   187.09862      0.80662680     -0.34669390     -0.44247141    
   187.55354      0.78353655     -0.29739913     -0.44964120    
   188.00813      0.76332891     -0.26639241     -0.44851774    
   188.57570      0.75518316     -0.25613388     -0.43651414    
   189.02924      0.75418448     -0.26861331     -0.42167562    
   189.59560      0.75149465     -0.30368641     -0.39382014    
   190.04829      0.75007629     -0.35031107     -0.36597648    
   190.50072      0.74397767     -0.40222776     -0.33339074    
   191.06595      0.72070587     -0.46995416     -0.28895530    
   191.51794      0.68384230     -0.52734005     -0.25505424    
   192.08282      0.61311460     -0.60526162     -0.18800592    
   192.53465      0.54086226     -0.67566925     -0.12458115    
   193.09933      0.43627602     -0.76926863     -3.58113721E-02
   193.55106      0.34671974     -0.84728670      4.81014997E-02
   194.00275      0.25049010     -0.91627407      0.12697032    
   194.55800      0.12174030     -0.98200315      0.23269750    
   195.06509     -2.35019363E-02 -0.99746656      0.33861327    
   195.51509     -0.16011952     -0.96655166      0.45226127    
   196.06335     -0.31405935     -0.93373471      0.58326280    
   196.57037     -0.45221132     -0.86435109      0.62519032    
   197.05713     -0.57826078     -0.77225596      0.61216486    
   197.52159     -0.68642521     -0.67774254      0.56045526    
   198.05736     -0.79107952     -0.60814649      0.44319427    
   198.53928     -0.87361604     -0.59262908      0.28235260    
   199.06447     -0.95670909     -0.56027514      8.16228837E-02
   199.52702      -1.0186574     -0.54074264     -6.78063929E-02
   200.06082      -1.0843458     -0.44336200     -0.20968510    
   200.52486      -1.1311414     -0.22210634     -0.32489115    
   201.00836      -1.1607932     -1.07207894E-03 -0.41354915    
   201.53868      -1.1814839      0.45200193     -0.47058576    
   202.06763      -1.1991907      0.28250512     -0.44586083    
   202.57445      -1.2071116      0.36880407     -0.44318447    
   203.02087      -1.2037622      0.69988722     -0.43839550    
   203.58592      -1.1888440      0.73313707     -0.41385913    
   204.05768      -1.1584202      0.76527482     -0.37274137    
   204.53415      -1.1079419      0.60781646     -0.33389536    
   205.02100      -1.0375137      0.68192953     -0.29118815    
   205.58678     -0.92623037      0.77548265     -0.27856058    
   206.10188     -0.79843920      0.91802651     -0.28783679    
   206.53093     -0.66272676      0.99920279     -0.28294846    
   207.07907     -0.44334066       1.1034160     -0.26726276    
   207.52036     -0.25254366       1.2718394     -0.25508240    
   208.05061     -9.07416828E-03   1.5031461     -0.24227205    
   208.58556      0.24810418       1.6850264     -0.24132763    
   209.05405      0.46871465       1.7673763     -0.24384168    
   209.53027      0.67160535       1.7516847     -0.23346911    
   210.05080      0.84707224       1.6165495     -0.20236923    
   210.50317      0.96828049       1.4488537     -0.13901867    
   211.05940       1.0869156       1.2344402     -5.52745275E-02
   211.53110       1.1613523       1.0547650      1.05537446E-02
   212.05405       1.2117326      0.86927176      8.34024027E-02
   212.57835       1.2319562      0.71242768      0.15575038    
   213.05884       1.2274121      0.58133531      0.21844144    
   213.58380       1.2077719      0.45463908      0.27600753    
   214.02679       1.1743244      0.36041135      0.29565778    
   214.55882       1.1182146      0.26979825      0.31391928    
   215.04926       1.0578394      0.19846037      0.33639628    
   215.50475      0.99803829      0.15091224      0.36577287    
   216.08000      0.92989624      0.11078115      0.40302935    
   216.56850      0.88348782      8.43500644E-02  0.42527360    
   217.01120      0.84746766      6.05448335E-02  0.43960541    
   217.59718      0.80731022      1.23201171E-02  0.45629764    
   218.09695      0.77817225     -3.02537084E-02  0.46749112    
   218.51784      0.74574131     -5.17743453E-02  0.47011542    
   219.07486      0.68427241     -5.44322878E-02  0.44820002    
   219.52748      0.62259424     -4.80608679E-02  0.39946470    
   220.02795      0.54797316     -3.33566107E-02  0.32400858    
   220.56204      0.46639171     -9.45144147E-03  0.23608406    
   221.00104      0.40018004      1.71765704E-02  0.16699390    
   221.54613      0.32320765      5.36445826E-02  8.87182206E-02
   222.10612      0.25556570      7.51743317E-02  2.20224056E-02
   222.56134      0.20313007      7.77448714E-02 -1.31042469E-02
   223.00381      0.14512953      7.56481290E-02 -2.46665627E-02
   223.57352      6.02528378E-02  7.29596019E-02 -1.09945303E-02
   224.02953     -2.31005950E-03  7.76514709E-02  1.62165724E-02
   224.58531     -6.73422217E-02  0.11045455      5.65205440E-02
   225.04138     -9.54955593E-02  0.16475537      8.76357406E-02
   225.61139     -0.10378858      0.26662782      9.47112739E-02
   226.05313     -0.10769645      0.38542485      7.98528567E-02
   226.56982     -7.48329982E-02  0.55682689      4.07755114E-02
   227.09438      3.64017021E-03  0.68344367     -2.03352422E-04
   227.51521      8.27575624E-02  0.74886245     -5.59309497E-02
   228.08539      0.18546033      0.78242135     -0.13307686    
   228.51570      0.23973969      0.77226591     -0.16751932    
   229.01878      0.27738461      0.72016078     -0.19498816    
   229.58723      0.28948119      0.64016992     -0.19980605    
   230.03476      0.28327569      0.56963217     -0.18566813    
   230.60602      0.26367813      0.47509709     -0.12485389    
   231.05811      0.25045258      0.39353222     -6.52303696E-02
   231.50717      0.24901749      0.31695387     -2.21638335E-03
   232.01602      0.26494724      0.24017505      7.45039061E-02
   232.58264      0.30783746      0.16966812      0.14194177    
   233.03319      0.33890045      0.12459004      0.16544764    
   233.52217      0.37765241      8.19040462E-02  0.15312740    
   234.09470      0.43939045      4.37518656E-02  0.12297644    
   234.55185      0.49350536      4.07927111E-02  7.58870095E-02
   235.00992      0.54530621      7.82164112E-02  2.36422401E-02
   235.57393      0.61677092      0.17730184     -3.39501202E-02
   236.04901      0.68937272      0.31660450     -9.77869630E-02
   236.50539      0.76759756      0.50926954     -0.18385880    
   237.00331      0.87493718      0.77015036     -0.26564157    
   237.59187       1.0519451       1.0867455     -0.38135958    
   238.07948       1.2426873       1.3397988     -0.51184416    
   238.59378       1.5129091       1.6857820     -0.70367283    
   239.05177       2.1021276       2.0420146      -1.2919168    
   239.59361       3.5538793       2.4410720      -2.9897366    
   240.00069       4.5062504       2.4567354      -3.7650542    
   240.54062       4.9622259       2.4665670      -3.4759021    
   241.00764       5.4240074       2.5921595      -2.7084122    
   241.54401       5.8485680       2.7310674      -1.7358993    
   242.03525       5.9601755       2.5901420      -1.1523994    
   242.53752       5.8262148       2.2720466     -0.93713951    
   243.04701       5.5326290       1.8537345     -0.85978013    
   243.51421       5.4331431       1.3002006     -0.84004533    
   244.01746       5.6040478      0.32184669     -0.84458536    
   244.54987       5.3992434     -0.53510261     -0.79072982    
   245.07614       4.8693771     -0.80516547     -0.78756768    
   245.53996       4.3464041     -0.88131624     -0.80318159    
   246.05464       3.8114753     -0.92404336     -0.74936479    
   246.52803       3.4152873      -1.0627302     -0.60459381    
   247.05533       3.1511512      -1.2945020     -0.20847629    
   247.57243       3.0413132      -1.6177218      0.23378290    
   248.05302       2.8614273      -1.9231648      0.44869688    
   248.55647       2.6109190      -2.2241924      0.49727497    
   249.09454       2.2659957      -2.5581160      0.48686951    
   249.55356       1.9548050      -2.8276184      0.43197823    
   250.01265       1.6315969      -3.0603409      0.38277197    
