  0.11273042       1.7426251       0.0000000       0.0000000    
  0.56771952       1.7426251       0.0000000       0.0000000    
   1.0225676       1.7426251       0.0000000       0.0000000    
   1.5908108       1.7426251       0.0000000       0.0000000    
   2.0451236       1.7426251       0.0000000       0.0000000    
   2.6127074       1.7426251       0.0000000       0.0000000    
   3.0665996       1.7426251       0.0000000       0.0000000    
   3.5204115       1.7426251       0.0000000       0.0000000    
   4.0876346       1.7426251       0.0000000       0.0000000    
   4.5414238       1.7426251       0.0000000       0.0000000    
   5.1087065       1.7426251       0.0000000       0.0000000    
   5.5625720       1.7426251       0.0000000       0.0000000    
   6.0164661       1.7426251       0.0000000       0.0000000    
   6.5838690       1.7426251       0.0000000       0.0000000    
   7.0377955       1.7426251       0.0000000       0.0000000    
   7.6052070       1.7426251       0.0000000       0.0000000    
   8.0591211       1.7426251       0.0000000       0.0000000    
   8.5130253       1.7426251       0.0000000       0.0000000    
   9.0803757       1.7426251       0.0000000       0.0000000    
   9.5342360       1.7426251       0.0000000       0.0000000    
   10.101531       1.7426251       0.0000000       0.0000000    
   10.555342       1.7426251       0.0000000       0.0000000    
   11.009133       1.7426251       0.0000000       0.0000000    
   11.576332       1.7426251       0.0000000       0.0000000    
   12.030070       1.7426251       0.0000000       0.0000000    
   12.597208       1.7426251       0.0000000       0.0000000    
   13.050895       1.7426251       0.0000000       0.0000000    
   13.504553       1.7426251       0.0000000       0.0000000    
   14.071603       1.7426251       0.0000000       0.0000000    
   14.525217       1.7426251       0.0000000       0.0000000    
   15.092206       1.7426251       0.0000000       0.0000000    
   15.545775       1.7426251       0.0000000       0.0000000    
   16.112707       1.7426251       0.0000000       0.0000000    
   16.566236       1.7426251       0.0000000       0.0000000    
   17.019741       1.7426251       0.0000000       0.0000000    
   17.586597       1.7426251       0.0000000       0.0000000    
   18.040064       1.7426251       0.0000000       0.0000000    
   18.606867       1.7426251       0.0000000       0.0000000    
   19.060299       1.7426251       0.0000000       0.0000000    
   19.513704       1.7426251       0.0000000       0.0000000    
   20.080450       1.7426251       0.0000000       0.0000000    
   20.533821       1.7426251       0.0000000       0.0000000    
   21.100523       1.7426251       0.0000000       0.0000000    
   21.553862       1.7426251       0.0000000       0.0000000    
   22.007195       1.7426251       0.0000000       0.0000000    
   22.573837       1.7426251       0.0000000       0.0000000    
   23.027140       1.7426251       0.0000000       0.0000000    
   23.593752       1.7426251       0.0000000       0.0000000    
   24.047028       1.7426251       0.0000000       0.0000000    
   24.500294       1.7426251       0.0000000       0.0000000    
   25.066856       1.7426251       0.0000000       0.0000000    
   25.520096       1.7426251       0.0000000       0.0000000    
   26.086632       1.7426251       0.0000000       0.0000000    
   26.539846       1.7426251       0.0000000       0.0000000    
   27.106359       1.7426251       0.0000000       0.0000000    
   27.559551       1.7426251       0.0000000       0.0000000    
   28.012745       1.7426251       0.0000000       0.0000000    
   28.579214       1.7426251       0.0000000       0.0000000    
   29.032389       1.7426251       0.0000000       0.0000000    
   29.598843       1.7426251       0.0000000       0.0000000    
   30.051998       1.7426251       0.0000000       0.0000000    
   30.505152       1.7426251       0.0000000       0.0000000    
   31.071575       1.7426251       0.0000000       0.0000000    
   31.524714       1.7426251       0.0000000       0.0000000    
   32.091122       1.7426251       0.0000000       0.0000000    
   32.544243       1.7426251       0.0000000       0.0000000    
   33.110641       1.7426251       0.0000000       0.0000000    
   33.563751       1.7426251       0.0000000       0.0000000    
   34.016857       1.7426251       0.0000000       0.0000000    
   34.583233       1.7426251       0.0000000       0.0000000    
   35.036331       1.7426251       0.0000000       0.0000000    
   35.602699       1.7426251       0.0000000       0.0000000    
   36.055794       1.7426251       0.0000000       0.0000000    
   36.508884       1.7426251       0.0000000       0.0000000    
   37.075237       1.7426251       0.0000000       0.0000000    
   37.528324       1.7426251       0.0000000       0.0000000    
   38.094673       1.7426251       0.0000000       0.0000000    
   38.547756       1.7426251       0.0000000       0.0000000    
   39.000828       1.7426251       0.0000000       0.0000000    
   39.567177       1.7426251       0.0000000       0.0000000    
   40.020252       1.7426251       0.0000000       0.0000000    
   40.586594       1.7426251       0.0000000       0.0000000    
   41.039669       1.7426251       0.0000000       0.0000000    
   41.606007       1.7426251       0.0000000       0.0000000    
   42.059082       1.7426251       0.0000000       0.0000000    
   42.512150       1.7426251       0.0000000       0.0000000    
   43.078487       1.7426251       0.0000000       0.0000000    
   43.531563       1.7426251       0.0000000       0.0000000    
   44.097900       1.7426251       0.0000000       0.0000000    
   44.550980       1.7426251       0.0000000       0.0000000    
   45.004051       1.7426251       0.0000000       0.0000000    
   45.570404       1.7426251       0.0000000       0.0000000    
   46.023476       1.7426251       0.0000000       0.0000000    
   46.589828       1.7426251       0.0000000       0.0000000    
   47.042908       1.7426251       0.0000000       0.0000000    
   47.609257       1.7426251       0.0000000       0.0000000    
   48.062340       1.7426251       0.0000000       0.0000000    
   48.515427       1.7426251       0.0000000       0.0000000    
   49.081791       1.7426251       0.0000000       0.0000000    
   49.534885       1.7426251       0.0000000       0.0000000    
   50.101250       1.7426251       0.0000000       0.0000000    
   50.554352       1.7426251       0.0000000       0.0000000    
   51.007446       1.7426251       0.0000000       0.0000000    
   51.573837       1.7426251       0.0000000       0.0000000    
   52.026939       1.7426251       0.0000000       0.0000000    
   52.593330       1.7426251       0.0000000       0.0000000    
   53.046448       1.7426251       0.0000000       0.0000000    
   53.612846       1.7426251       0.0000000       0.0000000    
   54.065975       1.7426251       0.0000000       0.0000000    
   54.519108       1.7426251       0.0000000       0.0000000    
   55.085529       1.7426251       0.0000000       0.0000000    
   55.538670       1.7426251       0.0000000       0.0000000    
   56.105099       1.7426251       0.0000000       0.0000000    
   56.558254       1.7426251       0.0000000       0.0000000    
   57.011406       1.7426251       0.0000000       0.0000000    
   57.577862       1.7426251       0.0000000       0.0000000    
   58.031025       1.7426251       0.0000000       0.0000000    
   58.597492       1.7426251       0.0000000       0.0000000    
   59.050667       1.7426251       0.0000000       0.0000000    
   59.503853       1.7426251       0.0000000       0.0000000    
   60.070332       1.7426251       0.0000000       0.0000000    
   60.523521       1.7426251       0.0000000       0.0000000    
   61.090008       1.7426251       0.0000000       0.0000000    
   61.543190       1.7426251       0.0000000       0.0000000    
   62.109642       1.7426251       0.0000000       0.0000000    
   62.562763       1.7426251       0.0000000       0.0000000    
   63.015820       1.7426251       0.0000000       0.0000000    
   63.581921       1.9726933       3.4427991     -9.32477764E-04
   64.034485       2.4561150       4.0394087     -7.55201047E-03
   64.599731       3.4882698       4.7622690     -6.12968616E-02
   65.051582       4.4393344       5.4243207     -8.67732540E-02
   65.503128       5.4411526       5.9169307     -9.05142352E-02
   66.067162       6.6032267       6.1906133     -7.49803707E-02
   66.518112       7.3441677       6.1584182     -5.93907200E-02
   67.081421       8.0577536       5.9636874     -3.27018797E-02
   67.531792       8.4952574       5.6942039     -1.37244025E-02
   68.094421       8.8022175       5.1652746     -7.61767523E-03
   68.544289       8.9335146       4.6264758     -1.07064866E-03
   69.106354       9.0161552       3.9610908      1.28939645E-02
   69.555771       9.0022001       3.4193459      2.56959777E-02
   70.005020       8.9402552       2.8702879      4.59453128E-02
   70.566383       8.8206787       2.1524646      6.97461739E-02
   71.015320       8.6828461       1.5315448      7.47589767E-02
   71.576332       8.4731407      0.70688552      6.52797744E-02
   72.025063       8.3028069      6.11862801E-02  5.86584471E-02
   72.585876       8.0737658     -0.74099690      5.56122027E-02
   73.029984       7.8731260      -1.3985293      6.04241155E-02
   73.590706       7.5884104      -2.2572267      7.48554096E-02
   74.039330       7.3298502      -2.9525237      8.94843414E-02
   74.600090       6.9782219      -3.8204813      0.11038033    
   75.048798       6.6949844      -4.5239186      0.13134728    
   75.609795       6.3427539      -5.4378171      0.16932741    
   76.058640       6.0425777      -6.1764679      0.21578427    
   76.507683       5.7240877      -6.9188375      0.27937037    
   77.069244       5.3291330      -7.9197211      0.35874224    
   77.518639       5.0169253      -8.7827950      0.40019450    
   78.048470       4.6354375      -9.8425636      0.51255870    
   78.602119       4.2148075      -10.921081       1.0027860    
   79.014641       3.8533523      -11.614147       1.4061377    
   79.554306       3.3229032      -12.367106       1.2638437    
   80.067139       2.8000445      -12.785095      0.62508321    
   80.524811       2.3014078      -12.819952      0.37019104    
   81.053589       1.8679664      -11.196381      0.22172953    
   81.564354       1.7771156      -6.6010079      0.26823321    
   82.063629       1.7641524      -5.5538630      0.28807339    
   82.549644       1.7601979      -5.1932282      0.28171462    
   83.020416       1.7572256      -4.9054232      0.26464298    
   83.522820       1.7540281      -4.5756879      0.24392307    
   84.053658       1.7511727      -4.2596145      0.22567537    
   84.549942       1.7493730      -4.0476747      0.21464321    
   85.027672       1.7482886      -3.9144268      0.20803489    
   85.525734       1.7473381      -3.7937930      0.20158651    
   86.027512       1.7464544      -3.6781256      0.19490048    
   86.590935       1.7455108      -3.5504687      0.18747820    
   87.029121       1.7449477      -3.4720278      0.18318762    
   87.559258       1.7444863      -3.4063981      0.18003441    
   88.067757       1.7442305      -3.3694215      0.17887524    
   88.585281       1.7439418      -3.3272297      0.17692176    
   89.036705       1.7436880      -3.2897110      0.17488350    
   89.556389       1.7435169      -3.2641773      0.17353547    
   90.083794       1.7435557      -3.2699614      0.17415021    
   90.522835       1.7440757      -3.3469615      0.17588323    
   91.066666       1.7430854      -3.1988606      0.17006145    
   91.547646       1.7665553      -5.7540884      0.41963276    
   92.020836       1.7753218      -6.4195666      0.82143432    
   92.527176       1.7602527      -5.1444745      0.79822385    
   93.040657       1.7498252      -4.0494323      0.68958384    
   93.570419       1.7434928      -3.2158580      0.56533390    
   94.013809       1.7392139      -3.0866153      0.53179485    
   94.539070       1.7369156      -3.0916889      0.50145847    
   95.091621       1.7356220      -3.0963900      0.47155944    
   95.545456       1.7345873      -3.0996363      0.44972712    
   96.112778       1.7357445      -3.1030459      0.42556652    
   96.566650       1.7373388      -3.1055546      0.40685466    
   97.014771       1.7365235      -3.1073465      0.39293593    
   97.544777       1.7343979      -3.1092472      0.37760004    
   98.112152       1.7327918       0.0000000       0.0000000    
   98.566078       1.7327918       0.0000000       0.0000000    
   99.001091       1.7327918       0.0000000       0.0000000    
   99.542236       1.7327918       0.0000000       0.0000000    
   100.10968       1.7327918       0.0000000       0.0000000    
   100.55460       1.7327918       0.0000000       0.0000000    
   101.08748       1.7327918       0.0000000       0.0000000    
   101.52034       1.7327918       0.0000000       0.0000000    
   102.08784       1.7327918       0.0000000       0.0000000    
   102.54187       1.7327918       0.0000000       0.0000000    
   103.10939       1.7327918       0.0000000       0.0000000    
   103.56343       1.7327918       0.0000000       0.0000000    
   104.01749       1.7327918       0.0000000       0.0000000    
   104.58506       1.7327918       0.0000000       0.0000000    
   105.03915       1.7327918       0.0000000       0.0000000    
   105.60675       1.7327918       0.0000000       0.0000000    
   106.06085       1.7327918       0.0000000       0.0000000    
   106.51496       1.7327918       0.0000000       0.0000000    
   107.08263       1.7327918       0.0000000       0.0000000    
   107.53677       1.7327918       0.0000000       0.0000000    
   108.10446       1.7327918       0.0000000       0.0000000    
   108.55863       1.7327918       0.0000000       0.0000000    
   109.01280       1.7332451       3.0764706      0.58764654    
   109.58054       1.7332909       3.0802464      0.56752270    
   110.03474       1.7329986       3.1285257      0.14942382    
   110.60250       1.7341036       3.1269066     -0.18015563    
   111.05674       1.7334861       3.1300111      0.11414883    
   111.51097       1.7330532       3.1294606      0.12836301    
   112.07880       1.7336600       3.1281157      0.15777150    
   112.53306       1.7331789       3.1286087      0.14767356    
   113.06913       1.7326726       3.1289895      0.13937531    
   113.57185       1.7340074       3.1296370      0.12398589    
   114.08277       1.7340345       3.1289687      0.13983928    
   114.52990       1.7343426       3.1290457      0.13810544    
   115.07253       1.7349231       3.1291523      0.13566896    
   115.56587       1.7357960       3.1289907      0.13934703    
   116.03012       1.7366769       3.1290545      0.13790251    
   116.55170       1.7376897       3.1290474      0.13806845    
   117.09390       1.7384956       3.1290553      0.13788697    
   117.50079       1.7389820       3.1290598      0.13778371    
   118.06371       1.7397807       3.1290820      0.13728483    
   118.57147       1.7406859       3.1290746      0.13745102    
   119.09225       1.7413743       3.1291938      0.13470663    
   119.55916       1.7421397       3.1292100      0.13432819    
   120.00833       1.7428520       3.1645899      0.13425365    
   120.57141       1.7431211       3.2061136      0.13247459    
   121.02556       1.7444967       3.4098191      0.13879561    
   121.59370       1.7465022       3.6866229      0.14933798    
   122.04821       1.7474966       3.8164763      0.15344474    
   122.50274       1.7459576       3.6136556      0.14415532    
   123.07092       1.7383845       3.1296322      0.12410524    
   123.52547       1.7367656       3.1286123      0.14759679    
   124.09369       1.7310565       3.1266294      0.18490380    
   124.54827       1.7305303       2.9847138     -0.94946504    
   125.09406       1.7322345       0.0000000       0.0000000    
   125.55219       1.7305541       3.0237408     -0.81669599    
   126.04717       1.7325066       0.0000000       0.0000000    
   126.60718       1.7288704       1.8076344      -2.5578229    
   127.05280       1.7279556       1.6892014      -2.6375365    
   127.50592       1.7293862       1.8675548      -2.5144062    
   128.07426       1.7667627       2.9583972      -4.9736300    
   128.52896       1.7947059       2.6195781      -7.3511319    
   129.09735       1.7971643       1.4410248      -7.8253760    
   129.55208       1.7989671      0.83816034      -8.0236588    
   130.00681       1.8608149      -2.2756743      -10.980694    
   130.57526       1.8675151       1.0896252      -4.9401178    
   131.03004       2.0843773      -1.2112380      1.07499480E-03
   131.59857       2.1895289     -0.19056818      0.17936699    
   132.05341       2.1966553      0.97766256     -0.35822681    
   132.50826       2.1244445       2.1149218     -0.59022480    
   133.07692       1.9901509       4.3355203     -0.86114299    
   133.53189       1.8894639       6.8860312      -1.1939251    
   134.10069       1.7927092       6.9782381      -3.2010658    
   134.55585       1.7660222       5.3909545      -1.9236073    
   135.01115       1.7546897       4.5071201      -1.1538298    
   135.58057       1.7500447       4.0688853     -0.72999489    
   136.03642       1.7471104       3.7259350     -0.57231784    
   136.60681       1.7428464       3.1369054     -0.43241227    
   137.06377       1.7401797       3.1072924     -0.39336279    
   137.52155       1.7366176       3.1103361     -0.36852464    
   138.09309       1.7325361       3.1168780     -0.30833617    
   138.54726       1.7297376       2.7474792       1.5037818    
   139.00862       1.7316300       2.8577659       1.2818635    
   139.59102       1.7325437       2.9956193      0.91447526    
   140.05928       1.7319582       2.9857216      0.94629097    
   140.52754       1.7329206       3.1319900      2.52606608E-02
   141.11293       1.7338306       3.1153367      0.32353923    
   141.58136       1.7337691       0.0000000       0.0000000    
   142.04996       1.7340528       0.0000000       0.0000000    
   142.51881       1.7342842       0.0000000       0.0000000    
   143.10545       1.7316701       0.0000000       0.0000000    
   143.57541       1.7311468       0.0000000       0.0000000    
   144.04617       1.7325988       0.0000000       0.0000000    
   144.51489       1.7335474       0.0000000       0.0000000    
   145.09634       1.7339010       0.0000000       0.0000000    
   145.55771       1.7318331       0.0000000       0.0000000    
   146.00945       1.7306616       0.0000000       0.0000000    
   146.58301       1.7302598       2.9357822       1.0914133    
   147.03491       1.7317011       2.9639151       1.0125259    
   147.60600       1.7321486       2.9655180       1.0078208    
   148.06233       1.7301627       3.1227446      0.24179772    
   148.50493       1.7285930       3.1173022      0.30401912    
   149.04149       1.7319314       0.0000000       0.0000000    
   149.53152       1.7325666       2.9612839       1.0201951    
   150.08556       1.7327368       2.9929836      0.92306495    
   150.55177       1.7313204       3.1212161      0.26078895    
   151.01271       1.7335095       0.0000000       0.0000000    
   151.57442       1.7334335       0.0000000       0.0000000    
   152.05774       1.7312542       3.0178032      0.83837026    
   152.57739       1.7322837       2.9877472      0.93987572    
   153.00316       1.7329051       2.9647768       1.0099996    
   153.51299       1.7340152       0.0000000       0.0000000    
   154.01495       1.7339535       3.0449989      0.73347276    
   154.58026       1.7813160       6.8825850     -0.62922698    
   155.03586       1.8197403       7.8669448      -4.8550253    
   155.60519       1.8306898       5.6164498      -8.0409603    
   156.06055       1.8416891       5.0752449      -9.0129786    
   156.51578       1.8431832       4.7544241      -9.2656889    
   157.08470       1.8419122       4.6811490      -9.2356672    
   157.53973       1.8414730       4.6650972      -9.2204523    
   158.10846       1.8496003       4.7283268      -9.6122684    
   158.56342       1.8525083       4.7441506      -9.7518482    
   159.01837       1.8418286       4.5662417      -9.2886028    
   159.58714       1.8188546       4.2701941      -8.1459589    
   160.04225       1.7993846       3.9114859      -7.0845919    
   160.61131       1.7798113       3.3949037      -5.8961306    
   161.06674       1.7765353       3.3762875      -5.6282024    
   161.52234       1.7853146       3.7898822      -6.1094394    
   162.09209       1.7943511       4.1783566      -6.5646505    
   162.54810       1.7883511       4.0138097      -6.2093949    
   163.00429       1.7901459       4.1232891      -6.2790489    
   163.57474       1.7969444       4.3624291      -6.6382618    
   164.03125       1.8021182       4.5272479      -6.9048409    
   164.60199       1.8172750       4.9760227      -7.6341920    
   165.05867       1.8331815       5.3318648      -8.3795681    
   165.51541       1.8391964       5.3849177      -8.6919069    
   166.08638       1.8385544       5.2522235      -8.7367535    
   166.54323       1.8376517       5.1925750      -8.7217188    
   167.00014       1.8342172       5.0920553      -8.5867872    
   167.57146       1.8247659       4.8767262      -8.1613598    
   168.02864       1.8101044       4.4938211      -7.4707980    
   168.60037       1.7897463       3.8893001      -6.3960400    
   169.05797       1.7751638       3.4024673      -5.4912429    
   169.51572       1.7623085       2.8869555      -4.5590539    
   170.08809       1.7540090       2.5077894      -3.8325837    
   170.54613       1.7492331       2.2508752      -3.3505414    
   171.00423       1.7456760       2.0345387      -2.9434190    
   171.57689       1.7423538       1.8225632      -2.5472071    
   172.03500       1.7401638       1.8571535      -2.5220985    
   172.60757       1.7353125       1.9035870      -2.4872389    
   173.06560       1.7339877       0.0000000       0.0000000    
   173.52361       1.7283337       3.1086817      0.38222668    
   174.09618       1.7324421       0.0000000       0.0000000    
   174.55434       1.7334722       0.0000000       0.0000000    
   175.01251       1.7322944       2.8659949       1.2633578    
   175.58504       1.7282017       0.0000000       0.0000000    
   176.04291       1.7310400       0.0000000       0.0000000    
   176.50061       1.7323680       0.0000000       0.0000000    
   177.07251       1.7324207       2.7557030       1.4886578    
   177.52980       1.7208815       3.1242988      0.22081240    
   178.10117       1.7121875       0.0000000       0.0000000    
   178.55803       1.6964396       0.0000000       0.0000000    
   179.01469       1.6808664       0.0000000       0.0000000    
   179.58530       1.6482040       3.1271348      0.17614606    
   180.04160       1.6436434       3.1267905      0.18215588    
   180.61182       1.6616900       0.0000000       0.0000000    
   181.06787       1.6667192       0.0000000       0.0000000    
   181.52380       1.6731074       0.0000000       0.0000000    
   182.09352       1.6667154       3.1235318      0.23140788    
   182.54913       1.6647429       3.1237252      0.22878256    
   183.00459       1.6556221       3.1244950      0.21801636    
   183.57365       1.6579521       0.0000000       0.0000000    
   184.02872       1.6427221       0.0000000       0.0000000    
   184.59737       1.5952125       3.1274526      0.17041062    
   185.05215       1.5833702       3.1272602      0.17390876    
   185.50690       1.5759151       3.1226785      0.24265134    
   186.07530       1.6048146       0.0000000       0.0000000    
   186.53006       1.6143587       0.0000000       0.0000000    
   187.09862       1.6064472       3.0619466      0.65915376    
   187.55354       1.6148117       3.0853734      0.53895330    
   188.00813       1.6340417       3.1217873     -0.25385672    
   188.57570       1.6947620       0.0000000       0.0000000    
   189.02924       1.7633648       4.1066713      -3.6456802    
   189.59560       1.7872424       5.1955347      -5.1561704    
   190.04829       1.7999178       5.4632297      -6.0139308    
   190.50072       1.8047284       5.4109292      -6.4385767    
   191.06595       1.8058233       5.2750282      -6.6318655    
   191.51794       1.8007803       5.0258932      -6.4498630    
   192.08282       1.7862008       4.4660587      -5.7107034    
   192.53465       1.7671061       3.6372201      -4.5383410    
   193.09933       1.7327145       2.0505979      -2.3674986    
   193.55106       1.7228773       0.0000000       0.0000000    
   194.00275       1.7156508       0.0000000       0.0000000    
   194.55800       1.7183720       3.1048357     -0.41230476    
   195.06509       1.7457516       3.4662325     -0.92867529    
   195.51509       1.7660216       5.4325809      -1.8025348    
   196.06335       1.7800546       6.2191715      -2.8018391    
   196.57037       1.7856314       6.2284694      -3.6339316    
   197.05713       1.7852556       5.8579321      -4.1611533    
   197.52159       1.7808849       5.3670492      -4.3055429    
   198.05736       1.7783132       4.9862871      -4.4673276    
   198.53928       1.7814369       4.9322128      -4.8536339    
   199.06447       1.7879143       4.9505897      -5.4525619    
   199.52702       1.7922299       4.8908172      -5.8781214    
   200.06082       1.7959764       4.7783747      -6.2701554    
   200.52486       1.8011624       4.7614822      -6.6755853    
   201.00836       1.8074601       4.7693586      -7.1180348    
   201.53868       1.8154416       4.8110037      -7.6221604    
   202.06763       1.8207771       4.7756662      -7.9793591    
   202.57445       1.8300112       4.8563185      -8.4824572    
   203.02087       1.8423656       5.0196743      -9.0806618    
   203.58592       1.8567815       5.1640120      -9.7534866    
   204.05768       1.8655694       5.2013221      -10.166842    
   204.53415       1.8799927       5.3546691      -10.765466    
   205.02100       1.8887953       5.3880119      -11.143265    
   205.58678       1.9029143       5.5144877      -11.689492    
   206.10188       1.9165256       5.6582875      -12.181555    
   206.53093       1.9201889       5.7139812      -12.302464    
   207.07907       1.9101532       5.5630341      -11.966945    
   207.52036       1.9032185       5.4564905      -11.729405    
   208.05061       1.8987390       5.3760614      -11.578246    
   208.58556       1.8911086       5.1970282      -11.334167    
   209.05405       1.8957825       5.3550687      -11.462143    
   209.53027       1.9221172       6.1970940      -12.144460    
   210.05080       1.9251018       7.2251396      -11.688330    
   210.50317       1.9008437       7.7738061      -10.226952    
   211.05940       1.9001973       9.6487885      -8.4432974    
   211.53110       1.9721354       14.192692      -5.7902689    
   212.05405       1.9773223       14.041492       6.5486369    
   212.57835       2.0092664       10.095363       13.018020    
   213.05884       1.9846766       8.1280603       13.460953    
   213.58380       1.9654379       7.1502266       13.314043    
   214.02679       1.9464674       6.3111758       13.036427    
   214.55882       1.9179759       4.0850606       12.850740    
   215.04926       1.9271297       2.7212043       13.542682    
   215.50475       1.9517788       2.2634070       14.486782    
   216.08000       1.9664137       1.8162392       15.034895    
   216.56850       1.9825270       1.5225012       15.583192    
   217.01120       1.9836860       1.0780553       15.656585    
   217.59718       1.9842975      0.71741068       10.041020    
   218.09695       2.0616722      0.68925989       8.5396748    
   218.51784       2.0955043      0.52102268       7.9660096    
   219.07486       2.1159015      0.26379460       7.2578750    
   219.52748       2.1308479      0.41039401       5.9083390    
   220.02795       2.3796439      0.56172067       3.0472534    
   220.56204       2.7784595      0.21827474      0.59436417    
   221.00104       2.9667697     -0.17287876     -0.92646897    
   221.54613       2.8560467     -0.65195858      -1.4244630    
   222.10612       2.6466258     -0.91045237     -0.74725187    
   222.56134       2.5014963     -0.92801869      0.21641935    
   223.00381       2.3530736     -0.73050135       1.3201430    
   223.57352       2.1297405      0.32605982       3.0859444    
   224.02953       1.9524009       1.9629375       6.5424705    
   224.58531       1.7731948       2.0277517       5.9738750    
   225.04138       1.7523463       1.8899441       3.9717348    
   225.61139       1.7433912       1.6308025       2.8110628    
   226.05313       1.7357751       1.8084732       2.5572300    
   226.56982       1.7336168       0.0000000       0.0000000    
   227.09438       1.7323275       2.7518330       1.4957992    
   227.51521       1.7326019       2.7299273       1.5354145    
   228.08539       1.7270831       3.1108716      0.36397511    
   228.51570       1.7192106       3.1262577      0.19108345    
   229.01878       1.7129428       0.0000000       0.0000000    
   229.58723       1.6963477       0.0000000       0.0000000    
   230.03476       1.6875854       0.0000000       0.0000000    
   230.60602       1.6721692       3.0697308      0.62189513    
   231.05811       1.6857808       0.0000000       0.0000000    
   231.50717       1.6745625       3.1243360      0.22028199    
   232.01602       1.6765755       3.1162035      0.31508061    
   232.58264       1.6775718       3.0740237      0.60031521    
   233.03319       1.6897713       0.0000000       0.0000000    
   233.52217       1.6756365       3.0726361      0.60737699    
   234.09470       1.6802826       0.0000000       0.0000000    
   234.55185       1.6765391       0.0000000       0.0000000    
   235.00992       1.6764345       0.0000000       0.0000000    
   235.57393       1.6824391       3.1239247      0.22603899    
   236.04901       1.7121103       0.0000000       0.0000000    
   236.50539       1.7403648       2.2671914      -2.1609821    
   237.00331       1.7876618       4.3902340      -5.8921075    
   237.59187       1.8572628       5.1525264      -9.7837200    
   238.07948       1.8385406       4.1225915      -9.3224134    
   238.59378       1.8203558       4.2709994      -8.2354383    
   239.05177       1.9598172       6.7157927      -13.333179    
   239.59361       2.2065248       7.2628260      -20.301407    
   240.00069       2.3649964       7.9304771      -20.868711    
   240.54062       3.5944095       1.8900808      -1.7422144    
   241.00764       5.0989590       1.3629515      -1.2689344    
   241.54401       6.6443391       1.1633953      -1.6731256    
   242.03525       8.2866802      0.24396192      -1.2127217    
   242.53752       9.4838438      -1.0155847     -0.62375236    
   243.04701       9.3218536      -1.2897907     -0.33408985    
   243.51421       8.3394260     -0.71107531     -0.44517583    
   244.01746       6.9860606     -0.23698498     -0.71792489    
   244.54987       5.8534636      0.38298205     -0.86396378    
   245.07614       5.2624025       1.0546194     -0.94720715    
   245.53996       5.0758710       1.4465990     -0.82390183    
   246.05464       5.0408120       1.4732788     -0.46678320    
   246.52803       5.0518136       1.1498659     -1.44943921E-02
   247.05533       5.1434526      0.58394778      0.34270477    
   247.57243       5.0982561      0.18708491      0.47170162    
   248.05302       4.8203506      8.77222568E-02  0.51179194    
   248.55647       4.4958057      0.11302041      0.52941906    
   249.09454       4.1866345      0.17595935      0.50646359    
   249.55356       3.9638922      0.19843240      0.47585946    
   250.01265       3.7475967      0.15374303      0.44116068    
