  0.11273042      0.49287498       0.0000000       0.0000000    
  0.56771952      0.49287498       0.0000000       0.0000000    
   1.0225676      0.49287498       0.0000000       0.0000000    
   1.5908108      0.49287498       0.0000000       0.0000000    
   2.0451236      0.49287498       0.0000000       0.0000000    
   2.6127074      0.49287498       0.0000000       0.0000000    
   3.0665996      0.49287498       0.0000000       0.0000000    
   3.5204115      0.49287498       0.0000000       0.0000000    
   4.0876346      0.49287498       0.0000000       0.0000000    
   4.5414238      0.49287498       0.0000000       0.0000000    
   5.1087065      0.49287498       0.0000000       0.0000000    
   5.5625720      0.49287498       0.0000000       0.0000000    
   6.0164661      0.49287498       0.0000000       0.0000000    
   6.5838690      0.49287498       0.0000000       0.0000000    
   7.0377955      0.49287498       0.0000000       0.0000000    
   7.6052070      0.49287498       0.0000000       0.0000000    
   8.0591211      0.49287498       0.0000000       0.0000000    
   8.5130253      0.49287498       0.0000000       0.0000000    
   9.0803757      0.49287498       0.0000000       0.0000000    
   9.5342360      0.49287498       0.0000000       0.0000000    
   10.101531      0.49287498       0.0000000       0.0000000    
   10.555342      0.49287498       0.0000000       0.0000000    
   11.009133      0.49287498       0.0000000       0.0000000    
   11.576332      0.49287498       0.0000000       0.0000000    
   12.030070      0.49287498       0.0000000       0.0000000    
   12.597208      0.49287498       0.0000000       0.0000000    
   13.050895      0.49287498       0.0000000       0.0000000    
   13.504553      0.49287498       0.0000000       0.0000000    
   14.071603      0.49287498       0.0000000       0.0000000    
   14.525217      0.49287498       0.0000000       0.0000000    
   15.092206      0.49287498       0.0000000       0.0000000    
   15.545775      0.49287498       0.0000000       0.0000000    
   16.112707      0.49287498       0.0000000       0.0000000    
   16.566236      0.49287498       0.0000000       0.0000000    
   17.019741      0.49287498       0.0000000       0.0000000    
   17.586597      0.49287498       0.0000000       0.0000000    
   18.040064      0.49287498       0.0000000       0.0000000    
   18.606867      0.49287498       0.0000000       0.0000000    
   19.060299      0.49287498       0.0000000       0.0000000    
   19.513704      0.49287498       0.0000000       0.0000000    
   20.080450      0.49287498       0.0000000       0.0000000    
   20.533821      0.49287498       0.0000000       0.0000000    
   21.100523      0.49287498       0.0000000       0.0000000    
   21.553862      0.49287498       0.0000000       0.0000000    
   22.007195      0.49287498       0.0000000       0.0000000    
   22.573837      0.49287498       0.0000000       0.0000000    
   23.027140      0.49287498       0.0000000       0.0000000    
   23.593752      0.49287498       0.0000000       0.0000000    
   24.047028      0.49287498       0.0000000       0.0000000    
   24.500294      0.49287498       0.0000000       0.0000000    
   25.066856      0.49287498       0.0000000       0.0000000    
   25.520096      0.49287498       0.0000000       0.0000000    
   26.086632      0.49287498       0.0000000       0.0000000    
   26.539846      0.49287498       0.0000000       0.0000000    
   27.106359      0.49287498       0.0000000       0.0000000    
   27.559551      0.49287498       0.0000000       0.0000000    
   28.012745      0.49287498       0.0000000       0.0000000    
   28.579214      0.49287498       0.0000000       0.0000000    
   29.032389      0.49287498       0.0000000       0.0000000    
   29.598843      0.49287498       0.0000000       0.0000000    
   30.051998      0.49287498       0.0000000       0.0000000    
   30.505152      0.49287498       0.0000000       0.0000000    
   31.071575      0.49287498       0.0000000       0.0000000    
   31.524714      0.49287498       0.0000000       0.0000000    
   32.091122      0.49287498       0.0000000       0.0000000    
   32.544243      0.49287498       0.0000000       0.0000000    
   33.110641      0.49287498       0.0000000       0.0000000    
   33.563751      0.49287498       0.0000000       0.0000000    
   34.016857      0.49287498       0.0000000       0.0000000    
   34.583233      0.49287498       0.0000000       0.0000000    
   35.036331      0.49287498       0.0000000       0.0000000    
   35.602699      0.49287498       0.0000000       0.0000000    
   36.055794      0.49287498       0.0000000       0.0000000    
   36.508884      0.49287498       0.0000000       0.0000000    
   37.075237      0.49287498       0.0000000       0.0000000    
   37.528324      0.49287498       0.0000000       0.0000000    
   38.094673      0.49287498       0.0000000       0.0000000    
   38.547756      0.49287498       0.0000000       0.0000000    
   39.000828      0.49287498       0.0000000       0.0000000    
   39.567177      0.49287498       0.0000000       0.0000000    
   40.020252      0.49287498       0.0000000       0.0000000    
   40.586594      0.49287498       0.0000000       0.0000000    
   41.039669      0.49287498       0.0000000       0.0000000    
   41.606007      0.49287498       0.0000000       0.0000000    
   42.059082      0.49287498       0.0000000       0.0000000    
   42.512150      0.49287498       0.0000000       0.0000000    
   43.078487      0.49287498       0.0000000       0.0000000    
   43.531563      0.49287498       0.0000000       0.0000000    
   44.097900      0.49287498       0.0000000       0.0000000    
   44.550980      0.49287498       0.0000000       0.0000000    
   45.004051      0.49287498       0.0000000       0.0000000    
   45.570404      0.49287498       0.0000000       0.0000000    
   46.023476      0.49287498       0.0000000       0.0000000    
   46.589828      0.49287498       0.0000000       0.0000000    
   47.042908      0.49287498       0.0000000       0.0000000    
   47.609257      0.49287498       0.0000000       0.0000000    
   48.062340      0.49287498       0.0000000       0.0000000    
   48.515427      0.49287498       0.0000000       0.0000000    
   49.081791      0.49287498       0.0000000       0.0000000    
   49.534885      0.49287498       0.0000000       0.0000000    
   50.101250      0.49287498       0.0000000       0.0000000    
   50.554352      0.49287498       0.0000000       0.0000000    
   51.007446      0.49287498       0.0000000       0.0000000    
   51.573837      0.49287498       0.0000000       0.0000000    
   52.026939      0.49287498       0.0000000       0.0000000    
   52.593330      0.49287498       0.0000000       0.0000000    
   53.046448      0.49287498       0.0000000       0.0000000    
   53.612846      0.49287498       0.0000000       0.0000000    
   54.065975      0.49287498       0.0000000       0.0000000    
   54.519108      0.49287498       0.0000000       0.0000000    
   55.085529      0.49287498       0.0000000       0.0000000    
   55.538670      0.49287498       0.0000000       0.0000000    
   56.105099      0.49287498       0.0000000       0.0000000    
   56.558254      0.49287498       0.0000000       0.0000000    
   57.011406      0.49287498       0.0000000       0.0000000    
   57.577862      0.49287498       0.0000000       0.0000000    
   58.031025      0.49287498       0.0000000       0.0000000    
   58.597492      0.49287498       0.0000000       0.0000000    
   59.050667      0.49287498       0.0000000       0.0000000    
   59.503853      0.49287498       0.0000000       0.0000000    
   60.070332      0.49378744      0.22465043     -0.60698408    
   60.523521      0.50905997       1.4578209      -3.4990840    
   61.090008      0.56484818       1.8550128      -3.4372468    
   61.543190      0.65817595       2.1723652      -1.8739843    
   62.109642      0.89051735       2.4033575     -0.67017198    
   62.562763       1.2042819       2.6295259     -0.26040831    
   63.015820       1.6865017       2.8804219     -9.55744907E-02
   63.581921       2.3528819       3.5898089     -2.70116869E-02
   64.034485       2.9817483       4.3849006     -1.60529986E-02
   64.599731       3.9448886       5.2836070     -2.52683386E-02
   65.051582       4.8057842       5.7833385     -4.58674952E-02
   65.503128       5.6768045       6.0998878     -6.34468272E-02
   66.067162       6.6124930       6.2560482     -6.13900200E-02
   66.518112       7.2058425       6.1606722     -4.74109054E-02
   67.081421       7.7578878       5.8777084     -1.89620033E-02
   67.531792       8.0589581       5.5392485     -8.58918577E-03
   68.094421       8.2894583       4.9605823     -7.73254829E-03
   68.544289       8.3777218       4.5068593     -5.17229736E-03
   69.106354       8.4065723       3.9058309      4.10873763E-04
   69.555771       8.3733091       3.3773217      1.05128651E-02
   70.005020       8.2956238       2.7992852      3.11266724E-02
   70.566383       8.1366482       2.0006158      5.94073310E-02
   71.015320       7.9659519       1.3405232      6.53679743E-02
   71.576332       7.7379417      0.56415659      6.02199845E-02
   72.025063       7.5665722     -4.30422947E-02  5.44130988E-02
   72.585876       7.3214769     -0.82915282      4.78670150E-02
   73.029984       7.0877552      -1.4807796      4.99306098E-02
   73.590706       6.7661963      -2.3293378      5.62555119E-02
   74.039330       6.5013790      -3.0155172      5.76307997E-02
   74.600090       6.1575642      -3.8681991      5.73001541E-02
   75.048798       5.8658133      -4.5491180      5.62157854E-02
   75.609795       5.4893937      -5.4364944      6.10179566E-02
   76.058640       5.1747942      -6.1762614      8.09278935E-02
   76.507683       4.8369198      -6.9258728      0.13111450    
   77.069244       4.4049349      -7.9042559      0.22571735    
   77.518639       4.0763688      -8.7498331      0.29299137    
   78.048470       3.7063389      -9.8086061      0.34217218    
   78.602119       3.3274651      -10.909871      0.53590304    
   79.014641       3.0209653      -11.650077      0.98863447    
   79.554306       2.5183599      -12.430195       1.2778848    
   80.067139       1.9623312      -12.964804      0.80201340    
   80.524811       1.4559100      -13.125496      0.40079418    
   81.053589      0.90161341      -12.788852      0.22940512    
   81.564354      0.58018327      -9.7695513      0.12369086    
   82.063629      0.52452350      -6.3905849      0.13272554    
   82.549644      0.51481640      -5.5959291      0.14178845    
   83.020416      0.51173842      -5.3194413      0.13625245    
   83.522820      0.50938380      -5.0980377      0.12310651    
   84.053658      0.50628603      -4.7911201      0.10674616    
   84.549942      0.50300014      -4.4423118      9.29465070E-02
   85.027672      0.50058949      -4.1678448      8.36459100E-02
   85.525734      0.49917960      -3.9986014      7.75350407E-02
   86.027512      0.49812603      -3.8672998      7.25438297E-02
   86.590935      0.49708438      -3.7329471      6.72004521E-02
   87.029121      0.49637836      -3.6390674      6.32304773E-02
   87.559258      0.49572963      -3.5506158      5.93742616E-02
   88.067757      0.49578589      -3.5583770      5.95642999E-02
   88.585281      0.49628979      -3.6269891      6.97825626E-02
   89.036705      0.49591732      -3.5761375      7.59494901E-02
   89.556389      0.49541992      -3.5071704      7.95803741E-02
   90.083794      0.49082449      -3.1312578      7.22853243E-02
   90.522835      0.48559952       3.1214869     -0.25752625    
   91.066666      0.52572310       6.4738564     -0.35097086    
   91.547646      0.56795126       8.5275536      -3.2772944    
   92.020836      0.58306986       4.4570971      -8.8558149    
   92.527176      0.55744153       3.3608189      -7.8647752    
   93.040657      0.53388619       2.9044180      -6.4502988    
   93.570419      0.51263726       2.3821301      -4.8499732    
   94.013809      0.48623115       1.5515485      -2.7207899    
   94.539070      0.48153433       3.1287370      0.14493254    
   95.091621      0.48398787       3.0599198      0.66849864    
   95.545456      0.48995185       3.0766444      0.58673614    
   96.112778      0.49425286       3.2778804      0.64590394    
   96.566650      0.48159498       3.0919230      0.50001329    
   97.014771      0.45799387       3.1026309     -0.42858100    
   97.544777      0.44437957       0.0000000       0.0000000    
   98.112152      0.43307760       0.0000000       0.0000000    
   98.566078      0.43307760       0.0000000       0.0000000    
   99.001091      0.43307760       0.0000000       0.0000000    
   99.542236      0.43307760       0.0000000       0.0000000    
   100.10968      0.44875419       0.0000000       0.0000000    
   100.55460      0.50848949      0.81061143       4.9467897    
   101.08748      0.58478701       1.1305648       3.8739893    
   101.52034      0.67060238       1.5716192       3.1976593    
   102.08784      0.77799690       1.4242406       2.8029077    
   102.54187      0.84282029       1.0479710       2.6224241    
   103.10939      0.89509952      0.38602820       2.6096652    
   103.56343      0.90402830     -0.28569040       2.5649688    
   104.01749      0.88135010      -1.0693870       2.3376653    
   104.58506      0.85952699      -2.2167552       1.8257225    
   105.03915      0.82422811      -3.2318571       1.3070921    
   105.60675      0.70367002      -4.8088293      0.22101197    
   106.06085      0.58732903      -6.2349486      5.96270896E-02
   106.51496      0.51039422      -5.1280775      0.83617312    
   107.08263      0.49230307      -3.1320620      1.37092452E-02
   107.53677      0.48534229      -3.1320534      1.55469738E-02
   108.10446      0.48161125       0.0000000       0.0000000    
   108.55863      0.47982949       0.0000000       0.0000000    
   109.01280      0.47824162       0.0000000       0.0000000    
   109.58054      0.46364951       0.0000000       0.0000000    
   110.03474      0.42897686       3.1207972      0.26575309    
   110.60250      0.43807089       0.0000000       0.0000000    
   111.05674      0.42138657       0.0000000       0.0000000    
   111.51097      0.41243088       0.0000000       0.0000000    
   112.07880      0.40919679       0.0000000       0.0000000    
   112.53306      0.40965724       0.0000000       0.0000000    
   113.06913      0.40096417       3.1206112      0.26793075    
   113.57185      0.40851682       3.1165209      0.31192756    
   114.08277      0.42898649       0.0000000       0.0000000    
   114.52990      0.43410510       0.0000000       0.0000000    
   115.07253      0.43201071       3.1258590      0.19749710    
   115.56587      0.44686586       0.0000000       0.0000000    
   116.03012      0.44250810       3.1253386      0.20556985    
   116.55170      0.44378930       3.1245036      0.21789406    
   117.09390      0.43985963       3.1241057      0.22352718    
   117.50079      0.43523034       3.1239944      0.22507711    
   118.06371      0.43176997       3.1231065      0.23707962    
   118.57147      0.43855184       0.0000000       0.0000000    
   119.09225      0.42449373       3.1213346      0.25936648    
   119.55916      0.43834120       0.0000000       0.0000000    
   120.00833      0.43790352       0.0000000       0.0000000    
   120.57141      0.42947441       3.1190794      0.28520933    
   121.02556      0.43248734       3.1181734      0.29494867    
   121.59370      0.44531643       0.0000000       0.0000000    
   122.04821      0.44767171       0.0000000       0.0000000    
   122.50274      0.44942027       0.0000000       0.0000000    
   123.07092      0.44267318       3.1218917      0.25257006    
   123.52547      0.44224972       3.1287696      0.14422190    
   124.09369      0.44952995       0.0000000       0.0000000    
   124.54827      0.45412976       0.0000000       0.0000000    
   125.09406      0.45331922      -3.1316247      5.41019812E-02
   125.55219      0.46451551       0.0000000       0.0000000    
   126.04717      0.46461120      -3.1316097      5.49710654E-02
   126.60718      0.47096074       0.0000000       0.0000000    
   127.05280      0.47221851       0.0000000       0.0000000    
   127.50592      0.47277683       0.0000000       0.0000000    
   128.07426      0.45012790       2.5166907      -1.8644750    
   128.52896      0.44342506       2.0115108      -2.4007967    
   129.09735      0.46045023       0.0000000       0.0000000    
   129.55208      0.47624600       0.0000000       0.0000000    
   130.00681      0.50896156       2.7959235      -4.2158909    
   130.57526      0.49281377       1.6449645      -2.6653502    
   131.03004      0.47890478       3.1192389     -0.28345886    
   131.59857      0.47431332       0.0000000       0.0000000    
   132.05341      0.46297714       0.0000000       0.0000000    
   132.50826      0.44940782       0.0000000       0.0000000    
   133.07692      0.41511369       2.9389052      -1.0829761    
   133.53189      0.40185905       2.4226909      -1.9850868    
   134.10069      0.41331285       0.0000000       0.0000000    
   134.55585      0.41734576       0.0000000       0.0000000    
   135.01115      0.42230260       0.0000000       0.0000000    
   135.58057      0.41715997       2.9438076      -1.0695779    
   136.03642      0.42306432       3.0358164     -0.77059621    
   136.60681      0.43931192       0.0000000       0.0000000    
   137.06377      0.44358516       0.0000000       0.0000000    
   137.52155      0.44733775       0.0000000       0.0000000    
   138.09309      0.44351310       3.1278222     -0.16348660    
   138.54726      0.45697898       0.0000000       0.0000000    
   139.00862      0.45967650       0.0000000       0.0000000    
   139.59102      0.45386511       3.0236349      0.81708771    
   140.05928      0.45961481       0.0000000       0.0000000    
   140.52754      0.46014583       0.0000000       0.0000000    
   141.11293      0.45443779       3.1176412      0.30052313    
   141.58136      0.45618346      -3.1320014      2.38043591E-02
   142.04996      0.45756698      -3.1320386      1.82725675E-02
   142.51881      0.45900887      -3.1320524      1.57538224E-02
   143.10545      0.46695378       0.0000000       0.0000000    
   143.57541      0.46335512      -3.1320918     -1.24455662E-03
   144.04617      0.46198764      -3.1320870      5.58465859E-03
   144.51489      0.46065176      -3.1320782      9.32212640E-03
   145.09634      0.46102306       0.0000000       0.0000000    
   145.55771      0.46325645       0.0000000       0.0000000    
   146.00945      0.46430930       0.0000000       0.0000000    
   146.58301      0.46456826       0.0000000       0.0000000    
   147.03491      0.46514779       0.0000000       0.0000000    
   147.60600      0.44995445       3.0086927      0.87049884    
   148.06233      0.45612708      -3.1307685      9.10387486E-02
   148.50493      0.46119654      -3.1300464      0.11318595    
   149.04149      0.46479753      -3.1320567      1.48756560E-02
   149.53152      0.47169030       0.0000000       0.0000000    
   150.08556      0.46689218       0.0000000       0.0000000    
   150.55177      0.45979962      -3.1311538      7.66503289E-02
   151.01271      0.46275538      -3.1320157      2.18830258E-02
   151.57442      0.45789632      -3.1320629      1.34919444E-02
   152.05774      0.45946556       0.0000000       0.0000000    
   152.57739      0.44891137       3.0450699      0.73317724    
   153.00316      0.45737877       0.0000000       0.0000000    
   153.51299      0.45083526      -3.1320839      7.05799088E-03
   154.01495      0.45649892       0.0000000       0.0000000    
   154.58026      0.44039869       3.1320648      1.30143669E-02
   155.03586      0.43494469       1.6207211      -2.6801612    
   155.60519      0.44513717       0.0000000       0.0000000    
   156.06055      0.44983703       0.0000000       0.0000000    
   156.51578      0.45628771       0.0000000       0.0000000    
   157.08470      0.45810491       1.6547070      -2.6593130    
   157.53973      0.46371314       1.6751077      -2.6465099    
   158.10846      0.47337559       0.0000000       0.0000000    
   158.56342      0.47784394       0.0000000       0.0000000    
   159.01837      0.48196402       0.0000000       0.0000000    
   159.58714      0.48319638       1.7531927      -2.5954413    
   160.04225      0.48274201       1.8481579      -2.5286977    
   160.61131      0.48362276       0.0000000       0.0000000    
   161.06674      0.48148271       0.0000000       0.0000000    
   161.52234      0.47636181       0.0000000       0.0000000    
   162.09209      0.46247494       1.8434647      -2.5321212    
   162.54810      0.46024331       1.9030484      -2.4876509    
   163.00429      0.46065962       1.9004674      -2.4896233    
   163.57474      0.46704552       0.0000000       0.0000000    
   164.03125      0.46799731       0.0000000       0.0000000    
   164.60199      0.46358812       1.7102581      -2.6239316    
   165.05867      0.46294174       1.6237257      -2.6783419    
   165.51541      0.46162832       1.5959848      -2.6949644    
   166.08638      0.46451744       0.0000000       0.0000000    
   166.54323      0.46122974       0.0000000       0.0000000    
   167.00014      0.45535347       0.0000000       0.0000000    
   167.57146      0.43278322       1.5467883      -2.7234988    
   168.02864      0.42329657       1.6117619      -2.6855583    
   168.60037      0.43083239       0.0000000       0.0000000    
   169.05797      0.43012893       0.0000000       0.0000000    
   169.51572      0.43201435       0.0000000       0.0000000    
   170.08809      0.42455107       2.5360353      -1.8380764    
   170.54613      0.42802846       2.6526601      -1.6653512    
   171.00423      0.43215814       2.7590940      -1.4823632    
   171.57689      0.44667602       0.0000000       0.0000000    
   172.03500      0.45213011       0.0000000       0.0000000    
   172.60757      0.45396331       2.9156318      -1.1441554    
   173.06560      0.45905191      -3.1312983     -7.05145001E-02
   173.52361      0.46662918      -3.1315825      5.64867258E-02
   174.09618      0.46867126      -3.1306412     -9.53194574E-02
   174.55434      0.47043216      -3.1299415     -0.11604334    
   175.01251      0.47241014       3.1222486      0.24812242    
   175.58504      0.48219469       0.0000000       0.0000000    
   176.04291      0.48010802      -3.1297514     -0.12106162    
   176.50061      0.48074144      -3.1287107     -0.14549841    
   177.07251      0.48388946       0.0000000       0.0000000    
   177.52980      0.49224770      -3.1317568     -4.58312966E-02
   178.10117      0.50536764      -4.6969757     -6.08666427E-02
   178.55803      0.51446885      -5.5666709     -7.58668333E-02
   179.01469      0.51443613      -5.5639944     -5.86143956E-02
   179.58530      0.51693416      -5.7798004      7.71672279E-02
   180.04160      0.51297760      -5.4336605      7.74307549E-02
   180.61182      0.50215572      -4.3490677     -2.65926495E-03
   181.06787      0.49924022      -4.0067773     -4.97958018E-03
   181.52380      0.49686456      -3.7045259     -1.59093570E-02
   182.09352      0.50142229      -4.2655163     -1.63476337E-02
   182.54913      0.50550580      -4.7117414     -1.78589579E-02
   183.00459      0.51200414      -5.3456106     -1.19198849E-02
   183.57365      0.50854856      -5.0185137     -1.72616336E-02
   184.02872      0.51381415      -5.5091991     -6.29116455E-03
   184.59737      0.53412718      -7.0902271      8.41011181E-02
   185.05215      0.53492272      -7.1445646      0.11839970    
   185.50690      0.53497374      -7.1391668      0.37573078    
   186.07530      0.52726382      -2.7695830      5.13994507E-02
   186.53006      0.54422098      -1.6838043     -0.30643189    
   187.09862      0.58051074      -1.0471845     -0.47498575    
   187.55354      0.60391372     -0.89252043     -0.58564258    
   188.00813      0.62860876     -0.75432652     -0.60370791    
   188.57570      0.64843619     -0.59780514     -0.57254082    
   189.02924      0.69006068     -0.53322047     -0.20231725    
   189.59560      0.74328089     -0.48913452      0.70591396    
   190.04829      0.76446867     -0.55341631       1.3202784    
   190.50072      0.77186608     -0.64408457       1.8184118    
   191.06595      0.76148117     -0.84309053       2.2548072    
   191.51794      0.74310720      -1.0706686       2.4674065    
   192.08282      0.71650940      -1.4485269       2.4309676    
   192.53465      0.69548142      -1.9250013       2.2264006    
   193.09933      0.66207427      -3.0416431      0.99217188    
   193.55106      0.61086237      -4.5648942      0.20756692    
   194.00275      0.55482817      -6.6514535      0.14587188    
   194.55800      0.50605005      -4.7638946     -0.20010331    
   195.06509      0.49588031      -3.5675116     -0.17629077    
   195.51509      0.47657320      -3.1301713     -0.10966950    
   196.06335      0.43380785       1.7249185      -2.6143177    
   196.57037      0.41551691       1.5923827      -2.6970944    
   197.05713      0.41139576       1.6205513      -2.6802638    
   197.52159      0.41283554       1.7338886      -2.6083770    
   198.05736      0.42969599       0.0000000       0.0000000    
   198.53928      0.43264031       0.0000000       0.0000000    
   199.06447      0.43006170       3.1254787      0.20342748    
   199.52702      0.43502712       3.1257823      0.19870746    
   200.06082      0.45031601       0.0000000       0.0000000    
   200.52486      0.45571041       0.0000000       0.0000000    
   201.00836      0.45869470       0.0000000       0.0000000    
   201.53868      0.45437995       3.1266205      0.18505256    
   202.06763      0.46074522       0.0000000       0.0000000    
   202.57445      0.45843741       0.0000000       0.0000000    
   203.02087      0.44752559       3.1264467      0.18796493    
   203.58592      0.44203037       3.1264429      0.18802994    
   204.05768      0.44757760       0.0000000       0.0000000    
   204.53415      0.43231213       3.1263616      0.18937640    
   205.02100      0.43816447       0.0000000       0.0000000    
   205.58678      0.43064994       0.0000000       0.0000000    
   206.10188      0.39953870       3.1271732      0.17546482    
   206.53093      0.39052793       1.3928318      -2.8053555    
   207.07907      0.41225967       0.0000000       0.0000000    
   207.52036      0.42259118       0.0000000       0.0000000    
   208.05061      0.42988107       1.4621933      -2.7698359    
   208.58556      0.45930284       0.0000000       0.0000000    
   209.05405      0.54669487       3.0355439      -7.3070369    
   209.53027      0.69947815       3.8459139      -14.060464    
   210.05080      0.77636129       3.3130872      -16.641319    
   210.50317      0.77660638       2.7448149      -16.751612    
   211.05940      0.81813091       3.0617986      -17.874882    
   211.53110      0.85178429       3.2786112      -18.739016    
   212.05405      0.87707639       3.3022304      -19.385738    
   212.57835      0.87619853       3.2700117      -19.368982    
   213.05884      0.86905932       3.2844682      -19.184868    
   213.58380      0.88356948       3.2824259      -19.552673    
   214.02679      0.88159907       3.1611063      -19.523211    
   214.55882      0.87034082       3.0927114      -19.249393    
   215.04926      0.80629885       2.8886466      -17.576534    
   215.50475      0.79331172       2.8926320      -17.209623    
   216.08000      0.78271037       2.8574178      -16.910755    
   216.56850      0.78029716       2.8412478      -16.843351    
   217.01120      0.77785277       2.8101420      -16.777256    
   217.59718      0.80018938       2.8905294      -17.404890    
   218.09695      0.82875425       3.0087101      -18.172926    
   218.51784      0.82414174       2.9577296      -18.056425    
   219.07486      0.80146182       2.8552659      -17.446522    
   219.52748      0.86643112       3.1545749      -19.139416    
   220.02795      0.94545186       3.4063871      -21.028183    
   220.56204      0.92615187       3.3047838      -20.589634    
   221.00104      0.90504533       3.2174785      -20.094700    
   221.54613      0.82348394       2.8658683      -18.053370    
   222.10612      0.78232878       2.6772835      -16.929157    
   222.56134      0.72790581       2.4421611      -15.310490    
   223.00381      0.68879658       2.3036592      -14.025058    
   223.57352      0.66979235       2.2807279      -13.347817    
   224.02953      0.62894356       2.0802159      -11.788383    
   224.58531      0.57927948       1.7610146      -9.5640802    
   225.04138      0.55326712       1.5576690      -8.1626196    
   225.61139      0.50447899      0.90040255      -4.5147319    
   226.05313      0.48332030       2.7968476       1.4098381    
   226.56982      0.47398043      -3.1315587      5.77963069E-02
   227.09438      0.47340196       0.0000000       0.0000000    
   227.51521      0.47306877       0.0000000       0.0000000    
   228.08539      0.48295709      -3.1312592     -7.22233653E-02
   228.51570      0.49935573      -4.0195246     -0.10505166    
   229.01878      0.51696539      -5.7825208     -7.16438740E-02
   229.58723      0.53812361      -7.0070953     -0.13726747    
   230.03476      0.57348073      -3.6254928     -0.87407517    
   230.60602      0.59830016      -3.6202230     -0.75905687    
   231.05811      0.59480596      -4.3996115     -0.46753457    
   231.50717      0.58322620      -5.2096887     -0.18929614    
   232.01602      0.57357305      -5.1922545     -0.38012728    
   232.58264      0.58936059      -4.1258969      -1.0031638    
   233.03319      0.60870832      -3.7446830      -1.4861470    
   233.52217      0.61384201      -4.2583361     -0.94938713    
   234.09470      0.61202902      -4.2888885      -1.0102919    
   234.55185      0.63613671      -3.3478265      -1.8804642    
   235.00992      0.68886852      -1.9972025      -3.9029791    
   235.57393      0.76287639     -0.15090363      -8.8513966    
   236.04901      0.76646960       1.1990942      -13.084130    
   236.50539      0.81957972       2.0636163      -15.221443    
   237.00331      0.88009548       2.3082886      -14.847746    
   237.59187       1.1728197       3.2967288      -19.998894    
   238.07948       1.0993220       2.7119620      -15.756018    
   238.59378       1.2052749       2.4705651      -9.2995081    
   239.05177       1.6401314       2.7507684      -6.6904459    
   239.59361       2.8470469       3.5339501      -5.9026470    
   240.00069       3.8125305       3.7713215      -5.5645957    
   240.54062       4.2764750       4.0419269      -5.7394509    
   241.00764       4.5986395       4.0631752      -4.8002467    
   241.54401       5.3265367       3.9427414      -3.1934848    
   242.03525       6.2578115       3.3083565      -1.7992820    
   242.53752       7.2500753       1.9029000      -1.2110815    
   243.04701       7.8074436      0.40966344     -0.95605755    
   243.51421       7.5206723     -0.59958720      -1.0122935    
   244.01746       6.5107808     -0.66609162      -1.0960417    
   244.54987       5.5555868     -0.33992910     -0.95802665    
   245.07614       4.7881479     -6.19215593E-02 -0.87463099    
   245.53996       4.3097539     -5.08990102E-02 -0.78978491    
   246.05464       4.0041099     -0.26958257     -0.52769768    
   246.52803       3.8341215     -0.59235400     -0.16676062    
   247.05533       3.7136993      -1.0561466      0.24739061    
   247.57243       3.5708327      -1.5443137      0.46169659    
   248.05302       3.4022548      -1.9611446      0.52462047    
   248.55647       3.1307414      -2.3213732      0.51008141    
   249.09454       2.7588499      -2.6727228      0.44293195    
   249.55356       2.4145241      -2.9546771      0.35620710    
   250.01265       2.1009765      -3.2190628      0.25614226    
