  0.11273042      3.05930303E-13  1.95494120E-13 -1.93259207E-15
  0.56771952      3.12473951E-13  2.24564589E-13 -2.62433126E-15
   1.0225676      3.21873442E-13  2.54739724E-13 -3.30926201E-15
   1.5908108      3.38438560E-13  2.94580874E-13 -4.16657667E-15
   2.0451236      3.55258141E-13  3.28648025E-13 -5.90314498E-15
   2.6127074      3.80021047E-13  3.74622777E-13 -1.22830314E-14
   3.0665996      4.02644850E-13  4.14596200E-13 -2.45153883E-14
   3.5204115      4.28453768E-13  4.57776178E-13 -4.53871085E-14
   4.0876346      4.66586947E-13  5.17018665E-13 -8.43181455E-14
   4.5414238      5.02773279E-13  5.69375005E-13 -1.26986299E-13
   5.1087065      5.57288861E-13  6.42136192E-13 -1.96751849E-13
   5.5625720      6.10639957E-13  7.07138395E-13 -2.67413858E-13
   6.0164661      6.75325356E-13  7.79228136E-13 -3.52922959E-13
   6.5838690      7.78762254E-13  8.81125305E-13 -4.81569212E-13
   7.0377955      8.85963666E-13  9.74422583E-13 -6.03027990E-13
   7.6052070      1.05731710E-12  1.11077087E-12 -7.83553669E-13
   8.0591211      1.22905982E-12  1.24077029E-12 -9.56548968E-13
   8.5130253      1.43587995E-12  1.39498515E-12 -1.16188547E-12
   9.0803757      1.75305961E-12  1.63092294E-12 -1.47615091E-12
   9.5342360      2.06453669E-12  1.86243078E-12 -1.78410238E-12
   10.101531      2.54430743E-12  2.21791877E-12 -2.25620954E-12
   10.555342      3.01665984E-12  2.56618381E-12 -2.71846217E-12
   11.009133      3.58410003E-12  2.98272800E-12 -3.27229823E-12
   11.576332      4.45493685E-12  3.61843585E-12 -4.12082521E-12
   12.030070      5.30799580E-12  4.23715923E-12 -4.95069133E-12
   12.597208      6.61469924E-12  5.17873244E-12 -6.21974087E-12
   13.050895      7.89342029E-12  6.09527836E-12 -7.45996667E-12
   13.504553      9.42410733E-12  7.18891526E-12 -8.94358025E-12
   14.071603      1.17693511E-11  8.86140553E-12 -1.12165138E-11
   14.525217      1.40667035E-11  1.04989645E-11 -1.34441919E-11
   15.092206      1.75904083E-11  1.30118078E-11 -1.68643172E-11
   15.545775      2.10455039E-11  1.54778395E-11 -2.02214998E-11
   16.112707      2.63486212E-11  1.92666057E-11 -2.53795110E-11
   16.566236      3.15506718E-11  2.29865640E-11 -3.04430543E-11
   17.019741      3.77908295E-11  2.74520337E-11 -3.65197664E-11
   17.586597      4.73702085E-11  3.43116716E-11 -4.58507017E-11
   18.040064      5.67668863E-11  4.10440952E-11 -5.50045426E-11
   18.606867      7.11908796E-11  5.13828459E-11 -6.90555946E-11
   19.060299      8.53393189E-11  6.15273388E-11 -8.28375216E-11
   19.513704      1.02309466E-10  7.36975689E-11 -9.93672089E-11
   20.080450      1.28358865E-10  9.23820603E-11 -1.24739552E-10
   20.533821      1.53909135E-10  1.10710420E-10 -1.49625479E-10
   21.100523      1.93128361E-10  1.38846060E-10 -1.87825658E-10
   21.553862      2.31595201E-10  1.66443553E-10 -2.25294117E-10
   22.007195      2.77733281E-10  1.99546324E-10 -2.70235639E-10
   22.573837      3.48549356E-10  2.50358456E-10 -3.39215767E-10
   23.027140      4.18005880E-10  3.00198838E-10 -4.06870537E-10
   23.593752      5.24610966E-10  3.76702669E-10 -5.10705700E-10
   24.047028      6.29165497E-10  4.51740728E-10 -6.12536966E-10
   24.500294      7.54561191E-10  5.41742373E-10 -7.34658112E-10
   25.066856      9.47011358E-10  6.79881373E-10 -9.22067089E-10
   25.520096      1.13574872E-09  8.15363554E-10 -1.10584508E-09
   26.086632      1.42540368E-09  1.02329922E-09 -1.38786582E-09
   26.539846      1.70945325E-09  1.22722044E-09 -1.66440839E-09
   27.106359      2.14537144E-09  1.54018232E-09 -2.08877715E-09
   27.559551      2.57283572E-09  1.84708626E-09 -2.50489185E-09
   28.012745      3.08545078E-09  2.21513541E-09 -3.00387404E-09
   28.579214      3.87207955E-09  2.77993650E-09 -3.76954867E-09
   29.032389      4.64344918E-09  3.33379391E-09 -4.52034232E-09
   29.598843      5.82712367E-09  4.18371071E-09 -5.67240699E-09
   30.051998      6.98780767E-09  5.01713160E-09 -6.80206291E-09
   30.505152      8.37962411E-09  6.01652683E-09 -8.15664514E-09
   31.071575      1.05153219E-08  7.55008323E-09 -1.02351674E-08
   31.524714      1.26095143E-08  9.05384745E-09 -1.22732615E-08
   32.091122      1.58229785E-08  1.13613341E-08 -1.54006035E-08
   32.544243      1.89739211E-08  1.36239438E-08 -1.84670661E-08
   33.110641      2.38089726E-08  1.70958785E-08 -2.31724435E-08
   33.563751      2.85498434E-08  2.05001989E-08 -2.77861290E-08
   34.016857      3.42346453E-08  2.45823450E-08 -3.33183863E-08
   34.583233      4.29576446E-08  3.08461736E-08 -4.18072617E-08
   35.036331      5.15108916E-08  3.69881157E-08 -5.01308968E-08
   35.602699      6.46351737E-08  4.64124739E-08 -6.29028065E-08
   36.055794      7.75040263E-08  5.56534374E-08 -7.54260796E-08
   36.508884      9.29347550E-08  6.67340672E-08 -9.04423416E-08
   37.075237      1.16611780E-07  8.37362819E-08 -1.13483281E-07
   37.528324      1.39827847E-07  1.00407526E-07 -1.36075471E-07
   38.094673      1.75450367E-07  1.25987825E-07 -1.70740520E-07
   38.547756      2.10378971E-07  1.51069898E-07 -2.04729957E-07
   39.000828      2.52259639E-07  1.81144330E-07 -2.45484102E-07
   39.567177      3.16522147E-07  2.27291281E-07 -3.08017235E-07
   40.020252      3.79530519E-07  2.72537903E-07 -3.69329229E-07
   40.586594      4.76209721E-07  3.41964011E-07 -4.63403779E-07
   41.039669      5.71002261E-07  4.10035739E-07 -5.55640781E-07
   41.606007      7.16446266E-07  5.14481656E-07 -6.97160317E-07
   42.059082      8.59050260E-07  6.16888940E-07 -8.35912829E-07
   42.512150      1.03003185E-06  7.39675954E-07 -1.00227169E-06
   43.078487      1.29236855E-06  9.28069710E-07 -1.25750694E-06
   43.531563      1.54957365E-06  1.11278064E-06 -1.50774008E-06
   44.097900      1.94418635E-06  1.39617464E-06 -1.89163836E-06
   44.550980      2.33106834E-06  1.67402095E-06 -2.26799648E-06
   45.004051      2.79489677E-06  2.00713316E-06 -2.71918429E-06
   45.570404      3.50650180E-06  2.51820347E-06 -3.41135137E-06
   46.023476      4.20409833E-06  3.01922410E-06 -4.08984351E-06
   46.589828      5.27428620E-06  3.78786171E-06 -5.13063605E-06
   47.042908      6.32336014E-06  4.54135579E-06 -6.15080307E-06
   47.609257      7.93261643E-06  5.69723443E-06 -7.71555642E-06
   48.062340      9.51003130E-06  6.83027974E-06 -9.24917640E-06
   48.515427      1.14008417E-05  8.18848002E-06 -1.10872934E-05
   49.081791      1.43009647E-05  1.02717695E-05 -1.39062076E-05
   49.534885      1.71433276E-05  1.23136542E-05 -1.66685713E-05
   50.101250      2.15024338E-05  1.54452846E-05 -2.09042973E-05
   50.554352      2.57742959E-05  1.85143890E-05 -2.50545127E-05
   51.007446      3.08935887E-05  2.21925166E-05 -3.00271859E-05
   51.573837      3.87434920E-05  2.78328698E-05 -3.76506723E-05
   52.026939      4.64345103E-05  3.33594180E-05 -4.51182023E-05
   52.593330      5.82260545E-05  4.18330674E-05 -5.65643277E-05
   53.046448      6.97772412E-05  5.01346040E-05 -6.77742864E-05
   53.612846      8.74838588E-05  6.28608759E-05 -8.49530843E-05
   54.065975      1.04826802E-04  7.53267959E-05 -1.01774174E-04
   54.519108      1.25600272E-04  9.02596876E-05 -1.21916979E-04
   55.085529      1.57434552E-04  1.13145783E-04 -1.52774650E-04
   55.538670      1.88606005E-04  1.35557493E-04 -1.82979406E-04
   56.105099      2.36364285E-04  1.69898383E-04 -2.29239697E-04
   56.558254      2.83118570E-04  2.03520918E-04 -2.74510327E-04
   57.011406      3.39094142E-04  2.43778908E-04 -3.28690454E-04
   57.577862      4.24828992E-04  3.05447174E-04 -4.11640620E-04
   58.031025      5.08730533E-04  3.65804241E-04 -4.92782448E-04
   58.597492      6.37207530E-04  4.58239898E-04 -6.16977690E-04
   59.050667      7.62908370E-04  5.48690441E-04 -7.38433446E-04
   59.503853      9.13329190E-04  6.56942488E-04 -8.83713132E-04
   60.070332      1.14357914E-03  8.22669477E-04 -1.10598456E-03
   60.523521      1.36878248E-03  9.84789571E-04 -1.32327597E-03
   61.090008      1.71342248E-03  1.23293162E-03 -1.65563601E-03
   61.543190      2.05042632E-03  1.47561776E-03 -1.98046234E-03
   62.109642      2.56603071E-03  1.84698927E-03 -2.47716717E-03
   62.562763      3.07007390E-03  2.21010530E-03 -2.96247145E-03
   63.015820      3.67274368E-03  2.64435681E-03 -3.54244653E-03
   63.581921      4.59420867E-03  3.30847269E-03 -4.42870473E-03
   64.034485      5.49415685E-03  3.95724829E-03 -5.29376790E-03
   64.599731      6.86914660E-03  4.94877249E-03 -6.61466317E-03
   65.051582      8.21153075E-03  5.91709232E-03 -7.90344644E-03
   65.503128      9.81480908E-03  7.07398076E-03 -9.44183767E-03
   66.067162      1.22639518E-02  8.84196069E-03 -1.17902821E-02
   66.518112      1.46550927E-02  1.05688805E-02 -1.40815210E-02
   67.081421      1.83082595E-02  1.32087274E-02 -1.75794438E-02
   67.531792      2.18756720E-02  1.57882608E-02 -2.09925491E-02
   68.094421      2.73287334E-02  1.97342988E-02 -2.62050908E-02
   68.544289      3.26575264E-02  2.35937852E-02 -3.12939733E-02
   69.106354      4.08107787E-02  2.95051523E-02 -3.90719064E-02
   69.555771      4.87875640E-02  3.52957547E-02 -4.66725118E-02
   70.005020      5.83412312E-02  4.22403887E-02 -5.57643324E-02
   70.566383      7.29986951E-02  5.29149137E-02 -6.96898326E-02
   71.015320      8.73887837E-02  6.34181499E-02 -8.33332017E-02
   71.576332      0.10953949      7.96315894E-02 -0.10428023    
   72.025063      0.13137239      9.56613645E-02 -0.12486324    
   72.585876      0.16513745      0.12053651     -0.15657932    
   73.029984      0.19822523      0.14500971     -0.18754271    
   73.590706      0.25021565      0.18365677     -0.23598598    
   74.039330      0.30220115      0.22253294     -0.28415689    
   74.600090      0.38417098      0.28431839     -0.35949981    
   75.048798      0.46747494      0.34775031     -0.43521744    
   75.609795      0.60167015      0.45133683     -0.55524564    
   76.058640      0.74126053      0.56159508     -0.67834449    
   76.507683      0.92117965      0.70664710     -0.83123755    
   77.069244       1.2333395      0.95886540      -1.0674540    
   77.518639       1.5729665       1.2410892      -1.3136911    
   78.048470       2.1144052       1.7083781      -1.7040590    
   78.602119       2.9062362       2.3887661      -2.1798737    
   79.014641       3.7463651       3.1977851      -2.6283927    
   79.554306       5.0126123       4.4276218      -3.0313621    
   80.067139       5.9055371       5.2678194      -3.0164862    
   80.524811       6.3150206       5.6501508      -2.8007507    
   81.053589       6.3767385       5.7067499      -2.4662476    
   81.564354       6.4066849       5.6853089      -2.0819182    
   82.063629       6.5106468       5.7193103      -1.6067425    
   82.549644       6.6106257       5.7483559      -1.0624224    
   83.020416       6.8559608       5.8476071     -0.30989507    
   83.522820       7.3185425       5.9433932      0.77003002    
   84.053658       7.3355055       5.8637633       1.5036222    
   84.549942       7.0486383       5.6749234       1.9364520    
   85.027672       6.5815730       5.4697981       2.2447789    
   85.525734       6.0126133       5.2898431       2.4241757    
   86.027512       5.4200950       5.0962787       2.5201447    
   86.590935       4.6885767       4.7678494       2.5430608    
   87.029121       4.0902309       4.4558702       2.5246665    
   87.559258       3.3914373       4.0416059       2.5212448    
   88.067757       2.7646141       3.6147656       2.5434730    
   88.585281       2.2049160       3.1613634       2.5949328    
   89.036705       1.7687008       2.7462158       2.6617043    
   89.556389       1.3035703       2.2874992       2.7708974    
   90.083794      0.85077131       1.8705543       2.9009480    
   90.522835      0.46848989       1.5384347       2.9943035    
   91.066666     -2.19303891E-02   1.1047436       3.0627224    
   91.547646     -0.47791469      0.65152532       3.0293334    
   92.020836     -0.92503762      0.10920223       2.9161005    
   92.527176      -1.3323721     -0.44099820       2.7476413    
   93.040657      -1.6646962     -0.94020140       2.5575967    
   93.570419      -1.9691741      -1.2939841       2.1527977    
   94.013809      -2.1784029      -1.4828378       1.8539025    
   94.539070      -2.3778687      -1.6152174       1.5389543    
   95.091621      -2.5378087      -1.7521459       1.2264087    
   95.545456      -2.6248581      -1.6996285      0.84810954    
   96.112778      -2.6846113      -1.7049392       1.4045317    
   96.566650      -2.7028551      -1.7555778       1.2621564    
   97.014771      -2.6250148      -1.7796683       1.6718957    
   97.544777      -2.2763491      -1.1075007       3.1922038    
   98.112152      -2.1676760     -0.90262473       4.0047946    
   98.566078      -2.2695317     -0.66053474       3.4822912    
   99.001091      -2.3108621     -0.43539923       2.7490430    
   99.542236      -2.3215933     -0.17673823       2.1880960    
   100.10968      -2.3082771     -0.24821436       1.5745811    
   100.55460      -2.2650862     -0.48511356       1.0658723    
   101.08748      -2.1759949     -0.73069578      0.53565401    
   101.52034      -2.0796833     -0.83304489      0.16969673    
   102.08784      -1.9315199     -0.84582067     -0.18836822    
   102.54187      -1.7940294     -0.78965795     -0.39659235    
   103.10939      -1.5957181     -0.69065470     -0.57580709    
   103.56343      -1.4246440     -0.62693655     -0.66622210    
   104.01749      -1.2486106     -0.60102987     -0.68519568    
   104.58506      -1.0446272     -0.60975218     -0.60489738    
   105.03915     -0.89302236     -0.58011776     -0.49080771    
   105.60675     -0.72062480     -0.47005320     -0.31451088    
   106.06085     -0.59509665     -0.34867412     -0.18941474    
   106.51496     -0.47446257     -0.20934607     -0.10013971    
   107.08263     -0.37454438     -4.77624834E-02 -4.20096405E-02
   107.53677     -0.32217908      3.73388678E-02 -3.00916377E-02
   108.10446     -0.27659652      6.95171431E-02 -2.31893919E-02
   108.55863     -0.26099002      5.79367764E-02 -1.65510247E-03
   109.01280     -0.25938919      2.78619118E-02  3.54105197E-02
   109.58054     -0.26068223     -1.48216169E-02  9.69705433E-02
   110.03474     -0.25966612     -3.26919630E-02  0.15227391    
   110.60250     -0.25287676     -2.42691357E-02  0.22249293    
   111.05674     -0.23872668      7.77107012E-03  0.27401608    
   111.51097     -0.21328789      5.73931374E-02  0.31686479    
   112.07880     -0.16836965      0.12052290      0.35304964    
   112.53306     -0.13252744      0.16241409      0.36581752    
   113.06913     -0.12088852      0.19483519      0.36124188    
   113.57185     -0.12494271      0.21342078      0.34712225    
   114.08277     -0.13930036      0.22325300      0.33131111    
   114.52990     -0.15472911      0.22523150      0.31688878    
   115.07253     -0.17225648      0.22248620      0.30225420    
   115.56587     -0.18507709      0.21746586      0.29070562    
   116.03012     -0.19266254      0.21242307      0.28200790    
   116.55170     -0.19173551      0.21115217      0.27425599    
   117.09390     -0.18161200      0.21600866      0.26470917    
   117.50079     -0.16990919      0.21977378      0.25345331    
   118.06371     -0.14820157      0.22227195      0.22983080    
   118.57147     -0.12295184      0.22244538      0.19753544    
   119.09225     -9.78995413E-02  0.22072700      0.15581778    
   119.55916     -7.84319267E-02  0.22149080      0.12046108    
   120.00833     -6.11494370E-02  0.22698435      9.40366834E-02
   120.57141     -4.06500325E-02  0.24393408      7.55890980E-02
   121.02556     -2.54239142E-02  0.26668116      7.28479102E-02
   121.59370     -9.34007112E-03  0.29980025      8.93058926E-02
   122.04821     -2.18016008E-04  0.32470948      0.12003522    
   122.50274      4.68542014E-04  0.34483463      0.15771818    
   123.07092     -7.71182310E-03  0.35880423      0.21426031    
   123.52547     -2.41098423E-02  0.36151224      0.26308060    
   124.09369     -5.30113280E-02  0.34845605      0.32525903    
   124.54827     -8.91251490E-02  0.33243892      0.36421442    
   125.09406     -0.14407952      0.31553459      0.39532578    
   125.55219     -0.18845341      0.30549717      0.41330269    
   126.04717     -0.23996991      0.29813880      0.41445872    
   126.60718     -0.29653275      0.28941756      0.40626672    
   127.05280     -0.33516690      0.28140458      0.39691371    
   127.50592     -0.36813730      0.27741379      0.38230070    
   128.07426     -0.39915714      0.27409586      0.36049318    
   128.52896     -0.41537720      0.26565322      0.34295312    
   129.09735     -0.42855456      0.24486636      0.32002914    
   129.55208     -0.43468541      0.22056402      0.29805860    
   130.00681     -0.43666220      0.19341011      0.27133274    
   130.57526     -0.43306118      0.15664221      0.23219636    
   131.03004     -0.42641205      0.12467741      0.19774462    
   131.59857     -0.41466939      8.56660679E-02  0.15291257    
   132.05341     -0.40300781      6.04762770E-02  0.11817623    
   132.50826     -0.39060149      4.52086255E-02  8.58283788E-02
   133.07692     -0.37699839      4.59033810E-02  4.90880832E-02
   133.53189     -0.36559969      5.95338307E-02  2.23256648E-02
   134.10069     -0.34959170      8.94351155E-02 -8.28877650E-03
   134.55585     -0.33403105      0.11849019     -3.02036684E-02
   135.01115     -0.31555152      0.14755808     -4.85425405E-02
   135.58057     -0.28868154      0.17899968     -6.69200644E-02
   136.03642     -0.26451522      0.19717170     -7.93112293E-02
   136.60681     -0.23109353      0.21189798     -9.20471698E-02
   137.06377     -0.20235957      0.21944928     -9.98634994E-02
   137.52155     -0.17153722      0.22398740     -0.10493835    
   138.09309     -0.12972295      0.22503406     -0.10835886    
   138.54726     -9.13255066E-02  0.22438569     -0.10777491    
   139.00862     -4.72591333E-02  0.22138815     -0.10804952    
   139.59102      1.68567989E-02  0.20767455     -0.11052742    
   140.05928      7.36515522E-02  0.17976202     -0.11212216    
   140.52754      0.13487123      0.13888289     -0.11463673    
   141.11293      0.21449932      7.61552677E-02 -0.12400892    
   141.58136      0.28153503      2.07710583E-02 -0.14168108    
   142.04996      0.35461962     -3.65944207E-02 -0.16943111    
   142.51881      0.43553722     -0.10536223     -0.20979814    
   143.10545      0.55834073     -0.21484987     -0.27582270    
   143.57541      0.66298139     -0.32104793     -0.35333863    
   144.04617      0.79017818     -0.48127899     -0.44768515    
   144.51489       1.0314229     -0.82449162     -0.53034377    
   145.09634       1.6263372      -1.6145746     -0.52932811    
   145.55771       2.0844336      -2.2600944     -0.48986128    
   146.00945       2.2049024      -2.5413544     -0.44775507    
   146.58301       2.0754290      -2.5688972     -0.33224514    
   147.03491       1.9561477      -2.4819551     -0.22260152    
   147.60600       1.7986139      -2.3428986     -3.63676883E-02
   148.06233       1.6716163      -2.2117805      0.17397612    
   148.50493       1.5449636      -2.0864084      0.39994687    
   149.04149       1.3903670      -1.9256344      0.65797824    
   149.53152       1.2249782      -1.7580473      0.83108944    
   150.08556       1.0031620      -1.5542277      0.98436522    
   150.55177      0.80391002      -1.3947017       1.1059222    
   151.01271      0.60716856      -1.2487900       1.2342463    
   151.57442      0.36810526      -1.0849588       1.3806404    
   152.05774      0.15884218     -0.94038570       1.4729657    
   152.57739     -2.38599349E-02 -0.73094130       1.5546378    
   153.00316     -7.83825368E-02 -0.43495077       1.6924245    
   153.51299     -3.22128162E-02  0.14495313       1.9827373    
   154.01495      4.71621640E-02  0.81910378       2.2977333    
   154.58026     -7.65938312E-04   1.4603666       2.5264170    
   155.03586     -0.14030306       1.6454626       2.6123583    
   155.60519     -0.39235371       1.7147989       2.7201533    
   156.06055     -0.61681187       1.6947379       2.8300147    
   156.51578     -0.88323021       1.6766614       2.8721499    
   157.08470      -1.2844801       1.6642444       2.7536004    
   157.53973      -1.5063982       1.5561503       2.4466794    
   158.10846      -1.6759667       1.4418452       1.3953037    
   158.56342      -1.7186315       1.2882332      0.37749112    
   159.01837      -1.6931214       1.0876782     -0.18943122    
   159.58714      -1.6006863      0.97256416     -0.45651343    
   160.04225      -1.4869034      0.99225479     -0.49439120    
   160.61131      -1.2976048       1.0483228     -0.52703667    
   161.06674      -1.1248657       1.0729766     -0.52942753    
   161.52234     -0.93087840       1.0378673     -0.44652158    
   162.09209     -0.66047657      0.90632749     -0.25512302    
   162.54810     -0.47961801      0.80083030     -0.12884325    
   163.00429     -0.33244702      0.74734181     -1.26954895E-02
   163.57474     -0.17385477      0.80438596      8.06354359E-02
   164.03125     -8.89912397E-02  0.87263703      0.10875083    
   164.60199     -7.62678981E-02  0.94874734      0.10289653    
   165.05867     -9.64660048E-02   1.0012722      6.57108799E-02
   165.51541     -0.12389944       1.0592071      2.22398117E-02
   166.08638     -0.17191550       1.1088253     -2.61683762E-02
   166.54323     -0.20617320       1.0984714     -6.00579306E-02
   167.00014     -0.22885135       1.0667470     -8.94846395E-02
   167.57146     -0.24738258       1.0066874     -0.12396120    
   168.02864     -0.24884634      0.94517308     -0.14365491    
   168.60037     -0.23172353      0.86666179     -0.16030046    
   169.05797     -0.20855355      0.80278760     -0.16444470    
   169.51572     -0.17662913      0.73564422     -0.15828058    
   170.08809     -0.12839626      0.64672756     -0.14470178    
   170.54613     -8.71887654E-02  0.58008319     -0.13152720    
   171.00423     -3.83742228E-02  0.50937301     -0.12026223    
   171.57689      3.62130888E-02  0.39316362     -0.10631298    
   172.03500      0.10689017      0.27719706     -9.61785018E-02
   172.60757      0.19386595      0.12769112     -8.34694579E-02
   173.06560      0.24770150      1.96411591E-02 -7.01312274E-02
   173.52361      0.28167516     -5.97166345E-02 -5.55968285E-02
   174.09618      0.30139104     -0.10656853     -2.38838736E-02
   174.55434      0.30625105     -0.12188716      9.31433402E-03
   175.01251      0.30588436     -0.13623616      4.05420586E-02
   175.58504      0.30257359     -0.16682643      7.29220733E-02
   176.04291      0.31776795     -0.20736818      0.10009369    
   176.50061      0.34308243     -0.26280335      0.13039285    
   177.07251      0.37588286     -0.32960871      0.17265955    
   177.52980      0.39062971     -0.36685723      0.20735602    
   178.10117      0.39538419     -0.37765500      0.25369290    
   178.55803      0.38788903     -0.36245072      0.28843582    
   179.01469      0.37552106     -0.32669467      0.31915304    
   179.58530      0.35758126     -0.25830019      0.35091859    
   180.04160      0.34520447     -0.18364421      0.37196767    
   180.61182      0.33137283     -7.76152909E-02  0.39420462    
   181.06787      0.31688797      5.57495281E-03  0.40852827    
   181.52380      0.29670325      8.00617188E-02  0.42013949    
   182.09352      0.26425540      0.15702660      0.43292391    
   182.54913      0.23140061      0.21006152      0.44261718    
   183.00459      0.19169989      0.25830814      0.45181623    
   183.57365      0.13116653      0.31313765      0.46027064    
   184.02872      7.58499950E-02  0.35483971      0.46238571    
   184.59737      9.74003971E-03  0.41250524      0.46833986    
   185.05215     -2.20150463E-02  0.46705154      0.47944221    
   185.50690     -6.07885569E-02  0.52525020      0.48015416    
   186.07530     -0.10616109      0.59821165      0.47439912    
   186.53006     -0.13341817      0.65035981      0.46789709    
   187.09862     -0.16891912      0.70248699      0.44925666    
   187.55354     -0.19296020      0.73253286      0.42389658    
   188.00813     -0.20893528      0.75868601      0.38647228    
   188.57570     -0.22574411      0.78898323      0.32800359    
   189.02924     -0.23469740      0.80895734      0.28222907    
   189.59560     -0.23614052      0.82380396      0.23578276    
   190.04829     -0.23237339      0.82481706      0.20495029    
   190.50072     -0.22502923      0.81380516      0.17857613    
   191.06595     -0.21089567      0.78866458      0.14981531    
   191.51794     -0.19684708      0.76017302      0.13057569    
   192.08282     -0.17797309      0.70993531      0.10946797    
   192.53465     -0.16116551      0.65490091      9.55706388E-02
   193.09933     -0.13312387      0.56820399      8.30698982E-02
   193.55106     -0.10457791      0.48862597      8.15791041E-02
   194.00275     -7.19073191E-02  0.40311989      9.01512429E-02
   194.55800     -2.42556855E-02  0.29528525      0.11121170    
   195.06509      2.42576245E-02  0.19757640      0.14045973    
   195.51509      6.02195859E-02  0.11955157      0.16766794    
   196.06335      8.66155848E-02  4.46090028E-02  0.19298008    
   196.57037      9.98363048E-02 -3.31224501E-03  0.20530368    
   197.05713      0.10987376     -3.67876031E-02  0.21284360    
   197.52159      0.11934645     -6.48141801E-02  0.21828449    
   198.05736      0.13549590     -9.76939127E-02  0.22555970    
   198.53928      0.15274936     -0.12463696      0.23408437    
   199.06447      0.16589393     -0.15103625      0.24276657    
   199.52702      0.17144552     -0.17245018      0.24280867    
   200.06082      0.17781855     -0.19544986      0.23130895    
   200.52486      0.18588126     -0.21823794      0.21805207    
   201.00836      0.20162538     -0.24751683      0.20362282    
   201.53868      0.23129076     -0.28952602      0.18359534    
   202.06763      0.27418801     -0.34401515      0.15218204    
   202.57445      0.32786179     -0.40586442      0.10567500    
   203.02087      0.38643831     -0.46867228      5.27974218E-02
   203.58592      0.48290747     -0.55900842     -2.84058470E-02
   204.05768      0.58744997     -0.64611965     -0.11063164    
   204.53415      0.70649993     -0.75783205     -0.21196410    
   205.02100      0.85472673     -0.91105705     -0.33350971    
   205.58678       1.0826576      -1.1444765     -0.48688048    
   206.10188       1.3683338      -1.4058459     -0.63619471    
   206.53093       1.6423150      -1.6669202     -0.78652591    
   207.07907       2.0571225      -2.0716779     -0.99093783    
   207.52036       2.4524083      -2.4585423      -1.1585486    
   208.05061       2.9631233      -2.9872048      -1.3774798    
   208.58556       3.5315135      -3.5783546      -1.5381348    
   209.05405       4.0682535      -4.0957241      -1.5878590    
   209.53027       4.5843611      -4.6067801      -1.5366055    
   210.05080       5.0396566      -5.0352941      -1.4138491    
   210.50317       5.3126006      -5.2543249      -1.2579815    
   211.05940       5.5379190      -5.4060888      -1.0195667    
   211.53110       5.6708317      -5.4526935     -0.74033034    
   212.05405       6.0904698      -5.3594799     -0.18336467    
   212.57835       6.5151052      -5.0812263      0.42428401    
   213.05884       6.6341887      -4.8938847      0.84808153    
   213.58380       6.7162137      -4.7487936       1.3898894    
   214.02679       6.6438198      -4.6885095       1.7356981    
   214.55882       6.3927770      -4.6996593       2.0006442    
   215.04926       6.0966468      -4.7759237       2.2109764    
   215.50475       5.7658005      -4.8127990       2.3581984    
   216.08000       5.2126918      -4.8233762       2.5038962    
   216.56850       4.6849604      -4.7866898       2.6083467    
   217.01120       4.2076230      -4.7016315       2.6784518    
   217.59718       3.5842619      -4.5157094       2.7398422    
   218.09695       3.0887067      -4.2901435       2.7823825    
   218.51784       2.6992161      -4.0782104       2.8394823    
   219.07486       2.1905880      -3.7863681       2.9290786    
   219.52748       1.7405653      -3.5105851       2.9109027    
   220.02795       1.2216913      -3.1852121       2.8374462    
   220.56204      0.66436964      -2.7837551       2.6803889    
   221.00104      0.23101828      -2.4310515       2.5486169    
   221.54613     -0.27270135      -1.9795498       2.3956375    
   222.10612     -0.72854412      -1.4870934       2.2794056    
   222.56134      -1.0259206      -1.1247306       2.2631216    
   223.00381      -1.2674797     -0.77630103       2.3279536    
   223.57352      -1.6178186     -0.36146355       2.1553769    
   224.02953      -1.9204682     -0.11528944       1.8779975    
   224.58531      -2.1838744      0.10500258       1.4868749    
   225.04138      -2.3066745      0.24000357       1.1506879    
   225.61139      -2.3006260      0.45639628      0.69423544    
   226.05313      -2.1821640      0.71737742      0.31356832    
   226.56982      -1.9526745       1.0919027     -6.90108687E-02
   227.09438      -1.6440382       1.4240197     -0.45671818    
   227.51521      -1.4050483       1.5344623     -0.77871996    
   228.08539      -1.1954079       1.4469978      -1.0879085    
   228.51570      -1.0580206       1.2755476      -1.2296139    
   229.01878     -0.89721990       1.0025709      -1.2863392    
   229.58723     -0.72110581      0.68789488      -1.2557889    
   230.03476     -0.59706759      0.51277369      -1.1726533    
   230.60602     -0.43123400      0.35506862      -1.0104297    
   231.05811     -0.31011102      0.25363600     -0.87976462    
   231.50717     -0.20946810      0.15600836     -0.77523148    
   232.01602     -0.11826957      3.26525569E-02 -0.69573689    
   232.58264     -3.53350565E-02 -0.16100381     -0.65279752    
   233.03319      1.95255168E-02 -0.35354456     -0.63833058    
   233.52217      7.20436573E-02 -0.56140399     -0.62820792    
   234.09470      0.12978753     -0.78774738     -0.60134554    
   234.55185      0.18309888     -0.95224190     -0.55708331    
   235.00992      0.25241882      -1.0887302     -0.48907024    
   235.57393      0.34210789      -1.2259020     -0.38995987    
   236.04901      0.40039337      -1.3126711     -0.32022607    
   236.50539      0.43344963      -1.3650434     -0.25621250    
   237.00331      0.44446009      -1.3871160     -0.18946438    
   237.59187      0.42610875      -1.3863859     -0.12729995    
   238.07948      0.40388906      -1.3762794     -7.86935538E-02
   238.59378      0.39690542      -1.3823647     -3.19240354E-02
   239.05177      0.40344599      -1.3995098      7.01412745E-03
   239.59361      0.41198325      -1.4277515      4.58116308E-02
   240.00069      0.40950513      -1.4314138      6.36547208E-02
   240.54062      0.39343825      -1.3802933      6.22056685E-02
   241.00764      0.35812783      -1.2784977      3.65526527E-02
   241.54401      0.30707556      -1.1060387     -2.47820392E-02
   242.03525      0.26441494     -0.91566372     -8.82473886E-02
   242.53752      0.22250712     -0.71433038     -0.13289315    
   243.04701      0.15627623     -0.54612708     -0.15488324    
   243.51421      7.58943260E-02 -0.42189494     -0.17946643    
   244.01746     -1.67764165E-02 -0.32172722     -0.20120536    
   244.54987     -0.11038272     -0.25164410     -0.20768827    
   245.07614     -0.19328406     -0.21456730     -0.18697418    
   245.53996     -0.26162073     -0.19160168     -0.13156703    
   246.05464     -0.34117675     -0.17395546     -5.43757081E-02
   246.52803     -0.43870127     -0.15011074      2.00671479E-02
   247.05533     -0.56387568     -0.13562565      0.10875026    
   247.57243     -0.68611044     -0.10845920      0.20085990    
   248.05302     -0.79018128     -5.51651567E-02  0.28398860    
   248.55647     -0.89141697      1.74967926E-02  0.36888552    
   249.09454     -0.99042475      0.10008053      0.45318466    
   249.55356      -1.0666225      0.16513087      0.50713038    
   250.01265      -1.1345242      0.22287108      0.54293227    
