  0.11273042      3.79286256E-13  2.43181994E-13 -5.24374550E-15
  0.56771952      3.98150480E-13  2.80226959E-13 -8.29202395E-15
   1.0225676      4.20338623E-13  3.19881328E-13 -1.48576694E-14
   1.5908108      4.53879230E-13  3.73851612E-13 -2.88704675E-14
   2.0451236      4.86625280E-13  4.21291338E-13 -4.54072408E-14
   2.6127074      5.37314984E-13  4.87204569E-13 -7.37251311E-14
   3.0665996      5.87934432E-13  5.46447327E-13 -1.03361777E-13
   3.5204115      6.49878805E-13  6.12841700E-13 -1.40191054E-13
   4.0876346      7.46872724E-13  7.08249377E-13 -1.98615945E-13
   4.5414238      8.42878664E-13  7.96777683E-13 -2.58009434E-13
   5.1087065      9.89876367E-13  9.26354696E-13 -3.53123780E-13
   5.5625720      1.13263110E-12  1.04841114E-12 -4.50552031E-13
   6.0164661      1.30187744E-12  1.19029797E-12 -5.71716828E-13
   6.5838690      1.55866661E-12  1.40158425E-12 -7.64062641E-13
   7.0377955      1.80860838E-12  1.60371282E-12 -9.57251205E-13
   7.6052070      2.19124632E-12  1.90781549E-12 -1.25777654E-12
   8.0591211      2.56736256E-12  2.20158961E-12 -1.55375907E-12
   8.5130253      3.02089950E-12  2.55045204E-12 -1.90779489E-12
   9.0803757      3.72266237E-12  3.08164475E-12 -2.44707206E-12
   9.5342360      4.41625989E-12  3.59968695E-12 -2.97125779E-12
   10.101531      5.48638782E-12  4.39119878E-12 -3.76954891E-12
   10.555342      6.53780936E-12  5.16429000E-12 -4.54861756E-12
   11.009133      7.79751090E-12  6.08813824E-12 -5.48121357E-12
   11.576332      9.72545135E-12  7.50059216E-12 -6.91226243E-12
   12.030070      1.16109414E-11  8.88150838E-12 -8.31657659E-12
   12.597208      1.44997642E-11  1.09963982E-11 -1.04727321E-11
   13.050895      1.73320837E-11  1.30684508E-11 -1.25870868E-11
   13.504553      2.07311286E-11  1.55531872E-11 -1.51216262E-11
   14.071603      2.59539976E-11  1.93683021E-11 -1.90092005E-11
   14.525217      3.10813840E-11  2.31119759E-11 -2.28201433E-11
   15.092206      3.89554222E-11  2.88602406E-11 -2.86680957E-11
   15.545775      4.66794381E-11  3.44992264E-11 -3.44036639E-11
   16.112707      5.85340526E-11  4.31549171E-11 -4.32076458E-11
   16.566236      7.01605024E-11  5.16451326E-11 -5.18433005E-11
   17.019741      8.41054101E-11  6.18295068E-11 -6.22009597E-11
   17.586597      1.05512210E-10  7.74653119E-11 -7.80987428E-11
   18.040064      1.26512301E-10  9.28057492E-11 -9.36913325E-11
   18.606867      1.58750499E-10  1.16358506E-10 -1.17624119E-10
   19.060299      1.90374438E-10  1.39465439E-10 -1.41098438E-10
   19.513704      2.28305069E-10  1.67183711E-10 -1.69253334E-10
   20.080450      2.86526358E-10  2.09734591E-10 -2.12469209E-10
   20.533821      3.43628292E-10  2.51471566E-10 -2.54853971E-10
   21.100523      4.31272379E-10  3.15537901E-10 -3.19907101E-10
   21.553862      5.17229315E-10  3.78375692E-10 -3.83704846E-10
   22.007195      6.20321794E-10  4.53744764E-10 -4.60216087E-10
   22.573837      7.78544063E-10  5.69425285E-10 -5.77634496E-10
   23.027140      9.33716104E-10  6.82882029E-10 -6.92781665E-10
   23.593752      1.17186083E-09  8.57014237E-10 -8.69488537E-10
   24.047028      1.40540379E-09  1.02778919E-09 -1.04277120E-09
   24.500294      1.68547809E-09  1.23259580E-09 -1.25056854E-09
   25.066856      2.11528639E-09  1.54690571E-09 -1.56944202E-09
   25.520096      2.53677213E-09  1.85513793E-09 -1.88212690E-09
   26.086632      3.18358562E-09  2.32816144E-09 -2.36195197E-09
   26.539846      3.81784826E-09  2.79201418E-09 -2.83244850E-09
   27.106359      4.79117634E-09  3.50384499E-09 -3.55444074E-09
   27.559551      5.74558978E-09  4.20185131E-09 -4.26238289E-09
   28.012745      6.89008983E-09  5.03888442E-09 -5.11130427E-09
   28.579214      8.64632099E-09  6.32331965E-09 -6.41394493E-09
   29.032389      1.03684483E-08  7.58282148E-09 -7.69126451E-09
   29.598843      1.30110243E-08  9.51551815E-09 -9.65126112E-09
   30.051998      1.56022359E-08  1.14106573E-08 -1.15731336E-08
   30.505152      1.87094162E-08  1.36831719E-08 -1.38776723E-08
   31.071575      2.34772308E-08  1.71702492E-08 -1.74138393E-08
   31.524714      2.81523498E-08  2.05895425E-08 -2.08812292E-08
   32.091122      3.53261029E-08  2.58362984E-08 -2.62017323E-08
   32.544243      4.23602415E-08  3.09809529E-08 -3.14186615E-08
   33.110641      5.31538973E-08  3.88752746E-08 -3.94238171E-08
   33.563751      6.37372324E-08  4.66157779E-08 -4.72729340E-08
   34.016857      7.64276678E-08  5.58974023E-08 -5.66847689E-08
   34.583233      9.59002335E-08  7.01394214E-08 -7.11264647E-08
   35.036331      1.14993689E-07  8.41041654E-08 -8.52869135E-08
   35.602699      1.44290766E-07  1.05531782E-07 -1.07014650E-07
   36.055794      1.73017298E-07  1.26542119E-07 -1.28319130E-07
   36.508884      2.07462222E-07  1.51734881E-07 -1.53864349E-07
   37.075237      2.60313868E-07  1.90390267E-07 -1.93060160E-07
   37.528324      3.12135654E-07  2.28292464E-07 -2.31491768E-07
   38.094673      3.91648712E-07  2.86448198E-07 -2.90458900E-07
   38.547756      4.69610995E-07  3.43469736E-07 -3.48275080E-07
   39.000828      5.63088065E-07  4.11839011E-07 -4.17595970E-07
   39.567177      7.06516062E-07  5.16743000E-07 -5.23957794E-07
   40.020252      8.47139518E-07  6.19596165E-07 -6.28237785E-07
   40.586594      1.06290008E-06  7.77406171E-07 -7.88232057E-07
   41.039669      1.27443934E-06  9.32129410E-07 -9.45091926E-07
   41.606007      1.59899264E-06  1.16951458E-06 -1.18574576E-06
   42.059082      1.91718709E-06  1.40225040E-06 -1.42167642E-06
   42.512150      2.29867442E-06  1.68128258E-06 -1.70452677E-06
   43.078487      2.88393767E-06  2.10936741E-06 -2.13844623E-06
   43.531563      3.45769740E-06  2.52904283E-06 -2.56381554E-06
   44.097900      4.33788136E-06  3.17285958E-06 -3.21632297E-06
   44.550980      5.20071671E-06  3.80399479E-06 -3.85592875E-06
   45.004051      6.23503593E-06  4.56057523E-06 -4.62260641E-06
   45.570404      7.82164716E-06  5.72116187E-06 -5.79857351E-06
   46.023476      9.37676850E-06  6.85873511E-06 -6.95110521E-06
   46.589828      1.17620457E-05  8.60360342E-06 -8.71871816E-06
   47.042908      1.40997945E-05  1.03137427E-05 -1.04509354E-05
   47.609257      1.76850517E-05  1.29365380E-05 -1.31072284E-05
   48.062340      2.11985316E-05  1.55068883E-05 -1.57100258E-05
   48.515427      2.54090846E-05  1.85872705E-05 -1.88288523E-05
   49.081791      3.18653838E-05  2.33107530E-05 -2.36104643E-05
   49.534885      3.81911741E-05  2.79389023E-05 -2.82947021E-05
   50.101250      4.78893235E-05  3.50346381E-05 -3.54749864E-05
   50.554352      5.73900470E-05  4.19861717E-05 -4.25078433E-05
   51.007446      6.87716820E-05  5.03142437E-05 -5.09316305E-05
   51.573837      8.62172164E-05  6.30798750E-05 -6.38408164E-05
   52.026939      1.03302475E-04  7.55824294E-05 -7.64807191E-05
   52.593330      1.29485023E-04  9.47430817E-05 -9.58464952E-05
   53.046448      1.55121816E-04  1.13505295E-04 -1.14804148E-04
   53.612846      1.94400389E-04  1.42252713E-04 -1.43842015E-04
   54.065975      2.32852326E-04  1.70396728E-04 -1.72261309E-04
   54.519108      2.78888183E-04  2.04093303E-04 -2.06277298E-04
   55.085529      3.49395879E-04  2.55705672E-04 -2.58360466E-04
   55.538670      4.18395706E-04  3.06217466E-04 -3.09314521E-04
   56.105099      5.24047879E-04  3.83566046E-04 -3.87310167E-04
   56.558254      6.27415953E-04  4.59247589E-04 -4.63594799E-04
   57.011406      7.51102343E-04  5.49811288E-04 -5.54846833E-04
   57.577862      9.40424565E-04  6.88444474E-04 -6.94473623E-04
   58.031025      1.12557947E-03  8.24037124E-04 -8.30978621E-04
   58.597492      1.40891806E-03  1.03154918E-03 -1.03979080E-03
   59.050667      1.68595416E-03  1.23446365E-03 -1.24388048E-03
   59.503853      2.01727962E-03  1.47716247E-03 -1.48787885E-03
   60.070332      2.52411189E-03  1.84845936E-03 -1.86097296E-03
   60.523521      3.01952101E-03  2.21142801E-03 -2.22550728E-03
   61.090008      3.77719617E-03  2.76661501E-03 -2.78277881E-03
   61.543190      4.51764045E-03  3.30924522E-03 -3.32713360E-03
   62.109642      5.64983487E-03  4.13908809E-03 -4.15909896E-03
   62.562763      6.75604213E-03  4.95001022E-03 -4.97156940E-03
   63.015820      8.07809830E-03  5.91931865E-03 -5.94212394E-03
   63.581921      1.00985290E-02  7.40096718E-03 -7.42455199E-03
   64.034485      1.20709622E-02  8.84774886E-03 -8.87090992E-03
   64.599731      1.50834769E-02  1.10580325E-02 -1.10785048E-02
   65.051582      1.80237126E-02  1.32159572E-02 -1.32316174E-02
   65.503128      2.15347372E-02  1.57936327E-02 -1.58009082E-02
   66.067162      2.68974807E-02  1.97324753E-02 -1.97217409E-02
   66.518112      3.21331248E-02  2.35799104E-02 -2.35458203E-02
   67.081421      4.01330292E-02  2.94623002E-02 -2.93820091E-02
   67.531792      4.79470678E-02  3.52121852E-02 -3.50749120E-02
   68.094421      5.98964095E-02  4.40127961E-02 -4.37663645E-02
   68.544289      7.15804175E-02  5.26268817E-02 -5.22486791E-02
   69.106354      8.94724280E-02  6.58345073E-02 -6.52079284E-02
   69.555771      0.10699549      7.87887201E-02 -7.78657794E-02
   70.005020      0.12800619      9.43449661E-02 -9.29993689E-02
   70.566383      0.16028926      0.11829565     -0.11616224    
   71.015320      0.19203536      0.14190343     -0.13883699    
   71.576332      0.24099556      0.17841868     -0.17361279    
   72.025063      0.28935963      0.21461588     -0.20773494    
   72.585876      0.36437365      0.27100852     -0.26019412    
   73.029984      0.43816221      0.32677555     -0.31121641    
   73.590706      0.55466098      0.41540495     -0.39052051    
   74.039330      0.67172688      0.50514746     -0.46857357    
   74.600090      0.85706925      0.64849222     -0.58863169    
   75.048798       1.0456797      0.79575038     -0.70628148    
   75.609795       1.3480239       1.0342073     -0.88532436    
   76.058640       1.6587691       1.2814978      -1.0569818    
   76.507683       2.0479355       1.5932844      -1.2545702    
   77.069244       2.6692495       2.0928862      -1.5307156    
   77.518639       3.2861490       2.5874295      -1.7573421    
   78.048470       4.1299934       3.2579558      -1.9887084    
   78.602119       5.0357404       3.9755735      -2.1249366    
   79.014641       5.6068182       4.4342637      -2.1243203    
   79.554306       6.0281315       4.8118887      -2.0107419    
   80.067139       6.1761389       4.9169416      -1.7997426    
   80.524811       6.1739950       4.8990636      -1.5564286    
   81.053589       6.0889788       4.8265262      -1.2641546    
   81.564354       5.9667220       4.7346668     -0.95902318    
   82.063629       5.8780384       4.6645341     -0.59925413    
   82.549644       5.7987447       4.6006517     -0.22693171    
   83.020416       5.7494302       4.5554881      0.16420513    
   83.522820       5.8364148       4.5819387      0.72536784    
   84.053658       6.0039611       4.6002927       1.4348284    
   84.549942       6.0102949       4.4526291       1.9773282    
   85.027672       5.8158054       4.2501545       2.3607886    
   85.525734       5.4369254       3.9947553       2.6512947    
   86.027512       4.9220901       3.7371595       2.8629270    
   86.590935       4.2613854       3.4607911       3.0053492    
   87.029121       3.7626107       3.2630203       3.0622973    
   87.559258       3.1431565       3.0458281       3.0560017    
   88.067757       2.5012031       2.8447077       2.9544497    
   88.585281       1.8494608       2.6436505       2.7956562    
   89.036705       1.3412519       2.4687965       2.6568770    
   89.556389      0.85123873       2.2707996       2.5204921    
   90.083794      0.44952127       2.0696843       2.4115250    
   90.522835      0.16922452       1.9047308       2.3366461    
   91.066666     -0.13359876       1.7045782       2.2520971    
   91.547646     -0.37080097       1.5274825       2.1758122    
   92.020836     -0.58703321       1.3648559       2.0869939    
   92.527176     -0.82713199       1.1800902       1.9507694    
   93.040657      -1.1012774      0.98361742       1.7491715    
   93.570419      -1.4031949      0.78978503       1.4852581    
   94.013809      -1.6378403      0.63859499       1.2497427    
   94.539070      -1.8555613      0.46329004      0.97583169    
   95.091621      -1.9809645      0.28517142      0.72911394    
   95.545456      -2.0257375      0.14758752      0.55990046    
   96.112778      -2.0522642      6.19635498E-03  0.37699810    
   96.566650      -2.0626445     -7.48366565E-02  0.24285008    
   97.014771      -2.0727315     -0.13453579      9.92763862E-02
   97.544777      -2.0866768     -0.17375039     -6.32205606E-02
   98.112152      -2.0801244     -0.20023456     -0.20961002    
   98.566078      -2.0388389     -0.20251724     -0.30384496    
   99.001091      -1.9734473     -0.20724447     -0.39688668    
   99.542236      -1.8554962     -0.17517927     -0.41777900    
   100.10968      -1.7046492     -0.14742860     -0.44146192    
   100.55460      -1.6024683     -0.10100316     -0.45579904    
   101.08748      -1.5214527     -5.07400185E-02 -0.47869629    
   101.52034      -1.4828138     -1.38948485E-02 -0.51472569    
   102.08784      -1.4572839      2.03165170E-02 -0.58562517    
   102.54187      -1.4604475      3.47788148E-02 -0.64837289    
   103.10939      -1.4596412      3.68848629E-02 -0.72530138    
   103.56343      -1.4361079      3.25771570E-02 -0.77038097    
   104.01749      -1.3744678      2.91581973E-02 -0.78253400    
   104.58506      -1.2645211      3.49817500E-02 -0.75959873    
   105.03915      -1.1556270      5.18486127E-02 -0.70253551    
   105.60675     -0.97590995      0.10581230     -0.58233678    
   106.06085     -0.80608422      0.17120244     -0.45279497    
   106.51496     -0.63947439      0.23974958     -0.31831926    
   107.08263     -0.50027466      0.30386597     -0.17824183    
   107.53677     -0.44871956      0.31940001     -0.10232961    
   108.10446     -0.42715791      0.31670070     -4.87730242E-02
   108.55863     -0.41476774      0.31187272     -2.73750592E-02
   109.01280     -0.39712876      0.31128448     -1.27674919E-02
   109.58054     -0.37430453      0.31965905      8.77007842E-04
   110.03474     -0.35184208      0.33190557      1.30123161E-02
   110.60250     -0.31692535      0.35549942      3.64349931E-02
   111.05674     -0.28963172      0.37947738      6.27064705E-02
   111.51097     -0.26188374      0.40094423      9.28800032E-02
   112.07880     -0.22543919      0.41781998      0.13198256    
   112.53306     -0.19302785      0.42324418      0.16141985    
   113.06913     -0.15556566      0.42092472      0.18927047    
   113.57185     -0.13263908      0.41266212      0.20385960    
   114.08277     -0.12403364      0.40286273      0.20481762    
   114.52990     -0.11816610      0.39501196      0.19578472    
   115.07253     -0.12047975      0.38982606      0.17579305    
   115.56587     -0.12801732      0.39045382      0.15117389    
   116.03012     -0.13514218      0.39621037      0.12637083    
   116.55170     -0.14314540      0.40955833      0.10198474    
   117.09390     -0.14519979      0.42611614      8.37855414E-02
   117.50079     -0.14054184      0.43749833      7.58391768E-02
   118.06371     -0.12706837      0.44636327      7.36275017E-02
   118.57147     -0.11052842      0.44532511      8.00213739E-02
   119.09225     -9.25076753E-02  0.43685043      9.34371948E-02
   119.55916     -7.67233148E-02  0.42394811      0.10941698    
   120.00833     -6.53258264E-02  0.40863019      0.12598915    
   120.57141     -6.21398501E-02  0.38807392      0.14661984    
   121.02556     -7.16225505E-02  0.37112999      0.16342857    
   121.59370     -9.45253670E-02  0.35058355      0.18378022    
   122.04821     -0.11822939      0.33498400      0.19907451    
   122.50274     -0.14131171      0.31953299      0.21370682    
   123.07092     -0.16744450      0.30171433      0.23344290    
   123.52547     -0.18452655      0.28973529      0.25151089    
   124.09369     -0.19793710      0.27780059      0.27360147    
   124.54827     -0.20717746      0.27104941      0.28847203    
   125.09406     -0.21797204      0.26629806      0.30014724    
   125.55219     -0.22700383      0.26385462      0.30344898    
   126.04717     -0.23869306      0.26042506      0.30037299    
   126.60718     -0.25525975      0.25270626      0.28828004    
   127.05280     -0.27342921      0.24283582      0.27199161    
   127.50592     -0.29528734      0.23070323      0.24991968    
   128.07426     -0.32480210      0.21400517      0.21704522    
   128.52896     -0.34665269      0.20072615      0.18850513    
   129.09735     -0.36812949      0.18433753      0.15281737    
   129.55208     -0.37762541      0.17197874      0.12533993    
   130.00681     -0.38067061      0.16073716      9.93675143E-02
   130.57526     -0.37492108      0.14988644      6.83527291E-02
   131.03004     -0.36473000      0.14439109      4.45991568E-02
   131.59857     -0.34746629      0.14198913      1.67255513E-02
   132.05341     -0.33141950      0.14347550     -3.08750360E-03
   132.50826     -0.31497076      0.14762112     -1.96369328E-02
   133.07692     -0.29296577      0.15548711     -3.59977782E-02
   133.53189     -0.27581370      0.16299857     -4.58444580E-02
   134.10069     -0.25689110      0.17334116     -5.40439449E-02
   134.55585     -0.24468489      0.18260947     -5.78683689E-02
   135.01115     -0.23520531      0.19271284     -6.02489561E-02
   135.58057     -0.22588423      0.20651698     -6.19247481E-02
   136.03642     -0.21845329      0.21800131     -6.28473759E-02
   136.60681     -0.20508243      0.23187286     -6.41959012E-02
   137.06377     -0.18788511      0.24160682     -6.57299906E-02
   137.52155     -0.16410634      0.24871427     -6.77650124E-02
   138.09309     -0.12683704      0.25333098     -7.08012134E-02
   138.54726     -9.32744071E-02  0.25296023     -7.34277442E-02
   139.00862     -5.74184060E-02  0.24800420     -7.62728602E-02
   139.59102     -8.25593248E-03  0.23324108     -8.13347399E-02
   140.05928      3.61323692E-02  0.21423978     -8.73642415E-02
   140.52754      8.55572671E-02  0.18945350     -9.65443254E-02
   141.11293      0.15803437      0.15040451     -0.11188762    
   141.58136      0.22498149      0.11153239     -0.12786822    
   142.04996      0.29961395      6.33056909E-02 -0.14654486    
   142.51881      0.38122666      2.50523165E-03 -0.16787317    
   143.10545      0.49165595     -9.49755386E-02 -0.19771019    
   143.57541      0.58600503     -0.19248495     -0.22299561    
   144.04617      0.68513423     -0.30928963     -0.24794456    
   144.51489      0.79152131     -0.44661587     -0.27055043    
   145.09634      0.93560737     -0.65432084     -0.29035443    
   145.55771       1.0729018     -0.86256170     -0.28850436    
   146.00945       1.2594930      -1.1221046     -0.25594780    
   146.58301       1.6143894      -1.5117775     -0.14051741    
   147.03491       1.8557835      -1.7616928     -1.43613853E-02
   147.60600       1.8149914      -1.8444315      0.11170262    
   148.06233       1.6724694      -1.7812549      0.18908983    
   148.50493       1.4377213      -1.6479300      0.24806438    
   149.04149       1.1517447      -1.4488178      0.32926556    
   149.53152      0.95945930      -1.2940636      0.43463942    
   150.08556      0.83196169      -1.1740104      0.58048236    
   150.55177      0.75929731      -1.1045315      0.69923604    
   151.01271      0.67034209      -1.0439506      0.78910840    
   151.57442      0.51588815     -0.96149635      0.84871721    
   152.05774      0.36685139     -0.88163829      0.85885793    
   152.57739      0.20917386     -0.78771389      0.85379058    
   153.00316      0.11468623     -0.70770359      0.85939425    
   153.51299      7.02264532E-02 -0.61273879      0.88824546    
   154.01495      7.47500062E-02 -0.53049964      0.95170337    
   154.58026      0.12471896     -0.45655006       1.0263934    
   155.03586      0.12164225     -0.42983198       1.0539198    
   155.60519      5.22790067E-02 -0.42975038       1.0272225    
   156.06055     -3.93019579E-02 -0.44324714      0.95135731    
   156.51578     -0.16631156     -0.46644846      0.83972991    
   157.08470     -0.31901926     -0.48118645      0.66456741    
   157.53973     -0.42642272     -0.47315109      0.52393073    
   158.10846     -0.53058904     -0.43805510      0.36356521    
   158.56342     -0.60227853     -0.37481606      0.25234640    
   159.01837     -0.66608357     -0.28312153      0.15619710    
   159.58714     -0.73762804     -0.14218450      5.18548116E-02
   160.04225     -0.79185581     -1.94727648E-02 -2.09597051E-02
   160.61131     -0.85552353      0.13140379     -0.10004774    
   161.06674     -0.90059131      0.23695527     -0.15632388    
   161.52234     -0.92454052      0.32199046     -0.20118584    
   162.09209     -0.88955927      0.39136377     -0.22660065    
   162.54810     -0.81375265      0.41946515     -0.22247845    
   163.00429     -0.71455407      0.43114522     -0.20258197    
   163.57474     -0.56004667      0.42247236     -0.16077437    
   164.03125     -0.42718735      0.39425361     -0.11823142    
   164.60199     -0.26942885      0.33391270     -6.37252182E-02
   165.05867     -0.16609992      0.27100766     -2.84830965E-02
   165.51541     -0.10368630      0.20527402     -7.69145787E-03
   166.08638     -8.21106136E-02  0.13454525     -1.18728261E-03
   166.54323     -0.10544311      9.65820700E-02 -9.63715091E-03
   167.00014     -0.14291689      7.49507695E-02 -2.77225599E-02
   167.57146     -0.18554628      6.35831505E-02 -5.79897687E-02
   168.02864     -0.21790369      5.95750660E-02 -8.40723589E-02
   168.60037     -0.24851856      5.53618744E-02 -0.11294002    
   169.05797     -0.26173294      4.49668802E-02 -0.13098103    
   169.51572     -0.26250270      2.49825232E-02 -0.14492047    
   170.08809     -0.24853504     -1.43114477E-02 -0.15735140    
   170.54613     -0.22696513     -5.46848588E-02 -0.16439404    
   171.00423     -0.19718128     -9.99587849E-02 -0.16969752    
   171.57689     -0.14728865     -0.16155440     -0.17292106    
   172.03500     -9.84811187E-02 -0.21463642     -0.17115043    
   172.60757     -2.78768614E-02 -0.28703275     -0.16372225    
   173.06560      3.38363983E-02 -0.35015911     -0.15418717    
   173.52361      9.66174379E-02 -0.41757452     -0.14233838    
   174.09618      0.16992335     -0.50493211     -0.12488271    
   174.55434      0.21800455     -0.57174426     -0.11121261    
   175.01251      0.24810393     -0.62786913     -0.10113271    
   175.58504      0.25707698     -0.67612201     -9.38654542E-02
   176.04291      0.24854690     -0.69697928     -9.12538916E-02
   176.50061      0.24310845     -0.70647407     -8.63730088E-02
   177.07251      0.25270665     -0.71199811     -7.31405839E-02
   177.52980      0.27482724     -0.71563005     -5.60733005E-02
   178.10117      0.31758589     -0.72034109     -2.66825035E-02
   178.55803      0.35577416     -0.72254980      2.51552090E-03
   179.01469      0.38940355     -0.71894437      3.49896923E-02
   179.58530      0.41500425     -0.70103270      7.68126696E-02
   180.04160      0.41858596     -0.67657363      0.10722828    
   180.61182      0.40228397     -0.63841367      0.13998461    
   181.06787      0.38034493     -0.60445029      0.16309839    
   181.52380      0.35523486     -0.56933796      0.18410930    
   182.09352      0.32096392     -0.52544415      0.20762062    
   182.54913      0.29135960     -0.49026808      0.22390789    
   183.00459      0.25985321     -0.45354810      0.23679289    
   183.57365      0.21845756     -0.40405208      0.24830315    
   184.02872      0.18485528     -0.36141735      0.25442997    
   184.59737      0.14419013     -0.30485964      0.25729021    
   185.05215      0.11270280     -0.25866988      0.25573477    
   185.50690      8.22869241E-02 -0.21297713      0.25085831    
   186.07530      4.53127325E-02 -0.15738557      0.23905884    
   186.53006      1.49733219E-02 -0.11589472      0.22603184    
   187.09862     -2.53390819E-02 -6.97561577E-02  0.20747176    
   187.55354     -5.79185076E-02 -3.70296240E-02  0.19171041    
   188.00813     -8.85970443E-02 -7.45644979E-03  0.17645289    
   188.57570     -0.12066050      2.65890006E-02  0.15982729    
   189.02924     -0.14018913      5.26335314E-02  0.14838907    
   189.59560     -0.15529141      8.25650245E-02  0.13598177    
   190.04829     -0.16168502      0.10334659      0.12662026    
   190.50072     -0.16720197      0.12111017      0.11652501    
   191.06595     -0.17523341      0.13793099      0.10124220    
   191.51794     -0.18284169      0.14492586      8.65688473E-02
   192.08282     -0.19106273      0.14323859      6.61173016E-02
   192.53465     -0.19636716      0.13284273      4.91103604E-02
   193.09933     -0.19675699      0.10909896      2.88464762E-02
   193.55106     -0.18882781      8.26304331E-02  1.36503763E-02
   194.00275     -0.17338145      5.02941497E-02 -1.00860745E-03
   194.55800     -0.14519218      3.83281708E-03 -1.85180083E-02
   195.06509     -0.11339732     -4.35912907E-02 -3.41592804E-02
   195.51509     -8.31154138E-02 -8.84763077E-02 -4.73122261E-02
   196.06335     -4.69103828E-02 -0.14513946     -6.11288473E-02
   196.57037     -1.65284220E-02 -0.19809586     -6.92522377E-02
   197.05713      8.89661256E-03 -0.24809599     -7.17581660E-02
   197.52159      2.93457173E-02 -0.29379484     -7.02856034E-02
   198.05736      4.88115624E-02 -0.34339425     -6.53064698E-02
   198.53928      6.42657876E-02 -0.38518241     -5.89279309E-02
   199.06447      8.13991427E-02 -0.42830223     -5.22145778E-02
   199.52702      0.10060568     -0.46535271     -4.77654152E-02
   200.06082      0.13108280     -0.50803936     -4.51018512E-02
   200.52486      0.16483811     -0.54518139     -4.71453518E-02
   201.00836      0.20628858     -0.58292043     -5.51068634E-02
   201.53868      0.26022285     -0.62254900     -7.08808303E-02
   202.06763      0.32266295     -0.66359574     -9.47108790E-02
   202.57445      0.39334929     -0.71025574     -0.12545849    
   203.02087      0.46688774     -0.76126635     -0.15921888    
   203.58592      0.57573247     -0.84375697     -0.21035893    
   204.05768      0.68200374     -0.93135452     -0.26003337    
   204.53415      0.81006539      -1.0379267     -0.31886539    
   205.02100      0.96542430      -1.1660424     -0.38901383    
   205.58678       1.1826335      -1.3448002     -0.48498482    
   206.10188       1.4257103      -1.5410191     -0.58596772    
   206.53093       1.6685942      -1.7325199     -0.67803693    
   207.07907       2.0414438      -2.0180368     -0.79883063    
   207.52036       2.3931587      -2.2806358     -0.89220190    
   208.05061       2.8631911      -2.6267450     -0.99214149    
   208.58556       3.3611345      -2.9908910      -1.0718315    
   209.05405       3.7893009      -3.3020124      -1.1172198    
   209.53027       4.1789770      -3.5913339      -1.1389722    
   210.05080       4.5267878      -3.8493609      -1.1287906    
   210.50317       4.7505417      -4.0164723      -1.0890152    
   211.05940       4.9740095      -4.1508913     -0.97313905    
   211.53110       5.1069384      -4.2131763     -0.83871949    
   212.05405       5.1554499      -4.2423639     -0.67153531    
   212.57835       5.1449375      -4.2365665     -0.47664094    
   213.05884       5.1843014      -4.2241240     -0.19131307    
   213.58380       5.4134288      -4.1795754      0.25766864    
   214.02679       5.5785799      -4.1169410      0.66879261    
   214.55882       5.6309080      -4.0359874       1.2210743    
   215.04926       5.5808511      -3.9160113       1.4741118    
   215.50475       5.4179320      -3.8294506       1.7464976    
   216.08000       5.1065779      -3.7492757       2.0112514    
   216.56850       4.7940292      -3.6904087       2.1784906    
   217.01120       4.4523258      -3.6286359       2.2829139    
   217.59718       3.9435334      -3.5240569       2.3604281    
   218.09695       3.4819012      -3.4259758       2.3796623    
   218.51784       3.0744786      -3.3450923       2.3672931    
   219.07486       2.5326290      -3.2464824       2.3272312    
   219.52748       2.1216831      -3.1758423       2.2947292    
   220.02795       1.7083335      -3.1067381       2.2618229    
   220.56204       1.2800589      -3.0280383       2.2004442    
   221.00104      0.91977435      -2.9543686       2.1082561    
   221.54613      0.48567489      -2.8558450       1.9457710    
   222.10612      9.83572826E-02  -2.7431550       1.7460874    
   222.56134     -0.15707541      -2.6312575       1.5713623    
   223.00381     -0.35239881      -2.5036099       1.3936965    
   223.57352     -0.52557242      -2.3007095       1.1634740    
   224.02953     -0.60829294      -2.1045556      0.98209965    
   224.58531     -0.63357389      -1.8254874      0.78468919    
   225.04138     -0.58974791      -1.5610780      0.65051103    
   225.61139     -0.48569855      -1.2040875      0.49646515    
   226.05313     -0.42829287     -0.95150518      0.37216020    
   226.56982     -0.44894710     -0.73537648      0.19706750    
   227.09438     -0.57602513     -0.63007009     -1.19065046E-02
   227.51521     -0.70398968     -0.58345038     -0.17928880    
   228.08539     -0.82654941     -0.56829691     -0.37094536    
   228.51570     -0.87421083     -0.57771105     -0.48433495    
   229.01878     -0.88342702     -0.59751570     -0.58520854    
   229.58723     -0.85097152     -0.62870675     -0.65934300    
   230.03476     -0.80394793     -0.65724683     -0.69708371    
   230.60602     -0.72972786     -0.69982898     -0.72790241    
   231.05811     -0.66789043     -0.74528313     -0.73906541    
   231.50717     -0.61045098     -0.80110937     -0.73842251    
   232.01602     -0.54478359     -0.87600696     -0.72467315    
   232.58264     -0.46310526     -0.96890628     -0.68965566    
   233.03319     -0.38802403      -1.0423883     -0.64837396    
   233.52217     -0.29949611      -1.1149874     -0.59705776    
   234.09470     -0.19410652      -1.1797218     -0.53927958    
   234.55185     -0.11288568      -1.2125814     -0.49893364    
   235.00992     -3.96026187E-02  -1.2300410     -0.46468818    
   235.57393      4.08897474E-02  -1.2329305     -0.42901692    
   236.04901      0.10156886      -1.2244539     -0.40080789    
   236.50539      0.15393978      -1.2110664     -0.36853889    
   237.00331      0.20952100      -1.1971253     -0.32292414    
   237.59187      0.27574503      -1.1804482     -0.25314537    
   238.07948      0.32673371      -1.1593993     -0.18294981    
   238.59378      0.36501926      -1.1221919     -0.10522077    
   239.05177      0.37466270      -1.0745296     -3.93507853E-02
   239.59361      0.36938083      -1.0063767      3.29681896E-02
   240.00069      0.36058250     -0.95546961      8.86512697E-02
   240.54062      0.35182407     -0.89655757      0.17279826    
   241.00764      0.35322988     -0.86034191      0.25221118    
   241.54401      0.35176358     -0.84215665      0.34692153    
   242.03525      0.33149701     -0.84465760      0.42664909    
   242.53752      0.27563003     -0.85724980      0.49044681    
   243.04701      0.17793369     -0.86396235      0.53361118    
   243.51421      7.62028247E-02 -0.86391115      0.55594373    
   244.01746     -2.94507276E-02 -0.85509753      0.57379162    
   244.54987     -0.13068606     -0.83376950      0.59437126    
   245.07614     -0.22128117     -0.80336362      0.61264002    
   245.53996     -0.30033517     -0.77155501      0.62087202    
   246.05464     -0.39902994     -0.73213583      0.62083513    
   246.52803     -0.49313468     -0.68990469      0.61758697    
   247.05533     -0.59086680     -0.63172758      0.61765295    
   247.57243     -0.67133987     -0.56042707      0.62607992    
   248.05302     -0.72858906     -0.47999072      0.64740300    
   248.55647     -0.77104163     -0.38394147      0.67720085    
   249.09454     -0.82352203     -0.28387922      0.70576543    
   249.55356     -0.89518958     -0.21625897      0.71505040    
   250.01265     -0.98841369     -0.17227048      0.71357882    
