  0.11273042      1.83590283E-15  1.15308692E-15 -4.52631112E-19
  0.56771952      1.76626169E-15  1.30598600E-15 -7.43021603E-19
   1.0225676      1.68615122E-15  1.43715995E-15 -1.40193838E-18
   1.5908108      1.56957302E-15  1.56914823E-15 -2.77406599E-18
   2.0451236      1.46933937E-15  1.65231193E-15 -4.34957788E-18
   2.6127074      1.34474167E-15  1.73370682E-15 -6.57575665E-18
   3.0665996      1.25236140E-15  1.78237480E-15 -8.11469806E-18
   3.5204115      1.15773099E-15  1.80838083E-15 -8.69709773E-18
   4.0876346      1.02157976E-15  1.79501952E-15 -7.28100919E-18
   4.5414238      8.99939155E-16  1.74924289E-15 -5.14609904E-18
   5.1087065      7.32747662E-16  1.65421871E-15 -2.70820628E-18
   5.5625720      5.93689204E-16  1.54978622E-15 -3.21435500E-18
   6.0164661      4.53506840E-16  1.42130233E-15 -7.01710631E-18
   6.5838690      2.78702956E-16  1.22701299E-15 -1.86531362E-17
   7.0377955      1.41021960E-16  1.04719731E-15 -3.44491939E-17
   7.6052070     -2.32843269E-17  7.96336649E-16 -6.08286454E-17
   8.0591211     -1.43926872E-16  5.81210927E-16 -8.45644276E-17
   8.5130253     -2.50522117E-16  3.61318659E-16 -1.08021788E-16
   9.0803757     -3.49378300E-16  1.04192967E-16 -1.31293363E-16
   9.5342360     -3.85519952E-16 -6.73035969E-17 -1.41597518E-16
   10.101531     -3.69251228E-16 -2.24295701E-16 -1.43021063E-16
   10.555342     -3.08458297E-16 -3.03021828E-16 -1.37363810E-16
   11.009133     -2.39359626E-16 -3.53098601E-16 -1.27309396E-16
   11.576332     -1.23111713E-16 -3.95817014E-16 -1.12160199E-16
   12.030070     -2.44944028E-17 -4.19951974E-16 -9.93766053E-17
   12.597208      9.68818087E-17 -4.54031736E-16 -8.35308423E-17
   13.050895      1.87360856E-16 -4.92277232E-16 -7.17448421E-17
   13.504553      2.71418579E-16 -5.44362347E-16 -6.25412335E-17
   14.071603      3.73354944E-16 -6.28977762E-16 -5.98479004E-17
   14.525217      4.60785129E-16 -7.07566008E-16 -6.82817876E-17
   15.092206      5.92136381E-16 -8.10488558E-16 -9.50317895E-17
   15.545775      7.25298007E-16 -8.91074955E-16 -1.28687995E-16
   16.112707      9.36160083E-16 -9.86744679E-16 -1.81543592E-16
   16.566236      1.14214240E-15 -1.05978454E-15 -2.26696722E-16
   17.019741      1.37873437E-15 -1.13406436E-15 -2.68852599E-16
   17.586597      1.71063449E-15 -1.23483586E-15 -3.12923829E-16
   18.040064      2.00099569E-15 -1.32696203E-15 -3.41088548E-16
   18.606867      2.39455621E-15 -1.46305269E-15 -3.71338688E-16
   19.060299      2.73689750E-15 -1.59218054E-15 -3.97287754E-16
   19.513704      3.10924196E-15 -1.74298416E-15 -4.28608253E-16
   20.080450      3.62751346E-15 -1.96721835E-15 -4.77594763E-16
   20.533821      4.09433577E-15 -2.18138936E-15 -5.25540110E-16
   21.100523      4.75781583E-15 -2.50326929E-15 -5.97929134E-16
   21.553862      5.36516302E-15 -2.81262669E-15 -6.68038951E-16
   22.007195      6.05430182E-15 -3.17644851E-15 -7.52073142E-16
   22.573837      7.05379138E-15 -3.72118218E-15 -8.81993279E-16
   23.027140      7.98469753E-15 -4.24184444E-15 -1.00989367E-15
   23.593752      9.34563723E-15 -5.02010339E-15 -1.20464390E-15
   24.047028      1.06220871E-14 -5.76373310E-15 -1.39185799E-15
   24.500294      1.20971128E-14 -6.63546256E-15 -1.61065496E-15
   25.066856      1.42737622E-14 -7.94073144E-15 -1.93573625E-15
   25.520096      1.63324283E-14 -9.19189990E-15 -2.24489227E-15
   26.086632      1.93848860E-14 -1.10714643E-14 -2.70598312E-15
   26.539846      2.22836208E-14 -1.28792020E-14 -3.14613066E-15
   27.106359      2.65976308E-14 -1.56038902E-14 -3.80334776E-15
   27.559551      3.07089932E-14 -1.82323232E-14 -4.43064258E-15
   28.012745      3.55231015E-14 -2.13418489E-14 -5.16586506E-15
   28.579214      4.27281976E-14 -2.60458786E-14 -6.26891117E-15
   29.032389      4.96355920E-14 -3.05987332E-14 -7.33129716E-15
   29.598843      6.00170819E-14 -3.75004932E-14 -8.93913426E-15
   30.051998      7.00089536E-14 -4.41942930E-14 -1.04988023E-14
   30.505152      8.18101622E-14 -5.21500364E-14 -1.23535859E-14
   31.071575      9.96377121E-14 -6.42482893E-14 -1.51745851E-14
   31.524714      1.16874988E-13 -7.60177172E-14 -1.79170728E-14
   32.091122      1.42985179E-13 -9.39488491E-14 -2.20893182E-14
   32.544243      1.68290525E-13 -1.11419757E-13 -2.61472820E-14
   33.110641      2.06705692E-13 -1.38073228E-13 -3.23271547E-14
   33.563751      2.44010243E-13 -1.64072884E-13 -3.83467401E-14
   34.016857      2.88390351E-13 -1.95122672E-13 -4.55282411E-14
   34.583233      3.55932921E-13 -2.42580099E-13 -5.64938179E-14
   35.036331      4.21676176E-13 -2.88962376E-13 -6.72011546E-14
   35.602699      5.21887655E-13 -3.59931675E-13 -8.35693412E-14
   36.055794      6.19584733E-13 -4.29346744E-13 -9.95664190E-14
   36.508884      7.36204880E-13 -5.12410698E-13 -1.18699768E-13
   37.075237      9.14357023E-13 -6.39594226E-13 -1.47988365E-13
   37.528324      1.08837874E-12 -7.64068117E-13 -1.76651174E-13
   38.094673      1.35450494E-12 -9.54749951E-13 -2.20558381E-13
   38.547756      1.61468972E-12 -1.14146821E-12 -2.63547701E-13
   39.000828      1.92594248E-12 -1.36513435E-12 -3.15031909E-13
   39.567177      2.40243220E-12 -1.70803974E-12 -3.93934017E-13
   40.020252      2.86867947E-12 -2.04404505E-12 -4.71214864E-13
   40.586594      3.58279205E-12 -2.55939345E-12 -5.89689484E-13
   41.039669      4.28188127E-12 -3.06454861E-12 -7.05776041E-13
   41.606007      5.35310511E-12 -3.83948299E-12 -8.83813422E-13
   42.059082      6.40229102E-12 -4.59917347E-12 -1.05832487E-12
   42.512150      7.65930288E-12 -5.50993973E-12 -1.26752916E-12
   43.078487      9.58662143E-12 -6.90720658E-12 -1.58846395E-12
   43.531563      1.14752435E-11 -8.27710643E-12 -1.90308576E-12
   44.097900      1.43716315E-11 -1.03789546E-11 -2.38575240E-12
   44.550980      1.72103894E-11 -1.24398747E-11 -2.85895222E-12
   45.004051      2.06130529E-11 -1.49111001E-11 -3.42629028E-12
   45.570404      2.58326832E-11 -1.87033739E-11 -4.29681551E-12
   46.023476      3.09492987E-11 -2.24220295E-11 -5.15038186E-12
   46.589828      3.87990612E-11 -2.81286730E-11 -6.46021561E-12
   47.042908      4.64948878E-11 -3.37246758E-11 -7.74463393E-12
   47.609257      5.83025572E-11 -4.23121468E-11 -9.71564149E-12
   48.062340      6.98797270E-11 -5.07332371E-11 -1.16484079E-11
   48.515427      8.37611508E-11 -6.08315481E-11 -1.39660523E-11
   49.081791      1.05060988E-10 -7.63282562E-11 -1.75225182E-11
   49.534885      1.25946142E-10 -9.15246351E-11 -2.10099368E-11
   50.101250      1.57993174E-10 -1.14844384E-10 -2.63614269E-11
   50.554352      1.89417398E-10 -1.37712300E-10 -3.16091146E-11
   51.007446      2.27097730E-10 -1.65134101E-10 -3.79017234E-11
   51.573837      2.84919532E-10 -2.07215453E-10 -4.75582213E-11
   52.026939      3.41616679E-10 -2.48479459E-10 -5.70270532E-11
   52.593330      4.28620806E-10 -3.11802001E-10 -7.15575932E-11
   53.046448      5.13934117E-10 -3.73894832E-10 -8.58058832E-11
   53.612846      6.44850284E-10 -4.69179195E-10 -1.07670428E-10
   54.065975      7.73224706E-10 -5.62614177E-10 -1.29110528E-10
   54.519108      9.27163124E-10 -6.74655221E-10 -1.54820101E-10
   55.085529      1.16338605E-09 -8.46585024E-10 -1.94272085E-10
   55.538670      1.39502221E-09 -1.01517594E-09 -2.32957764E-10
   56.105099      1.75047243E-09 -1.27388033E-09 -2.92321278E-10
   56.558254      2.09902407E-09 -1.52756141E-09 -3.50532270E-10
   57.011406      2.51697707E-09 -1.83175197E-09 -4.20333268E-10
   57.577862      3.15834736E-09 -2.29854225E-09 -5.27445643E-10
   58.031025      3.78724607E-09 -2.75625034E-09 -6.32473907E-10
   58.597492      4.75232032E-09 -3.45861473E-09 -7.93642596E-10
   59.050667      5.69862824E-09 -4.14731272E-09 -9.51675294E-10
   59.503853      6.83339074E-09 -4.97315122E-09 -1.14117782E-09
   60.070332      8.57466631E-09 -6.24036645E-09 -1.43196210E-09
   60.523521      1.02820952E-08 -7.48292805E-09 -1.71709003E-09
   61.090008      1.29020767E-08 -9.38955225E-09 -2.15460005E-09
   61.543190      1.54710182E-08 -1.12589973E-08 -2.58357757E-09
   62.109642      1.94126919E-08 -1.41273286E-08 -3.24176819E-09
   62.562763      2.32771598E-08 -1.69394081E-08 -3.88705157E-09
   63.015820      2.79100316E-08 -2.03105621E-08 -4.66062566E-09
   63.581921      3.50151410E-08 -2.54805155E-08 -5.84696913E-09
   64.034485      4.19753050E-08 -3.05448573E-08 -7.00907465E-09
   64.599731      5.26419690E-08 -3.83058563E-08 -8.78997497E-09
   65.051582      6.30867447E-08 -4.59051073E-08 -1.05337632E-08
   65.503128      7.55939809E-08 -5.50046195E-08 -1.26218147E-08
   66.067162      9.47540997E-08 -6.89437130E-08 -1.58203903E-08
   66.518112      1.13509785E-07 -8.25878956E-08 -1.89512921E-08
   67.081421      1.42234427E-07 -1.03483060E-07 -2.37460682E-08
   67.531792      1.70343810E-07 -1.23929397E-07 -2.84378388E-08
   68.094421      2.13384453E-07 -1.55234474E-07 -3.56213334E-08
   68.544289      2.55494797E-07 -1.85860699E-07 -4.26490203E-08
   69.106354      3.19961998E-07 -2.32743048E-07 -5.34069642E-08
   69.555771      3.83021131E-07 -2.78597611E-07 -6.39290292E-08
   70.005020      4.58467184E-07 -3.33454977E-07 -7.65169546E-08
   70.566383      5.73939701E-07 -4.17407733E-07 -9.57812034E-08
   71.015320      6.86870067E-07 -4.99503358E-07 -1.14619255E-07
   71.576332      8.59693614E-07 -6.25124073E-07 -1.43444709E-07
   72.025063      1.02870581E-06 -7.47959291E-07 -1.71630958E-07
   72.585876      1.28733313E-06 -9.35900630E-07 -2.14756469E-07
   73.029984      1.53746703E-06 -1.11764462E-06 -2.56459771E-07
   73.590706      1.92375205E-06 -1.39827057E-06 -3.20852507E-07
   74.039330      2.30151113E-06 -1.67265796E-06 -3.83813727E-07
   74.600090      2.87949797E-06 -2.09241102E-06 -4.80130097E-07
   75.048798      3.44474438E-06 -2.50283506E-06 -5.74305659E-07
   75.609795      4.30972159E-06 -3.13077453E-06 -7.18391163E-07
   76.058640      5.15547754E-06 -3.74463480E-06 -8.59245858E-07
   76.507683      6.16738953E-06 -4.47895400E-06 -1.02774061E-06
   77.069244      7.71626856E-06 -5.60268427E-06 -1.28558713E-06
   77.518639      9.23102743E-06 -6.70140753E-06 -1.53769338E-06
   78.048470      1.14023487E-05 -8.27710937E-06 -1.89903699E-06
   78.602119      1.42176377E-05 -1.03170223E-05 -2.36730739E-06
   79.014641      1.67573253E-05 -1.21577959E-05 -2.78967809E-06
   79.554306      2.07752691E-05 -1.50698725E-05 -3.45774015E-06
   80.067139      2.54805873E-05 -1.84809414E-05 -4.23994470E-06
   80.524811      3.05703434E-05 -2.21691153E-05 -5.08581024E-06
   81.053589      3.77260440E-05 -2.73519800E-05 -6.27463351E-06
   81.564354      4.62200478E-05 -3.35010191E-05 -7.68531572E-06
   82.063629      5.63634749E-05 -4.08385567E-05 -9.36924880E-06
   82.549644      6.83654071E-05 -4.95199420E-05 -1.13612059E-05
   83.020416      8.24158415E-05 -5.96811842E-05 -1.36925191E-05
   83.522820      1.00599849E-04 -7.28340819E-05 -1.67090002E-05
   84.053658      1.24177212E-04 -8.98521394E-05 -2.06176101E-05
   84.549942      1.51178552E-04 -1.09374072E-04 -2.50940739E-05
   85.027672      1.82685209E-04 -1.32143803E-04 -3.03157976E-05
   85.525734      2.22523347E-04 -1.60892829E-04 -3.69149784E-05
   86.027512      2.71422963E-04 -1.96168578E-04 -4.50126972E-05
   86.590935      3.39206599E-04 -2.45111878E-04 -5.62367895E-05
   87.029121      4.03390790E-04 -2.91438075E-04 -6.68619250E-05
   87.559258      4.97440225E-04 -3.59246827E-04 -8.24249437E-05
   88.067757      6.08131930E-04 -4.39059513E-04 -1.00738791E-04
   88.585281      7.46047008E-04 -5.38442982E-04 -1.23550650E-04
   89.036705      8.91590375E-04 -6.43319101E-04 -1.47620987E-04
   89.556389      1.09455327E-03 -7.89477141E-04 -1.81180832E-04
   90.083794      1.34771154E-03 -9.71835572E-04 -2.23040101E-04
   90.522835      1.60248636E-03 -1.15520193E-03 -2.65159702E-04
   91.066666      1.98570476E-03 -1.43101113E-03 -3.28515947E-04
   91.547646      2.40025064E-03 -1.72920281E-03 -3.97050811E-04
   92.020836      2.89234752E-03 -2.08353484E-03 -4.78434260E-04
   92.527176      3.53111885E-03 -2.54248502E-03 -5.84058813E-04
   93.040657      4.32309089E-03 -3.11169680E-03 -7.15068774E-04
   93.570419      5.32678096E-03 -3.83355119E-03 -8.81199609E-04
   94.013809      6.34402689E-03 -4.56464291E-03 -1.04964792E-03
   94.539070      7.80367758E-03 -5.61386300E-03 -1.29153905E-03
   95.091621      9.70384851E-03 -6.97895046E-03 -1.60671142E-03
   95.545456      1.16069783E-02 -8.34630709E-03 -1.92273990E-03
   96.112778      1.45212719E-02 -1.04398029E-02 -2.40737107E-03
   96.566650      1.73739865E-02 -1.24886483E-02 -2.88256910E-03
   97.014771      2.07432210E-02 -1.49079300E-02 -3.44483624E-03
   97.544777      2.55873557E-02 -1.83852203E-02 -4.25517792E-03
   98.112152      3.20450887E-02 -2.30186451E-02 -5.33895893E-03
   98.566078      3.83791253E-02 -2.75608692E-02 -6.40586670E-03
   99.001091      4.56360281E-02 -3.27684134E-02 -7.63321202E-03
   99.542236      5.66375740E-02 -4.06396203E-02 -9.50274616E-03
   100.10968      7.10877478E-02 -5.09738810E-02 -1.19759962E-02
   100.55460      8.50096419E-02 -6.09172024E-02 -1.43774692E-02
   101.08748      0.10541793     -7.54684657E-02 -1.79306902E-02
   101.52034      0.12566851     -8.98595452E-02 -2.14931183E-02
   102.08784      0.15846746     -0.11311564     -2.73380280E-02
   102.54187      0.19106068     -0.13615899     -3.32370587E-02
   103.10939      0.24196738     -0.17203893     -4.26477864E-02
   103.56343      0.29303005     -0.20790595     -5.23672104E-02
   104.01749      0.35593235     -0.25191751     -6.47948384E-02
   104.58506      0.45659530     -0.32187629     -8.59001875E-02
   105.03915      0.56109804     -0.39385402     -0.10949071    
   105.60675      0.73456180     -0.51320493     -0.15283032    
   106.06085      0.91984475     -0.64556271     -0.20958129    
   106.51496       1.1788275     -0.80845582     -0.33646226    
   107.08263       2.0925245     -0.91462958     -0.98862362    
   107.53677       4.5419908     -0.45458055      -2.1378729    
   108.10446       7.8865108     -2.91048866E-02  -1.9723902    
   108.55863       9.4124193     -3.23934816E-02 -0.33771095    
   109.01280       9.4100523     -6.36492074E-02  0.26766437    
   109.58054       8.2804127     -7.73508102E-02  0.51099509    
   110.03474       7.6087294     -4.65224609E-02  0.50054657    
   110.60250       6.9947586      5.99630624E-02  0.44789127    
   111.05674       6.5795832      0.18834595      0.38514146    
   111.51097       6.1567159      0.35133082      0.33816829    
   112.07880       5.6653261      0.50886428      0.31457710    
   112.53306       5.2672181      0.61441183      0.30497137    
   113.06913       4.7958803      0.74138743      0.29756850    
   113.57185       4.3647275      0.89933378      0.28472766    
   114.08277       3.9502976       1.0343775      0.27856547    
   114.52990       3.6149037       1.1432174      0.27169567    
   115.07253       3.2521892       1.2671962      0.26642060    
   115.56587       2.9788671       1.3900249      0.27306083    
   116.03012       2.7765326       1.5366765      0.29217765    
   116.55170       2.5770807       1.7277381      0.32269448    
   117.09390       2.3656301       1.9426014      0.35178304    
   117.50079       2.2156153       2.1307731      0.36470604    
   118.06371       2.1164703       2.5000021      0.36353263    
   118.57147       2.1759100       2.9648166      0.35152203    
   119.09225       2.2363868       3.4773517      0.34814870    
   119.55916       2.1894763       3.8870006      0.36825985    
   120.00833       2.0013158       4.2053518      0.40456337    
   120.57141       1.7097123       4.4479847      0.42175901    
   121.02556       1.3400072       4.4474955      0.41969979    
   121.59370      0.68203437       4.2315116      0.36804283    
   122.04821      0.19047895       3.9007111      0.27073789    
   122.50274     -0.32682866       3.4099913      0.13996416    
   123.07092     -0.90537119       2.7169771     -8.33739340E-03
   123.52547      -1.2405522       2.1990037     -9.06334072E-02
   124.09369      -1.4798725       1.6809378     -0.15457365    
   124.54827      -1.5214187       1.4091108     -0.16646823    
   125.09406      -1.4407780       1.1941445     -0.13285659    
   125.55219      -1.3096406       1.0795159     -9.20230150E-02
   126.04717      -1.1866612       1.0219026     -4.83747870E-02
   126.60718      -1.1397722      0.96095198     -2.86393613E-02
   127.05280      -1.1694841      0.89407206     -4.06766385E-02
   127.50592      -1.2377124      0.81887907     -7.97368363E-02
   128.07426      -1.3201120      0.73902404     -0.17139453    
   128.52896      -1.3475931      0.69440544     -0.26606995    
   129.09735      -1.3321291      0.64548993     -0.41584435    
   129.55208      -1.2875962      0.61094290     -0.53246778    
   130.00681      -1.2169968      0.57436126     -0.62928283    
   130.57526      -1.0895489      0.52475178     -0.71235609    
   131.03004     -0.97602701      0.48035389     -0.73288703    
   131.59857     -0.83480847      0.42311823     -0.68798029    
   132.05341     -0.73533112      0.38727623     -0.59378421    
   132.50826     -0.64142925      0.37238401     -0.46057674    
   133.07692     -0.53534663      0.38675722     -0.27644143    
   133.53189     -0.46320724      0.41736987     -0.13960236    
   134.10069     -0.39791739      0.46293423     -1.67541206E-03
   134.55585     -0.36892381      0.50293213      7.29113147E-02
   135.01115     -0.35586503      0.54437536      0.11672922    
   135.58057     -0.35116628      0.59635115      0.13969155    
   136.03642     -0.33765006      0.63904989      0.14256105    
   136.60681     -0.29921782      0.69601214      0.13662897    
   137.06377     -0.23580658      0.74320269      0.12701195    
   137.52155     -0.13837442      0.78747153      0.12057102    
   138.09309      7.60479132E-03  0.82995319      0.13025647    
   138.54726      0.11436209      0.84533501      0.14553198    
   139.00862      0.18855403      0.84446442      0.15902752    
   139.59102      0.23433721      0.82537079      0.16450241    
   140.05928      0.25025871      0.80251151      0.14797997    
   140.52754      0.26318216      0.77621573      0.10128943    
   141.11293      0.29847774      0.74641246      9.47353244E-03
   141.58136      0.34473991      0.72874761     -7.30911940E-02
   142.04996      0.39694738      0.72119534     -0.14758289    
   142.51881      0.44270945      0.72300744     -0.19987625    
   143.10545      0.46611321      0.73715019     -0.23157316    
   143.57541      0.46498334      0.75774521     -0.23649624    
   144.04617      0.45599720      0.78412414     -0.22193421    
   144.51489      0.44406927      0.81829393     -0.19959065    
   145.09634      0.42841649      0.86338180     -0.17153306    
   145.55771      0.41678929      0.88952780     -0.15301354    
   146.00945      0.40597302      0.90533543     -0.14037502    
   146.58301      0.40008789      0.92086434     -0.13011338    
   147.03491      0.40600032      0.93703151     -0.12573087    
   147.60600      0.42141682      0.96450448     -0.12660368    
   148.06233      0.43048364      0.99057263     -0.12954921    
   148.50493      0.42688346       1.0151865     -0.12895386    
   149.04149      0.40122825       1.0390472     -0.11713119    
   149.53152      0.35779506       1.0512493     -9.45671648E-02
   150.08556      0.29206643       1.0550839     -6.37904704E-02
   150.55177      0.24005330       1.0552992     -3.70865464E-02
   151.01271      0.20361231       1.0592508     -1.20190419E-02
   151.57442      0.17601421       1.0721167      1.29853114E-02
   152.05774      0.15382195       1.0786824      2.93986574E-02
   152.57739      0.12330927       1.0754797      3.97120267E-02
   153.00316      9.22283083E-02   1.0644114      4.11521010E-02
   153.51299      5.33004813E-02   1.0453210      3.52085307E-02
   154.01495      1.46270022E-02   1.0219582      1.87193677E-02
   154.58026     -2.53957156E-02  0.99293852     -7.69004226E-03
   155.03586     -5.41357920E-02  0.96595347     -3.09641473E-02
   155.60519     -8.51959810E-02  0.92829752     -5.73573336E-02
   156.06055     -0.10513456      0.89724529     -7.40660205E-02
   156.51578     -0.11932354      0.86861801     -8.60859752E-02
   157.08470     -0.12742993      0.84158534     -9.12798643E-02
   157.53973     -0.12539357      0.82964998     -8.50433707E-02
   158.10846     -0.11467969      0.82272959     -6.94530308E-02
   158.56342     -0.10370497      0.81806880     -5.58785647E-02
   159.01837     -9.87172723E-02  0.81040120     -4.77840565E-02
   159.58714     -9.95771214E-02  0.79342055     -5.11076488E-02
   160.04225     -0.10462572      0.77457356     -5.96177317E-02
   160.61131     -0.11226206      0.74538434     -7.71708935E-02
   161.06674     -0.11852007      0.72082710     -9.11747888E-02
   161.52234     -0.12079319      0.69701058     -0.10020985    
   162.09209     -0.11393958      0.66980910     -0.10288466    
   162.54810     -0.10344379      0.65112019     -9.63218883E-02
   163.00429     -8.94873664E-02  0.63737190     -8.54525864E-02
   163.57474     -7.21349716E-02  0.62778592     -6.97059482E-02
   164.03125     -6.06244728E-02  0.62566823     -5.92918620E-02
   164.60199     -5.03780879E-02  0.62722313     -5.12963384E-02
   165.05867     -4.43281755E-02  0.62987566     -4.78625298E-02
   165.51541     -3.93870547E-02  0.63283682     -4.60108928E-02
   166.08638     -3.51633318E-02  0.63650668     -4.50807214E-02
   166.54323     -3.40050980E-02  0.63911039     -4.45700623E-02
   167.00014     -3.46869007E-02  0.64127308     -4.38625962E-02
   167.57146     -3.63379642E-02  0.64352381     -4.19021025E-02
   168.02864     -3.55450511E-02  0.64497089     -3.91294137E-02
   168.60037     -3.07395682E-02  0.64637399     -3.50301117E-02
   169.05797     -2.34093592E-02  0.64723301     -3.15304883E-02
   169.51572     -1.26366783E-02  0.64795029     -2.76193246E-02
   170.08809      5.99676836E-03  0.64908278     -2.17661932E-02
   170.54613      2.17998158E-02  0.64986062     -1.60572901E-02
   171.00423      3.33329104E-02  0.64920390     -1.00137070E-02
   171.57689      3.86608914E-02  0.64518189     -3.83725017E-03
   172.03500      3.62160504E-02  0.63976967     -8.81135464E-04
   172.60757      2.85696238E-02  0.63202995      8.31425190E-04
   173.06560      2.17417777E-02  0.62631309      6.28605485E-04
   173.52361      1.56652816E-02  0.62170702     -7.12707639E-04
   174.09618      1.15120746E-02  0.61714959     -4.18867916E-03
   174.55434      1.09474119E-02  0.61302984     -7.17305392E-03
   175.01251      1.25889154E-02  0.60750663     -8.55261832E-03
   175.58504      1.74927078E-02  0.59686667     -6.16062433E-03
   176.04291      2.27683038E-02  0.58645451     -7.09012151E-04
   176.50061      2.89047081E-02  0.57507187      7.26369768E-03
   177.07251      3.76594812E-02  0.55954754      1.81726888E-02
   177.52980      4.45015728E-02  0.54724389      2.56364197E-02
   178.10117      5.18270358E-02  0.53281701      3.08266282E-02
   178.55803      5.70273735E-02  0.52198255      3.12893391E-02
   179.01469      6.17974065E-02  0.51204026      2.96915919E-02
   179.58530      6.69630021E-02  0.50095201      2.49350592E-02
   180.04160      6.99391216E-02  0.49289513      1.89530700E-02
   180.61182      7.27648810E-02  0.48403144      8.75864923E-03
   181.06787      7.43455738E-02  0.47816807     -1.79350376E-04
   181.52380      7.50544295E-02  0.47228783     -7.95166194E-03
   182.09352      7.59177133E-02  0.46326548     -1.50598213E-02
   182.54913      7.77329206E-02  0.45406425     -1.82524025E-02
   183.00459      8.34344625E-02  0.44254535     -1.83338895E-02
   183.57365      9.51152518E-02  0.42490578     -1.52447671E-02
   184.02872      0.10831618      0.40800065     -1.17348954E-02
   184.59737      0.13041098      0.38268742     -8.12745839E-03
   185.05215      0.15283617      0.35915896     -6.83519989E-03
   185.50690      0.18159677      0.33235288     -7.31950998E-03
   186.07530      0.22741771      0.29359034     -1.02052689E-02
   186.53006      0.27227643      0.25732195     -1.34927481E-02
   187.09862      0.33808929      0.20412502     -1.76204294E-02
   187.55354      0.39845926      0.15469791     -2.06175297E-02
   188.00813      0.46663898      9.81555283E-02 -2.19848156E-02
   188.57570      0.56731027      1.53396800E-02 -1.81905329E-02
   189.02924      0.66059649     -6.30818903E-02 -1.00246817E-02
   189.59560      0.79449683     -0.17822532      3.50072980E-03
   190.04829      0.92372280     -0.28028423      1.51245147E-02
   190.50072       1.0781610     -0.39748695      2.64332518E-02
   191.06595       1.3124166     -0.57136774      4.16813865E-02
   191.51794       1.5297555     -0.73310065      5.45435771E-02
   192.08282       1.8581325     -0.95811367      6.96687624E-02
   192.53465       2.1811557      -1.1590950      7.81619847E-02
   193.09933       2.6612101      -1.4377201      8.73941630E-02
   193.55106       3.0969052      -1.6814723      9.53302085E-02
   194.00275       3.5679164      -1.9384683      0.10452314    
   194.55800       4.1802106      -2.2609921      0.11831440    
   195.06509       4.7524505      -2.5341241      0.13298140    
   195.51509       5.2437644      -2.7708039      0.13306028    
   196.06335       5.7996368      -2.9823363      0.13256535    
   196.57037       6.2192163      -3.0778961      0.13582772    
   197.05713       6.5344219      -3.1099184      0.13945392    
   197.52159       6.7352991      -3.0700355      0.14003086    
   198.05736       6.8911867      -2.9796965      0.13344552    
   198.53928       6.9181457      -2.8152506      0.11694618    
   199.06447       6.8753881      -2.5382626      7.23313317E-02
   199.52702       6.8616529      -2.2130189      3.46687771E-02
   200.06082       6.8646178      -1.7321873      2.31674016E-02
   200.52486       6.8957272      -1.2088193      5.46523295E-02
   201.00836       6.9952326     -0.56642878      0.14381650    
   201.53868       6.9931502      0.10693716      0.25255993    
   202.06763       6.7634945      0.65788686      0.31760892    
   202.57445       6.5452409       1.1781994      0.37295091    
   203.02087       6.3781509       1.6735384      0.38976917    
   203.58592       6.0642509       2.2406602      0.30434752    
   204.05768       5.5348024       2.5162532      0.21317819    
   204.53415       4.9066887       2.6483376      0.16849642    
   205.02100       4.3383694       2.8722951      0.19064569    
   205.58678       3.8614821       3.1403961      0.24245527    
   206.10188       3.6042337       3.4056270      0.33091193    
   206.53093       3.4938960       3.6316328      0.38796952    
   207.07907       3.3307085       3.9153852      0.36880261    
   207.52036       3.1048162       4.1472058      0.32026669    
   208.05061       2.6891158       4.4168134      0.28891832    
   208.58556       2.1959629       4.6699891      0.28094992    
   209.05405       1.7355736       4.8845577      0.28640455    
   209.53027       1.2696362       5.0839281      0.29979083    
   210.05080      0.76966560       5.2460814      0.29399541    
   210.50317      0.31093609       5.3313980      0.26113179    
   211.05940     -0.26804388       5.4308295      0.17662245    
   211.53110     -0.75749403       5.5530095      7.83137456E-02
   212.05405      -1.2754110       5.7729816     -9.00133923E-02
   212.57835      -1.7822015       6.1114078     -0.31783518    
   213.05884      -2.3572769       6.4145947     -0.56156546    
   213.58380      -3.1529279       6.7652941     -0.85982198    
   214.02679      -3.9486585       7.3639860      -1.1503291    
   214.55882      -4.9922528       9.5412321      -1.4825631    
   215.04926      -5.4857192       8.1691933     -0.63936424    
   215.50475      -5.5861712       6.6058769     -8.84996355E-02
   216.08000      -5.6198673       5.2020411     -0.24769127    
   216.56850      -5.4984312       1.4073899      -1.1474348    
   217.01120      -5.0063233      -1.9167941     -0.78497672    
   217.59718      -3.9312460      -3.9117680     -0.62175244    
   218.09695      -3.2941408      -3.9577780      8.31189081E-02
   218.51784      -2.9809542      -3.4531994      3.78769860E-02
   219.07486      -2.7904222      -2.8146169      1.32025741E-02
   219.52748      -2.5860963      -1.9446480      0.11103844    
   220.02795      -2.2796204      -2.0843334      0.17809066    
   220.56204      -2.0156732      -1.9992445      0.23102981    
   221.00104      -1.8866490      -2.0167091      0.27751023    
   221.54613      -1.7099187      -2.0083737      0.37875211    
   222.10612      -1.4964083      -1.9318016      0.52250463    
   222.56134      -1.2244925      -1.8299868      0.63774979    
   223.00381     -0.86481762      -1.6757283      0.74102551    
   223.57352     -0.30754137      -1.3723119      0.83297247    
   224.02953      0.15175712      -1.0540844      0.82030082    
   224.58531      0.67571640     -0.61332172      0.67142916    
   225.04138      0.90998197     -0.30489418      0.49451476    
   225.61139      0.94222677     -2.49968730E-02  0.31883860    
   226.05313      0.81522715      0.14486894      0.24786273    
   226.56982      0.58047140      0.29283851      0.21714315    
   227.09438      0.33900940      0.41842735      0.25402880    
   227.51521      0.16406697      0.52798563      0.30773410    
   228.08539      1.94767602E-02  0.68927407      0.36741978    
   228.51570     -3.32033485E-02  0.80976838      0.39421380    
   229.01878     -7.79528469E-02  0.94331604      0.41374624    
   229.58723     -0.13181871       1.0628231      0.42451593    
   230.03476     -0.19448879       1.1311431      0.42243329    
   230.60602     -0.28921306       1.1943280      0.40041351    
   231.05811     -0.36646771       1.2296202      0.36325487    
   231.50717     -0.44748724       1.2570381      0.31134272    
   232.01602     -0.53920579       1.2773967      0.24131589    
   232.58264     -0.65729028       1.2695611      0.16908398    
   233.03319     -0.76449907       1.2200038      0.13082039    
   233.52217     -0.89094043       1.1173787      0.11501653    
   234.09470      -1.0467321      0.94161737      0.13097723    
   234.55185      -1.1566370      0.77472317      0.15992835    
   235.00992      -1.2436171      0.59512091      0.19677831    
   235.57393      -1.3127269      0.36660013      0.24811110    
   236.04901      -1.3418889      0.16952562      0.28512689    
   236.50539      -1.3471439     -1.98409408E-02  0.30578709    
   237.00331      -1.3383455     -0.22814292      0.30502048    
   237.59187      -1.3070226     -0.45794910      0.27928647    
   238.07948      -1.2558508     -0.62128222      0.24661142    
   238.59378      -1.1774795     -0.76416528      0.20199707    
   239.05177      -1.1073577     -0.85763425      0.16197175    
   239.59361      -1.0258758     -0.91644394      0.12033027    
   240.00069     -0.96430123     -0.92037320      9.53724757E-02
   240.54062     -0.88707566     -0.88580239      6.54201135E-02
   241.00764     -0.82618582     -0.82201350      3.75137888E-02
   241.54401     -0.77145618     -0.72779387     -5.64615708E-03
   242.03525     -0.73910010     -0.63531733     -5.64738624E-02
   242.53752     -0.72356653     -0.54315424     -0.11348417    
   243.04701     -0.72201866     -0.45825863     -0.16291589    
   243.51421     -0.72692913     -0.38453406     -0.19384098    
   244.01746     -0.73165756     -0.30121198     -0.20517641    
   244.54987     -0.72728914     -0.19849218     -0.19556741    
   245.07614     -0.71717989     -8.15502629E-02 -0.17183155    
   245.53996     -0.69824374      2.74810307E-02 -0.15417114    
   246.05464     -0.67538702      0.14456522     -0.15552692    
   246.52803     -0.66632783      0.23794259     -0.18099011    
   247.05533     -0.66514963      0.32185003     -0.23878263    
   247.57243     -0.67662132      0.37759814     -0.32244027    
   248.05302     -0.70216686      0.40114290     -0.41389897    
   248.55647     -0.73731911      0.40619698     -0.51793540    
   249.09454     -0.77383143      0.40633902     -0.62795961    
   249.55356     -0.79729408      0.40284920     -0.71603417    
   250.01265     -0.81541938      0.39437789     -0.79641998    
