  0.11273042      1.65742643E-15  1.03497198E-15 -4.76743530E-19
  0.56771952      1.60792751E-15  1.17335366E-15 -7.28641275E-19
   1.0225676      1.55195664E-15  1.29500474E-15 -1.26829701E-18
   1.5908108      1.47142667E-15  1.42012231E-15 -2.38480224E-18
   2.0451236      1.39807193E-15  1.49723143E-15 -3.67314680E-18
   2.6127074      1.29868807E-15  1.56654635E-15 -5.79023203E-18
   3.0665996      1.21840343E-15  1.60405340E-15 -7.82511867E-18
   3.5204115      1.14178686E-15  1.62744781E-15 -9.71949379E-18
   4.0876346      1.04265267E-15  1.63057982E-15 -1.11265338E-17
   4.5414238      9.57195829E-16  1.60987527E-15 -1.14864037E-17
   5.1087065      8.36163079E-16  1.54884474E-15 -1.11699442E-17
   5.5625720      7.27549739E-16  1.47222373E-15 -1.15177671E-17
   6.0164661      6.12558028E-16  1.37290764E-15 -1.37100678E-17
   6.5838690      4.64789954E-16  1.22043408E-15 -2.08455073E-17
   7.0377955      3.47483249E-16  1.07881864E-15 -3.10829593E-17
   7.6052070      2.06173166E-16  8.80526324E-16 -4.93272019E-17
   8.0591211      9.93250289E-17  7.07835682E-16 -6.66973330E-17
   8.5130253     -9.04785043E-19  5.25651865E-16 -8.43816340E-17
   9.0803757     -1.13836014E-16  2.93316339E-16 -1.03177414E-16
   9.5342360     -1.86818185E-16  1.14891099E-16 -1.13406237E-16
   10.101531     -2.39476225E-16 -8.19180717E-17 -1.18827235E-16
   10.555342     -2.41628774E-16 -2.06938275E-16 -1.18132032E-16
   11.009133     -1.94967794E-16 -2.95390141E-16 -1.15112717E-16
   11.576332     -1.04240891E-16 -3.67626169E-16 -1.09987122E-16
   12.030070     -1.10050938E-17 -4.05981356E-16 -1.05394444E-16
   12.597208      1.22559566E-16 -4.44418282E-16 -9.95215273E-17
   13.050895      2.28474591E-16 -4.76168677E-16 -9.47028892E-17
   13.504553      3.31498679E-16 -5.16765007E-16 -9.01729107E-17
   14.071603      4.53222660E-16 -5.84567454E-16 -8.84457907E-17
   14.525217      5.51722322E-16 -6.52189747E-16 -9.35914232E-17
   15.092206      6.86517239E-16 -7.49371001E-16 -1.11195481E-16
   15.545775      8.15765202E-16 -8.31915156E-16 -1.35623792E-16
   16.112707      1.01770013E-15 -9.34535792E-16 -1.77159416E-16
   16.566236      1.21806557E-15 -1.01398378E-15 -2.15647097E-16
   17.019741      1.45473790E-15 -1.09231018E-15 -2.54634039E-16
   17.586597      1.79837970E-15 -1.19288010E-15 -2.99082146E-16
   18.040064      2.10607670E-15 -1.28107571E-15 -3.29416010E-16
   18.606867      2.52698219E-15 -1.41034046E-15 -3.62797129E-16
   19.060299      2.89404964E-15 -1.53447928E-15 -3.91128501E-16
   19.513704      3.29321010E-15 -1.68184173E-15 -4.25961461E-16
   20.080450      3.85022130E-15 -1.90465861E-15 -4.82733394E-16
   20.533821      4.35437573E-15 -2.11945368E-15 -5.39705518E-16
   21.100523      5.07527573E-15 -2.44307066E-15 -6.24925344E-16
   21.553862      5.73869565E-15 -2.75421911E-15 -7.04717118E-16
   22.007195      6.49356421E-15 -3.11991161E-15 -7.96969912E-16
   22.573837      7.58999797E-15 -3.66668620E-15 -9.35299286E-16
   23.027140      8.61288681E-15 -4.18833652E-15 -1.06953559E-15
   23.593752      1.01112881E-14 -4.96712699E-15 -1.27335490E-15
   24.047028      1.15194795E-14 -5.71156646E-15 -1.46959941E-15
   24.500294      1.31497571E-14 -6.58555115E-15 -1.69944011E-15
   25.066856      1.55603544E-14 -7.89701099E-15 -2.04153321E-15
   25.520096      1.78448260E-14 -9.15640075E-15 -2.36737302E-15
   26.086632      2.12392393E-14 -1.10505943E-14 -2.85464905E-15
   26.539846      2.44696451E-14 -1.28739530E-14 -3.32182139E-15
   27.106359      2.92880107E-14 -1.56247492E-14 -4.02346664E-15
   27.559551      3.38899170E-14 -1.82815900E-14 -4.69717039E-15
   28.012745      3.92879360E-14 -2.14289256E-14 -5.49038794E-15
   28.579214      4.73809292E-14 -2.61979295E-14 -6.68468322E-15
   29.032389      5.51510775E-14 -3.08209269E-14 -7.83724688E-15
   29.598843      6.68458209E-14 -3.78389811E-14 -9.58319185E-15
   30.051998      7.81175119E-14 -4.46535577E-14 -1.12777278E-14
   30.505152      9.14472152E-14 -5.27596901E-14 -1.32938814E-14
   31.071575      1.11612041E-13 -6.50959863E-14 -1.63623726E-14
   31.524714      1.31134226E-13 -7.71042030E-14 -1.93475742E-14
   32.091122      1.60739545E-13 -9.54085647E-14 -2.38920483E-14
   32.544243      1.89461267E-13 -1.13251503E-13 -2.83146292E-14
   33.110641      2.33102708E-13 -1.40485375E-13 -3.50536759E-14
   33.563751      2.75518161E-13 -1.67063127E-13 -4.16216405E-14
   34.016857      3.26016883E-13 -1.98813026E-13 -4.94612286E-14
   34.583233      4.02941515E-13 -2.47349802E-13 -6.14380237E-14
   35.036331      4.77881081E-13 -2.94791454E-13 -7.31388284E-14
   35.602699      5.92191443E-13 -3.67389821E-13 -9.10362280E-14
   36.055794      7.03691445E-13 -4.38412598E-13 -1.08538138E-13
   36.508884      8.36834020E-13 -5.23422668E-13 -1.29480736E-13
   37.075237      1.04029296E-12 -6.53629820E-13 -1.61551355E-13
   37.528324      1.23909747E-12 -7.81101800E-13 -1.92945540E-13
   38.094673      1.54322529E-12 -9.76421418E-13 -2.41047633E-13
   38.547756      1.84066412E-12 -1.16770981E-12 -2.88153832E-13
   39.000828      2.19658601E-12 -1.39686862E-12 -3.44579156E-13
   39.567177      2.74162485E-12 -1.74821312E-12 -4.31072306E-13
   40.020252      3.27510154E-12 -2.09249393E-12 -5.15805118E-13
   40.586594      4.09241347E-12 -2.62052836E-12 -6.45725931E-13
   41.039669      4.89272858E-12 -3.13811650E-12 -7.73041624E-13
   41.606007      6.11929778E-12 -3.93214454E-12 -9.68308550E-13
   42.059082      7.32078981E-12 -4.71060040E-12 -1.15971284E-12
   42.512150      8.76039519E-12 -5.64393237E-12 -1.38917610E-12
   43.078487      1.09678447E-11 -7.07592925E-12 -1.74121535E-12
   43.531563      1.31311463E-11 -8.47995025E-12 -2.08635930E-12
   44.097900      1.64490678E-11 -1.06341984E-11 -2.61589621E-12
   44.550980      1.97012528E-11 -1.27464966E-11 -3.13508291E-12
   45.004051      2.35997541E-11 -1.52793056E-11 -3.75758365E-12
   45.570404      2.95803798E-11 -1.91660472E-11 -4.71277227E-12
   46.023476      3.54432664E-11 -2.29773180E-11 -5.64935165E-12
   46.589828      4.44382621E-11 -2.88260943E-11 -7.08655920E-12
   47.042908      5.32570828E-11 -3.45614717E-11 -8.49586027E-12
   47.609257      6.67880196E-11 -4.33628272E-11 -1.06585001E-11
   48.062340      8.00549835E-11 -5.19936316E-11 -1.27791900E-11
   48.515427      9.59627586E-11 -6.23433735E-11 -1.53221984E-11
   49.081791      1.20372184E-10 -7.82258286E-11 -1.92245161E-11
   49.534885      1.44306608E-10 -9.38003841E-11 -2.30510801E-11
   50.101250      1.81032772E-10 -1.17700349E-10 -2.89229786E-11
   50.554352      2.17045354E-10 -1.41137088E-10 -3.46809387E-11
   51.007446      2.60227589E-10 -1.69240871E-10 -4.15853879E-11
   51.573837      3.26492278E-10 -2.12368539E-10 -5.21807250E-11
   52.026939      3.91468108E-10 -2.54658378E-10 -6.25701990E-11
   52.593330      4.91176044E-10 -3.19554883E-10 -7.85133694E-11
   53.046448      5.88946114E-10 -3.83190812E-10 -9.41468015E-11
   53.612846      7.38977324E-10 -4.80842755E-10 -1.18136834E-10
   54.065975      8.86095197E-10 -5.76598880E-10 -1.41661058E-10
   54.519108      1.06250897E-09 -6.91422919E-10 -1.69869618E-10
   55.085529      1.33322053E-09 -8.67622862E-10 -2.13156076E-10
   55.538670      1.59867442E-09 -1.04039999E-09 -2.55601651E-10
   56.105099      2.00601691E-09 -1.30552702E-09 -3.20734439E-10
   56.558254      2.40545228E-09 -1.56550528E-09 -3.84602211E-10
   57.011406      2.88441893E-09 -1.87724525E-09 -4.61186145E-10
   57.577862      3.61941477E-09 -2.35561837E-09 -5.78706250E-10
   58.031025      4.34011360E-09 -2.82468182E-09 -6.93939128E-10
   58.597492      5.44605383E-09 -3.54446805E-09 -8.70766292E-10
   59.050667      6.53048460E-09 -4.25024460E-09 -1.04415165E-09
   59.503853      7.83086840E-09 -5.09655829E-09 -1.25206179E-09
   60.070332      9.82627224E-09 -6.39518216E-09 -1.57108981E-09
   60.523521      1.17828787E-08 -7.66853248E-09 -1.88390881E-09
   61.090008      1.47851891E-08 -9.62238378E-09 -2.36390285E-09
   61.543190      1.77289863E-08 -1.15381145E-08 -2.83453261E-09
   62.109642      2.22457821E-08 -1.44774379E-08 -3.55662189E-09
   62.562763      2.66740621E-08 -1.73590848E-08 -4.26454116E-09
   63.015820      3.19828004E-08 -2.08136015E-08 -5.11319165E-09
   63.581921      4.01243270E-08 -2.61113335E-08 -6.41464837E-09
   64.034485      4.80996682E-08 -3.13007646E-08 -7.68949171E-09
   64.599731      6.03219306E-08 -3.92533366E-08 -9.64312097E-09
   65.051582      7.22897369E-08 -4.70400323E-08 -1.15559953E-08
   65.503128      8.66205312E-08 -5.63638309E-08 -1.38464600E-08
   66.067162      1.08573779E-07 -7.06461947E-08 -1.73550205E-08
   66.518112      1.30063171E-07 -8.46260804E-08 -2.07892477E-08
   67.081421      1.62973762E-07 -1.06034783E-07 -2.60483581E-08
   67.531792      1.95178586E-07 -1.26983068E-07 -3.11943360E-08
   68.094421      2.44488746E-07 -1.59055716E-07 -3.90729369E-08
   68.544289      2.92731642E-07 -1.90431919E-07 -4.67803645E-08
   69.106354      3.66584857E-07 -2.38460643E-07 -5.85783191E-08
   69.555771      4.38822468E-07 -2.85434709E-07 -7.01170464E-08
   70.005020      5.25247060E-07 -3.41629459E-07 -8.39206322E-08
   70.566383      6.57517319E-07 -4.27625253E-07 -1.05044194E-07
   71.015320      7.86869919E-07 -5.11715029E-07 -1.25699273E-07
   71.576332      9.84815870E-07 -6.40381074E-07 -1.57303177E-07
   72.025063      1.17838692E-06 -7.66188009E-07 -1.88204226E-07
   72.585876      1.47457934E-06 -9.58665623E-07 -2.35480172E-07
   73.029984      1.76102901E-06 -1.14478598E-06 -2.81193905E-07
   73.590706      2.20337006E-06 -1.43215277E-06 -3.51773764E-07
   74.039330      2.63592119E-06 -1.71311399E-06 -4.20779031E-07
   74.600090      3.29769819E-06 -2.14289571E-06 -5.26332542E-07
   75.048798      3.94484232E-06 -2.56309704E-06 -6.29531201E-07
   75.609795      4.93507332E-06 -3.20595063E-06 -7.87407089E-07
   76.058640      5.90322725E-06 -3.83434553E-06 -9.41728899E-07
   76.507683      7.06150104E-06 -4.58600061E-06 -1.12631676E-06
   77.069244      8.83426037E-06 -5.73616853E-06 -1.40876159E-06
   77.518639      1.05678228E-05 -6.86065277E-06 -1.68489146E-06
   78.048470      1.30525614E-05 -8.47351021E-06 -2.08061260E-06
   78.602119      1.62739107E-05 -1.05605486E-05 -2.59340140E-06
   79.014641      1.91796389E-05 -1.24440012E-05 -3.05586627E-06
   79.554306      2.37762670E-05 -1.54235586E-05 -3.78726349E-06
   80.067139      2.91587057E-05 -1.89139064E-05 -4.64349750E-06
   80.524811      3.49803158E-05 -2.26872689E-05 -5.56931991E-06
   81.053589      4.31640874E-05 -2.79891246E-05 -6.87037846E-06
   81.564354      5.28774035E-05 -3.42783860E-05 -8.41406745E-06
   82.063629      6.44757820E-05 -4.17816846E-05 -1.02565846E-05
   82.549644      7.81978597E-05 -5.06590841E-05 -1.24358667E-05
   83.020416      9.42604529E-05 -6.10492716E-05 -1.49861253E-05
   83.522820      1.15046540E-04 -7.44995341E-05 -1.82854765E-05
   84.053658      1.41995042E-04 -9.18915030E-05 -2.25604545E-05
   84.549942      1.72853746E-04 -1.11852860E-04 -2.74555387E-05
   85.027672      2.08857964E-04 -1.35132592E-04 -3.31650226E-05
   85.525734      2.54378770E-04 -1.64513214E-04 -4.03802842E-05
   86.027512      3.10248346E-04 -2.00561102E-04 -4.92331674E-05
   86.590935      3.87685606E-04 -2.50590994E-04 -6.15020981E-05
   87.029121      4.61003976E-04 -2.97941384E-04 -7.31154287E-05
   87.559258      5.68429183E-04 -3.67228989E-04 -9.01252570E-05
   88.067757      6.94853021E-04 -4.48787381E-04 -1.10139881E-04
   88.585281      8.52357945E-04 -5.50331548E-04 -1.35069175E-04
   89.036705      1.01856445E-03 -6.57492375E-04 -1.61372343E-04
   89.556389      1.25033013E-03 -8.06812954E-04 -1.98044843E-04
   90.083794      1.53940031E-03 -9.93147027E-04 -2.43784685E-04
   90.522835      1.83030637E-03 -1.18047418E-03 -2.89810181E-04
   91.066666      2.26786127E-03 -1.46226143E-03 -3.59042024E-04
   91.547646      2.74117943E-03 -1.76688936E-03 -4.33936482E-04
   92.020836      3.30304075E-03 -2.12900806E-03 -5.22871618E-04
   92.527176      4.03238088E-03 -2.59777158E-03 -6.38315454E-04
   93.040657      4.93666483E-03 -3.17926402E-03 -7.81515031E-04
   93.570419      6.08273316E-03 -3.91690806E-03 -9.63119557E-04
   94.013809      7.24433968E-03 -4.66389675E-03 -1.14728650E-03
   94.539070      8.91123526E-03 -5.73607348E-03 -1.41178782E-03
   95.091621      1.10813864E-02 -7.13092647E-03 -1.75650010E-03
   95.545456      1.32551286E-02 -8.52827635E-03 -2.10222416E-03
   96.112778      1.65842026E-02 -1.06677879E-02 -2.63253390E-03
   96.566650      1.98433548E-02 -1.27617400E-02 -3.15267802E-03
   97.014771      2.36931108E-02 -1.52343288E-02 -3.76830902E-03
   97.544777      2.92289741E-02 -1.87882595E-02 -4.65588598E-03
   98.112152      3.66103165E-02 -2.35237051E-02 -5.84351923E-03
   98.566078      4.38517220E-02 -2.81656887E-02 -7.01324921E-03
   99.001091      5.21497801E-02 -3.34892496E-02 -8.35946947E-03
   99.542236      6.47327304E-02 -4.15294915E-02 -1.04116257E-02
   100.10968      8.12653154E-02 -5.20861298E-02 -1.31288497E-02
   100.55460      9.71984714E-02 -6.22416288E-02 -1.57697368E-02
   101.08748      0.12056234     -7.71010816E-02 -1.96817163E-02
   101.52034      0.14375475     -9.17885676E-02 -2.36111544E-02
   102.08784      0.18134367     -0.11551654     -3.00798994E-02
   102.54187      0.21873415     -0.13901140     -3.66404988E-02
   103.10939      0.27721614     -0.17555684     -4.71727178E-02
   103.56343      0.33598432     -0.21203823     -5.81268072E-02
   104.01749      0.40852508     -0.25672877     -7.22229481E-02
   104.58506      0.52492565     -0.32758683     -9.63656008E-02
   105.03915      0.64616734     -0.40017143     -0.12371236    
   105.60675      0.84895951     -0.51896489     -0.17584749    
   106.06085       1.0733707     -0.64610994     -0.24580269    
   106.51496       1.3904798     -0.79685032     -0.37357712    
   107.08263       2.1454363     -0.91535056     -0.76722109    
   107.53677       3.8086195     -0.64763987      -1.4103576    
   108.10446       7.6203895      0.10438634      -2.1478300    
   108.55863       9.3577967      0.12876567     -0.63297266    
   109.01280       9.4764843     -3.31064574E-02  0.18832299    
   109.58054       8.2890148     -0.13707435      0.48927301    
   110.03474       7.5616932     -0.13106306      0.49948388    
   110.60250       6.8739161     -3.33423428E-02  0.42555535    
   111.05674       6.3895550      0.13366520      0.33739111    
   111.51097       5.9823046      0.29151779      0.28382885    
   112.07880       5.5302463      0.46824825      0.26070574    
   112.53306       5.1477499      0.62058836      0.24649350    
   113.06913       4.6718950      0.75959659      0.23308146    
   113.57185       4.2329459      0.88214582      0.21879214    
   114.08277       3.8383987      0.97872764      0.21025819    
   114.52990       3.5326142       1.0489559      0.21310434    
   115.07253       3.1927507       1.1260077      0.22698694    
   115.56587       2.9024606       1.2030762      0.23954177    
   116.03012       2.6559281       1.2955571      0.24853474    
   116.55170       2.4362137       1.4280227      0.26124918    
   117.09390       2.2361560       1.5944405      0.28055304    
   117.50079       2.0900092       1.7323382      0.29551297    
   118.06371       1.9125606       1.9628990      0.30922902    
   118.57147       1.8621027       2.2595985      0.31260854    
   119.09225       1.9499435       2.6623852      0.31681257    
   119.55916       2.0574760       3.0620658      0.33222914    
   120.00833       2.0642760       3.3992605      0.36760199    
   120.57141       1.8735368       3.7030470      0.42863631    
   121.02556       1.6140347       3.8114829      0.46485537    
   121.59370       1.1817787       3.7539587      0.49908632    
   122.04821      0.69780707       3.5762744      0.50565791    
   122.50274      0.22025590       3.2861929      0.46846688    
   123.07092     -0.36092699       2.8025167      0.37995151    
   123.52547     -0.76077479       2.3999462      0.30649394    
   124.09369      -1.1300931       1.9495606      0.23361398    
   124.54827      -1.3222650       1.6556921      0.19761434    
   125.09406      -1.3855633       1.4123070      0.17467684    
   125.55219      -1.3470020       1.2888662      0.16948482    
   126.04717      -1.2666154       1.2024409      0.15613768    
   126.60718      -1.1846313       1.1372865      0.12119684    
   127.05280      -1.1610017       1.0847818      7.49676600E-02
   127.50592      -1.1939118       1.0248717      1.48103163E-02
   128.07426      -1.2675471      0.94003570     -9.69462991E-02
   128.52896      -1.3238757      0.87605196     -0.19956931    
   129.09735      -1.3380284      0.82089341     -0.33568937    
   129.55208      -1.2971212      0.78848988     -0.43415037    
   130.00681      -1.2194728      0.76201010     -0.51212037    
   130.57526      -1.0876247      0.73130882     -0.57048094    
   131.03004     -0.96717805      0.70746481     -0.58246428    
   131.59857     -0.81848741      0.67497396     -0.54158801    
   132.05341     -0.72170407      0.64807302     -0.46357584    
   132.50826     -0.64754850      0.62810487     -0.35677296    
   133.07692     -0.57144034      0.61449158     -0.20386864    
   133.53189     -0.51769280      0.61353695     -8.34523737E-02
   134.10069     -0.46331745      0.62758052      4.29052189E-02
   134.55585     -0.43267292      0.64641392      0.11596172    
   135.01115     -0.41661215      0.66795027      0.16244142    
   135.58057     -0.40636897      0.69811493      0.18984951    
   136.03642     -0.38720018      0.72364378      0.19714510    
   136.60681     -0.33303067      0.75719571      0.19976544    
   137.06377     -0.26128244      0.78861189      0.20379212    
   137.52155     -0.16263609      0.82365811      0.21103550    
   138.09309     -1.93559565E-02  0.87075794      0.22396944    
   138.54726      8.52891728E-02  0.91116750      0.22917157    
   139.00862      0.16454723      0.94589353      0.23202500    
   139.59102      0.22089452      0.96897513      0.22570828    
   140.05928      0.24868777      0.96661603      0.20456053    
   140.52754      0.27047312      0.95172262      0.16272359    
   141.11293      0.30256268      0.92855042      8.66070241E-02
   141.58136      0.33789137      0.91748333      2.01749280E-02
   142.04996      0.37619483      0.91438270     -3.74702364E-02
   142.51881      0.40356922      0.92192626     -7.46834800E-02
   143.10545      0.41679284      0.94170260     -9.02805477E-02
   143.57541      0.41049388      0.96200085     -8.37901086E-02
   144.04617      0.39828253      0.98238212     -6.41922057E-02
   144.51489      0.38290274       1.0015349     -3.90752405E-02
   145.09634      0.36780190       1.0263721     -9.03461874E-03
   145.55771      0.36704642       1.0457475      8.43458623E-03
   146.00945      0.37056455       1.0627590      1.91106871E-02
   146.58301      0.37649828       1.0797490      2.65043974E-02
   147.03491      0.38065350       1.0911756      2.99572423E-02
   147.60600      0.38633683       1.1074069      3.22610363E-02
   148.06233      0.38854182       1.1245031      3.34797576E-02
   148.50493      0.38377789       1.1442255      3.46804485E-02
   149.04149      0.36546046       1.1684121      3.80884707E-02
   149.53152      0.33631060       1.1856968      4.87554446E-02
   150.08556      0.29067612       1.1946584      7.03782588E-02
   150.55177      0.24437800       1.1959711      9.09512788E-02
   151.01271      0.19900942       1.1969317      0.10968494    
   151.57442      0.15627053       1.2002324      0.12624474    
   152.05774      0.13489370       1.2022727      0.13412490    
   152.57739      0.11619555       1.1982608      0.13572454    
   153.00316      9.56819728E-02   1.1888150      0.13222963    
   153.51299      6.32627904E-02   1.1713974      0.12446029    
   154.01495      2.68748235E-02   1.1490977      0.11283177    
   154.58026     -1.22242682E-02   1.1209457      9.35024172E-02
   155.03586     -3.98072228E-02   1.0978158      7.41305426E-02
   155.60519     -6.94019347E-02   1.0697335      4.96826842E-02
   156.06055     -8.91363472E-02   1.0478380      3.27754021E-02
   156.51578     -0.10625929       1.0267420      2.00918242E-02
   157.08470     -0.12491577       1.0031660      1.20602325E-02
   157.53973     -0.13224852      0.98865771      1.28725991E-02
   158.10846     -0.13016517      0.97467345      2.08578482E-02
   158.56342     -0.12136294      0.96718919      2.92519853E-02
   159.01837     -0.11273211      0.96042597      3.64418477E-02
   159.58714     -0.10490558      0.94783294      3.85039896E-02
   160.04225     -0.10150744      0.93250859      3.55269536E-02
   160.61131     -0.10367903      0.90851867      2.78034583E-02
   161.06674     -0.10641192      0.88759553      2.01261640E-02
   161.52234     -0.10683805      0.86696297      1.34881288E-02
   162.09209     -0.10270943      0.84397882      8.57867301E-03
   162.54810     -9.75700393E-02  0.82963777      7.89190829E-03
   163.00429     -9.08157825E-02  0.81851405      9.44762677E-03
   163.57474     -8.19491372E-02  0.81003278      1.38153955E-02
   164.03125     -7.58069754E-02  0.80636954      1.83326378E-02
   164.60199     -6.72527477E-02  0.80391991      2.33865827E-02
   165.05867     -6.05438873E-02  0.80286252      2.66343579E-02
   165.51541     -5.58138080E-02  0.80274624      2.90499106E-02
   166.08638     -5.32074310E-02  0.80413467      3.10568735E-02
   166.54323     -5.29118851E-02  0.80599785      3.22271883E-02
   167.00014     -5.37332855E-02  0.80791259      3.36729810E-02
   167.57146     -5.46814799E-02  0.80989760      3.63387018E-02
   168.02864     -5.35943918E-02  0.81107771      3.90528440E-02
   168.60037     -4.80194688E-02  0.81226516      4.32836488E-02
   169.05797     -3.91942076E-02  0.81322324      4.78902012E-02
   169.51572     -2.69687697E-02  0.81454420      5.33044785E-02
   170.08809     -8.67767632E-03  0.81732631      5.97526580E-02
   170.54613      6.57653203E-03  0.82044971      6.39177337E-02
   171.00423      2.04177201E-02  0.82310349      6.76427558E-02
   171.57689      3.08489799E-02  0.82360530      7.13332072E-02
   172.03500      3.15940306E-02  0.82095528      7.31593668E-02
   172.60757      2.44886912E-02  0.81433737      7.38251656E-02
   173.06560      1.58103518E-02  0.80836046      7.31640235E-02
   173.52361      6.62048161E-03  0.80282205      7.16234222E-02
   174.09618      5.11488004E-04  0.79658484      6.83944896E-02
   174.55434      9.47926077E-04  0.79180193      6.60407543E-02
   175.01251      5.37821185E-03  0.78671712      6.52027279E-02
   175.58504      1.44579979E-02  0.77884233      6.68951571E-02
   176.04291      2.15688124E-02  0.77044183      7.09312558E-02
   176.50061      2.94260420E-02  0.76041365      7.73769692E-02
   177.07251      3.94723862E-02  0.74682271      8.59008729E-02
   177.52980      4.65053879E-02  0.73586065      9.12614092E-02
   178.10117      5.39122000E-02  0.72262108      9.59779471E-02
   178.55803      5.85010350E-02  0.71256900      9.74836051E-02
   179.01469      6.17453009E-02  0.70324171      9.66215953E-02
   179.58530      6.42454997E-02  0.69356513      9.23343897E-02
   180.04160      6.55658171E-02  0.68748212      8.67201686E-02
   180.61182      6.67242259E-02  0.68076384      7.76285455E-02
   181.06787      6.75011277E-02  0.67490691      6.97216541E-02
   181.52380      6.94282725E-02  0.66786182      6.24514967E-02
   182.09352      7.43280575E-02  0.65655720      5.58705553E-02
   182.54913      7.99922943E-02  0.64448929      5.31981885E-02
   183.00459      8.80666822E-02  0.63063216      5.25939241E-02
   183.57365      0.10223095      0.61074287      5.38480654E-02
   184.02872      0.11825082      0.59265685      5.54859489E-02
   184.59737      0.14518100      0.56654835      5.70491552E-02
   185.05215      0.17223273      0.54130042      5.72598130E-02
   185.50690      0.20507044      0.51200306      5.63216284E-02
   186.07530      0.25714779      0.46937299      5.33910617E-02
   186.53006      0.30863357      0.42993516      5.00876904E-02
   187.09862      0.38398439      0.37380460      4.62272167E-02
   187.55354      0.45304888      0.32123065      4.41080928E-02
   188.00813      0.53193069      0.25987902      4.36991975E-02
   188.57570      0.64708775      0.17066547      4.60574925E-02
   189.02924      0.75446379      8.77094492E-02  4.98672426E-02
   189.59560      0.90869874     -3.64269167E-02  5.65692633E-02
   190.04829       1.0494260     -0.15157062      6.38292953E-02
   190.50072       1.2229830     -0.28365734      7.35554323E-02
   191.06595       1.4832379     -0.47275096      8.32945108E-02
   191.51794       1.7251334     -0.64402020      9.00713429E-02
   192.08282       2.0899594     -0.89021617      9.83969271E-02
   192.53465       2.4353266      -1.1122661      0.10484625    
   193.09933       2.9357157      -1.4119911      0.11309908    
   193.55106       3.3850875      -1.6627498      0.11760065    
   194.00275       3.8676863      -1.9171401      0.12100527    
   194.55800       4.4857044      -2.2233567      0.12523565    
   195.06509       5.0425854      -2.4780076      0.12923485    
   195.51509       5.4952579      -2.6762612      0.13101339    
   196.06335       5.9528866      -2.8745277      0.12805752    
   196.57037       6.2979407      -2.9558845      0.11785704    
   197.05713       6.5583887      -2.9665184      0.11139048    
   197.52159       6.7210159      -2.9206560      0.10497397    
   198.05736       6.8065495      -2.8019671      9.69951972E-02
   198.53928       6.7450948      -2.6067331      8.24311003E-02
   199.06447       6.6301670      -2.3700814      5.08108698E-02
   199.52702       6.5068879      -2.1067781      2.28503421E-02
   200.06082       6.3807392      -1.7025058      4.44871327E-03
   200.52486       6.3123808      -1.2699256      5.45554841E-03
   201.00836       6.3214664     -0.72665644      3.89193036E-02
   201.53868       6.3590508     -1.67354215E-02  0.11493316    
   202.06763       6.2847614      0.59200418      0.20486522    
   202.57445       6.0474916       1.0711284      0.26694876    
   203.02087       5.8086567       1.5337389      0.31570858    
   203.58592       5.5461564       2.1405721      0.28312272    
   204.05768       5.2825089       2.5375884      0.23076195    
   204.53415       4.7610955       2.7986286      0.17083608    
   205.02100       4.1367464       2.9880228      0.15116879    
   205.58678       3.5791538       3.1981869      0.19396877    
   206.10188       3.2833538       3.4448757      0.28624743    
   206.53093       3.1760709       3.6871245      0.37439132    
   207.07907       3.0551405       3.9698677      0.39491868    
   207.52036       2.8626010       4.1691723      0.33345771    
   208.05061       2.4792042       4.3750439      0.24464755    
   208.58556       2.0102837       4.5510235      0.18804674    
   209.05405       1.5957856       4.6936512      0.16593839    
   209.53027       1.1942583       4.8262396      0.16012347    
   210.05080      0.78205162       4.9303708      0.15253605    
   210.50317      0.40857244       4.9634395      0.13746217    
   211.05940     -8.55497643E-02   4.9379654      0.10902318    
   211.53110     -0.50181186       4.8925438      7.07322806E-02
   212.05405     -0.94579500       4.8500047      2.21181288E-02
   212.57835      -1.3381956       4.8387895     -3.33632939E-02
   213.05884      -1.6644404       4.8470306     -0.10697560    
   213.58380      -2.0902719       4.7823658     -0.22821684    
   214.02679      -2.5089464       4.6518993     -0.38396543    
   214.55882      -3.1173091       4.8288078     -0.54962027    
   215.04926      -3.8852816       3.9337559     -0.93337917    
   215.50475      -4.3839321       2.5922816     -0.96715248    
   216.08000      -4.3693018      0.95533556     -0.94071603    
   216.56850      -3.9881883     -0.94966060     -0.90644801    
   217.01120      -3.5736785      -2.3279521     -0.53629518    
   217.59718      -3.4141941      -3.2394722     -0.28653657    
   218.09695      -3.3610241      -3.1895597     -5.45285381E-02
   218.51784      -3.3025930      -2.9832318     -1.72506832E-02
   219.07486      -3.0947762      -2.7592654      6.01161346E-02
   219.52748      -2.9000854      -2.5188131      0.14228754    
   220.02795      -2.6643405      -2.4652419      0.20246752    
   220.56204      -2.3436797      -2.3110952      0.25149018    
   221.00104      -2.0817943      -2.1910174      0.29922691    
   221.54613      -1.7881753      -2.0455670      0.37820187    
   222.10612      -1.5022005      -1.9073198      0.49296549    
   222.56134      -1.2470032      -1.7930012      0.60560089    
   223.00381     -0.97068179      -1.6490114      0.71866667    
   223.57352     -0.59369516      -1.4090306      0.82761008    
   224.02953     -0.27511787      -1.1652312      0.83407599    
   224.58531      0.12828584     -0.78288102      0.72493422    
   225.04138      0.43846935     -0.43277776      0.57439840    
   225.61139      0.64860886     -2.15544030E-02  0.38298640    
   226.05313      0.64062506      0.22113630      0.28070363    
   226.56982      0.48876646      0.41605532      0.23905519    
   227.09438      0.22927263      0.53663403      0.27516448    
   227.51521      4.81693335E-02  0.59470272      0.34027863    
   228.08539     -0.11986911      0.66781759      0.43402529    
   228.51570     -0.19209325      0.74011511      0.48852140    
   229.01878     -0.22745541      0.83571255      0.51470900    
   229.58723     -0.23444681      0.94156945      0.51158941    
   230.03476     -0.25415051       1.0144423      0.49103218    
   230.60602     -0.30894846       1.0767010      0.44823015    
   231.05811     -0.37114346       1.1033833      0.40376043    
   231.50717     -0.44544125       1.1147928      0.35536653    
   232.01602     -0.52971983       1.1132519      0.30294576    
   232.58264     -0.61187935       1.0885441      0.25599450    
   233.03319     -0.66942203       1.0461410      0.23322621    
   233.52217     -0.73767447      0.96890390      0.22735640    
   234.09470     -0.83864295      0.83197129      0.24674705    
   234.55185     -0.92558992      0.68834341      0.27565074    
   235.00992      -1.0056844      0.52377272      0.30557284    
   235.57393      -1.0835204      0.30838072      0.34030348    
   236.04901      -1.1149114      0.12626812      0.36055470    
   236.50539      -1.1198133     -4.34684232E-02  0.36635706    
   237.00331      -1.1042842     -0.22025454      0.35888100    
   237.59187      -1.0687593     -0.41391391      0.32644674    
   238.07948      -1.0269239     -0.55514646      0.28727105    
   238.59378     -0.99324638     -0.68175173      0.24220906    
   239.05177     -0.97347921     -0.76632690      0.20574598    
   239.59361     -0.96258318     -0.82746661      0.17311858    
   240.00069     -0.94902182     -0.84109235      0.15625101    
   240.54062     -0.92167783     -0.81748223      0.13749939    
   241.00764     -0.89610130     -0.76575828      0.11909108    
   241.54401     -0.85919374     -0.68042666      8.89955536E-02
   242.03525     -0.82695287     -0.58656782      5.12494184E-02
   242.53752     -0.80235910     -0.48669654      4.82070725E-03
   243.04701     -0.78451180     -0.39230007     -4.35501039E-02
   243.51421     -0.77634805     -0.31274435     -8.04896504E-02
   244.01746     -0.78285861     -0.23332231     -0.11064836    
   244.54987     -0.79826063     -0.15202078     -0.13026160    
   245.07614     -0.80368704     -6.84464797E-02 -0.14115965    
   245.53996     -0.79790223      9.48804524E-03 -0.14659984    
   246.05464     -0.77932823      0.10093582     -0.15705562    
   246.52803     -0.75586599      0.18124062     -0.17660399    
   247.05533     -0.73311448      0.25711006     -0.21972728    
   247.57243     -0.71785891      0.31054619     -0.28874815    
   248.05302     -0.71712178      0.34044945     -0.36831221    
   248.55647     -0.73114121      0.35431224     -0.45763808    
   249.09454     -0.75801092      0.35390931     -0.55099970    
   249.55356     -0.77985430      0.34351778     -0.62353528    
   250.01265     -0.79135936      0.32854664     -0.68674564    
