  0.11273042      3.78528399E-13  2.42282106E-13 -4.26284069E-15
  0.56771952      3.93910382E-13  2.78949254E-13 -7.14495500E-15
   1.0225676      4.11926949E-13  3.17842649E-13 -1.34826232E-14
   1.5908108      4.39512847E-13  3.70228994E-13 -2.66364215E-14
   2.0451236      4.67220121E-13  4.15823056E-13 -4.15332035E-14
   2.6127074      5.11171617E-13  4.78596112E-13 -6.61981592E-14
   3.0665996      5.55600379E-13  5.34537204E-13 -9.15556422E-14
   3.5204115      6.10160251E-13  5.96775775E-13 -1.22975686E-13
   4.0876346      6.94390075E-13  6.85446708E-13 -1.74263680E-13
   4.5414238      7.76124499E-13  7.66941035E-13 -2.28431423E-13
   5.1087065      8.99203129E-13  8.84945329E-13 -3.17975138E-13
   5.5625720      1.01763042E-12  9.94896873E-13 -4.11433203E-13
   6.0164661      1.15771314E-12  1.12154589E-12 -5.28475972E-13
   6.5838690      1.37068005E-12  1.30846484E-12 -7.14289034E-13
   7.0377955      1.57909081E-12  1.48606182E-12 -8.99967384E-13
   7.6052070      1.90108411E-12  1.75205391E-12 -1.18637261E-12
   8.0591211      2.22089773E-12  2.00843313E-12 -1.46593761E-12
   8.5130253      2.60982165E-12  2.31273464E-12 -1.79804088E-12
   9.0803757      3.21539973E-12  2.77613826E-12 -2.30151011E-12
   9.5342360      3.81503683E-12  3.22801226E-12 -2.79032288E-12
   10.101531      4.73850386E-12  3.91772552E-12 -3.53597208E-12
   10.555342      5.64291322E-12  4.59020322E-12 -4.26548597E-12
   11.009133      6.72370883E-12  5.39236234E-12 -5.14028880E-12
   11.576332      8.37542188E-12  6.61665861E-12 -6.48366907E-12
   12.030070      9.99076516E-12  7.81240784E-12 -7.80156842E-12
   12.597208      1.24677785E-11  9.64328443E-12 -9.82351006E-12
   13.050895      1.48983274E-11  1.14375610E-11 -1.18050604E-11
   13.504553      1.78162606E-11  1.35900466E-11 -1.41799046E-11
   14.071603      2.22997645E-11  1.68961008E-11 -1.78228630E-11
   14.525217      2.67002167E-11  2.01405975E-11 -2.13948442E-11
   15.092206      3.34562690E-11  2.51221335E-11 -2.68771810E-11
   15.545775      4.00828502E-11  3.00086414E-11 -3.22545428E-11
   16.112707      5.02534334E-11  3.75093498E-11 -4.05083328E-11
   16.566236      6.02290787E-11  4.48672904E-11 -4.86036211E-11
   17.019741      7.21947710E-11  5.36944308E-11 -5.83125631E-11
   17.586597      9.05637024E-11  6.72480197E-11 -7.32142680E-11
   18.040064      1.08583163E-10  8.05465625E-11 -8.78302708E-11
   18.606867      1.36244571E-10  1.00964972E-10 -1.10265436E-10
   19.060299      1.63378144E-10  1.20997171E-10 -1.32272318E-10
   19.513704      1.95922889E-10  1.45027435E-10 -1.58668578E-10
   20.080450      2.45878151E-10  1.81917675E-10 -1.99186972E-10
   20.533821      2.94874625E-10  2.18103632E-10 -2.38927600E-10
   21.100523      3.70080577E-10  2.73651657E-10 -2.99924419E-10
   21.553862      4.43841075E-10  3.28136962E-10 -3.59745900E-10
   22.007195      5.32307698E-10  3.93490240E-10 -4.31490066E-10
   22.573837      6.68085587E-10  4.93801777E-10 -5.41594991E-10
   23.027140      8.01248512E-10  5.92188187E-10 -6.49571730E-10
   23.593752      1.00561903E-09  7.43195339E-10 -8.15276568E-10
   24.047028      1.20604415E-09  8.91294927E-10 -9.77771530E-10
   24.500294      1.44640544E-09  1.06891163E-09 -1.17263321E-09
   25.066856      1.81527438E-09  1.34150024E-09 -1.47165768E-09
   25.520096      2.17700524E-09  1.60882241E-09 -1.76487980E-09
   26.086632      2.73212364E-09  2.01907024E-09 -2.21483987E-09
   26.539846      3.27647554E-09  2.42136977E-09 -2.65605271E-09
   27.106359      4.11183354E-09  3.03874725E-09 -3.33310890E-09
   27.559551      4.93096408E-09  3.64414077E-09 -3.99698896E-09
   28.012745      5.91324190E-09  4.37011893E-09 -4.79307349E-09
   28.579214      7.42054995E-09  5.48414691E-09 -6.01463768E-09
   29.032389      8.89859031E-09  6.57655264E-09 -7.21245641E-09
   29.598843      1.11666232E-08  8.25285262E-09 -9.05045816E-09
   30.051998      1.33905766E-08  9.89658133E-09 -1.08527107E-08
   30.505152      1.60573776E-08  1.18676287E-08 -1.30138087E-08
   31.071575      2.01494537E-08  1.48921249E-08 -1.63298743E-08
   31.524714      2.41619809E-08  1.78578361E-08 -1.95814476E-08
   32.091122      3.03190220E-08  2.24086047E-08 -2.45707916E-08
   32.544243      3.63562442E-08  2.68708149E-08 -2.94630098E-08
   33.110641      4.56201761E-08  3.37179635E-08 -3.69699258E-08
   33.563751      5.47036052E-08  4.04317113E-08 -4.43305304E-08
   34.016857      6.55955290E-08  4.84821783E-08 -5.31565902E-08
   34.583233      8.23084463E-08  6.08350845E-08 -6.66995135E-08
   35.036331      9.86960131E-08  7.29475289E-08 -7.99787330E-08
   35.602699      1.23841261E-07  9.15330105E-08 -1.00354356E-07
   36.055794      1.48496895E-07  1.09756648E-07 -1.20333141E-07
   36.508884      1.78060645E-07  1.31608033E-07 -1.44288862E-07
   37.075237      2.23422944E-07  1.65136655E-07 -1.81046019E-07
   37.528324      2.67901555E-07  1.98012131E-07 -2.17086750E-07
   38.094673      3.36148020E-07  2.48455308E-07 -2.72385819E-07
   38.547756      4.03063865E-07  2.97915193E-07 -3.26606056E-07
   39.000828      4.83296731E-07  3.57218426E-07 -3.91616027E-07
   39.567177      6.06404683E-07  4.48212603E-07 -4.91364403E-07
   40.020252      7.27106794E-07  5.37428946E-07 -5.89161573E-07
   40.586594      9.12304301E-07  6.74317448E-07 -7.39211714E-07
   41.039669      1.09388088E-06  8.08530331E-07 -8.86324528E-07
   41.606007      1.37246900E-06  1.01445096E-06 -1.11202871E-06
   42.059082      1.64560333E-06  1.21634264E-06 -1.33330764E-06
   42.512150      1.97307395E-06  1.45839977E-06 -1.59859792E-06
   43.078487      2.47547905E-06  1.82976714E-06 -2.00558861E-06
   43.531563      2.96802227E-06  2.19384947E-06 -2.40457075E-06
   44.097900      3.72363706E-06  2.75239859E-06 -3.01661953E-06
   44.550980      4.46438298E-06  3.29996465E-06 -3.61658840E-06
   45.004051      5.35237632E-06  3.95638745E-06 -4.33577770E-06
   45.570404      6.71458292E-06  4.96337634E-06 -5.43895021E-06
   46.023476      8.04980937E-06  5.95044185E-06 -6.52018571E-06
   46.589828      1.00979105E-05  7.46453134E-06 -8.17853288E-06
   47.042908      1.21053035E-05  8.94856294E-06 -9.80375899E-06
   47.609257      1.51840941E-05  1.12247226E-05 -1.22961246E-05
   48.062340      1.82014264E-05  1.34555112E-05 -1.47384480E-05
   48.515427      2.18176137E-05  1.61291173E-05 -1.76651556E-05
   49.081791      2.73629303E-05  2.02291649E-05 -2.21525297E-05
   49.534885      3.27965681E-05  2.42467831E-05 -2.65488543E-05
   50.101250      4.11276451E-05  3.04070109E-05 -3.32883283E-05
   50.554352      4.92898216E-05  3.64426014E-05 -3.98899792E-05
   51.007446      5.90687268E-05  4.36739865E-05 -4.77978901E-05
   51.573837      7.40591277E-05  5.47597265E-05 -5.99176383E-05
   52.026939      8.87414426E-05  6.56182092E-05 -7.17856965E-05
   52.593330      1.11244008E-04  8.22611910E-05 -8.99707375E-05
   53.046448      1.33280075E-04  9.85600564E-05 -1.07774358E-04
   53.612846      1.67045975E-04  1.23536331E-04 -1.35047507E-04
   54.065975      2.00105365E-04  1.47991566E-04 -1.61742573E-04
   54.519108      2.39689529E-04  1.77275215E-04 -1.93698041E-04
   55.085529      3.00324144E-04  2.22134739E-04 -2.42631912E-04
   55.538670      3.59670084E-04  2.66044110E-04 -2.90510507E-04
   56.105099      4.50553081E-04  3.33292526E-04 -3.63807398E-04
   56.558254      5.39483910E-04  3.99101642E-04 -4.35505091E-04
   57.011406      6.45908935E-04  4.77862544E-04 -5.21279406E-04
   57.577862      8.08833865E-04  5.98447514E-04 -6.52541057E-04
   58.031025      9.68196546E-04  7.16406736E-04 -7.80883594E-04
   58.597492      1.21210259E-03  8.96961894E-04 -9.77233984E-04
   59.050667      1.45061931E-03  1.07354484E-03 -1.16916746E-03
   59.503853      1.73591473E-03  1.28478045E-03 -1.39865757E-03
   60.070332      2.17239978E-03  1.60799490E-03 -1.74961030E-03
   60.523521      2.59911083E-03  1.92400988E-03 -2.09255284E-03
   61.090008      3.25181568E-03  2.40745558E-03 -2.61688000E-03
   61.543190      3.88976745E-03  2.88004032E-03 -3.12911486E-03
   62.109642      4.86538373E-03  3.60287353E-03 -3.91208520E-03
   62.562763      5.81873767E-03  4.30932920E-03 -4.67680069E-03
   63.015820      6.95825182E-03  5.15387673E-03 -5.59040997E-03
   63.581921      8.69994238E-03  6.44500321E-03 -6.98603503E-03
   64.034485      1.04004713E-02  7.70591572E-03 -8.34787823E-03
   64.599731      1.29980259E-02  9.63249430E-03 -1.04267681E-02
   65.051582      1.55335627E-02  1.15136672E-02 -1.24546494E-02
   65.503128      1.85616352E-02  1.37610007E-02 -1.48748504E-02
   66.067162      2.31872555E-02  1.71954669E-02 -1.85688399E-02
   66.518112      2.77037639E-02  2.05506142E-02 -2.21724063E-02
   67.081421      3.46056521E-02  2.56809313E-02 -2.76733842E-02
   67.531792      4.13479991E-02  3.06962747E-02 -3.30407917E-02
   68.094421      5.16598709E-02  3.83735225E-02 -4.12381142E-02
   68.544289      6.17441013E-02  4.58889827E-02 -4.92414609E-02
   69.106354      7.71887824E-02  5.74136525E-02 -6.14750758E-02
   69.555771      9.23180580E-02  6.87188506E-02 -7.34312162E-02
   70.005020      0.11046236      8.22964087E-02 -8.77351016E-02
   70.566383      0.13834736      0.10320160     -0.10964867    
   71.015320      0.16577381      0.12380637     -0.13112655    
   71.576332      0.20808150      0.15567370     -0.16412164    
   72.025063      0.24988839      0.18726474     -0.19656673    
   72.585876      0.31477571      0.23650619     -0.24659482    
   73.029984      0.37867925      0.28526324     -0.29543537    
   73.590706      0.47978386      0.36294946     -0.37173185    
   74.039330      0.58169627      0.44192597     -0.44731700    
   74.600090      0.74379510      0.56885219     -0.56463975    
   75.048798      0.90982354      0.70037693     -0.68100911    
   75.609795       1.1786382      0.91612399     -0.86115009    
   76.058640       1.4586476       1.1439646      -1.0380437    
   76.507683       1.8151110       1.4373064      -1.2473087    
   77.069244       2.4017022       1.9237120      -1.5522814    
   77.518639       3.0072052       2.4270134      -1.8182178    
   78.048470       3.8739653       3.1481891      -2.1115689    
   78.602119       4.8818579       4.0084729      -2.3207736    
   79.014641       5.5502443       4.5733171      -2.3513551    
   79.554306       6.0925617       5.0188179      -2.2294409    
   80.067139       6.2877617       5.1589618      -1.9755466    
   80.524811       6.3006377       5.1427765      -1.7201329    
   81.053589       6.2335911       5.0798092      -1.4173164    
   81.564354       6.1740131       5.0251656      -1.0581205    
   82.063629       6.1221237       4.9755216     -0.64678931    
   82.549644       6.0612073       4.9187746     -0.22557344    
   83.020416       6.1006975       4.9294930      0.27416441    
   83.522820       6.3156338       5.0037422      0.98951137    
   84.053658       6.4063649       4.9037900       1.7435333    
   84.549942       6.2622619       4.7113914       2.2493088    
   85.027672       5.9804368       4.5009079       2.6046574    
   85.525734       5.5425181       4.2654171       2.8308346    
   86.027512       4.9511194       4.0290256       2.9648731    
   86.590935       4.2694111       3.7856059       3.1152534    
   87.029121       3.7175448       3.6214497       3.1535938    
   87.559258       2.9913249       3.4295020       3.0995209    
   88.067757       2.2885394       3.2373526       2.9652181    
   88.585281       1.6630048       3.0077462       2.8174906    
   89.036705       1.2075176       2.7845702       2.7106864    
   89.556389      0.76989651       2.5129287       2.6201134    
   90.083794      0.38845757       2.2483859       2.5498605    
   90.522835      0.10769977       2.0361097       2.4992237    
   91.066666     -0.19915393       1.7471464       2.4450850    
   91.547646     -0.44924253       1.4515650       2.3949423    
   92.020836     -0.71000421       1.1274127       2.3134770    
   92.527176      -1.0378002      0.75812042       2.1559787    
   93.040657      -1.4149230      0.41378364       1.9152365    
   93.570419      -1.7687867      0.12518574       1.6370866    
   94.013809      -1.9795678     -7.20993429E-02   1.4419248    
   94.539070      -2.1095610     -0.27601412       1.2366836    
   95.091621      -2.1713080     -0.45530841       1.0127325    
   95.545456      -2.2033734     -0.56183827      0.81200927    
   96.112778      -2.2134991     -0.65142912      0.57830000    
   96.566650      -2.2068272     -0.69471097      0.39044839    
   97.014771      -2.2122746     -0.76763570      0.14163631    
   97.544777      -2.2310441     -0.75368583     -9.74398851E-02
   98.112152      -2.1980047     -0.70339096     -0.25705430    
   98.566078      -2.1078572     -0.68048239     -0.34198061    
   99.001091      -2.0062656     -0.67451954     -0.42072728    
   99.542236      -1.8603922     -0.59255379     -0.45567420    
   100.10968      -1.7277460     -0.54156440     -0.49339277    
   100.55460      -1.6439719     -0.41216815     -0.55120802    
   101.08748      -1.5776775     -0.29065913     -0.62976456    
   101.52034      -1.5675787     -0.20882955     -0.70165122    
   102.08784      -1.5771641     -0.13750909     -0.80509698    
   102.54187      -1.5774872     -0.11258521     -0.86735380    
   103.10939      -1.5393568     -0.10614911     -0.91081119    
   103.56343      -1.4622662     -0.10383529     -0.90557957    
   104.01749      -1.3558532     -9.20161456E-02 -0.87562001    
   104.58506      -1.1929806     -5.56620099E-02 -0.78292197    
   105.03915      -1.0231521      8.47369432E-03 -0.67045164    
   105.60675     -0.77593547      0.12595093     -0.49442840    
   106.06085     -0.58947295      0.21930037     -0.34723431    
   106.51496     -0.47384489      0.27612612     -0.23350349    
   107.08263     -0.41472411      0.30491674     -0.13839567    
   107.53677     -0.40821424      0.30874589     -9.01551396E-02
   108.10446     -0.40676445      0.28624585     -4.63677272E-02
   108.55863     -0.40505075      0.27022785     -2.21469887E-02
   109.01280     -0.39209175      0.26788786     -4.94919252E-03
   109.58054     -0.35908315      0.27849555      1.35297356E-02
   110.03474     -0.32605347      0.30252025      2.91441306E-02
   110.60250     -0.27955210      0.34230274      5.74574582E-02
   111.05674     -0.24336435      0.37478951      9.12007242E-02
   111.51097     -0.20972258      0.40268210      0.13159212    
   112.07880     -0.17128310      0.42599344      0.18477741    
   112.53306     -0.14675799      0.43326607      0.22066632    
   113.06913     -0.12730953      0.43188423      0.24621886    
   113.57185     -0.12011576      0.41862792      0.24922320    
   114.08277     -0.12616831      0.39696437      0.24179313    
   114.52990     -0.13634188      0.37663054      0.22523797    
   115.07253     -0.15046167      0.35836652      0.19613945    
   115.56587     -0.16171652      0.35372871      0.16459042    
   116.03012     -0.16683206      0.35866329      0.13384348    
   116.55170     -0.16642207      0.37250859      0.10437395    
   117.09390     -0.15679704      0.39000911      8.30565691E-02
   117.50079     -0.14370462      0.40160480      7.38629326E-02
   118.06371     -0.11679425      0.41284937      7.20029771E-02
   118.57147     -9.10037458E-02  0.41666326      7.82040954E-02
   119.09225     -6.95582330E-02  0.41578415      8.97199959E-02
   119.55916     -5.53428009E-02  0.41162622      0.10240981    
   120.00833     -4.87449057E-02  0.40447354      0.11468951    
   120.57141     -4.98147607E-02  0.39318520      0.13063565    
   121.02556     -5.69021702E-02  0.38229248      0.14465350    
   121.59370     -7.39590600E-02  0.36607063      0.16558537    
   122.04821     -9.29971039E-02  0.35159856      0.18639490    
   122.50274     -0.11385822      0.33646035      0.21204546    
   123.07092     -0.13609040      0.31883758      0.24695028    
   123.52547     -0.15120435      0.30631933      0.27466860    
   124.09369     -0.17194477      0.29219621      0.30571210    
   124.54827     -0.18913572      0.28219149      0.32439798    
   125.09406     -0.21002385      0.27130818      0.33810279    
   125.55219     -0.22866550      0.26231691      0.34178311    
   126.04717     -0.25051069      0.25271514      0.33598030    
   126.60718     -0.27931753      0.24096990      0.31685379    
   127.05280     -0.30448890      0.23146747      0.29450595    
   127.50592     -0.32977313      0.22239664      0.26760867    
   128.07426     -0.35808727      0.21207854      0.23016267    
   128.52896     -0.37683749      0.20406386      0.19930619    
   129.09735     -0.39514965      0.19411698      0.16172734    
   129.55208     -0.40411910      0.18567358      0.13244009    
   130.00681     -0.40722269      0.17718297      0.10311006    
   130.57526     -0.40336731      0.16763930      6.62584379E-02
   131.03004     -0.39455357      0.16198377      3.69299948E-02
   131.59857     -0.37687659      0.15870513      2.10201787E-03
   132.05341     -0.35740283      0.15856957     -2.30177790E-02
   132.50826     -0.33557647      0.16149542     -4.51104790E-02
   133.07692     -0.30824703      0.16947120     -6.79240823E-02
   133.53189     -0.28747892      0.17855363     -8.23076740E-02
   134.10069     -0.26388499      0.19258624     -9.52546299E-02
   134.55585     -0.24835733      0.20587897     -0.10140977    
   135.01115     -0.23668620      0.22065577     -0.10443884    
   135.58057     -0.22538388      0.24069229     -0.10547361    
   136.03642     -0.21693218      0.25789437     -0.10445845    
   136.60681     -0.20336579      0.27941486     -0.10266873    
   137.06377     -0.18707336      0.29427382     -0.10180934    
   137.52155     -0.16390613      0.30554968     -0.10114998    
   138.09309     -0.12771940      0.31402293     -0.10008632    
   138.54726     -9.40312594E-02  0.31512764     -9.82046351E-02
   139.00862     -5.74635901E-02  0.31045565     -9.59239081E-02
   139.59102     -8.60561989E-03  0.29713634     -9.38927233E-02
   140.05928      3.36813368E-02  0.28229743     -9.35171992E-02
   140.52754      7.75750130E-02  0.26339465     -9.71542001E-02
   141.11293      0.14100242      0.23075339     -0.11065190    
   141.58136      0.20087910      0.19357812     -0.12912560    
   142.04996      0.26943076      0.14432237     -0.15390907    
   142.51881      0.34700716      8.20219740E-02 -0.18338223    
   143.10545      0.45652100     -1.75422058E-02 -0.22396597    
   143.57541      0.55191135     -0.11599058     -0.25795627    
   144.04617      0.65274179     -0.23295847     -0.29308185    
   144.51489      0.75613713     -0.37122917     -0.32938167    
   145.09634      0.90027499     -0.58887500     -0.37449425    
   145.55771       1.0564005     -0.83400160     -0.39599916    
   146.00945       1.2991462      -1.1699431     -0.37638450    
   146.58301       1.7463576      -1.6701214     -0.26202223    
   147.03491       1.9462521      -1.9411532     -0.14247102    
   147.60600       1.8442180      -2.0064502     -2.06110589E-02
   148.06233       1.6895142      -1.9223113      6.03906438E-02
   148.50493       1.4740477      -1.7899399      0.14309546    
   149.04149       1.2528396      -1.6202966      0.27406600    
   149.53152       1.1114949      -1.5006015      0.42433932    
   150.08556      0.98208725      -1.4010571      0.59913862    
   150.55177      0.85762250      -1.3303897      0.72166687    
   151.01271      0.70989460      -1.2577639      0.80414116    
   151.57442      0.50371271      -1.1535567      0.85777617    
   152.05774      0.33457685      -1.0506835      0.88213480    
   152.57739      0.20074117     -0.92312557      0.91235965    
   153.00316      0.15947752     -0.80706978      0.97653180    
   153.51299      0.15196221     -0.66977203       1.0994475    
   154.01495      0.19950256     -0.54663187       1.2301223    
   154.58026      0.16102362     -0.45540389       1.3122714    
   155.03586      6.76659122E-02 -0.42065278       1.3085866    
   155.60519     -9.71041471E-02 -0.41021633       1.2050306    
   156.06055     -0.25329053     -0.42374492       1.0594937    
   156.51578     -0.39069870     -0.43613005      0.87866294    
   157.08470     -0.52074599     -0.43017396      0.63221306    
   157.53973     -0.59591728     -0.40385807      0.45280218    
   158.10846     -0.67151070     -0.33116496      0.26171836    
   158.56342     -0.72377777     -0.23115757      0.13619065    
   159.01837     -0.76944685     -0.10446323      3.48433554E-02
   159.58714     -0.82719725      8.00526962E-02 -7.25560784E-02
   160.04225     -0.87525737      0.23535976     -0.14739323    
   160.61131     -0.93247455      0.41614199     -0.22252861    
   161.06674     -0.96540749      0.53673983     -0.26738212    
   161.52234     -0.96089089      0.63326991     -0.28703171    
   162.09209     -0.89980489      0.70393932     -0.28973824    
   162.54810     -0.81469744      0.72818309     -0.27627131    
   163.00429     -0.69784641      0.73637080     -0.24687621    
   163.57474     -0.51914954      0.71794826     -0.19016351    
   164.03125     -0.36808944      0.66818118     -0.13958097    
   164.60199     -0.20850131      0.56621242     -8.38015899E-02
   165.05867     -0.13245595      0.47038969     -5.67771755E-02
   165.51541     -9.54306647E-02  0.38152474     -4.98443320E-02
   166.08638     -0.10589311      0.30455682     -6.27353191E-02
   166.54323     -0.13938281      0.27452105     -8.37909505E-02
   167.00014     -0.17589077      0.26411137     -0.11044598    
   167.57146     -0.21760054      0.26328078     -0.14585380    
   168.02864     -0.24157836      0.26192069     -0.17014606    
   168.60037     -0.25762257      0.25330102     -0.19166979    
   169.05797     -0.26613808      0.23754756     -0.20351298    
   169.51572     -0.26755446      0.21093950     -0.21217874    
   170.08809     -0.25342694      0.16554970     -0.22060642    
   170.54613     -0.23376839      0.11855952     -0.22533572    
   171.00423     -0.20445786      6.53129891E-02 -0.22737497    
   171.57689     -0.15389703     -6.88816234E-03 -0.22676970    
   172.03500     -0.10166097     -6.75027221E-02 -0.22363044    
   172.60757     -2.58045457E-02 -0.14766717     -0.21609665    
   173.06560      3.87806334E-02 -0.21731594     -0.20892704    
   173.52361      0.10324816     -0.29163730     -0.20278561    
   174.09618      0.17741352     -0.38743192     -0.19445512    
   174.55434      0.21594468     -0.45893416     -0.18966040    
   175.01251      0.23825315     -0.51697844     -0.18802363    
   175.58504      0.24228631     -0.56297076     -0.18565170    
   176.04291      0.23970495     -0.58062345     -0.17867436    
   176.50061      0.24282596     -0.58821207     -0.16933025    
   177.07251      0.26002038     -0.59339780     -0.15349095    
   177.52980      0.28687620     -0.59702599     -0.13733824    
   178.10117      0.33650666     -0.60122257     -0.11000510    
   178.55803      0.37973973     -0.60030723     -8.22706744E-02
   179.01469      0.41597661     -0.59035188     -5.10844141E-02
   179.58530      0.43975788     -0.56245279     -1.01986919E-02
   180.04160      0.43766493     -0.52899456      2.08106749E-02
   180.61182      0.41661796     -0.48094964      5.78067414E-02
   181.06787      0.39407253     -0.44100797      8.54997039E-02
   181.52380      0.36694056     -0.40132293      0.11032346    
   182.09352      0.32766616     -0.35333058      0.13704094    
   182.54913      0.29534882     -0.31338957      0.15398027    
   183.00459      0.26130182     -0.27054736      0.16708222    
   183.57365      0.21742661     -0.21256520      0.17884502    
   184.02872      0.18283346     -0.16269578      0.18545775    
   184.59737      0.14015052     -9.55645517E-02  0.18882245    
   185.05215      0.10612883     -3.77777591E-02  0.18660286    
   185.50690      7.06462935E-02  2.13152505E-02  0.18041965    
   186.07530      2.55639851E-02  9.21033621E-02  0.16890933    
   186.53006     -8.85359477E-03  0.14295138      0.15839350    
   187.09862     -4.92493212E-02  0.19718841      0.14451450    
   187.55354     -7.95165375E-02  0.23243383      0.13445488    
   188.00813     -0.10717489      0.26243854      0.12476188    
   188.57570     -0.13749887      0.29609299      0.11219845    
   189.02924     -0.15582199      0.32060856      0.10136577    
   189.59560     -0.16968799      0.34719467      8.66807625E-02
   190.04829     -0.17731616      0.36465001      7.33330771E-02
   190.50072     -0.18516563      0.37807834      5.86287640E-02
   191.06595     -0.19578438      0.38750181      3.89924534E-02
   191.51794     -0.20379472      0.38772812      2.25263592E-02
   192.08282     -0.21205983      0.37828580      1.18032284E-03
   192.53465     -0.21460685      0.36240822     -1.61203519E-02
   193.09933     -0.20945740      0.33293068     -3.75246704E-02
   193.55106     -0.19926478      0.30290228     -5.50361648E-02
   194.00275     -0.18403257      0.26735008     -7.28278309E-02
   194.55800     -0.15755777      0.21656770     -9.54488814E-02
   195.06509     -0.12736079      0.16387588     -0.11677359    
   195.51509     -9.67724323E-02  0.11291865     -0.13470781    
   196.06335     -5.73395416E-02  4.73437309E-02 -0.15312153    
   196.57037     -2.18946151E-02 -1.44956596E-02 -0.16443454    
   197.05713      8.48813448E-03 -7.24579394E-02 -0.16936025    
   197.52159      3.27124223E-02 -0.12464282     -0.16951668    
   198.05736      5.40220961E-02 -0.17835653     -0.16386835    
   198.53928      6.76380694E-02 -0.22034051     -0.15488090    
   199.06447      8.31399038E-02 -0.26173702     -0.14337152    
   199.52702      0.10245116     -0.29672354     -0.13386005    
   200.06082      0.12953570     -0.33647171     -0.12636325    
   200.52486      0.15749830     -0.36956674     -0.12406018    
   201.00836      0.19219261     -0.40145904     -0.12644289    
   201.53868      0.23354796     -0.43418369     -0.13769063    
   202.06763      0.28285366     -0.46804398     -0.15880543    
   202.57445      0.34113654     -0.50695944     -0.18871433    
   203.02087      0.40332443     -0.55168056     -0.22310242    
   203.58592      0.50092024     -0.62698615     -0.27694833    
   204.05768      0.59866035     -0.70825940     -0.32937029    
   204.53415      0.71459407     -0.80851948     -0.39136302    
   205.02100      0.85487902     -0.93157709     -0.46594644    
   205.58678       1.0564383      -1.1032529     -0.56654942    
   206.10188       1.2858639      -1.2938445     -0.67180175    
   206.53093       1.5203750      -1.4868262     -0.76708829    
   207.07907       1.8924363      -1.7882321     -0.89119053    
   207.52036       2.2512960      -2.0761995     -0.98826438    
   208.05061       2.7307172      -2.4649439      -1.0985193    
   208.58556       3.2389760      -2.8854990      -1.1907803    
   209.05405       3.6774948      -3.2554808      -1.2478218    
   209.53027       4.1025629      -3.6101828      -1.2779324    
   210.05080       4.5191197      -3.9578867      -1.2632498    
   210.50317       4.8111839      -4.2131348      -1.2100308    
   211.05940       5.0769520      -4.4125743      -1.0379109    
   211.53110       5.2327604      -4.5258503     -0.90330082    
   212.05405       5.3150043      -4.5746355     -0.74209118    
   212.57835       5.3476210      -4.6257310     -0.47101116    
   213.05884       5.6508799      -4.6352520      6.17840886E-02
   213.58380       5.9297266      -4.5534391      0.64442635    
   214.02679       6.0053310      -4.4746475       1.0108095    
   214.55882       5.9435253      -4.3916030       1.4501336    
   215.04926       5.7805295      -4.2911963       1.7474117    
   215.50475       5.5478945      -4.2146959       1.9295166    
   216.08000       5.1996346      -4.1424680       2.1480639    
   216.56850       4.8371358      -4.0802279       2.2745912    
   217.01120       4.4613667      -4.0004964       2.3573513    
   217.59718       3.9215593      -3.9159267       2.4142201    
   218.09695       3.4294395      -3.8532128       2.4196677    
   218.51784       2.9964356      -3.8074584       2.4105244    
   219.07486       2.4450874      -3.7500076       2.4069843    
   219.52748       2.0379467      -3.7007771       2.4178681    
   220.02795       1.5926242      -3.6302402       2.4125276    
   220.56204       1.0951039      -3.5304697       2.3410668    
   221.00104      0.69007373      -3.4301844       2.2287087    
   221.54613      0.23803066      -3.2707915       2.0529587    
   222.10612     -0.14374788      -3.0813246       1.8526286    
   222.56134     -0.38963586      -2.9187362       1.6754851    
   223.00381     -0.58075964      -2.7305098       1.4948921    
   223.57352     -0.74629724      -2.4306571       1.2615597    
   224.02953     -0.80341983      -2.1322300       1.0872605    
   224.58531     -0.75238305      -1.6838487      0.89406395    
   225.04138     -0.66048479      -1.2626318      0.73756009    
   225.61139     -0.57913375     -0.75703418      0.51842701    
   226.05313     -0.58565903     -0.45934153      0.31318432    
   226.56982     -0.69879448     -0.28383052      4.49000001E-02
   227.09438     -0.84167743     -0.24428508     -0.21040256    
   227.51521     -0.90849161     -0.27526957     -0.37915334    
   228.08539     -0.94838274     -0.34022129     -0.54768300    
   228.51570     -0.94494766     -0.39675626     -0.63770521    
   229.01878     -0.92391211     -0.46090853     -0.71902770    
   229.58723     -0.87205678     -0.53781772     -0.77050591    
   230.03476     -0.81801790     -0.60278499     -0.78704047    
   230.60602     -0.73965269     -0.69544458     -0.78892577    
   231.05811     -0.66947317     -0.77903169     -0.78037679    
   231.50717     -0.59266376     -0.87089735     -0.75738287    
   232.01602     -0.50099802     -0.98464704     -0.71229631    
   232.58264     -0.39138132      -1.1125355     -0.64797294    
   233.03319     -0.30634588      -1.2049327     -0.59244686    
   233.52217     -0.22709855      -1.2888670     -0.53724885    
   234.09470     -0.14772895      -1.3634157     -0.48771939    
   234.55185     -8.57285112E-02  -1.4052745     -0.45706314    
   235.00992     -2.14714371E-02  -1.4333267     -0.43190199    
   235.57393      5.65954372E-02  -1.4515781     -0.40308592    
   236.04901      0.12448345      -1.4563649     -0.37563333    
   236.50539      0.19258413      -1.4566915     -0.34099293    
   237.00331      0.26665971      -1.4559041     -0.29105157    
   237.59187      0.34696713      -1.4450809     -0.21596605    
   238.07948      0.39937970      -1.4155790     -0.14638403    
   238.59378      0.43280101      -1.3567921     -7.61879683E-02
   239.05177      0.43490136      -1.2837380     -1.41978152E-02
   239.59361      0.42962021      -1.1835773      6.50040507E-02
   240.00069      0.43181905      -1.1096704      0.13219017    
   240.54062      0.44380841      -1.0268975      0.22743182    
   241.00764      0.45597106     -0.98090696      0.30938858    
   241.54401      0.44810832     -0.95442140      0.39177185    
   242.03525      0.39872527     -0.94469571      0.45460090    
   242.53752      0.31347987     -0.93642795      0.50053596    
   243.04701      0.20580126     -0.92354977      0.53614521    
   243.51421      0.10723828     -0.89966947      0.56689954    
   244.01746      1.08583570E-02 -0.86445069      0.59925616    
   244.54987     -8.30090344E-02 -0.82683134      0.62717009    
   245.07614     -0.18954201     -0.79707414      0.64259255    
   245.53996     -0.29317248     -0.77180195      0.64272732    
   246.05464     -0.40709102     -0.73881090      0.63647103    
   246.52803     -0.50043797     -0.69959426      0.63367128    
   247.05533     -0.57958102     -0.63755381      0.63978839    
   247.57243     -0.63829887     -0.55098391      0.66184354    
   248.05302     -0.67819488     -0.44505757      0.68641210    
   248.55647     -0.73058599     -0.32684457      0.70516318    
   249.09454     -0.81111813     -0.21770287      0.70783943    
   249.55356     -0.90352702     -0.14906763      0.70122075    
   250.01265      -1.0075536     -0.10870085      0.68695343    
