  0.11273042      2.76165267E-13  1.76482215E-13 -2.48714920E-15
  0.56771952      2.83685835E-13  2.02867047E-13 -4.46537304E-15
   1.0225676      2.92817799E-13  2.30362577E-13 -8.50450556E-15
   1.5908108      3.08079435E-13  2.66668090E-13 -1.59283326E-14
   2.0451236      3.24358541E-13  2.97698769E-13 -2.38589564E-14
   2.6127074      3.50486513E-13  3.39725291E-13 -3.75100104E-14
   3.0665996      3.77127095E-13  3.76566833E-13 -5.22785686E-14
   3.5204115      4.08518759E-13  4.16984589E-13 -7.21981069E-14
   4.0876346      4.54712548E-13  4.73531370E-13 -1.07023467E-13
   4.5414238      4.98379766E-13  5.24399805E-13 -1.44989435E-13
   5.1087065      5.63722680E-13  5.96276175E-13 -2.08050157E-13
   5.5625720      6.27010542E-13  6.61520535E-13 -2.73281614E-13
   6.0164661      7.02810097E-13  7.34834177E-13 -3.53893645E-13
   6.5838690      8.20262369E-13  8.39977718E-13 -4.78895894E-13
   7.0377955      9.37532278E-13  9.37424726E-13 -6.00274062E-13
   7.6052070      1.12061207E-12  1.08096171E-12 -7.83099714E-13
   8.0591211      1.30238377E-12  1.21813041E-12 -9.59050764E-13
   8.5130253      1.52179810E-12  1.38046454E-12 -1.16742228E-12
   9.0803757      1.85949151E-12  1.62735374E-12 -1.48469160E-12
   9.5342360      2.19111903E-12  1.86787413E-12 -1.79445608E-12
   10.101531      2.70109130E-12  2.23480349E-12 -2.26818022E-12
   10.555342      3.20254500E-12  2.59274893E-12 -2.73118334E-12
   11.009133      3.80513589E-12  3.02029539E-12 -3.28489297E-12
   11.576332      4.73091661E-12  3.67385549E-12 -4.13225183E-12
   12.030070      5.63864016E-12  4.31235429E-12 -4.96110921E-12
   12.597208      7.02991918E-12  5.28814579E-12 -6.23000089E-12
   13.050895      8.39187574E-12  6.24100207E-12 -7.47162401E-12
   13.504553      1.00224204E-11  7.37964377E-12 -8.95817014E-12
   14.071603      1.25207214E-11  9.12153859E-12 -1.12365672E-11
   14.525217      1.49679227E-11  1.08262670E-11 -1.34693515E-11
   15.092206      1.87212780E-11  1.34401344E-11 -1.68955735E-11
   15.545775      2.24013828E-11  1.60033306E-11 -2.02566002E-11
   16.112707      2.80495314E-11  1.99386653E-11 -2.54175639E-11
   16.566236      3.35896103E-11  2.38002291E-11 -3.04820474E-11
   17.019741      4.02346871E-11  2.84334986E-11 -3.65588428E-11
   17.586597      5.04345940E-11  3.55476135E-11 -4.58896289E-11
   18.040064      6.04390149E-11  4.25272526E-11 -5.50439139E-11
   18.606867      7.57948010E-11  5.32429101E-11 -6.90972349E-11
   19.060299      9.08565653E-11  6.37557993E-11 -8.28828672E-11
   19.513704      1.08921941E-10  7.63674818E-11 -9.94182861E-11
   20.080450      1.36652689E-10  9.57302432E-11 -1.24800753E-10
   20.533821      1.63852598E-10  1.14725167E-10 -1.49696922E-10
   21.100523      2.05604603E-10  1.43885931E-10 -1.87911686E-10
   21.553862      2.46555804E-10  1.72490133E-10 -2.25392580E-10
   22.007195      2.95673208E-10  2.06800549E-10 -2.70346634E-10
   22.573837      3.71060432E-10  2.59464616E-10 -3.39342165E-10
   23.027140      4.44997983E-10  3.11118575E-10 -4.07008816E-10
   23.593752      5.58476765E-10  3.90400323E-10 -5.10858689E-10
   24.047028      6.69768796E-10  4.68157790E-10 -6.12702500E-10
   24.500294      8.03241418E-10  5.61416136E-10 -7.34837746E-10
   25.066856      1.00808251E-09  7.04547198E-10 -9.22267929E-10
   25.520096      1.20896793E-09  8.44920967E-10 -1.10606790E-09
   26.086632      1.51726165E-09  1.06035913E-09 -1.38812428E-09
   26.539846      1.81958570E-09  1.27163491E-09 -1.66470426E-09
   27.106359      2.28354469E-09  1.59588054E-09 -2.08913398E-09
   27.559551      2.73850320E-09  1.91384641E-09 -2.50531063E-09
   28.012745      3.28408700E-09  2.29515917E-09 -3.00436986E-09
   28.579214      4.12130419E-09  2.88031154E-09 -3.77016462E-09
   29.032389      4.94227770E-09  3.45412299E-09 -4.52107907E-09
   29.598843      6.20206819E-09  4.33465486E-09 -5.67333291E-09
   30.051998      7.43738982E-09  5.19809351E-09 -6.80317758E-09
   30.505152      8.91870400E-09  6.23348129E-09 -8.15798806E-09
   31.071575      1.11917320E-08  7.82226195E-09 -1.02368638E-08
   31.524714      1.34205846E-08  9.38017575E-09 -1.22753079E-08
   32.091122      1.68406729E-08  1.17707559E-08 -1.54031863E-08
   32.544243      2.01942250E-08  1.41148329E-08 -1.84701783E-08
   33.110641      2.53401744E-08  1.77117840E-08 -2.31763657E-08
   33.563751      3.03858805E-08  2.12386801E-08 -2.77908487E-08
   34.016857      3.64362052E-08  2.54678092E-08 -3.33240600E-08
   34.583233      4.57200713E-08  3.19571711E-08 -4.18143884E-08
   35.036331      5.48232606E-08  3.83202625E-08 -5.01394410E-08
   35.602699      6.87913655E-08  4.80839368E-08 -6.29135144E-08
   36.055794      8.24876096E-08  5.76575943E-08 -7.54388765E-08
   36.508884      9.89104123E-08  6.91371369E-08 -9.04576396E-08
   37.075237      1.24109619E-07  8.67514132E-08 -1.13502374E-07
   37.528324      1.48818145E-07  1.04022767E-07 -1.36098222E-07
   38.094673      1.86730574E-07  1.30523787E-07 -1.70768715E-07
   38.547756      2.23904323E-07  1.56508548E-07 -2.04763396E-07
   39.000828      2.68476754E-07  1.87665165E-07 -2.45523609E-07
   39.567177      3.36869249E-07  2.35472470E-07 -3.08065864E-07
   40.020252      4.03926606E-07  2.82346804E-07 -3.69386413E-07
   40.586594      5.06817742E-07  3.54269901E-07 -4.63473583E-07
   41.039669      6.07700144E-07  4.24789420E-07 -5.55722238E-07
   41.606007      7.62486422E-07  5.32989930E-07 -6.97258429E-07
   42.059082      9.14248517E-07  6.39077371E-07 -8.36025890E-07
   42.512150      1.09620839E-06  7.66275662E-07 -1.00240129E-06
   43.078487      1.37538495E-06  9.61434921E-07 -1.25765860E-06
   43.531563      1.64909648E-06  1.15277635E-06 -1.50791016E-06
   44.097900      2.06902587E-06  1.44633771E-06 -1.89183106E-06
   44.550980      2.48072001E-06  1.73414662E-06 -2.26820521E-06
   45.004051      2.97428505E-06  2.07919629E-06 -2.71940598E-06
   45.570404      3.73149351E-06  2.60856837E-06 -3.41157852E-06
   46.023476      4.47377488E-06  3.12751740E-06 -4.09006179E-06
   46.589828      5.61247634E-06  3.92363472E-06 -5.13081613E-06
   47.042908      6.72867418E-06  4.70404075E-06 -6.15091949E-06
   47.609257      8.44083388E-06  5.90116088E-06 -7.71553186E-06
   48.062340      1.01190462E-05  7.07458594E-06 -9.24897176E-06
   48.515427      1.21306020E-05  8.48113541E-06 -1.10868205E-05
   49.081791      1.52157718E-05  1.06384805E-05 -1.39052281E-05
   49.534885      1.82393360E-05  1.27528419E-05 -1.66669961E-05
   50.101250      2.28760691E-05  1.59954416E-05 -2.09016453E-05
   50.554352      2.74197155E-05  1.91731160E-05 -2.50506400E-05
   51.007446      3.28644019E-05  2.29811340E-05 -3.00216707E-05
   51.573837      4.12126683E-05  2.88202718E-05 -3.76422940E-05
   52.026939      4.93913722E-05  3.45411681E-05 -4.51066844E-05
   52.593330      6.19295970E-05  4.33121168E-05 -5.65474402E-05
   53.046448      7.42112388E-05  5.19042114E-05 -6.77515782E-05
   53.612846      9.30358656E-05  6.50747388E-05 -8.49205535E-05
   54.065975      1.11472160E-04  7.79746333E-05 -1.01731130E-04
   54.519108      1.33553345E-04  9.34260752E-05 -1.21860372E-04
   55.085529      1.67388192E-04  1.17104428E-04 -1.52695546E-04
   55.538670      2.00515104E-04  1.40289572E-04 -1.82876596E-04
   56.105099      2.51263758E-04  1.75811612E-04 -2.29097815E-04
   56.558254      3.00939981E-04  2.10586659E-04 -2.74327613E-04
   57.011406      3.60407692E-04  2.52220139E-04 -3.28456168E-04
   57.577862      4.51480359E-04  3.15987738E-04 -4.11322340E-04
   58.031025      5.40594803E-04  3.78391735E-04 -4.92377148E-04
   58.597492      6.77036995E-04  4.73950058E-04 -6.16431935E-04
   59.050667      8.10513680E-04  5.67443960E-04 -7.37743278E-04
   59.503853      9.70220892E-04  6.79325196E-04 -8.82842520E-04
   60.070332      1.21465279E-03  8.50584533E-04 -1.10482448E-03
   60.523521      1.45369559E-03  1.01809297E-03 -1.32182008E-03
   61.090008      1.81946426E-03  1.27444533E-03 -1.65370759E-03
   61.543190      2.17707898E-03  1.52512477E-03 -1.97805278E-03
   62.109642      2.72413809E-03  1.90867018E-03 -2.47398927E-03
   62.562763      3.25885369E-03  2.28363299E-03 -2.95851054E-03
   63.015820      3.89811257E-03  2.73198704E-03 -3.53751495E-03
   63.581921      4.87537030E-03  3.41755780E-03 -4.42222133E-03
   64.034485      5.82965603E-03  4.08717571E-03 -5.28569892E-03
   64.599731      7.28741847E-03  5.11036301E-03 -6.60405122E-03
   65.051582      8.71036202E-03  6.10941183E-03 -7.89022073E-03
   65.503128      1.04095675E-02  7.30278622E-03 -9.42532532E-03
   66.067162      1.30047025E-02  9.12609510E-03 -1.17684267E-02
   66.518112      1.55378031E-02  1.09066032E-02 -1.40540767E-02
   67.081421      1.94068644E-02  1.36275794E-02 -1.75427608E-02
   67.531792      2.31840108E-02  1.62855051E-02 -2.09460333E-02
   68.094421      2.89556477E-02  2.03498825E-02 -2.61420235E-02
   68.544289      3.45935598E-02  2.43234411E-02 -3.12129259E-02
   69.106354      4.32159603E-02  3.04066874E-02 -3.89598198E-02
   69.555771      5.16473427E-02  3.63622978E-02 -4.65259105E-02
   70.005020      6.17395118E-02  4.35001552E-02 -5.55710122E-02
   70.566383      7.72102401E-02  5.44608831E-02 -6.94132149E-02
   71.015320      9.23832953E-02  6.52323738E-02 -8.29617754E-02
   71.576332      0.11570892      8.18329304E-02 -0.10373966    
   72.025063      0.13866615      9.82166678E-02 -0.12412958    
   72.585876      0.17411272      0.12360203     -0.15549698    
   73.029984      0.20878747      0.14855000     -0.18605441    
   73.590706      0.26314753      0.18790564     -0.23371556    
   74.039330      0.31733128      0.22741899     -0.28091201    
   74.600090      0.40236965      0.28995273     -0.35430223    
   75.048798      0.48823416      0.35369322     -0.42750150    
   75.609795      0.62524784      0.45659518     -0.54229903    
   76.058640      0.76629800      0.56404173     -0.65780479    
   76.507683      0.94470447      0.70227325     -0.80001253    
   77.069244       1.2406023      0.93617684      -1.0239881    
   77.518639       1.5603747       1.1930397      -1.2477381    
   78.048470       2.0683103       1.6102607      -1.5716922    
   78.602119       2.7988188       2.2277048      -1.9795709    
   79.014641       3.5021772       2.8360398      -2.3023686    
   79.554306       4.6037893       3.8163280      -2.6903367    
   80.067139       5.5320477       4.6866107      -2.8084495    
   80.524811       6.0278349       5.1419840      -2.7020173    
   81.053589       6.2525654       5.3355770      -2.4292049    
   81.564354       6.2429490       5.3233490      -2.1281846    
   82.063629       6.2311592       5.3107610      -1.8014570    
   82.549644       6.2546120       5.3229270      -1.3905044    
   83.020416       6.2739649       5.3439703     -0.92847079    
   83.522820       6.5623574       5.4628334     -0.19873233    
   84.053658       7.0665002       5.5899501      0.81662178    
   84.549942       7.0050707       5.5029097       1.4392495    
   85.027672       6.6736274       5.3124952       1.8487290    
   85.525734       6.2119870       5.0836043       2.1280186    
   86.027512       5.6762643       4.8502579       2.2684629    
   86.590935       5.0219750       4.6074381       2.3806863    
   87.029121       4.4588690       4.4098105       2.4255016    
   87.559258       3.7480149       4.1118250       2.4254711    
   88.067757       3.0897784       3.7798033       2.4570749    
   88.585281       2.4876492       3.4328067       2.4675887    
   89.036705       2.0196159       3.1370726       2.4823000    
   89.556389       1.5275514       2.8063884       2.5029778    
   90.083794       1.0652565       2.4768164       2.5252390    
   90.522835      0.70322967       2.1991196       2.5444195    
   91.066666      0.27825856       1.8463016       2.5583277    
   91.547646     -9.04026404E-02   1.5084940       2.5371208    
   92.020836     -0.43869957       1.1346236       2.4840131    
   92.527176     -0.78354800      0.66611773       2.4037633    
   93.040657      -1.0991771      0.13901129       2.3021846    
   93.570419      -1.3958213     -0.36337495       2.1691055    
   94.013809      -1.6200165     -0.68357986       1.9977652    
   94.539070      -1.8849168     -0.94775850       1.7088698    
   95.091621      -2.1322570      -1.1414099       1.3508272    
   95.545456      -2.2776668      -1.2650359       1.0561059    
   96.112778      -2.3904626      -1.3350036      0.66649902    
   96.566650      -2.4132760      -1.3818355      0.56426102    
   97.014771      -2.3992057      -1.3668541      0.31986076    
   97.544777      -2.3702588      -1.2697273      0.20422582    
   98.112152      -2.2176161      -1.0880622      0.21591143    
   98.566078      -2.0595832     -0.93888068      0.24215695    
   99.001091      -1.9841362     -0.82607681      0.17563392    
   99.542236      -1.9599725     -0.68052012     -6.92617148E-04
   100.10968      -1.9468678     -0.60348213     -0.17522277    
   100.55460      -1.9216789     -0.58725482     -0.30960703    
   101.08748      -1.8694739     -0.60292733     -0.46737012    
   101.52034      -1.8111248     -0.62808037     -0.58816791    
   102.08784      -1.7199489     -0.64433551     -0.72782004    
   102.54187      -1.6302862     -0.64100814     -0.80925965    
   103.10939      -1.4955981     -0.62176859     -0.86266387    
   103.56343      -1.3871559     -0.59570181     -0.87834692    
   104.01749      -1.2808948     -0.55610001     -0.87216413    
   104.58506      -1.1585881     -0.49082297     -0.82546258    
   105.03915      -1.0663877     -0.43102565     -0.76186252    
   105.60675     -0.93652910     -0.34931877     -0.64698529    
   106.06085     -0.81906074     -0.28058624     -0.53542584    
   106.51496     -0.69159096     -0.20354226     -0.42108446    
   107.08263     -0.54023010     -9.29610282E-02 -0.29777998    
   107.53677     -0.43384957     -1.05118006E-02 -0.22127405    
   108.10446     -0.33136740      7.21618906E-02 -0.15036409    
   108.55863     -0.28805470      0.11076288     -0.10528786    
   109.01280     -0.27747321      0.12377929     -5.71659319E-02
   109.58054     -0.29462811      0.11326630      1.47572183E-03
   110.03474     -0.30611932      9.16696116E-02  3.73731479E-02
   110.60250     -0.30404168      6.44323230E-02  7.49642178E-02
   111.05674     -0.28876472      5.53606786E-02  0.10296336    
   111.51097     -0.26520145      5.56502193E-02  0.12680455    
   112.07880     -0.22742216      7.64948875E-02  0.15120517    
   112.53306     -0.18970525      0.10694632      0.16835144    
   113.06913     -0.14789781      0.15163441      0.18235488    
   113.57185     -0.12184507      0.19238338      0.19084987    
   114.08277     -0.11718157      0.21682453      0.19272707    
   114.52990     -0.12544845      0.22448532      0.18879318    
   115.07253     -0.14460549      0.21561396      0.18178797    
   115.56587     -0.16036019      0.19504789      0.17541054    
   116.03012     -0.16817442      0.17163610      0.16946636    
   116.55170     -0.16875716      0.14463063      0.16322523    
   117.09390     -0.15903266      0.11814582      0.15646826    
   117.50079     -0.14437437      0.10177641      0.15083124    
   118.06371     -0.11879221      8.56198296E-02  0.14207847    
   118.57147     -9.43189561E-02  7.95397460E-02  0.13275141    
   119.09225     -7.29040205E-02  8.21520165E-02  0.12264609    
   119.55916     -5.84649555E-02  9.08728316E-02  0.11408563    
   120.00833     -5.03914580E-02  0.10311418      0.10631199    
   120.57141     -4.77959886E-02  0.12120856      9.95560437E-02
   121.02556     -4.95553501E-02  0.13631856      9.98955742E-02
   121.59370     -5.25741838E-02  0.15532097      0.11063702    
   122.04821     -5.56953885E-02  0.16994260      0.13016114    
   122.50274     -6.00674897E-02  0.18227074      0.15949507    
   123.07092     -6.74987286E-02  0.19327079      0.20808235    
   123.52547     -7.74945170E-02  0.19774729      0.25241160    
   124.09369     -9.39512029E-02  0.19997700      0.30927134    
   124.54827     -0.11414818      0.19935066      0.34989533    
   125.09406     -0.15009853      0.19287166      0.38521108    
   125.55219     -0.18715292      0.18536578      0.40265250    
   126.04717     -0.22967248      0.17663673      0.40990737    
   126.60718     -0.27244994      0.16397673      0.40984720    
   127.05280     -0.29484957      0.14814469      0.40419522    
   127.50592     -0.31704134      0.13006310      0.38737735    
   128.07426     -0.34701669      0.10900129      0.34844899    
   128.52896     -0.36494946      9.48311314E-02  0.31178820    
   129.09735     -0.37371093      7.78112859E-02  0.26871136    
   129.55208     -0.37140599      6.27404824E-02  0.23879296    
   130.00681     -0.36458644      4.48682979E-02  0.21356720    
   130.57526     -0.35525680      1.80308409E-02  0.18793064    
   131.03004     -0.35090524     -3.37250810E-03  0.17157081    
   131.59857     -0.34716070     -2.67506391E-02  0.15160796    
   132.05341     -0.34393752     -4.07605357E-02  0.13389045    
   132.50826     -0.34403765     -4.53458130E-02  0.11297585    
   133.07692     -0.34718648     -3.80053781E-02  8.30092803E-02
   133.53189     -0.34662515     -2.47987881E-02  5.79084828E-02
   134.10069     -0.34088203     -3.56076844E-03  2.81441510E-02
   134.55585     -0.33070937      1.52731640E-02  7.60041829E-03
   135.01115     -0.31420803      3.38545516E-02 -1.08466391E-02
   135.58057     -0.28518414      5.40608838E-02 -3.15015987E-02
   136.03642     -0.25741881      6.66680038E-02 -4.60321270E-02
   136.60681     -0.22091921      7.78973028E-02 -6.14945143E-02
   137.06377     -0.19143751      8.24897066E-02 -7.09772855E-02
   137.52155     -0.16108802      8.34563002E-02 -7.76221454E-02
   138.09309     -0.12051707      7.83645734E-02 -8.14170688E-02
   138.54726     -8.34837332E-02  6.86999261E-02 -8.05142373E-02
   139.00862     -3.81586812E-02  5.28485402E-02 -7.83835426E-02
   139.59102      3.67371365E-02  2.43193228E-02 -7.56608769E-02
   140.05928      0.10650817     -6.19989634E-03 -7.49682337E-02
   140.52754      0.18296662     -4.41458151E-02 -7.95653388E-02
   141.11293      0.28640521     -0.10429044     -0.10000082    
   141.58136      0.37622935     -0.16700590     -0.12860742    
   142.04996      0.47325468     -0.24769683     -0.16700326    
   142.51881      0.58173501     -0.35020682     -0.21311803    
   143.10545      0.73415661     -0.51059651     -0.27856162    
   143.57541      0.88320976     -0.69201481     -0.33170509    
   144.04617       1.1298573     -0.99856150     -0.35047188    
   144.51489       1.5466783      -1.4802684     -0.29946765    
   145.09634       2.1303413      -2.1034384     -0.13114111    
   145.55771       2.2503736      -2.3142722     -1.51491743E-02
   146.00945       2.1409492      -2.3338275      6.64147288E-02
   146.58301       1.9419755      -2.2053299      0.17367613    
   147.03491       1.7471207      -2.0665886      0.29788557    
   147.60600       1.5157089      -1.9033382      0.48346406    
   148.06233       1.3579525      -1.7989373      0.64019096    
   148.50493       1.2249706      -1.7070403      0.79425406    
   149.04149       1.0585486      -1.5853274      0.97087395    
   149.53152      0.88632387      -1.4585593       1.1107969    
   150.08556      0.68865323      -1.3064458       1.2412372    
   150.55177      0.52645767      -1.1786852       1.3289014    
   151.01271      0.37286124      -1.0594568       1.3873184    
   151.57442      0.21191451     -0.92228442       1.4334877    
   152.05774      7.71835670E-02 -0.81781739       1.4507836    
   152.57739     -8.49895626E-02 -0.72316813       1.4294246    
   153.00316     -0.21460581     -0.65493459       1.3805152    
   153.51299     -0.33847469     -0.54863584       1.3074865    
   154.01495     -0.33518475     -0.35789275       1.3213586    
   154.58026     -0.11247995      1.04803182E-02   1.5034726    
   155.03586      8.16975832E-02  0.36393240       1.6829730    
   155.60519      0.18237123      0.67144734       1.8148364    
   156.06055      0.14265983      0.80113173       1.8661764    
   156.51578     -2.08947249E-02  0.85870719       1.8239015    
   157.08470     -0.32215077      0.82890165       1.6244808    
   157.53973     -0.62643266      0.72626328       1.2921733    
   158.10846     -0.99761176      0.58617997      0.82245702    
   158.56342      -1.2026556      0.47892451      0.50565660    
   159.01837      -1.3369305      0.38726074      0.24688107    
   159.58714      -1.4064538      0.29194245      2.22015306E-02
   160.04225      -1.3659008      0.23043405     -9.36003029E-02
   160.61131      -1.2300851      0.17111117     -0.16132843    
   161.06674      -1.0884228      0.13187841     -0.15541622    
   161.52234     -0.93817616      0.11269588     -0.10774370    
   162.09209     -0.73233515      0.10723045      8.25751945E-03
   162.54810     -0.56729305      0.11175591      0.11777817    
   163.00429     -0.42899987      0.13189656      0.22074440    
   163.57474     -0.31649879      0.18234915      0.30625543    
   164.03125     -0.25677586      0.25457773      0.33449861    
   164.60199     -0.20398429      0.37518054      0.33169696    
   165.05867     -0.18567762      0.47696674      0.31427079    
   165.51541     -0.16894579      0.55605847      0.27531767    
   166.08638     -0.14404728      0.60595673      0.20739257    
   166.54323     -0.13673557      0.61071688      0.15631571    
   167.00014     -0.13841009      0.58590192      0.11669035    
   167.57146     -0.14830410      0.52918446      8.57430175E-02
   168.02864     -0.15580058      0.47049531      7.40329102E-02
   168.60037     -0.15047994      0.38792691      6.90446720E-02
   169.05797     -0.13445760      0.31593597      6.89320937E-02
   169.51572     -0.10577528      0.23958363      7.38523453E-02
   170.08809     -5.40610701E-02  0.13745880      8.76537338E-02
   170.54613     -7.62399752E-04  4.56922799E-02  0.10600766    
   171.00423      6.26732409E-02 -5.95916994E-02  0.13410959    
   171.57689      0.15063453     -0.20291838      0.18599160    
   172.03500      0.21688443     -0.31202352      0.23518664    
   172.60757      0.27390602     -0.42023426      0.29235628    
   173.06560      0.28753102     -0.47395846      0.32439971    
   173.52361      0.28476819     -0.50302851      0.34340918    
   174.09618      0.27375376     -0.52163303      0.36266735    
   174.55434      0.27816135     -0.53422248      0.37918580    
   175.01251      0.29196721     -0.55895507      0.39879751    
   175.58504      0.32148618     -0.61001885      0.43526322    
   176.04291      0.35048670     -0.66191870      0.47150457    
   176.50061      0.37436628     -0.71713561      0.51256198    
   177.07251      0.37989771     -0.77206117      0.56276071    
   177.52980      0.36717883     -0.79783046      0.59878278    
   178.10117      0.33944976     -0.80646580      0.63540047    
   178.55803      0.31816012     -0.80010772      0.66256428    
   179.01469      0.29924709     -0.78223717      0.68889767    
   179.58530      0.27767462     -0.74690449      0.71673590    
   180.04160      0.26171660     -0.70924693      0.73072606    
   180.61182      0.24254721     -0.64718223      0.73911881    
   181.06787      0.22871457     -0.58636302      0.74026990    
   181.52380      0.21766493     -0.51866609      0.73918337    
   182.09352      0.20081387     -0.42988092      0.73992896    
   182.54913      0.17975119     -0.36021084      0.74088126    
   183.00459      0.14879082     -0.29331046      0.74049735    
   183.57365      9.67430472E-02 -0.21304601      0.73045909    
   184.02872      4.84215468E-02 -0.14977106      0.71288717    
   184.59737     -1.59650873E-02 -7.05527365E-02  0.67615849    
   185.05215     -6.50039986E-02 -7.23187253E-03  0.63671291    
   185.50690     -0.10544413      6.08881339E-02  0.59418142    
   186.07530     -0.14288658      0.14231832      0.54667425    
   186.53006     -0.16159298      0.19770819      0.51491964    
   187.09862     -0.17006086      0.25028995      0.48227760    
   187.55354     -0.16869943      0.27905795      0.45642519    
   188.00813     -0.16573702      0.29728886      0.42931989    
   188.57570     -0.16951841      0.30739394      0.39103323    
   189.02924     -0.17844175      0.30792332      0.35933986    
   189.59560     -0.18667775      0.30094996      0.32239586    
   190.04829     -0.18586323      0.29103395      0.30188388    
   190.50072     -0.17844678      0.27816659      0.29058847    
   191.06595     -0.16500689      0.25582489      0.28562140    
   191.51794     -0.15024020      0.23263159      0.28565288    
   192.08282     -0.12798718      0.19748141      0.29003507    
   192.53465     -0.10513467      0.16360819      0.29735202    
   193.09933     -6.99758455E-02  0.11221669      0.30992097    
   193.55106     -4.02824804E-02  6.50133491E-02  0.32041025    
   194.00275     -1.15419040E-02  1.31212212E-02  0.33179879    
   194.55800      2.37988606E-02 -5.49041815E-02  0.35092944    
   195.06509      5.54344244E-02 -0.11501542      0.37384465    
   195.51509      8.02916437E-02 -0.16178329      0.39578813    
   196.06335      0.10307689     -0.20824394      0.41807264    
   196.57037      0.11660497     -0.24657461      0.43130583    
   197.05713      0.12974975     -0.28624773      0.43873799    
   197.52159      0.14592659     -0.32931396      0.44684285    
   198.05736      0.16610602     -0.38390881      0.45862985    
   198.53928      0.18161391     -0.43089581      0.46373302    
   199.06447      0.19195099     -0.47445408      0.46094024    
   199.52702      0.19862083     -0.50765932      0.45005128    
   200.06082      0.21038693     -0.54742360      0.43251240    
   200.52486      0.22841065     -0.58986080      0.41515729    
   201.00836      0.25773948     -0.64536405      0.39497271    
   201.53868      0.30396855     -0.71848708      0.36637396    
   202.06763      0.36498189     -0.80121124      0.32517004    
   202.57445      0.43570653     -0.88727319      0.27052557    
   203.02087      0.50944120     -0.96898448      0.21065751    
   203.58592      0.62267822      -1.0864202      0.11852519    
   204.05768      0.74874496      -1.2048986      2.23598797E-02
   204.53415      0.90847063      -1.3511617     -9.24055725E-02
   205.02100       1.1189210      -1.5339088     -0.21985190    
   205.58678       1.4209675      -1.7962030     -0.37678266    
   206.10188       1.7418911      -2.0899243     -0.53257287    
   206.53093       2.0502725      -2.3764660     -0.67247629    
   207.07907       2.5014749      -2.7933927     -0.85754275    
   207.52036       2.9062884      -3.1577129      -1.0058773    
   208.05061       3.4187610      -3.6068456      -1.1743858    
   208.58556       3.9399323      -4.0476928      -1.3068302    
   209.05405       4.3769741      -4.3845754      -1.3699228    
   209.53027       4.7693052      -4.6402669      -1.3392626    
   210.05080       5.1194215      -4.8071165      -1.2157450    
   210.50317       5.3404717      -4.8753762      -1.0431335    
   211.05940       5.5011868      -4.8982854     -0.80576807    
   211.53110       5.5851412      -4.8711700     -0.58783346    
   212.05405       5.6148901      -4.8466492     -0.30065668    
   212.57835       5.7194567      -4.7244015      0.12496345    
   213.05884       5.8957210      -4.5187759      0.62408185    
   213.58380       6.0315275      -4.3072133       1.1524241    
   214.02679       6.0947065      -4.1521511       1.5696750    
   214.55882       6.0622082      -4.0456266       2.0138526    
   215.04926       5.8918662      -4.0118241       2.3293238    
   215.50475       5.5977430      -4.0031219       2.5650403    
   216.08000       5.0789814      -4.0129423       2.7598879    
   216.56850       4.5553112      -4.0017529       2.8326864    
   217.01120       4.0477629      -3.9645975       2.8577163    
   217.59718       3.3760965      -3.8573787       2.8739169    
   218.09695       2.8484266      -3.7698417       2.8810155    
   218.51784       2.4421487      -3.6773014       2.8803945    
   219.07486       1.9282466      -3.5078702       2.8385801    
   219.52748       1.5286711      -3.3233736       2.7906110    
   220.02795       1.1172298      -3.1050732       2.7267039    
   220.56204      0.70415580      -2.9045863       2.6316123    
   221.00104      0.36865276      -2.7423244       2.5305049    
   221.54613     -6.49428591E-02  -2.5333633       2.3764226    
   222.10612     -0.51285493      -2.2355151       2.1911893    
   222.56134     -0.85270917      -1.9341528       2.0348358    
   223.00381      -1.1336427      -1.6271149       1.8861477    
   223.57352      -1.4446876      -1.2445660       1.6428018    
   224.02953      -1.6979053     -0.99490654       1.3586750    
   224.58531      -1.9384612     -0.79009777      0.94944978    
   225.04138      -2.0495670     -0.70680308      0.61168551    
   225.61139      -2.0885115     -0.63627696      0.17969982    
   226.05313      -2.0368142     -0.57301068     -0.14061919    
   226.56982      -1.8668051     -0.43660098     -0.47923717    
   227.09438      -1.5890660     -0.24861479     -0.76697606    
   227.51521      -1.3229258     -8.82292837E-02 -0.96680593    
   228.08539     -0.98283178      8.54595080E-02  -1.1533349    
   228.51570     -0.81233478      0.10877582      -1.2358481    
   229.01878     -0.68218899      5.02611734E-02  -1.2694466    
   229.58723     -0.61073738     -9.02413279E-02  -1.2765979    
   230.03476     -0.53924394     -0.23925218      -1.2479692    
   230.60602     -0.44288176     -0.41967100      -1.1649026    
   231.05811     -0.35504028     -0.54536748      -1.0801855    
   231.50717     -0.26723826     -0.64442706     -0.99789613    
   232.01602     -0.14625227     -0.73519242     -0.90245646    
   232.58264     -6.56556198E-03 -0.82634723     -0.80261636    
   233.03319      8.90487283E-02 -0.89568728     -0.73318911    
   233.52217      0.16717198     -0.97456801     -0.67073268    
   234.09470      0.22911045      -1.0844078     -0.60530627    
   234.55185      0.25664055      -1.1819658     -0.54615176    
   235.00992      0.28512180      -1.2856947     -0.46831411    
   235.57393      0.33195853      -1.4036969     -0.34314463    
   236.04901      0.37181115      -1.4694473     -0.22690746    
   236.50539      0.37343982      -1.5031818     -0.12923366    
   237.00331      0.35107133      -1.5090345     -4.72322851E-02
   237.59187      0.32493269      -1.4843879      2.85930075E-02
   238.07948      0.30493554      -1.4572668      8.31794888E-02
   238.59378      0.30862728      -1.4336171      0.15866296    
   239.05177      0.33031923      -1.4200009      0.24123722    
   239.59361      0.35869867      -1.4145389      0.34263027    
   240.00069      0.36502281      -1.4110190      0.40005586    
   240.54062      0.34330279      -1.4000076      0.43977985    
   241.00764      0.28560764      -1.3844419      0.43710145    
   241.54401      0.21753499      -1.3450584      0.38635060    
   242.03525      0.14758113      -1.2891589      0.33351606    
   242.53752      9.08151194E-02  -1.2165574      0.27988017    
   243.04701      3.25607546E-02  -1.1256442      0.22773986    
   243.51421     -2.40035765E-02  -1.0424575      0.18105754    
   244.01746     -9.31576639E-02 -0.95863158      0.14099434    
   244.54987     -0.16881596     -0.88040829      0.12572481    
   245.07614     -0.25316828     -0.80411243      0.13515082    
   245.53996     -0.33468032     -0.73510897      0.16448963    
   246.05464     -0.43859971     -0.65757608      0.20994647    
   246.52803     -0.54675531     -0.58414209      0.26087254    
   247.05533     -0.67058903     -0.50385308      0.32225582    
   247.57243     -0.79811019     -0.42152333      0.37516981    
   248.05302     -0.91450310     -0.34308133      0.41573608    
   248.55647      -1.0207943     -0.25878114      0.44934437    
   249.09454      -1.1087888     -0.16518921      0.47350937    
   249.55356      -1.1635658     -8.28561261E-02  0.48787981    
   250.01265      -1.2070326      2.53346935E-03  0.49387610    
