  0.11273042      1.35064316E-15  8.35410967E-16 -4.85797590E-19
  0.56771952      1.33153325E-15  9.48980139E-16 -7.09921970E-19
   1.0225676      1.30922537E-15  1.05110415E-15 -1.15602110E-18
   1.5908108      1.27596270E-15  1.16097787E-15 -2.07034126E-18
   2.0451236      1.24471894E-15  1.23333863E-15 -3.07449116E-18
   2.6127074      1.19981666E-15  1.30280084E-15 -4.66826451E-18
   3.0665996      1.15846981E-15  1.34153121E-15 -6.24785357E-18
   3.5204115      1.11165970E-15  1.36573708E-15 -8.07801673E-18
   4.0876346      1.04705141E-15  1.37664538E-15 -1.06994389E-17
   4.5414238      9.93648209E-16  1.37090864E-15 -1.28770879E-17
   5.1087065      9.25662592E-16  1.34577653E-15 -1.55894644E-17
   5.5625720      8.68880468E-16  1.31002613E-15 -1.76514552E-17
   6.0164661      8.06460387E-16  1.25861515E-15 -1.97275495E-17
   6.5838690      7.16705387E-16  1.17082527E-15 -2.32212494E-17
   7.0377955      6.36092415E-16  1.08204181E-15 -2.76057021E-17
   7.6052070      5.29234762E-16  9.50310086E-16 -3.60292214E-17
   8.0591211      4.44066234E-16  8.31215666E-16 -4.53127290E-17
   8.5130253      3.63277317E-16  7.02652476E-16 -5.60398917E-17
   9.0803757      2.71750722E-16  5.32183654E-16 -7.00283563E-17
   9.5342360      2.06606529E-16  3.90532217E-16 -8.00353359E-17
   10.101531      1.34570639E-16  2.10840000E-16 -8.94461895E-17
   10.555342      8.61527534E-17  6.92853297E-17 -9.42318132E-17
   11.009133      5.06383030E-17 -6.45335609E-17 -9.71395847E-17
   11.576332      3.86788000E-17 -2.10301499E-16 -9.99961702E-17
   12.030070      6.80822716E-17 -3.02731931E-16 -1.02519256E-16
   12.597208      1.65570404E-16 -3.84490172E-16 -1.06187068E-16
   13.050895      2.66098789E-16 -4.30372544E-16 -1.11118666E-16
   13.504553      3.92507233E-16 -4.67614650E-16 -1.15564636E-16
   14.071603      5.65186069E-16 -5.13191375E-16 -1.20181177E-16
   14.525217      7.02666822E-16 -5.57195849E-16 -1.24660856E-16
   15.092206      8.74272309E-16 -6.27467925E-16 -1.33964507E-16
   15.545775      1.01461005E-15 -6.96027566E-16 -1.47234152E-16
   16.112707      1.21267251E-15 -7.93290083E-16 -1.73850680E-16
   16.566236      1.40255686E-15 -8.76292218E-16 -2.02355046E-16
   17.019741      1.62837510E-15 -9.60792648E-16 -2.35226343E-16
   17.586597      1.96571825E-15 -1.06722933E-15 -2.79331746E-16
   18.040064      2.28442711E-15 -1.15615995E-15 -3.15143558E-16
   18.606867      2.74337687E-15 -1.27868877E-15 -3.59695294E-16
   19.060299      3.15651698E-15 -1.39202813E-15 -3.96799890E-16
   19.513704      3.61346881E-15 -1.52563424E-15 -4.38497892E-16
   20.080450      4.25692459E-15 -1.73008639E-15 -5.01800476E-16
   20.533821      4.84073358E-15 -1.92991629E-15 -5.64334007E-16
   21.100523      5.67576703E-15 -2.23309416E-15 -6.59778738E-16
   21.553862      6.44419829E-15 -2.52521909E-15 -7.51088467E-16
   22.007195      7.31936840E-15 -2.86920341E-15 -8.56963456E-16
   22.573837      8.59389972E-15 -3.38595894E-15 -1.01308645E-15
   23.027140      9.78719635E-15 -3.88212649E-15 -1.16128948E-15
   23.593752      1.15434065E-14 -4.62713940E-15 -1.38336902E-15
   24.047028      1.32013100E-14 -5.34194415E-15 -1.59704896E-15
   24.500294      1.51275121E-14 -6.18273912E-15 -1.84891495E-15
   25.066856      1.79856096E-14 -7.44661053E-15 -2.22686889E-15
   25.520096      2.07021764E-14 -8.66317177E-15 -2.58872729E-15
   26.086632      2.47506483E-14 -1.04987142E-14 -3.13103040E-15
   26.539846      2.86157545E-14 -1.22710663E-14 -3.65170430E-15
   27.106359      3.44005864E-14 -1.49514529E-14 -4.43633972E-15
   27.559551      3.99444001E-14 -1.75448543E-14 -5.19385145E-15
   28.012745      4.64656559E-14 -2.06210510E-14 -6.09080598E-15
   28.579214      5.62728981E-14 -2.52899068E-14 -7.44874675E-15
   29.032389      6.57159873E-14 -2.98243452E-14 -8.76383909E-15
   29.598843      7.99643961E-14 -3.67225917E-14 -1.07595258E-14
   30.051998      9.37268180E-14 -4.34346806E-14 -1.26981470E-14
   30.505152      1.10029566E-13 -5.14320405E-14 -1.50059883E-14
   31.071575      1.34735525E-13 -6.36213494E-14 -1.85210412E-14
   31.524714      1.58694049E-13 -7.55007764E-14 -2.19440199E-14
   32.091122      1.95087720E-13 -9.36274441E-14 -2.71614396E-14
   32.544243      2.30452024E-13 -1.11313594E-13 -3.22457345E-14
   33.110641      2.84269705E-13 -1.38333016E-13 -4.00030147E-14
   33.563751      3.36647919E-13 -1.64724584E-13 -4.75714269E-14
   34.016857      3.99075521E-13 -1.96274718E-13 -5.66120637E-14
   34.583233      4.94274218E-13 -2.44539632E-13 -7.04342929E-14
   35.036331      5.87110980E-13 -2.91741457E-13 -8.39479988E-14
   35.602699      7.28871282E-13 -3.64005131E-13 -1.04634082E-13
   36.055794      8.67288771E-13 -4.34728479E-13 -1.24877281E-13
   36.508884      1.03271233E-12 -5.19410795E-13 -1.49113022E-13
   37.075237      1.28569844E-12 -6.49173640E-13 -1.86243314E-13
   37.528324      1.53304626E-12 -7.76268698E-13 -2.22603105E-13
   38.094673      1.91161475E-12 -9.71097985E-13 -2.78331042E-13
   38.547756      2.28200835E-12 -1.16198132E-12 -3.32923332E-13
   39.000828      2.72539066E-12 -1.39072044E-12 -3.98336041E-13
   39.567177      3.40464224E-12 -1.74150603E-12 -4.98637806E-13
   40.020252      4.06974801E-12 -2.08529548E-12 -5.96923878E-13
   40.586594      5.08910362E-12 -2.61262800E-12 -7.47656060E-13
   41.039669      6.08759180E-12 -3.12955651E-12 -8.95389557E-13
   41.606007      7.61833305E-12 -3.92260486E-12 -1.12200093E-12
   42.059082      9.11815849E-12 -4.70013872E-12 -1.34414908E-12
   42.512150      1.09155462E-11 -5.63241901E-12 -1.61048236E-12
   43.078487      1.36720245E-11 -7.06292577E-12 -2.01910840E-12
   43.531563      1.63736715E-11 -8.46560929E-12 -2.41975862E-12
   44.097900      2.05176501E-11 -1.06179770E-11 -3.03450537E-12
   44.550980      2.45798781E-11 -1.27285465E-11 -3.63728969E-12
   45.004051      2.94497968E-11 -1.52593528E-11 -4.36006613E-12
   45.570404      3.69213583E-11 -1.91430309E-11 -5.46915898E-12
   46.023476      4.42464017E-11 -2.29512798E-11 -6.55665973E-12
   46.589828      5.54853628E-11 -2.87953498E-11 -8.22544290E-12
   47.042908      6.65046906E-11 -3.45260973E-11 -9.86180061E-12
   47.609257      8.34123812E-11 -4.33203473E-11 -1.23728319E-11
   48.062340      9.99906130E-11 -5.19442163E-11 -1.48351522E-11
   48.515427      1.19869045E-10 -6.22856489E-11 -1.77878198E-11
   49.081791      1.50371562E-10 -7.81553156E-11 -2.23187909E-11
   49.534885      1.80280846E-10 -9.37172284E-11 -2.67618046E-11
   50.101250      2.26175578E-10 -1.17597571E-10 -3.35796113E-11
   50.554352      2.71178857E-10 -1.41014880E-10 -4.02651176E-11
   51.007446      3.25141858E-10 -1.69095196E-10 -4.82817328E-11
   51.573837      4.07950146E-10 -2.12186546E-10 -6.05837047E-11
   52.026939      4.89147667E-10 -2.54440413E-10 -7.26464860E-11
   52.593330      6.13748219E-10 -3.19281351E-10 -9.11573803E-11
   53.046448      7.35926542E-10 -3.82862408E-10 -1.09308444E-10
   53.612846      9.23412236E-10 -4.80429363E-10 -1.37161629E-10
   54.065975      1.10725673E-09 -5.76101444E-10 -1.64473796E-10
   54.519108      1.32770939E-09 -6.90824120E-10 -1.97224417E-10
   55.085529      1.66599734E-09 -8.66867134E-10 -2.47480314E-10
   55.538670      1.99771355E-09 -1.03948894E-09 -2.96759506E-10
   56.105099      2.50673282E-09 -1.30437572E-09 -3.72377768E-10
   56.558254      3.00586867E-09 -1.56411617E-09 -4.46526788E-10
   57.011406      3.60438235E-09 -1.87556903E-09 -5.35438083E-10
   57.577862      4.52281990E-09 -2.35349651E-09 -6.71873612E-10
   58.031025      5.42338530E-09 -2.82211854E-09 -8.05652489E-10
   58.597492      6.80532608E-09 -3.54121976E-09 -1.01093578E-09
   59.050667      8.16037460E-09 -4.24631619E-09 -1.21222099E-09
   59.503853      9.78525172E-09 -5.09180431E-09 -1.45358370E-09
   60.070332      1.22785551E-08 -6.38914521E-09 -1.82393589E-09
   60.523521      1.47233461E-08 -7.66121655E-09 -2.18707452E-09
   61.090008      1.84746938E-08 -9.61307123E-09 -2.74426948E-09
   61.543190      2.21528786E-08 -1.15268088E-08 -3.29058247E-09
   62.109642      2.77963768E-08 -1.44630157E-08 -4.12877199E-09
   62.562763      3.33291794E-08 -1.73415398E-08 -4.95049068E-09
   63.015820      3.99619253E-08 -2.07922355E-08 -5.93553873E-09
   63.581921      5.01337425E-08 -2.60839634E-08 -7.44612061E-09
   64.034485      6.00976620E-08 -3.12673620E-08 -8.92576502E-09
   64.599731      7.53670264E-08 -3.92104305E-08 -1.11931531E-08
   65.051582      9.03180606E-08 -4.69875445E-08 -1.34131497E-08
   65.503128      1.08220597E-07 -5.62995410E-08 -1.60712510E-08
   66.067162      1.35644356E-07 -7.05632104E-08 -2.01427479E-08
   66.518112      1.62487623E-07 -8.45241317E-08 -2.41277771E-08
   67.081421      2.03595874E-07 -1.05902728E-07 -3.02300158E-08
   67.531792      2.43820665E-07 -1.26820396E-07 -3.62006034E-08
   68.094421      3.05407525E-07 -1.58844259E-07 -4.53411069E-08
   68.544289      3.65658195E-07 -1.90170709E-07 -5.42823777E-08
   69.106354      4.57888177E-07 -2.38120037E-07 -6.79678820E-08
   69.555771      5.48094931E-07 -2.85013016E-07 -8.13515939E-08
   70.005020      6.56011252E-07 -3.41106897E-07 -9.73610383E-08
   70.566383      8.21162189E-07 -4.26941028E-07 -1.21857823E-07
   71.015320      9.82657639E-07 -5.10865220E-07 -1.45808897E-07
   71.576332      1.22977121E-06 -6.39265920E-07 -1.82451927E-07
   72.025063      1.47140236E-06 -7.64801030E-07 -2.18276014E-07
   72.585876      1.84109956E-06 -9.56842314E-07 -2.73077347E-07
   73.029984      2.19860112E-06 -1.14252043E-06 -3.26061098E-07
   73.590706      2.75060529E-06 -1.42917133E-06 -4.07854600E-07
   74.039330      3.29033378E-06 -1.70939870E-06 -4.87812599E-07
   74.600090      4.11599103E-06 -2.13800331E-06 -6.10101722E-07
   75.048798      4.92329764E-06 -2.55699820E-06 -7.29645024E-07
   75.609795      6.15844692E-06 -3.19791798E-06 -9.12496489E-07
   76.058640      7.36590164E-06 -3.82433291E-06 -1.09120185E-06
   76.507683      8.81029337E-06 -4.57352007E-06 -1.30492447E-06
   77.069244      1.10206483E-05 -5.71973806E-06 -1.63189247E-06
   77.518639      1.31818206E-05 -6.84018914E-06 -1.95149482E-06
   78.048470      1.62789875E-05 -8.44777423E-06 -2.40939016E-06
   78.602119      2.02936753E-05 -1.05258750E-05 -3.00273632E-06
   79.014641      2.39144538E-05 -1.24016533E-05 -3.53771338E-06
   79.554306      2.96413746E-05 -1.53690671E-05 -4.38361076E-06
   80.067139      3.63461586E-05 -1.88458125E-05 -5.37361802E-06
   80.524811      4.35967813E-05 -2.26033881E-05 -6.44391093E-06
   81.053589      5.37876913E-05 -2.78816187E-05 -7.94774496E-06
   81.564354      6.58811477E-05 -3.41409323E-05 -9.73171427E-06
   82.063629      8.03192961E-05 -4.16052935E-05 -1.18607559E-05
   82.549644      9.73982897E-05 -5.04366581E-05 -1.43783946E-05
   83.020416      1.17387171E-04 -6.07721959E-05 -1.73240333E-05
   83.522820      1.43250159E-04 -7.41543263E-05 -2.11339648E-05
   84.053658      1.76775211E-04 -9.14346383E-05 -2.60708639E-05
   84.549942      2.15158187E-04 -1.11291607E-04 -3.17212471E-05
   85.027672      2.59934110E-04 -1.34444446E-04 -3.83107654E-05
   85.525734      3.16536520E-04 -1.63638470E-04 -4.66382553E-05
   86.027512      3.85996420E-04 -1.99451955E-04 -5.68543910E-05
   86.590935      4.82255069E-04 -2.49192002E-04 -7.10080858E-05
   87.029121      5.73380734E-04 -2.96259706E-04 -8.44039605E-05
   87.559258      7.06879946E-04 -3.65090382E-04 -1.04024868E-04
   88.067757      8.63969442E-04 -4.46124322E-04 -1.27108375E-04
   88.585281      1.05965789E-03 -5.46989089E-04 -1.55859278E-04
   89.036705      1.26613979E-03 -6.53445488E-04 -1.86192250E-04
   89.556389      1.55404513E-03 -8.01738643E-04 -2.28484190E-04
   90.083794      1.91311259E-03 -9.86857922E-04 -2.81228218E-04
   90.522835      2.27444409E-03 -1.17288239E-03 -3.34307319E-04
   91.066666      2.81791156E-03 -1.45275425E-03 -4.14150156E-04
   91.547646      3.40579380E-03 -1.75524817E-03 -5.00533613E-04
   92.020836      4.10365313E-03 -2.11513042E-03 -6.03103603E-04
   92.527176      5.00955246E-03 -2.58038100E-03 -7.36300601E-04
   93.040657      6.13279361E-03 -3.15773464E-03 -9.01535561E-04
   93.570419      7.55645474E-03 -3.89056886E-03 -1.11110043E-03
   94.013809      8.99952836E-03 -4.63243108E-03 -1.32368272E-03
   94.539070      1.10705141E-02 -5.69747575E-03 -1.62905536E-03
   95.091621      1.37670934E-02 -7.08268117E-03 -2.02717446E-03
   95.545456      1.64684877E-02 -8.47060047E-03 -2.42656842E-03
   96.112778      2.06062738E-02 -1.05955657E-02 -3.03941406E-03
   96.566650      2.46578008E-02 -1.26750823E-02 -3.64073250E-03
   97.014771      2.94442289E-02 -1.51302833E-02 -4.35268926E-03
   97.544777      3.63281369E-02 -1.86584182E-02 -5.37956366E-03
   98.112152      4.55087423E-02 -2.33578123E-02 -6.75427634E-03
   98.566078      5.45169264E-02 -2.79623196E-02 -8.10894556E-03
   99.001091      6.48411587E-02 -3.32445763E-02 -9.66848619E-03
   99.542236      8.04992840E-02 -4.12049890E-02 -1.20480796E-02
   100.10968      0.10107656     -5.16509935E-02 -1.52011216E-02
   100.55460      0.12091163     -6.16881736E-02 -1.82684604E-02
   101.08748      0.15000296     -7.63536990E-02 -2.28174515E-02
   101.52034      0.17888717     -9.08133686E-02 -2.73945797E-02
   102.08784      0.22571656     -0.11412124     -3.49469669E-02
   102.54187      0.27232262     -0.13711852     -4.26330827E-02
   103.10939      0.34527150     -0.17270547     -5.50297648E-02
   103.56343      0.41863298     -0.20797804     -6.79826215E-02
   104.01749      0.50925088     -0.25079784     -8.47110748E-02
   104.58506      0.65475839     -0.31767720     -0.11336164    
   105.03915      0.80650997     -0.38444650     -0.14564972    
   105.60675       1.0605783     -0.48826343     -0.20531356    
   106.06085       1.3401664     -0.58942127     -0.27890638    
   106.51496       1.7292550     -0.69791275     -0.39030206    
   107.08263       2.4677465     -0.79810095     -0.60885364    
   107.53677       3.4383798     -0.75561184     -0.85630018    
   108.10446       5.8132334     -0.32210243      -1.1376244    
   108.55863       8.5901566      0.42127219      -1.5267360    
   109.01280       10.185444      0.60158706     -0.34501138    
   109.58054       8.7268200     -4.02548201E-02  0.29460537    
   110.03474       7.6099463     -0.29716918      0.45301351    
   110.60250       6.6201787     -0.11142483      0.40078464    
   111.05674       6.0273643      4.16793823E-02  0.35689303    
   111.51097       5.5589628      0.24534136      0.28144318    
   112.07880       5.1001148      0.53081262      0.18265077    
   112.53306       4.7635098      0.72677445      0.11612346    
   113.06913       4.4130459      0.85864103      7.43807554E-02
   113.57185       4.1075811      0.90825617      8.00534338E-02
   114.08277       3.7779484      0.92765725      0.11046869    
   114.52990       3.4749999      0.93804705      0.13959242    
   115.07253       3.1078370      0.96243000      0.16302437    
   115.56587       2.7927146      0.99929678      0.16967022    
   116.03012       2.5191736       1.0431603      0.16844492    
   116.55170       2.2517879       1.1009858      0.16504957    
   117.09390       2.0132012       1.1696749      0.16374828    
   117.50079       1.8722266       1.2285069      0.16746284    
   118.06371       1.7202694       1.3234291      0.18031517    
   118.57147       1.6069717       1.4285793      0.19681241    
   119.09225       1.5216131       1.5774841      0.21357822    
   119.55916       1.5200216       1.7701854      0.22616899    
   120.00833       1.6121116       2.0149322      0.23898789    
   120.57141       1.7968005       2.3567066      0.26825133    
   121.02556       1.8273939       2.5858612      0.31106633    
   121.59370       1.6682531       2.7497475      0.37103847    
   122.04821       1.3832529       2.7481937      0.40841669    
   122.50274       1.0305820       2.6455317      0.43112808    
   123.07092      0.51292676       2.4054775      0.44574484    
   123.52547      9.42482501E-02   2.1558723      0.44420394    
   124.09369     -0.38963807       1.8209847      0.43015856    
   124.54827     -0.71279818       1.5652406      0.41313252    
   125.09406      -1.0037038       1.3025057      0.39421326    
   125.55219      -1.1607581       1.1302330      0.38041860    
   126.04717      -1.2533712      0.99200910      0.36733752    
   126.60718      -1.2465774      0.89493501      0.34260681    
   127.05280      -1.2042806      0.84111738      0.31082094    
   127.50592      -1.1621532      0.79484594      0.26423815    
   128.07426      -1.1352438      0.73510182      0.18212540    
   128.52896      -1.1446255      0.68147075      0.10542604    
   129.09735      -1.1919156      0.60759687      4.22207266E-03
   129.55208      -1.2232544      0.55066121     -7.33582526E-02
   130.00681      -1.2198775      0.50744307     -0.13840751    
   130.57526      -1.1454343      0.48547694     -0.19384867    
   131.03004      -1.0471480      0.48420960     -0.21560454    
   131.59857     -0.89847410      0.49545851     -0.21725412    
   132.05341     -0.77687877      0.50714207     -0.19380334    
   132.50826     -0.67293584      0.51722914     -0.14788137    
   133.07692     -0.58719599      0.52004278     -6.36828989E-02
   133.53189     -0.54246825      0.51576567      1.64927188E-02
   134.10069     -0.51373035      0.50759709      0.11566299    
   134.55585     -0.49780387      0.50076729      0.18416908    
   135.01115     -0.48410738      0.49423385      0.23490056    
   135.58057     -0.46382552      0.48834002      0.27236021    
   136.03642     -0.43389410      0.48708326      0.28496134    
   136.60681     -0.38642099      0.49179584      0.28457001    
   137.06377     -0.33906946      0.50336164      0.27813920    
   137.52155     -0.27637446      0.52444053      0.27157792    
   138.09309     -0.17878795      0.56499302      0.26433903    
   138.54726     -8.33454728E-02  0.60563278      0.25782543    
   139.00862      2.34477520E-02  0.64939415      0.24805963    
   139.59102      0.15202108      0.69971466      0.22636995    
   140.05928      0.23011459      0.73086196      0.19979610    
   140.52754      0.28158760      0.75322872      0.16529228    
   141.11293      0.30211788      0.77034372      0.11428583    
   141.58136      0.30902210      0.77860916      6.90079406E-02
   142.04996      0.31382275      0.78716320      2.65552625E-02
   142.51881      0.31262630      0.79770845     -4.45435941E-03
   143.10545      0.30976337      0.81384748     -2.08998695E-02
   143.57541      0.30645406      0.83069742     -1.51617564E-02
   144.04617      0.30211210      0.85209864      4.24954668E-03
   144.51489      0.28907916      0.87598467      3.03189754E-02
   145.09634      0.27050760      0.90213305      6.42672405E-02
   145.55771      0.26422411      0.92104495      8.77986848E-02
   146.00945      0.27249718      0.93917477      0.10445867    
   146.58301      0.29469037      0.96202219      0.11799558    
   147.03491      0.31307426      0.97934377      0.12378602    
   147.60600      0.32708824      0.99935293      0.12764587    
   148.06233      0.32808244       1.0140815      0.13038984    
   148.50493      0.31927726       1.0281529      0.13392015    
   149.04149      0.29844838       1.0462030      0.13982302    
   149.53152      0.27378324       1.0655905      0.14682482    
   150.08556      0.24211359       1.0904956      0.15642376    
   150.55177      0.21425012       1.1092308      0.16576239    
   151.01271      0.18487142       1.1224060      0.17559576    
   151.57442      0.15461080       1.1315310      0.18686754    
   152.05774      0.13645095       1.1353319      0.19476393    
   152.57739      0.12413970       1.1367788      0.19981071    
   153.00316      0.11415581       1.1357102      0.20100896    
   153.51299      9.91915613E-02   1.1306714      0.19874755    
   154.01495      7.87106901E-02   1.1212773      0.19312008    
   154.58026      4.69493121E-02   1.1065886      0.18436572    
   155.03586      1.60277765E-02   1.0931852      0.17675716    
   155.60519     -2.35649664E-02   1.0764165      0.16699141    
   156.06055     -5.17338924E-02   1.0643494      0.15943889    
   156.51578     -7.26189166E-02   1.0539778      0.15476799    
   157.08470     -9.08700377E-02   1.0428100      0.15165266    
   157.53973     -0.10070246       1.0349270      0.15110640    
   158.10846     -0.10770927       1.0265137      0.15303430    
   158.56342     -0.10732584       1.0210238      0.15640092    
   159.01837     -0.10041694       1.0157608      0.16100937    
   159.58714     -8.70857537E-02   1.0080563      0.16659968    
   160.04225     -7.65948221E-02   1.0002755      0.16951197    
   160.61131     -6.63741976E-02  0.98807269      0.17069927    
   161.06674     -6.50978312E-02  0.97643042      0.16974649    
   161.52234     -7.00818449E-02  0.96374238      0.16713811    
   162.09209     -8.08665752E-02  0.94834810      0.16229881    
   162.54810     -8.89045000E-02  0.93779314      0.15804717    
   163.00429     -9.24644023E-02  0.92901713      0.15387744    
   163.57474     -9.06619132E-02  0.92031980      0.14902672    
   164.03125     -8.65077823E-02  0.91502696      0.14600836    
   164.60199     -8.09981674E-02  0.91056174      0.14286685    
   165.05867     -7.69860521E-02  0.90876794      0.14035308    
   165.51541     -7.39305168E-02  0.90801549      0.13801067    
   166.08638     -7.30137900E-02  0.90784490      0.13572198    
   166.54323     -7.44826421E-02  0.90830970      0.13467813    
   167.00014     -7.68615305E-02  0.90946954      0.13458824    
   167.57146     -7.85830021E-02  0.91181231      0.13628130    
   168.02864     -7.72673041E-02  0.91414022      0.13955525    
   168.60037     -7.26310313E-02  0.91772950      0.14492327    
   169.05797     -6.56892657E-02  0.92136478      0.14926152    
   169.51572     -5.67548051E-02  0.92576301      0.15332492    
   170.08809     -4.29589748E-02  0.93242037      0.15722322    
   170.54613     -3.09968684E-02  0.93874669      0.15869731    
   171.00423     -1.88348051E-02  0.94552106      0.15877858    
   171.57689     -5.40732313E-03  0.95363623      0.15687786    
   172.03500      1.15244917E-03  0.95885193      0.15367502    
   172.60757      1.47353881E-03  0.96263468      0.14790066    
   173.06560     -3.70805059E-03  0.96287715      0.14221889    
   173.52361     -9.87820514E-03  0.96085942      0.13556205    
   174.09618     -1.80669092E-02  0.95694482      0.12780070    
   174.55434     -2.13089250E-02  0.95330596      0.12334184    
   175.01251     -1.97336450E-02  0.94957787      0.12126873    
   175.58504     -1.11381616E-02  0.94529110      0.12184635    
   176.04291     -6.18220540E-04  0.94217455      0.12446121    
   176.50061      1.17270751E-02  0.93890619      0.12852788    
   177.07251      2.60486733E-02  0.93399763      0.13420261    
   177.52980      3.47152650E-02  0.92923737      0.13810609    
   178.10117      4.11739647E-02  0.92268813      0.14143129    
   178.55803      4.25388142E-02  0.91747689      0.14214826    
   179.01469      4.13685665E-02  0.91252798      0.14073554    
   179.58530      3.97860780E-02  0.90662968      0.13541779    
   180.04160      3.93510647E-02  0.90190023      0.12832111    
   180.61182      4.17805575E-02  0.89556921      0.11773263    
   181.06787      4.69754152E-02  0.88973033      0.10949615    
   181.52380      5.45640290E-02  0.88274032      0.10264318    
   182.09352      6.49134070E-02  0.87157774      9.73056927E-02
   182.54913      7.52591044E-02  0.85995495      9.55377817E-02
   183.00459      8.79414827E-02  0.84528899      9.52624679E-02
   183.57365      0.10856169      0.82274443      9.61860791E-02
   184.02872      0.12899576      0.80173600      9.73827168E-02
   184.59737      0.16444010      0.77134573      9.87432599E-02
   185.05215      0.20383853      0.74334967      9.87718254E-02
   185.50690      0.25213793      0.71112788      9.72245336E-02
   186.07530      0.32356009      0.66319722      9.27786529E-02
   186.53006      0.39106500      0.61750448      8.80743265E-02
   187.09862      0.49557832      0.54930687      8.16973001E-02
   187.55354      0.59245211      0.48577756      7.80923367E-02
   188.00813      0.69676125      0.41301799      7.75344074E-02
   188.57570      0.83120680      0.30415243      7.99386799E-02
   189.02924      0.94602656      0.20145601      8.35305527E-02
   189.59560       1.1186707      5.06307930E-02  9.01845396E-02
   190.04829       1.2999787     -8.87780711E-02  9.73410308E-02
   190.50072       1.5401504     -0.24123818      0.10303752    
   191.06595       1.8767092     -0.45990247      0.10666702    
   191.51794       2.1719472     -0.66177750      0.10816827    
   192.08282       2.5943875     -0.94410288      0.10759009    
   192.53465       2.9747643      -1.1913772      0.10497941    
   193.09933       3.5002856      -1.5209386      9.89613608E-02
   193.55106       3.9534917      -1.7910761      9.34590176E-02
   194.00275       4.4206581      -2.0556893      8.65286738E-02
   194.55800       4.9894876      -2.3553760      7.66536891E-02
   195.06509       5.4712448      -2.5861607      6.48412555E-02
   195.51509       5.8420510      -2.7446032      5.36120832E-02
   196.06335       6.1960640      -2.8692646      4.11363244E-02
   196.57037       6.4049692      -2.9013920      3.28808539E-02
   197.05713       6.5079765      -2.8624575      2.89039388E-02
   197.52159       6.5229549      -2.7896054      1.77759230E-02
   198.05736       6.4431353      -2.5920985      1.79608017E-02
   198.53928       6.3441257      -2.3531601      2.14803293E-02
   199.06447       6.1773052      -2.0682187      2.22775415E-02
   199.52702       5.9930248      -1.7918499      2.28025764E-02
   200.06082       5.7169876      -1.4452052      1.91622227E-02
   200.52486       5.4571123      -1.1177075      1.30533315E-02
   201.00836       5.2291517     -0.73415631      9.88717377E-03
   201.53868       5.0485816     -0.24731028      1.77762099E-02
   202.06763       4.9818687      0.30133900      3.99083160E-02
   202.57445       4.9809942      0.85572457      8.68293196E-02
   203.02087       4.9075513       1.3260562      0.13606003    
   203.58592       4.6455455       1.8562706      0.18176679    
   204.05768       4.3898606       2.2537379      0.19717093    
   204.53415       4.1414762       2.6190221      0.18262993    
   205.02100       3.8626618       2.9284790      0.15015367    
   205.58678       3.3413558       3.1685557      0.12793992    
   206.10188       2.8352191       3.3230746      0.15459511    
   206.53093       2.5528445       3.4719398      0.21217895    
   207.07907       2.4463797       3.7296090      0.31036612    
   207.52036       2.4968739       3.9458745      0.34534356    
   208.05061       2.3832588       4.1345205      0.28106099    
   208.58556       2.0194769       4.2293348      0.15501207    
   209.05405       1.6013733       4.2595291      6.34273216E-02
   209.53027       1.2069087       4.2839117      6.33042678E-03
   210.05080      0.90598702       4.3057137     -2.47188061E-02
   210.50317      0.71229720       4.2932272     -4.39748392E-02
   211.05940      0.48089781       4.1982527     -9.01850611E-02
   211.53110      0.23860522       4.0332499     -0.13058755    
   212.05405     -8.30423757E-02   3.7808909     -0.14738105    
   212.57835     -0.39785236       3.4939272     -0.12161673    
   213.05884     -0.61684459       3.2332735     -7.30377659E-02
   213.58380     -0.77853644       2.9552758     -9.65781696E-03
   214.02679     -0.87817311       2.7007811      4.69794162E-02
   214.55882      -1.0026699       2.3756580      0.12045401    
   215.04926      -1.1766381       1.9039605      0.12601480    
   215.50475      -1.4205594       1.3258370      9.65189636E-02
   216.08000      -1.8866533      0.51200688      6.62211254E-02
   216.56850      -2.2868493     -0.18027052      5.16143925E-02
   217.01120      -2.6032901     -0.71117842      7.74194300E-02
   217.59718      -2.8274372      -1.2350123      0.11981533    
   218.09695      -2.8884735      -1.5449512      0.14080943    
   218.51784      -2.8878245      -1.7567149      0.14043580    
   219.07486      -2.8594542      -1.9715555      0.14828056    
   219.52748      -2.7933872      -2.0715714      0.16815913    
   220.02795      -2.6910427      -2.1248300      0.19993269    
   220.56204      -2.5491776      -2.1014895      0.24428868    
   221.00104      -2.4140859      -2.0350788      0.28510329    
   221.54613      -2.2019978      -1.9055215      0.34262612    
   222.10612      -1.8966235      -1.7304850      0.41175950    
   222.56134      -1.5997266      -1.5609670      0.47937065    
   223.00381      -1.2866113      -1.3826764      0.54607815    
   223.57352     -0.88417661      -1.1408100      0.60815483    
   224.02953     -0.63367033     -0.94764137      0.61709511    
   224.58531     -0.42844635     -0.70853776      0.58197075    
   225.04138     -0.31752178     -0.49682590      0.51151532    
   225.61139     -0.20068467     -0.20071229      0.40006948    
   226.05313     -9.39297751E-02  4.86425757E-02  0.31980425    
   226.56982      1.55495191E-02  0.33325341      0.25898364    
   227.09438      6.12844229E-02  0.57049781      0.25059080    
   227.51521      3.36414799E-02  0.70051074      0.27689612    
   228.08539     -0.12397705      0.79279381      0.35790581    
   228.51570     -0.24892804      0.82305062      0.42888692    
   229.01878     -0.35578492      0.83581066      0.49804750    
   229.58723     -0.42202091      0.84477007      0.53902876    
   230.03476     -0.43295595      0.85700631      0.53561908    
   230.60602     -0.42597023      0.88674492      0.49548680    
   231.05811     -0.41750804      0.90899909      0.44613844    
   231.50717     -0.42126945      0.91959161      0.39517030    
   232.01602     -0.45324117      0.91414833      0.34783843    
   232.58264     -0.50339973      0.88370556      0.31479317    
   233.03319     -0.54772061      0.84381282      0.30625874    
   233.52217     -0.59446841      0.78772587      0.31185383    
   234.09470     -0.63532227      0.70453316      0.33051965    
   234.55185     -0.66462326      0.62156337      0.35121766    
   235.00992     -0.69801450      0.52169377      0.37405097    
   235.57393     -0.73792815      0.37600976      0.39780462    
   236.04901     -0.76586664      0.24062538      0.40879229    
   236.50539     -0.78739858      0.10855039      0.40920612    
   237.00331     -0.80071342     -2.88263895E-02  0.39579916    
   237.59187     -0.79426432     -0.17542174      0.36221671    
   238.07948     -0.78198051     -0.28016093      0.32520983    
   238.59378     -0.77661777     -0.37199140      0.28321910    
   239.05177     -0.79230785     -0.43663725      0.24913546    
   239.59361     -0.83275449     -0.49059048      0.21637702    
   240.00069     -0.87458885     -0.51436883      0.19654545    
   240.54062     -0.94003689     -0.52250218      0.17303349    
   241.00764     -0.98637974     -0.50751799      0.15160483    
   241.54401      -1.0176884     -0.46559227      0.12339193    
   242.03525      -1.0223742     -0.40776747      9.15040672E-02
   242.53752      -1.0083768     -0.33373845      5.39042242E-02
   243.04701     -0.98499167     -0.25076255      1.24144871E-02
   243.51421     -0.96045256     -0.17466992     -2.52513029E-02
   244.01746     -0.93827462     -9.70721319E-02 -6.29485771E-02
   244.54987     -0.92429173     -2.34891102E-02 -9.97846797E-02
   245.07614     -0.92119551      3.79574746E-02 -0.13440165    
   245.53996     -0.92150253      8.41984749E-02 -0.16630965    
   246.05464     -0.91501778      0.13084701     -0.20384637    
   246.52803     -0.89762682      0.17277883     -0.24215460    
   247.05533     -0.86263222      0.21986842     -0.28808814    
   247.57243     -0.81402922      0.26370585     -0.33521003    
   248.05302     -0.76813686      0.29974705     -0.38209438    
   248.55647     -0.73681223      0.32762951     -0.43485156    
   249.09454     -0.72598422      0.33993691     -0.49293387    
   249.55356     -0.72639436      0.33730131     -0.54060268    
   250.01265     -0.72977847      0.32499683     -0.58632183    
