  0.11273042      6.31190308E-11  4.04062478E-11 -7.90739138E-15
  0.56771952      6.94708527E-11  4.69087547E-11 -1.52054950E-14
   1.0225676      7.73101583E-11  5.37285667E-11 -3.54401567E-14
   1.5908108      8.96562963E-11  6.34396424E-11 -9.78750636E-14
   2.0451236      1.01911854E-10  7.28848440E-11 -1.88625753E-13
   2.6127074      1.20592467E-10  8.79880890E-11 -3.65366754E-13
   3.0665996      1.38737549E-10  1.03755220E-10 -5.69869835E-13
   3.5204115      1.60243763E-10  1.23885693E-10 -8.48075733E-13
   4.0876346      1.92865168E-10  1.57110339E-10 -1.30102851E-12
   4.5414238      2.24695290E-10  1.92090191E-10 -1.73899653E-12
   5.1087065      2.74194778E-10  2.49102294E-10 -2.38507044E-12
   5.5625720      3.24016813E-10  3.07607995E-10 -3.01899846E-12
   6.0164661      3.85491694E-10  3.79913878E-10 -3.80848478E-12
   6.5838690      4.82923590E-10  4.93729613E-10 -5.10957813E-12
   7.0377955      5.81162951E-10  6.07732420E-10 -6.48643552E-12
   7.6052070      7.35323580E-10  7.85702114E-10 -8.75619542E-12
   8.0591211      8.89156415E-10  9.62100177E-10 -1.11327857E-11
   8.5130253      1.07590825E-09  1.17453158E-09 -1.41078668E-11
   9.0803757      1.36548139E-09  1.50045354E-09 -1.87698503E-11
   9.5342360      1.65144032E-09  1.81882809E-09 -2.33218445E-11
   10.101531      2.09202966E-09  2.30420083E-09 -3.01359042E-11
   10.555342      2.52478394E-09  2.77642709E-09 -3.65914521E-11
   11.009133      3.04372172E-09  3.33842598E-09 -4.40942664E-11
   11.576332      3.83924270E-09  4.19353885E-09 -5.53002956E-11
   12.030070      4.61824046E-09  5.02564967E-09 -6.61283528E-11
   12.597208      5.81201531E-09  6.29428021E-09 -8.26624880E-11
   13.050895      6.98145763E-09  7.53236407E-09 -9.88438914E-11
   13.504553      8.38263059E-09  9.01265196E-09 -1.18181145E-10
   14.071603      1.05310667E-08  1.12797567E-08 -1.47643758E-10
   14.525217      1.26363755E-08  1.35009621E-08 -1.76285500E-10
   15.092206      1.58653322E-08  1.69096115E-08 -2.19896767E-10
   15.545775      1.90302725E-08  2.02539763E-08 -2.62437044E-10
   16.112707      2.38851978E-08  2.53903742E-08 -3.27533861E-10
   16.566236      2.86443900E-08  3.04316252E-08 -3.91296440E-10
   17.019741      3.43497994E-08  3.64812394E-08 -4.67763384E-10
   17.586597      4.31025562E-08  4.57709675E-08 -5.85231863E-10
   18.040064      5.16835392E-08  5.48852555E-08 -7.00645375E-10
   18.606867      6.48493241E-08  6.88770427E-08 -8.78252138E-10
   19.060299      7.77590543E-08  8.26018933E-08 -1.05298170E-09
   19.513704      9.32398976E-08  9.90637687E-08 -1.26313693E-09
   20.080450      1.16998834E-07  1.24331848E-07 -1.58663516E-09
   20.533821      1.40299463E-07  1.49113944E-07 -1.90463334E-09
   21.100523      1.76061235E-07  1.87149382E-07 -2.39345765E-09
   21.553862      2.11132459E-07  2.24448954E-07 -2.87320612E-09
   22.007195      2.53191700E-07  2.69178315E-07 -3.44858742E-09
   22.573837      3.17734930E-07  3.37814726E-07 -4.33122294E-09
   23.027140      3.81025700E-07  4.05115486E-07 -5.19613952E-09
   23.593752      4.78146376E-07  5.08384574E-07 -6.52236309E-09
   24.047028      5.73380021E-07  6.09643621E-07 -7.82183740E-09
   24.500294      6.87578790E-07  7.31065199E-07 -9.37924316E-09
   25.066856      8.62818297E-07  9.17384853E-07 -1.17680461E-08
   25.520096      1.03465538E-06  1.10008443E-06 -1.41097871E-08
   26.086632      1.29834473E-06  1.38043913E-06 -1.77026980E-08
   26.539846      1.55690600E-06  1.65533868E-06 -2.12256666E-08
   27.106359      1.95367147E-06  2.07717130E-06 -2.66320157E-08
   27.559551      2.34270806E-06  2.49078312E-06 -3.19335491E-08
   28.012745      2.80920585E-06  2.98674513E-06 -3.82910272E-08
   28.579214      3.52500592E-06  3.74774640E-06 -4.80462603E-08
   29.032389      4.22686480E-06  4.49391791E-06 -5.76120698E-08
   29.598843      5.30378884E-06  5.63881440E-06 -7.22895095E-08
   30.051998      6.35970991E-06  6.76135869E-06 -8.66802594E-08
   30.505152      7.62580476E-06  8.10730307E-06 -1.03935406E-07
   31.071575      9.56839631E-06  1.01723381E-05 -1.30410399E-07
   31.524714      1.14730310E-05  1.21969451E-05 -1.56367491E-07
   32.091122      1.43952548E-05  1.53030942E-05 -1.96190470E-07
   32.544243      1.72602158E-05  1.83482243E-05 -2.35233003E-07
   33.110641      2.16557037E-05  2.30198420E-05 -2.95127165E-07
   33.563751      2.59647531E-05  2.75992843E-05 -3.53836981E-07
   34.016857      3.11307595E-05  3.30890834E-05 -4.24217490E-07
   34.583233      3.90556961E-05  4.15099930E-05 -5.32166325E-07
   35.036331      4.68242142E-05  4.97638939E-05 -6.37968014E-07
   35.602699      5.87404647E-05  6.24232780E-05 -8.00244720E-07
   36.055794      7.04205158E-05  7.48301682E-05 -9.59278850E-07
   36.508884      8.44205715E-05  8.96996498E-05 -1.14987131E-06
   37.075237      1.05892155E-04  1.12501089E-04 -1.44213311E-06
   37.528324      1.26934669E-04  1.34843111E-04 -1.72848809E-06
   38.094673      1.59202711E-04  1.69097431E-04 -2.16748595E-06
   38.547756      1.90821302E-04  2.02655472E-04 -2.59755552E-06
   39.000828      2.28708290E-04  2.42858354E-04 -3.11275312E-06
   39.567177      2.86795053E-04  3.04480520E-04 -3.90240848E-06
   40.020252      3.43697524E-04  3.64830310E-04 -4.67568725E-06
   40.586594      4.30920569E-04  4.57310700E-04 -5.86050010E-06
   41.039669      5.16349333E-04  5.47860516E-04 -7.02048783E-06
   41.606007      6.47268898E-04  6.86581305E-04 -8.79736763E-06
   42.059082      7.75467663E-04  8.22370348E-04 -1.05364898E-05
   42.512150      9.28987109E-04  9.84923798E-04 -1.26182567E-05
   43.078487      1.16417534E-03  1.23384921E-03 -1.58056391E-05
   43.531563      1.39439502E-03  1.47741090E-03 -1.89237453E-05
   44.097900      1.74699130E-03  1.85026752E-03 -2.36959895E-05
   44.550980      2.09205039E-03  2.21497775E-03 -2.83630197E-05
   45.004051      2.50502396E-03  2.65127048E-03 -3.39450344E-05
   45.570404      3.13730212E-03  3.31888697E-03 -4.24841091E-05
   46.023476      3.75581346E-03  3.97160044E-03 -5.08301273E-05
   46.589828      4.70252987E-03  4.97006485E-03 -6.35926262E-05
   47.042908      5.62842702E-03  5.94596099E-03 -7.60613402E-05
   47.609257      7.04529788E-03  7.43834535E-03 -9.51198163E-05
   48.062340      8.43074825E-03  8.89662094E-03 -1.13732931E-04
   48.515427      1.00877769E-02  1.06396079E-02 -1.35968367E-04
   49.081791      1.26229078E-02  1.33041451E-02 -1.69935520E-04
   49.534885      1.51013993E-02  1.59069952E-02 -2.03087984E-04
   50.101250      1.88931115E-02  1.98853500E-02 -2.53710343E-04
   50.554352      2.26002391E-02  2.37712190E-02 -3.03100271E-04
   51.007446      2.70339828E-02  2.84143742E-02 -3.62040009E-04
   51.573837      3.38186920E-02  3.55112627E-02 -4.51975880E-04
   52.026939      4.04542908E-02  4.24433127E-02 -5.39627159E-04
   52.593330      5.06128818E-02  5.30402586E-02 -6.72848604E-04
   53.046448      6.05533868E-02  6.33938313E-02 -8.01066984E-04
   53.612846      7.57822543E-02  7.92277977E-02 -9.94552858E-04
   54.065975      9.07025635E-02  9.47060436E-02 -1.18642242E-03
   54.519108      0.10859489      0.11321666     -1.42253761E-03
   55.085529      0.13607720      0.14154361     -1.78911444E-03
   55.538670      0.16307141      0.16926245     -2.13816902E-03
   56.105099      0.20461637      0.21173520     -2.63195764E-03
   56.558254      0.24551505      0.25335371     -3.03544546E-03
   57.011406      0.29478705      0.30328134     -3.40933190E-03
   57.577862      0.37095237      0.38002732     -3.79439606E-03
   58.031025      0.44638824      0.45550510     -4.04532300E-03
   58.597492      0.56373113      0.57180160     -4.39012144E-03
   59.050667      0.68078071      0.68630272     -4.85099712E-03
   59.503853      0.82384896      0.82403594     -5.78599144E-03
   60.070332       1.0512781       1.0322151     -8.73952731E-03
   60.523521       1.2841978       1.2307870     -1.17938668E-02
   61.090008       1.6442151       1.5404854     -1.26443226E-02
   61.543190       1.9972899       1.8493489     -9.77565721E-03
   62.109642       2.5333405       2.3211715     -5.55055961E-03
   62.562763       3.0473878       2.7191443     -3.14256852E-03
   63.015820       3.6379478       3.2271354     -2.88171088E-03
   63.581921       4.4523869       3.8568683     -4.91046207E-03
   64.034485       5.1350965       4.2978334     -8.53842311E-03
   64.599731       6.0220237       4.7213526     -1.15731517E-02
   65.051582       6.6683164       4.9048538     -1.52960280E-02
   65.503128       7.2196646       4.9636488     -2.07811650E-02
   66.067162       7.7365370       4.8499885     -1.99539084E-02
   66.518112       8.0145254       4.6222835     -1.08461892E-02
   67.081421       8.2050676       4.2350335      7.47326715E-03
   67.531792       8.2278118       3.8900139      2.33706515E-02
   68.094421       8.1076632       3.4477637      3.98666225E-02
   68.544289       7.9591794       3.0348227      4.22508642E-02
   69.106354       7.7471662       2.4375029      4.39116023E-02
   69.555771       7.5641794       1.9237503      4.81701344E-02
   70.005020       7.3808141       1.4207616      4.68989909E-02
   70.566383       7.1302338      0.82658190      5.05491421E-02
   71.015320       6.8830104      0.36887649      6.67169392E-02
   71.576332       6.5184588     -0.22349434      9.41365436E-02
   72.025063       6.2275686     -0.73310202      0.11045372    
   72.585876       5.8921719      -1.3757654      0.11259047    
   73.029984       5.6425176      -1.8693405      0.10430972    
   73.590706       5.3438687      -2.4827809      9.65796858E-02
   74.039330       5.1083326      -2.9770434      9.98702124E-02
   74.600090       4.8018427      -3.6046698      0.11431687    
   75.048798       4.5392609      -4.1255741      0.12819391    
   75.609795       4.1733966      -4.7963252      0.13596433    
   76.058640       3.8583274      -5.3491235      0.12853056    
   76.507683       3.5342538      -5.9327593      0.11262482    
   77.069244       3.0902338      -6.7070460      9.03670192E-02
   77.518639       2.6747100      -7.3519340      8.82552415E-02
   78.048470       2.1708000      -8.1205025      0.10273201    
   78.602119       1.6429516      -9.0906582      0.16999644    
   79.014641       1.1449378      -9.9463148      0.25710559    
   79.554306      0.30162036      -11.363275      0.46147382    
   80.067139     -0.59001541      -12.986006      0.98379612    
   80.524811      -1.2472652      -13.933760       1.2435337    
   81.053589      -1.7415850      -14.368902      0.99014461    
   81.564354      -2.2511053      -13.871090      0.53236556    
   82.063629      -2.7841101      -11.763322      0.32879212    
   82.549644      -3.0803673      -8.9063606      0.14856206    
   83.020416      -3.1773479      -5.7918243      0.10085939    
   83.522820      -3.2015932      -4.4091091      0.16268730    
   84.053658      -3.2101669      -3.8642032      0.22130601    
   84.549942      -3.2138681      -3.6045499      0.24522850    
   85.027672      -3.2157512      -3.4411292      0.24343705    
   85.525734      -3.2157817      -3.3557596      0.21229354    
   86.027512      -3.2144036      -3.3523355      0.17349455    
   86.590935      -3.2141771      -3.5240200      0.15383273    
   87.029121      -3.2445350      -4.5850530     -0.18641306    
   87.559258      -3.2027054     -0.38119626      0.22597080    
   88.067757      -2.9672434       1.6165010      0.58532614    
   88.585281      -2.5082967       2.5156448      0.47259846    
   89.036705      -1.9480344       2.5431962      0.57355458    
   89.556389      -1.5291219       2.3147912      0.49505958    
   90.083794      -1.3905215       1.7286847      0.45823288    
   90.522835      -1.3169353       1.0316871      0.47191566    
   91.066666      -1.2447509      0.18764967      0.59417456    
   91.547646      -1.1865453     -0.44195944      0.78220594    
   92.020836      -1.1109185     -0.88219953      0.94675601    
   92.527176      -1.0336387      -1.1280653       1.0847747    
   93.040657     -0.91982162      -1.1577282       1.1975150    
   93.570419     -0.79336607      -1.1040064       1.3208854    
   94.013809     -0.73265350      -1.0334651       1.3950925    
   94.539070     -0.73976111     -0.90326989       1.4210285    
   95.091621     -0.78527325     -0.71041489       1.4031464    
   95.545456     -0.82142854     -0.52699482       1.3781984    
   96.112778     -0.85038525     -0.27024102       1.3066239    
   96.566650     -0.83637917     -7.85008743E-02   1.2526093    
   97.014771     -0.78649592      0.12255409       1.1866454    
   97.544777     -0.67637658      0.34257615       1.0803145    
   98.112152     -0.50430298      0.56738871      0.92594159    
   98.566078     -0.32617366      0.70452046      0.75702131    
   99.001091     -0.14154555      0.78995770      0.60179973    
   99.542236      2.06839312E-02  0.78903353      0.47721103    
   100.10968      0.10769017      0.74116868      0.41007206    
   100.55460      0.13858819      0.67083335      0.37727287    
   101.08748      0.16703308      0.52557594      0.36912084    
   101.52034      0.20654917      0.36738327      0.38097167    
   102.08784      0.27715173      0.13923778      0.40934280    
   102.54187      0.33969060     -3.77960540E-02  0.43056378    
   103.10939      0.40076342     -0.23034725      0.45562932    
   103.56343      0.42359114     -0.35293928      0.46743339    
   104.01749      0.41389734     -0.44497436      0.46930316    
   104.58506      0.36320856     -0.52958935      0.45752937    
   105.03915      0.30999666     -0.58975130      0.42823634    
   105.60675      0.24115066     -0.66861212      0.39830047    
   106.06085      0.19806969     -0.75449568      0.38736144    
   106.51496      0.16770732     -0.85760069      0.39772958    
   107.08263      0.10856463     -0.96783245      0.44401988    
   107.53677      4.06201854E-02  -1.0166105      0.49864653    
   108.10446     -6.70436472E-02  -1.0198145      0.57109410    
   108.55863     -0.15851119     -0.98634267      0.61062777    
   109.01280     -0.25112456     -0.92145038      0.64147472    
   109.58054     -0.35303456     -0.79718351      0.67261702    
   110.03474     -0.41805312     -0.67897940      0.68532032    
   110.60250     -0.48224628     -0.52711052      0.68672383    
   111.05674     -0.51590765     -0.41825226      0.68565601    
   111.51097     -0.53069884     -0.33927843      0.68753350    
   112.07880     -0.54070836     -0.25584108      0.69779652    
   112.53306     -0.54674870     -0.19627845      0.71341258    
   113.06913     -0.55621463     -0.13274303      0.73678094    
   113.57185     -0.56351340     -8.19400176E-02  0.75914294    
   114.08277     -0.57092935     -3.86118218E-02  0.77551734    
   114.52990     -0.57756287     -7.45821185E-03  0.78123164    
   115.07253     -0.58138120      2.24921219E-02  0.77922672    
   115.56587     -0.57893491      4.43197638E-02  0.77188528    
   116.03012     -0.57161230      6.13017231E-02  0.76288635    
   116.55170     -0.55669570      7.58308023E-02  0.74918330    
   117.09390     -0.53565675      7.76704922E-02  0.73234785    
   117.50079     -0.51801252      6.86112270E-02  0.71911627    
   118.06371     -0.49160463      4.84905019E-02  0.69842249    
   118.57147     -0.46598384      2.79126000E-02  0.67575651    
   119.09225     -0.43744934      8.56177416E-03  0.64683831    
   119.55916     -0.41246143     -4.86253202E-03  0.62144572    
   120.00833     -0.38972712     -1.34402663E-02  0.60268795    
   120.57141     -0.36431181     -2.53135432E-02  0.58938497    
   121.02556     -0.34591350     -4.02375646E-02  0.58884203    
   121.59370     -0.32318977     -6.42827749E-02  0.59793299    
   122.04821     -0.30410540     -8.55680928E-02  0.61055279    
   122.50274     -0.28599781     -0.10676682      0.62614226    
   123.07092     -0.26630384     -0.13160475      0.65079844    
   123.52547     -0.25509882     -0.14856228      0.67273861    
   124.09369     -0.25249475     -0.16207407      0.69617969    
   124.54827     -0.25799865     -0.16274881      0.70810729    
   125.09406     -0.26353031     -0.15574524      0.71122986    
   125.55219     -0.26764733     -0.14511365      0.70900553    
   126.04717     -0.26925242     -0.12721844      0.70400107    
   126.60718     -0.26538384     -0.10162593      0.69664335    
   127.05280     -0.25895998     -7.91895986E-02  0.69117081    
   127.50592     -0.25043768     -5.58633581E-02  0.68638867    
   128.07426     -0.23833913     -3.37897651E-02  0.67890912    
   128.52896     -0.22767451     -2.48333625E-02  0.66993701    
   129.09735     -0.21301816     -2.39202827E-02  0.65889466    
   129.55208     -0.20285964     -3.19806412E-02  0.65188086    
   130.00681     -0.19573182     -4.78256829E-02  0.64761126    
   130.57526     -0.18307053     -8.20896477E-02  0.63747543    
   131.03004     -0.16290250     -0.12290530      0.61743510    
   131.59857     -0.13767028     -0.17617585      0.58858132    
   132.05341     -0.12743399     -0.20755574      0.56979495    
   132.50826     -0.12570165     -0.22352284      0.56036305    
   133.07692     -0.13084742     -0.22205065      0.56584889    
   133.53189     -0.13355723     -0.20717826      0.58213598    
   134.10069     -0.13599341     -0.17959699      0.60971367    
   134.55585     -0.13783455     -0.15899152      0.62786788    
   135.01115     -0.13932632     -0.13975130      0.63484585    
   135.58057     -0.13523786     -0.11681705      0.63413352    
   136.03642     -0.13067657     -0.10315631      0.62466872    
   136.60681     -0.12350723     -9.27413031E-02  0.60703832    
   137.06377     -0.11806967     -8.89560357E-02  0.59174246    
   137.52155     -0.11269061     -8.91679302E-02  0.57569724    
   138.09309     -0.10655503     -9.35227051E-02  0.55701572    
   138.54726     -0.10191181     -9.92686152E-02  0.54558450    
   139.00862     -9.86817703E-02 -0.10596993      0.53478152    
   139.59102     -9.57190543E-02 -0.11624166      0.52010536    
   140.05928     -9.16286707E-02 -0.12706411      0.50571251    
   140.52754     -8.56830925E-02 -0.14057977      0.48685506    
   141.11293     -7.57864714E-02 -0.16134225      0.45664102    
   141.58136     -6.86834380E-02 -0.17966537      0.43087125    
   142.04996     -6.84972703E-02 -0.19610117      0.41059840    
   142.51881     -7.51821548E-02 -0.20899475      0.39772663    
   143.10545     -8.96534771E-02 -0.22153188      0.39128965    
   143.57541     -0.10453272     -0.22852348      0.39020446    
   144.04617     -0.11960717     -0.23438759      0.39188510    
   144.51489     -0.13579933     -0.23979992      0.39557505    
   145.09634     -0.15854299     -0.24507289      0.40280324    
   145.55771     -0.17848420     -0.24554810      0.41034651    
   146.00945     -0.19762440     -0.24181817      0.41691309    
   146.58301     -0.21750906     -0.23478527      0.42143241    
   147.03491     -0.23007432     -0.22809544      0.42252716    
   147.60600     -0.23981738     -0.21776229      0.41799128    
   148.06233     -0.24313584     -0.20811713      0.40957454    
   148.50493     -0.24574286     -0.19825888      0.39678010    
   149.04149     -0.24839345     -0.18671650      0.37952965    
   149.53152     -0.24937385     -0.17762934      0.36719245    
   150.08556     -0.24948324     -0.17077821      0.35688338    
   150.55177     -0.24912116     -0.16811436      0.35197869    
   151.01271     -0.24934530     -0.16708945      0.34988740    
   151.57442     -0.24760363     -0.16518161      0.34741342    
   152.05774     -0.24279486     -0.16202255      0.34319162    
   152.57739     -0.23351949     -0.15592922      0.33787447    
   153.00316     -0.22158626     -0.14842333      0.33210653    
   153.51299     -0.20268075     -0.13548514      0.32123116    
   154.01495     -0.17831202     -0.11790512      0.30085891    
   154.58026     -0.14263892     -9.45883095E-02  0.26594612    
   155.03586     -0.11030256     -7.16487467E-02  0.23591727    
   155.60519     -7.53448755E-02 -4.05041836E-02  0.20630306    
   156.06055     -5.45845628E-02 -1.67908166E-02  0.19220871    
   156.51578     -4.06966917E-02  2.02023704E-03  0.18176065    
   157.08470     -3.22143063E-02  1.38933053E-02  0.17232759    
   157.53973     -2.95877066E-02  1.05094025E-02  0.16540499    
   158.10846     -2.48930156E-02 -1.17810387E-02  0.15867265    
   158.56342     -2.10718252E-02 -4.31534760E-02  0.15411475    
   159.01837     -1.95490606E-02 -8.31301734E-02  0.15064907    
   159.58714     -2.02109162E-02 -0.14120692      0.14931096    
   160.04225     -2.34028511E-02 -0.18473385      0.14645544    
   160.61131     -2.58874297E-02 -0.22526370      0.13536581    
   161.06674     -2.01178025E-02 -0.24463592      0.11608417    
   161.52234      4.07284405E-03 -0.25980759      6.69575185E-02
   162.09209      5.82320690E-02 -0.27850798     -2.57037170E-02
   162.54810      0.11267743     -0.28950134     -0.10999620    
   163.00429      0.15007469     -0.30013293     -0.17180762    
   163.57474      0.15984762     -0.31446168     -0.19662455    
   164.03125      0.14020023     -0.32492480     -0.19171582    
   164.60199      9.08766240E-02 -0.33848464     -0.14447522    
   165.05867      4.16492820E-02 -0.35523406     -7.83138201E-02
   165.51541     -1.54399388E-02 -0.37695760     -8.95837508E-03
   166.08638     -7.85093457E-02 -0.40321079      7.09360316E-02
   166.54323     -0.11583816     -0.41483167      0.11970621    
   167.00014     -0.13508783     -0.41626742      0.14327721    
   167.57146     -0.13957357     -0.41229567      0.15765683    
   168.02864     -0.13135929     -0.40758753      0.16291495    
   168.60037     -0.11544153     -0.39332047      0.15999229    
   169.05797     -9.71204489E-02 -0.36984071      0.15169716    
   169.51572     -7.50557557E-02 -0.33659822      0.13175073    
   170.08809     -4.47903648E-02 -0.28283361      8.90187025E-02
   170.54613     -2.01498214E-02 -0.24008673      4.64150496E-02
   171.00423     -2.45308480E-03 -0.20386715      6.12704456E-03
   171.57689      8.21629167E-03 -0.17156021     -3.35468054E-02
   172.03500      1.10681150E-02 -0.15879542     -5.38391918E-02
   172.60757      1.23525150E-02 -0.14983754     -6.87013119E-02
   173.06560      1.54190930E-02 -0.14655924     -7.42899179E-02
   173.52361      2.01236270E-02 -0.14385979     -7.81667382E-02
   174.09618      3.13249677E-02 -0.14217280     -8.22965056E-02
   174.55434      4.47568409E-02 -0.14161713     -8.57076272E-02
   175.01251      6.31960332E-02 -0.14241420     -8.95142257E-02
   175.58504      9.06460732E-02 -0.14323589     -9.69808996E-02
   176.04291      0.11369194     -0.14236715     -0.10293452    
   176.50061      0.13679764     -0.14212212     -0.10693806    
   177.07251      0.16466838     -0.14443268     -0.11286201    
   177.52980      0.18628162     -0.14885573     -0.11961652    
   178.10117      0.21180725     -0.15936907     -0.13390371    
   178.55803      0.23887333     -0.18050437     -0.15935169    
   179.01469      0.27765727     -0.21602307     -0.18974760    
   179.58530      0.33304355     -0.26961637     -0.21653700    
   180.04160      0.37255460     -0.30037588     -0.22939046    
   180.61182      0.39900923     -0.31550843     -0.22950318    
   181.06787      0.41583282     -0.31451809     -0.21248007    
   181.52380      0.43110430     -0.29582053     -0.18710625    
   182.09352      0.45487916     -0.25126800     -0.15872583    
   182.54913      0.48759443     -0.21148601     -0.14746389    
   183.00459      0.53062177     -0.17950454     -0.14786039    
   183.57365      0.58980560     -0.15408170     -0.16690876    
   184.02872      0.64004415     -0.14232714     -0.19144450    
   184.59737      0.70232248     -0.13670981     -0.21964370    
   185.05215      0.74680132     -0.13961124     -0.24293302    
   185.50690      0.78976303     -0.15272160     -0.26651171    
   186.07530      0.83674198     -0.18269226     -0.29422450    
   186.53006      0.86051852     -0.20317055     -0.31581956    
   187.09862      0.86459422     -0.21273947     -0.33225971    
   187.55354      0.84900308     -0.20304853     -0.34083354    
   188.00813      0.82729572     -0.18553446     -0.34331876    
   188.57570      0.80183220     -0.17446977     -0.33863628    
   189.02924      0.78447062     -0.17881319     -0.33157331    
   189.59560      0.76422846     -0.19808565     -0.32093066    
   190.04829      0.74785084     -0.22347739     -0.31120536    
   190.50072      0.72980624     -0.26474673     -0.29985240    
   191.06595      0.69620371     -0.33584410     -0.28348914    
   191.51794      0.65402198     -0.40386361     -0.26978534    
   192.08282      0.57801747     -0.49681038     -0.25234851    
   192.53465      0.50615078     -0.57536006     -0.23346916    
   193.09933      0.40041235     -0.67201924     -0.20465226    
   193.55106      0.30877188     -0.74936098     -0.17509322    
   194.00275      0.21288125     -0.82490373     -0.13757467    
   194.55800      8.45538080E-02 -0.90659916     -8.16362724E-02
   195.06509     -4.47716452E-02 -0.96281087     -6.61973283E-03
   195.51509     -0.16637757     -0.98800850      5.91602474E-02
   196.06335     -0.31876314     -0.98861331      0.12853146    
   196.57037     -0.45464638     -0.96249253      0.17960685    
   197.05713     -0.58213091     -0.92174226      0.21006085    
   197.52159     -0.70027220     -0.86837882      0.22177562    
   198.05736     -0.82991499     -0.79722971      0.22332351    
   198.53928     -0.92966139     -0.73088217      0.20619874    
   199.06447      -1.0182445     -0.65891576      0.16527303    
   199.52702      -1.0835901     -0.60166162      0.11812144    
   200.06082      -1.1438764     -0.54408389      6.06201254E-02
   200.52486      -1.2010521     -0.46610555     -4.69642319E-03
   201.00836      -1.2566783     -0.36933255     -4.25138772E-02
   201.53868      -1.3024006     -0.25301760     -6.98873326E-02
   202.06763      -1.3249534     -0.18285188     -8.58025625E-02
   202.57445      -1.3308651     -9.83471870E-02 -8.90321657E-02
   203.02087      -1.3295166     -5.04620746E-03 -6.50395751E-02
   203.58592      -1.3019910      8.64491537E-02 -3.97521593E-02
   204.05768      -1.2538608      0.16325292     -2.89345756E-02
   204.53415      -1.1857218      0.23539455     -2.75229812E-02
   205.02100      -1.0904065      0.33105189     -3.94790098E-02
   205.58678     -0.94650376      0.44300109     -7.06561953E-02
   206.10188     -0.77870131      0.56657869     -0.11696777    
   206.53093     -0.60384065      0.70803368     -0.16047499    
   207.07907     -0.32435191      0.89910555     -0.21353152    
   207.52036     -8.05114955E-02   1.0420105     -0.24554127    
   208.05061      0.19399665       1.1962162     -0.28017890    
   208.58556      0.43180525       1.3134100     -0.30630189    
   209.05405      0.58559173       1.3708353     -0.30736035    
   209.53027      0.69828618       1.3869760     -0.28976786    
   210.05080      0.80149496       1.3447852     -0.25038621    
   210.50317      0.88673103       1.2616208     -0.19574720    
   211.05940      0.98504907       1.0975860     -0.12527250    
   211.53110       1.0646672      0.93352884     -7.31271058E-02
   212.05405       1.1470182      0.74418592     -3.28985155E-02
   212.57835       1.1951458      0.57837027     -4.25421447E-03
   213.05884       1.2064970      0.45899335      2.19334904E-02
   213.58380       1.1884246      0.35272962      5.27692586E-02
   214.02679       1.1624103      0.27928430      7.83807710E-02
   214.55882       1.1136712      0.21431993      0.10376201    
   215.04926       1.0577495      0.16370744      0.12426542    
   215.50475       1.0057803      0.12640524      0.14119372    
   216.08000      0.94520509      8.88180286E-02  0.16318843    
   216.56850      0.89678478      6.05757609E-02  0.18327430    
   217.01120      0.85605359      3.42040919E-02  0.20019001    
   217.59718      0.81013960     -5.42679895E-03  0.21673113    
   218.09695      0.77869374     -4.11239602E-02  0.22655708    
   218.51784      0.75152570     -7.45095462E-02  0.22453424    
   219.07486      0.69808412     -0.11651530      0.19734600    
   219.52748      0.63985085     -0.14293811      0.15184590    
   220.02795      0.56821710     -0.15964730      8.22816119E-02
   220.56204      0.48972291     -0.16538504      1.22995349E-03
   221.00104      0.42760307     -0.16154385     -5.82559630E-02
   221.54613      0.35447147     -0.14527276     -0.11109912    
   222.10612      0.28153557     -0.12746939     -0.14745450    
   222.56134      0.23023097     -0.11502939     -0.17361322    
   223.00381      0.18611634     -9.51582044E-02 -0.18965739    
   223.57352      0.12619050     -5.01382202E-02 -0.18361822    
   224.02953      6.61088452E-02  7.14692147E-03 -0.16574064    
   224.58531      2.15419848E-03  8.79340917E-02 -0.13695675    
   225.04138     -4.07245606E-02  0.16186108     -0.11023737    
   225.61139     -6.10809512E-02  0.26016015     -8.52414817E-02
   226.05313     -4.05888259E-02  0.33416045     -7.48586431E-02
   226.56982      2.34417990E-03  0.44155416     -7.99841210E-02
   227.09438      8.06336179E-02  0.53736663     -0.11290747    
   227.51521      0.14997162      0.58205193     -0.15219481    
   228.08539      0.22857487      0.59935898     -0.20289028    
   228.51570      0.25950909      0.59023881     -0.22905356    
   229.01878      0.26711506      0.56719935     -0.25264099    
   229.58723      0.26235214      0.52897292     -0.26133716    
   230.03476      0.24404578      0.49102235     -0.25458586    
   230.60602      0.21255374      0.44391653     -0.22407626    
   231.05811      0.19226837      0.41112322     -0.17517778    
   231.50717      0.19017483      0.38066870     -0.11308773    
   232.01602      0.21401170      0.34945190     -4.55115810E-02
   232.58264      0.26591676      0.30758187      1.19409729E-02
   233.03319      0.31717473      0.28235942      4.26678918E-02
   233.52217      0.38089862      0.27138305      5.15213348E-02
   234.09470      0.46834612      0.27414614      3.10281552E-02
   234.55185      0.55185050      0.29319504     -4.90135234E-03
   235.00992      0.64229506      0.33802384     -5.38470075E-02
   235.57393      0.76809102      0.43705657     -0.13167797    
   236.04901      0.88628221      0.55591184     -0.20777106    
   236.50539       1.0089567      0.69598079     -0.29345876    
   237.00331       1.1565006      0.87769347     -0.40569082    
   237.59187       1.3697895       1.1293845     -0.55602551    
   238.07948       1.5938396       1.3786936     -0.70435899    
   238.59378       1.9575015       1.7175415     -0.98300219    
   239.05177       2.6588936       2.0336142      -1.6396167    
   239.59361       4.0545101       2.2369697      -3.0325558    
   240.00069       4.9317646       2.2425747      -3.5377564    
   240.54062       5.4647150       2.3399596      -3.1794748    
   241.00764       5.9311571       2.3880086      -2.3864820    
   241.54401       6.1744771       2.3473690      -1.6215452    
   242.03525       6.1388550       2.1472962      -1.2368594    
   242.53752       5.8502297       1.9563576      -1.0706247    
   243.04701       5.4591823       1.7258054     -0.97331285    
   243.51421       5.1150308       1.4671400     -0.94290203    
   244.01746       4.8658528      0.94359714     -0.89641792    
   244.54987       4.9452915      0.15675099     -0.86077058    
   245.07614       4.8185582     -0.42242375     -0.87551272    
   245.53996       4.3913159     -0.60651314     -0.92962515    
   246.05464       3.8716679     -0.70345688     -0.99311763    
   246.52803       3.4304233     -0.77208233     -0.94324720    
   247.05533       3.0301845     -0.93113774     -0.74424720    
   247.57243       2.7931991      -1.2297457     -0.44111255    
   248.05302       2.6571658      -1.5482224     -0.14922458    
   248.55647       2.4249930      -1.8067924     -2.51274854E-02
   249.09454       2.1485562      -2.0654542      2.35081650E-02
   249.55356       1.9132458      -2.2545230     -7.83904642E-03
   250.01265       1.6635083      -2.4356573     -4.27178107E-02
