  0.11273042      1.49619010E-15  9.29568261E-16 -4.85993684E-19
  0.56771952      1.46310521E-15  1.05488435E-15 -7.10136520E-19
   1.0225676      1.42524210E-15  1.16644081E-15 -1.17860571E-18
   1.5908108      1.37120828E-15  1.28435045E-15 -2.16737388E-18
   2.0451236      1.32163091E-15  1.35977354E-15 -3.30742295E-18
   2.6127074      1.25067168E-15  1.42932913E-15 -5.17220527E-18
   3.0665996      1.18774380E-15  1.46615432E-15 -7.02063424E-18
   3.5204115      1.12238525E-15  1.48800226E-15 -9.02091991E-18
   4.0876346      1.04226239E-15  1.49496254E-15 -1.15371661E-17
   4.5414238      9.76772772E-16  1.48401252E-15 -1.31973110E-17
   5.1087065      8.90685425E-16  1.44682545E-15 -1.48315055E-17
   5.5625720      8.12386600E-16  1.39550827E-15 -1.59594474E-17
   6.0164661      7.23590071E-16  1.32395908E-15 -1.77241892E-17
   6.5838690      6.01545117E-16  1.20714583E-15 -2.22307668E-17
   7.0377955      4.99748962E-16  1.09419229E-15 -2.87470343E-17
   7.6052070      3.74331626E-16  9.32766869E-16 -4.12754192E-17
   8.0591211      2.79685568E-16  7.90463693E-16 -5.40849529E-17
   8.5130253      1.92079332E-16  6.38680312E-16 -6.80101017E-17
   9.0803757      9.33601038E-17  4.39164931E-16 -8.41014712E-17
   9.5342360      2.28534088E-17  2.75984986E-16 -9.40252497E-17
   10.101531     -5.04270709E-17  7.70182905E-17 -1.01532377E-16
   10.555342     -9.01351582E-17 -6.87582899E-17 -1.03957035E-16
   11.009133     -1.02104243E-16 -1.93228968E-16 -1.04673446E-16
   11.576332     -5.77018762E-17 -3.08712090E-16 -1.04812611E-16
   12.030070      1.79589547E-17 -3.71392740E-16 -1.05155964E-16
   12.597208      1.36268477E-16 -4.24415387E-16 -1.06884044E-16
   13.050895      2.55353911E-16 -4.59109539E-16 -1.07039375E-16
   13.504553      3.74469401E-16 -4.92467073E-16 -1.06919745E-16
   14.071603      5.21880875E-16 -5.46148845E-16 -1.07843156E-16
   14.525217      6.37185934E-16 -6.01803674E-16 -1.11668893E-16
   15.092206      7.85481604E-16 -6.87711238E-16 -1.23784257E-16
   15.545775      9.17736693E-16 -7.66084285E-16 -1.41739820E-16
   16.112707      1.11532216E-15 -8.69166553E-16 -1.74824490E-16
   16.566236      1.30893865E-15 -9.52202146E-16 -2.07791251E-16
   17.019741      1.53980754E-15 -1.03456858E-15 -2.43601514E-16
   17.586597      1.88207121E-15 -1.13769548E-15 -2.88185543E-16
   18.040064      2.19657243E-15 -1.22465019E-15 -3.21666479E-16
   18.606867      2.63789798E-15 -1.34803938E-15 -3.61026750E-16
   19.060299      3.02969074E-15 -1.46537568E-15 -3.93565944E-16
   19.513704      3.45816447E-15 -1.60507428E-15 -4.31554684E-16
   20.080450      4.05664746E-15 -1.81888128E-15 -4.91761071E-16
   20.533821      4.59895649E-15 -2.02736531E-15 -5.52394654E-16
   21.100523      5.37638705E-15 -2.34345133E-15 -6.44429019E-16
   21.553862      6.09329668E-15 -2.64790821E-15 -7.31176892E-16
   22.007195      6.90948831E-15 -3.00571547E-15 -8.30854353E-16
   22.573837      8.09514385E-15 -3.54097063E-15 -9.78062803E-16
   23.027140      9.20208293E-15 -4.05239281E-15 -1.11904572E-15
   23.593752      1.08274951E-14 -4.81734657E-15 -1.33202898E-15
   24.047028      1.23598184E-14 -5.54978274E-15 -1.53734309E-15
   24.500294      1.41381302E-14 -6.41070533E-15 -1.77866966E-15
   25.066856      1.67730328E-14 -7.70418309E-15 -2.13927933E-15
   25.520096      1.92734199E-14 -8.94795526E-15 -2.48349637E-15
   26.086632      2.29932531E-14 -1.08214117E-14 -2.99873168E-15
   26.539846      2.65392363E-14 -1.26273071E-14 -3.49320580E-15
   27.106359      3.18392638E-14 -1.53548896E-14 -4.23751652E-15
   27.559551      3.69118087E-14 -1.79917235E-14 -4.95458539E-15
   28.012745      4.28719458E-14 -2.11176562E-14 -5.80164290E-15
   28.579214      5.18223058E-14 -2.58584708E-14 -7.08096462E-15
   29.032389      6.04277777E-14 -3.04590439E-14 -8.31800838E-15
   29.598843      7.33961841E-14 -3.74514533E-14 -1.01935977E-14
   30.051998      8.59099508E-14 -4.42489063E-14 -1.20146906E-14
   30.505152      1.00722992E-13 -5.23417572E-14 -1.41820751E-14
   31.071575      1.23155324E-13 -6.46673741E-14 -1.74822772E-14
   31.524714      1.44893727E-13 -7.66722162E-14 -2.06946954E-14
   32.091122      1.77889685E-13 -9.49805149E-14 -2.55881471E-14
   32.544243      2.09927196E-13 -1.12835698E-13 -3.03534528E-14
   33.110641      2.58644777E-13 -1.40101892E-13 -3.76195148E-14
   33.563751      3.06027556E-13 -1.66724477E-13 -4.47052843E-14
   34.016857      3.62473127E-13 -1.98540999E-13 -5.31667741E-14
   34.583233      4.48509285E-13 -2.47197607E-13 -6.60994764E-14
   35.036331      5.32375359E-13 -2.94768496E-13 -7.87393086E-14
   35.602699      6.60380875E-13 -3.67578689E-13 -9.80808317E-14
   36.055794      7.85312028E-13 -4.38822698E-13 -1.17002138E-13
   36.508884      9.34561239E-13 -5.24116395E-13 -1.39650132E-13
   37.075237      1.16272801E-12 -6.54797397E-13 -1.74341634E-13
   37.528324      1.38574634E-12 -7.82773369E-13 -2.08308251E-13
   38.094673      1.72700569E-12 -9.78921805E-13 -2.60361096E-13
   38.547756      2.06083913E-12 -1.17106607E-12 -3.11345838E-13
   39.000828      2.46039886E-12 -1.40128501E-12 -3.72428163E-13
   39.567177      3.07241298E-12 -1.75429777E-12 -4.66078185E-13
   40.020252      3.67158127E-12 -2.10024186E-12 -5.57836654E-13
   40.586594      4.58973137E-12 -2.63085517E-12 -6.98547557E-13
   41.039669      5.48895695E-12 -3.15098707E-12 -8.36450646E-13
   41.606007      6.86734437E-12 -3.94893840E-12 -1.04797247E-12
   42.059082      8.21773379E-12 -4.73126833E-12 -1.25532202E-12
   42.512150      9.83588818E-12 -5.66928969E-12 -1.50390919E-12
   43.078487      1.23173008E-11 -7.10857545E-12 -1.88530355E-12
   43.531563      1.47492192E-11 -8.51982807E-12 -2.25924726E-12
   44.097900      1.84793222E-11 -1.06852791E-11 -2.83300380E-12
   44.550980      2.21357186E-11 -1.28086205E-11 -3.39557701E-12
   45.004051      2.65189815E-11 -1.53547002E-11 -4.07012184E-12
   45.570404      3.32436578E-11 -1.92618057E-11 -5.10518797E-12
   46.023476      3.98362524E-11 -2.30930414E-11 -6.12009011E-12
   46.589828      4.99510988E-11 -2.89724390E-11 -7.67747584E-12
   47.042908      5.98680550E-11 -3.47378584E-11 -9.20460930E-12
   47.609257      7.50840917E-11 -4.35853437E-11 -1.15480594E-11
   48.062340      9.00034769E-11 -5.22614174E-11 -1.38460554E-11
   48.515427      1.07892771E-10 -6.26654562E-11 -1.66016784E-11
   49.081791      1.35342931E-10 -7.86312127E-11 -2.08302750E-11
   49.534885      1.62259164E-10 -9.42873973E-11 -2.49767759E-11
   50.101250      2.03561029E-10 -1.18312499E-10 -3.13395976E-11
   50.554352      2.44060466E-10 -1.41871861E-10 -3.75789400E-11
   51.007446      2.92622954E-10 -1.70122610E-10 -4.50606080E-11
   51.573837      3.67143871E-10 -2.13475654E-10 -5.65417019E-11
   52.026939      4.40215364E-10 -2.55986343E-10 -6.77996201E-11
   52.593330      5.52346169E-10 -3.21221549E-10 -8.50754189E-11
   53.046448      6.62297606E-10 -3.85189408E-10 -1.02015521E-10
   53.612846      8.31020974E-10 -4.83350304E-10 -1.28010588E-10
   54.065975      9.96467686E-10 -5.79605142E-10 -1.53500768E-10
   54.519108      1.19485988E-09 -6.95026925E-10 -1.84066679E-10
   55.085529      1.49929669E-09 -8.72143302E-10 -2.30970368E-10
   55.538670      1.79782012E-09 -1.04581832E-09 -2.76962675E-10
   56.105099      2.25590657E-09 -1.31232225E-09 -3.47537610E-10
   56.558254      2.70509881E-09 -1.57364943E-09 -4.16741586E-10
   57.011406      3.24372840E-09 -1.88700611E-09 -4.99723596E-10
   57.577862      4.07027478E-09 -2.36785702E-09 -6.27061236E-10
   58.031025      4.88074114E-09 -2.83934809E-09 -7.51919638E-10
   58.597492      6.12442719E-09 -3.56285579E-09 -9.43516376E-10
   59.050667      7.34391747E-09 -4.27227675E-09 -1.13138265E-09
   59.503853      8.80624906E-09 -5.12295539E-09 -1.35665634E-09
   60.070332      1.10501466E-08 -6.42826858E-09 -1.70232384E-09
   60.523521      1.32503990E-08 -7.70816833E-09 -2.04126094E-09
   61.090008      1.66265455E-08 -9.67204983E-09 -2.56132537E-09
   61.543190      1.99368664E-08 -1.15975975E-08 -3.07123882E-09
   62.109642      2.50159946E-08 -1.45519525E-08 -3.85359078E-09
   62.562763      2.99955403E-08 -1.74483024E-08 -4.62058125E-09
   63.015820      3.59650940E-08 -2.09204032E-08 -5.54003199E-09
   63.581921      4.51199540E-08 -2.62450328E-08 -6.95004365E-09
   64.034485      5.40878204E-08 -3.14607327E-08 -8.33119884E-09
   64.599731      6.78309533E-08 -3.94534254E-08 -1.04477005E-08
   65.051582      8.12877516E-08 -4.72792614E-08 -1.25200055E-08
   65.503128      9.74013119E-08 -5.66497604E-08 -1.50013229E-08
   66.067162      1.22085083E-07 -7.10033419E-08 -1.88021296E-08
   66.518112      1.46246833E-07 -8.50525979E-08 -2.25223076E-08
   67.081421      1.83249313E-07 -1.06566972E-07 -2.82191426E-08
   67.531792      2.19457434E-07 -1.27618065E-07 -3.37932349E-08
   68.094421      2.74895740E-07 -1.59847133E-07 -4.23270308E-08
   68.544289      3.29132661E-07 -1.91375307E-07 -5.06750979E-08
   69.106354      4.12159352E-07 -2.39635000E-07 -6.34531361E-08
   69.555771      4.93367224E-07 -2.86833142E-07 -7.59498633E-08
   70.005020      5.90520813E-07 -3.43293948E-07 -9.08988653E-08
   70.566383      7.39206143E-07 -4.29693074E-07 -1.13774135E-07
   71.015320      8.84605811E-07 -5.14173337E-07 -1.36140883E-07
   71.576332      1.10709902E-06 -6.43430610E-07 -1.70361773E-07
   72.025063      1.32466516E-06 -7.69809162E-07 -2.03819639E-07
   72.585876      1.65755785E-06 -9.63150569E-07 -2.55004039E-07
   73.029984      1.97948407E-06 -1.15009561E-06 -3.04493796E-07
   73.590706      2.47658340E-06 -1.43871807E-06 -3.80898030E-07
   74.039330      2.96265307E-06 -1.72088903E-06 -4.55592357E-07
   74.600090      3.70626640E-06 -2.15249270E-06 -5.69839017E-07
   75.048798      4.43339286E-06 -2.57444594E-06 -6.81527922E-07
   75.609795      5.54593589E-06 -3.21993366E-06 -8.52378435E-07
   76.058640      6.63360152E-06 -3.85085696E-06 -1.01936791E-06
   76.507683      7.93477375E-06 -4.60548381E-06 -1.21909136E-06
   77.069244      9.92609239E-06 -5.76010689E-06 -1.52466805E-06
   77.518639      1.18732351E-05 -6.88885711E-06 -1.82338488E-06
   78.048470      1.46638786E-05 -8.50807555E-06 -2.25141480E-06
   78.602119      1.82815165E-05 -1.06022890E-05 -2.80605786E-06
   79.014641      2.15444416E-05 -1.24923972E-05 -3.30620082E-06
   79.554306      2.67057148E-05 -1.54824647E-05 -4.09709810E-06
   80.067139      3.27487724E-05 -1.89854072E-05 -5.02285047E-06
   80.524811      3.92843285E-05 -2.27718228E-05 -6.02375076E-06
   81.053589      4.84709053E-05 -2.80912718E-05 -7.43018427E-06
   81.564354      5.93734512E-05 -3.44004111E-05 -9.09873597E-06
   82.063629      7.23907433E-05 -4.19257776E-05 -1.10901328E-05
   82.549644      8.77901548E-05 -5.08292505E-05 -1.34452293E-05
   83.020416      1.05814652E-04 -6.12494987E-05 -1.62009419E-05
   83.522820      1.29137639E-04 -7.47398881E-05 -1.97656373E-05
   84.053658      1.59372532E-04 -9.21720202E-05 -2.43845334E-05
   84.549942      1.93991262E-04 -1.12191068E-04 -2.96721628E-05
   85.027672      2.34378982E-04 -1.35535432E-04 -3.58390171E-05
   85.525734      2.85437796E-04 -1.64984405E-04 -4.36322371E-05
   86.027512      3.48099129E-04 -2.01113231E-04 -5.31935366E-05
   86.590935      4.34942485E-04 -2.51272606E-04 -6.64420586E-05
   87.029121      5.17160282E-04 -2.98741186E-04 -7.89817932E-05
   87.559258      6.37616555E-04 -3.68179928E-04 -9.73484493E-05
   88.067757      7.79366062E-04 -4.49922372E-04 -1.18957811E-04
   88.585281      9.55953787E-04 -5.51682082E-04 -1.45872793E-04
   89.036705      1.14228844E-03 -6.59075915E-04 -1.74269779E-04
   89.556389      1.40211033E-03 -8.08698009E-04 -2.13861946E-04
   90.083794      1.72616204E-03 -9.95441107E-04 -2.63240974E-04
   90.522835      2.05226312E-03 -1.18313893E-03 -3.12930817E-04
   91.066666      2.54274718E-03 -1.46550545E-03 -3.87674896E-04
   91.547646      3.07331723E-03 -1.77072850E-03 -4.68537270E-04
   92.020836      3.70314019E-03 -2.13370356E-03 -5.64555870E-04
   92.527176      4.52071149E-03 -2.60327291E-03 -6.89219800E-04
   93.040657      5.53441141E-03 -3.18587641E-03 -8.43864458E-04
   93.570419      6.81919884E-03 -3.92515305E-03 -1.03999267E-03
   94.013809      8.12146068E-03 -4.67367610E-03 -1.23891933E-03
   94.539070      9.99028981E-03 -5.74818067E-03 -1.52465177E-03
   95.091621      1.24235190E-02 -7.14590587E-03 -1.89710862E-03
   95.545456      1.48609634E-02 -8.54627602E-03 -2.27071973E-03
   96.112778      1.85942277E-02 -1.06904143E-02 -2.84392340E-03
   96.566650      2.22494397E-02 -1.27888601E-02 -3.40626715E-03
   97.014771      2.65674405E-02 -1.52666681E-02 -4.07198956E-03
   97.544777      3.27773169E-02 -1.88278519E-02 -5.03203832E-03
   98.112152      4.10584882E-02 -2.35724002E-02 -6.31706510E-03
   98.566078      4.91837375E-02 -2.82225423E-02 -7.58314133E-03
   99.001091      5.84957302E-02 -3.35566476E-02 -9.04058386E-03
   99.542236      7.26182014E-02 -4.16048616E-02 -1.12635707E-02
   100.10968      9.11768675E-02 -5.21704033E-02 -1.42085599E-02
   100.55460      0.10906599     -6.23299852E-02 -1.70728303E-02
   101.08748      0.13530338     -7.71877170E-02 -2.13194974E-02
   101.52034      0.16135383     -9.18586403E-02 -2.55903248E-02
   102.08784      0.20358837     -0.11554080     -3.26334871E-02
   102.54187      0.24562141     -0.13895857     -3.97956446E-02
   103.10939      0.31141406     -0.17531154     -5.13326600E-02
   103.56343      0.37758791     -0.21149871     -6.33763522E-02
   104.01749      0.45934886     -0.25566825     -7.89279044E-02
   104.58506      0.59066904     -0.32527542     -0.10563938    
   105.03915      0.72759104     -0.39583439     -0.13600068    
   105.60675      0.95711875     -0.50872558     -0.19357486    
   106.06085       1.2129145     -0.62429500     -0.26877737    
   106.51496       1.5763404     -0.75522101     -0.39098185    
   107.08263       2.3165562     -0.87408322     -0.67114735    
   107.53677       3.5052028     -0.76404285      -1.0423316    
   108.10446       6.6726351     -9.94412452E-02  -1.4719620    
   108.55863       9.4658041      0.38527849      -1.1030905    
   109.01280       9.7434502      0.19816877     -3.85167869E-03
   109.58054       8.4238739     -0.17785451      0.42758352    
   110.03474       7.5438213     -0.22078931      0.49160239    
   110.60250       6.6979704     -0.11436990      0.38977167    
   111.05674       6.2147579      0.10451652      0.30840531    
   111.51097       5.8358312      0.26492643      0.26229224    
   112.07880       5.3557053      0.48479345      0.21172167    
   112.53306       4.9807243      0.65508908      0.18281731    
   113.06913       4.5153232      0.80433244      0.15421170    
   113.57185       4.1302876      0.89186215      0.14277850    
   114.08277       3.7819884      0.94088268      0.15138629    
   114.52990       3.4874482      0.97525489      0.16948527    
   115.07253       3.1449208       1.0226249      0.19136220    
   115.56587       2.8465958       1.0770036      0.20503029    
   116.03012       2.5841110       1.1410577      0.21113364    
   116.55170       2.3174927       1.2307651      0.21156484    
   117.09390       2.1012394       1.3446980      0.21431252    
   117.50079       1.9650676       1.4429193      0.22194722    
   118.06371       1.7982942       1.5948551      0.23941059    
   118.57147       1.6810781       1.7681181      0.25694823    
   119.09225       1.6663808       2.0217891      0.27109763    
   119.55916       1.7642083       2.3254461      0.28391695    
   120.00833       1.9069518       2.6514671      0.30441573    
   120.57141       1.9361144       2.9979765      0.35560879    
   121.02556       1.8053849       3.1852579      0.40661871    
   121.59370       1.4592214       3.2421746      0.45819771    
   122.04821       1.1103352       3.1593504      0.48375708    
   122.50274      0.67511755       2.9815702      0.50077510    
   123.07092      0.10781792       2.6494741      0.49725911    
   123.52547     -0.32610491       2.3398261      0.47572428    
   124.09369     -0.77726841       1.9551597      0.43939787    
   124.54827      -1.0462693       1.6809967      0.41290942    
   125.09406      -1.2453460       1.4252737      0.38639373    
   125.55219      -1.3122181       1.2774239      0.37019986    
   126.04717      -1.2922678       1.1757845      0.35145280    
   126.60718      -1.2196670       1.0935137      0.31900892    
   127.05280      -1.1768482       1.0424339      0.27630901    
   127.50592      -1.1606200      0.99126232      0.20826229    
   128.07426      -1.1763266      0.91631460      9.05382857E-02
   128.52896      -1.2078409      0.84887654     -2.10595690E-02
   129.09735      -1.2705035      0.77103138     -0.15381539    
   129.55208      -1.2834294      0.72496611     -0.24709272    
   130.00681      -1.2347925      0.69749993     -0.31635618    
   130.57526      -1.1204917      0.68078607     -0.37154615    
   131.03004      -1.0044097      0.67639476     -0.39172241    
   131.59857     -0.84642559      0.67110628     -0.37498447    
   132.05341     -0.73111761      0.66264379     -0.32361042    
   132.50826     -0.64227211      0.65150487     -0.24234124    
   133.07692     -0.56672144      0.63899148     -0.11609260    
   133.53189     -0.52479869      0.63162428     -1.01950150E-02
   134.10069     -0.49368182      0.62979662      0.10895674    
   134.55585     -0.47953737      0.63356459      0.18402150    
   135.01115     -0.46874067      0.63945484      0.23456961    
   135.58057     -0.45740551      0.64736915      0.26372048    
   136.03642     -0.43368882      0.65350676      0.26841056    
   136.60681     -0.39117739      0.66522795      0.26404622    
   137.06377     -0.33772427      0.68230706      0.26119304    
   137.52155     -0.26310402      0.71092463      0.26022920    
   138.09309     -0.14438285      0.76658201      0.26368922    
   138.54726     -4.31293324E-02  0.81763619      0.26782733    
   139.00862      6.12076744E-02  0.86437005      0.26406747    
   139.59102      0.17631587      0.90339112      0.24583247    
   140.05928      0.24742657      0.91595829      0.21824965    
   140.52754      0.29566574      0.91656280      0.17919174    
   141.11293      0.33232680      0.91162241      0.11675904    
   141.58136      0.35560679      0.90788859      6.31759614E-02
   142.04996      0.37512147      0.90920651      1.69489309E-02
   142.51881      0.38593012      0.91940284     -1.31118186E-02
   143.10545      0.39008772      0.94262111     -2.33562924E-02
   143.57541      0.38880581      0.96396255     -1.40721854E-02
   144.04617      0.38722154      0.98373508      8.48703086E-03
   144.51489      0.37855810       1.0015855      3.73033620E-02
   145.09634      0.35880995       1.0238349      7.04103261E-02
   145.55771      0.35160208       1.0424902      9.11476091E-02
   146.00945      0.35563874       1.0610383      0.10523213    
   146.58301      0.36925578       1.0816336      0.11686716    
   147.03491      0.37600094       1.0952374      0.12277165    
   147.60600      0.37662148       1.1119444      0.12776272    
   148.06233      0.37196606       1.1276258      0.13104852    
   148.50493      0.36338064       1.1447724      0.13466497    
   149.04149      0.34800416       1.1669683      0.14124881    
   149.53152      0.32771230       1.1853342      0.15053710    
   150.08556      0.28949451       1.2012839      0.16489480    
   150.55177      0.24375468       1.2121315      0.17807682    
   151.01271      0.19532064       1.2211763      0.19000682    
   151.57442      0.15106280       1.2282637      0.20140032    
   152.05774      0.12972893       1.2306182      0.20721221    
   152.57739      0.11562373       1.2291895      0.20849666    
   153.00316      0.10177990       1.2239578      0.20582709    
   153.51299      7.77554885E-02   1.2121501      0.19938497    
   154.01495      4.70084548E-02   1.1947050      0.19025981    
   154.58026      8.22372641E-03   1.1706952      0.17673610    
   155.03586     -2.26811226E-02   1.1509094      0.16208768    
   155.60519     -5.83035685E-02   1.1283705      0.14314009    
   156.06055     -8.16770345E-02   1.1132691      0.12963271    
   156.51578     -0.10077095       1.1001426      0.11976694    
   157.08470     -0.11904837       1.0847082      0.11294556    
   157.53973     -0.12907133       1.0734183      0.11160436    
   158.10846     -0.13155261       1.0627729      0.11459172    
   158.56342     -0.12778582       1.0558988      0.11905900    
   159.01837     -0.12035456       1.0493081      0.12419797    
   159.58714     -0.10872932       1.0393407      0.12851533    
   160.04225     -9.97290462E-02   1.0282373      0.12860358    
   160.61131     -9.58938152E-02   1.0087485      0.12602116    
   161.06674     -9.65646207E-02  0.98980284      0.12216728    
   161.52234     -9.78300422E-02  0.97064412      0.11785150    
   162.09209     -9.87134129E-02  0.95031965      0.11367888    
   162.54810     -9.87510234E-02  0.93830299      0.11160169    
   163.00429     -9.69682038E-02  0.92885691      0.11090083    
   163.57474     -9.23537388E-02  0.91948324      0.11199032    
   164.03125     -8.67912918E-02  0.91349846      0.11317064    
   164.60199     -7.83608630E-02  0.90783179      0.11386845    
   165.05867     -7.24016130E-02  0.90499443      0.11387590    
   165.51541     -6.91225007E-02  0.90336996      0.11362067    
   166.08638     -6.85304031E-02  0.90246880      0.11326621    
   166.54323     -6.96308538E-02  0.90249360      0.11319205    
   167.00014     -7.10771978E-02  0.90313607      0.11363901    
   167.57146     -7.22276717E-02  0.90449119      0.11532151    
   168.02864     -7.11472780E-02  0.90557718      0.11770809    
   168.60037     -6.58335686E-02  0.90699291      0.12181164    
   169.05797     -5.81656173E-02  0.90854812      0.12616295    
   169.51572     -4.79684956E-02  0.91082084      0.13090384    
   170.08809     -3.27341631E-02  0.91494286      0.13585605    
   170.54613     -1.89540461E-02  0.91906440      0.13862237    
   171.00423     -5.56746824E-03  0.92326510      0.14018962    
   171.57689      7.24023627E-03  0.92700517      0.14033976    
   172.03500      1.17413420E-02  0.92758733      0.13899752    
   172.60757      8.78861547E-03  0.92508030      0.13570540    
   173.06560      7.19105825E-04  0.92104691      0.13210227    
   173.52361     -8.13805219E-03  0.91569686      0.12762734    
   174.09618     -1.54479835E-02  0.90817541      0.12098405    
   174.55434     -1.68575197E-02  0.90288174      0.11668632    
   175.01251     -1.33116711E-02  0.89826012      0.11506492    
   175.58504     -3.09280609E-03  0.89268637      0.11617664    
   176.04291      7.06449617E-03  0.88762116      0.11928646    
   176.50061      1.74343288E-02  0.88128555      0.12387155    
   177.07251      2.89870631E-02  0.87141103      0.13019773    
   177.52980      3.63818444E-02  0.86250114      0.13468468    
   178.10117      4.27125655E-02  0.85122466      0.13847969    
   178.55803      4.50469926E-02  0.84310114      0.13939430    
   179.01469      4.55440059E-02  0.83637345      0.13802658    
   179.58530      4.46872041E-02  0.82952285      0.13249114    
   180.04160      4.46392000E-02  0.82451427      0.12478788    
   180.61182      4.65005264E-02  0.81799233      0.11339850    
   181.06787      5.02162278E-02  0.81170273      0.10445441    
   181.52380      5.54269999E-02  0.80362952      9.71591473E-02
   182.09352      6.34384751E-02  0.79084527      9.18885991E-02
   182.54913      7.21190274E-02  0.77894497      9.02803913E-02
   183.00459      8.19386318E-02  0.76507521      9.02227461E-02
   183.57365      9.87912267E-02  0.74466610      9.14174020E-02
   184.02872      0.11729613      0.72600639      9.26293284E-02
   184.59737      0.14854863      0.69918513      9.35830846E-02
   185.05215      0.18114474      0.67321903      9.31457505E-02
   185.50690      0.22111446      0.64231944      9.07767266E-02
   186.07530      0.28190976      0.59614694      8.56981650E-02
   186.53006      0.33932927      0.55284333      8.09284076E-02
   187.09862      0.42077434      0.49059367      7.62433335E-02
   187.55354      0.50081861      0.43182623      7.48805180E-02
   188.00813      0.59259534      0.36376518      7.48328492E-02
   188.57570      0.71807581      0.26553708      7.66122043E-02
   189.02924      0.83774298      0.17535886      8.02152827E-02
   189.59560       1.0199747      4.48981524E-02  8.78192335E-02
   190.04829       1.1975367     -7.81682357E-02  9.29912478E-02
   190.50072       1.3813511     -0.21872705      9.80101004E-02
   191.06595       1.6561460     -0.42603061      0.10520309    
   191.51794       1.9355450     -0.61418331      0.10926379    
   192.08282       2.3380415     -0.87924767      0.11303994    
   192.53465       2.7033441      -1.1127427      0.11532751    
   193.09933       3.2155166      -1.4251860      0.11662520    
   193.55106       3.6676831      -1.6844077      0.11715876    
   194.00275       4.1470165      -1.9431301      0.11605588    
   194.55800       4.7467523      -2.2449818      0.11076901    
   195.06509       5.2688527      -2.4870572      0.10446402    
   195.51509       5.6839471      -2.6641550      9.83312875E-02
   196.06335       6.0909066      -2.8287666      8.87157172E-02
   196.57037       6.3747234      -2.9021173      7.79054388E-02
   197.05713       6.5421405      -2.8958998      6.58923462E-02
   197.52159       6.6276107      -2.8911796      5.06202765E-02
   198.05736       6.6248841      -2.7011635      4.16861698E-02
   198.53928       6.5642934      -2.4545407      3.78948301E-02
   199.06447       6.4327679      -2.2002952      3.09809484E-02
   199.52702       6.2544041      -1.9436263      2.41296329E-02
   200.06082       6.0281544      -1.5922093      1.39261149E-02
   200.52486       5.8564487      -1.2272720      7.50962272E-03
   201.00836       5.7027311     -0.77417523      1.26244649E-02
   201.53868       5.6627855     -0.18325679      4.07663286E-02
   202.06763       5.6854291      0.43680143      9.79588255E-02
   202.57445       5.5715094      0.98881584      0.16413316    
   203.02087       5.3297524       1.4415369      0.21296801    
   203.58592       5.0360317       1.9921308      0.24376732    
   204.05768       4.8079653       2.4157147      0.22616050    
   204.53415       4.5389671       2.7703938      0.18395065    
   205.02100       4.0477715       3.0189056      0.14245503    
   205.58678       3.3973467       3.2109373      0.15001944    
   206.10188       2.9770617       3.4037659      0.21257535    
   206.53093       2.8089607       3.6212530      0.30259848    
   207.07907       2.7704599       3.9254704      0.38379213    
   207.52036       2.6822731       4.1332755      0.35609660    
   208.05061       2.3917823       4.3038692      0.25048453    
   208.58556       1.9564044       4.4088030      0.14857668    
   209.05405       1.5501225       4.4851360      9.27619413E-02
   209.53027       1.1852164       4.5608611      6.77723140E-02
   210.05080      0.84429318       4.6153288      5.62515222E-02
   210.50317      0.56320024       4.6144590      3.26186530E-02
   211.05940      0.18328127       4.5258255     -2.06342340E-03
   211.53110     -0.16433623       4.3863926     -1.92810819E-02
   212.05405     -0.54013777       4.1973677     -2.54734326E-02
   212.57835     -0.87591308       4.0050826     -2.63767876E-02
   213.05884      -1.0921552       3.8389482     -1.41522950E-02
   213.58380      -1.2825006       3.6172712      1.14834309E-02
   214.02679      -1.4516239       3.3495579      2.05666479E-02
   214.55882      -1.7222066       3.0325260      3.09486967E-02
   215.04926      -1.9948100       2.3171494     -0.14906619    
   215.50475      -2.2964067       1.3477024     -0.25752783    
   216.08000      -2.5379055      0.11672235     -0.30327773    
   216.56850      -2.6862760     -0.90074426     -0.30453300    
   217.01120      -2.8350191      -1.5606394     -0.19421330    
   217.59718      -3.0931864      -2.0574639     -6.11200109E-02
   218.09695      -3.2706015      -2.1912327      1.96966715E-02
   218.51784      -3.2613690      -2.2431056      4.85106707E-02
   219.07486      -3.1139026      -2.2950130      0.11273611    
   219.52748      -2.9444599      -2.2889245      0.16604039    
   220.02795      -2.7338123      -2.3021350      0.21350849    
   220.56204      -2.5015311      -2.2443309      0.26814455    
   221.00104      -2.2943804      -2.1503866      0.31812084    
   221.54613      -2.0147014      -1.9900596      0.38710627    
   222.10612      -1.6811607      -1.7979546      0.46870095    
   222.56134      -1.3906207      -1.6323795      0.54779404    
   223.00381      -1.1055323      -1.4694753      0.62849396    
   223.57352     -0.73275608      -1.2503622      0.70160961    
   224.02953     -0.48897386      -1.0646045      0.71124768    
   224.58531     -0.24657512     -0.79477328      0.66280955    
   225.04138     -4.37503979E-02 -0.52332121      0.56982267    
   225.61139      0.21089470     -0.13700065      0.41734999    
   226.05313      0.32925650      0.15224485      0.31752259    
   226.56982      0.33583665      0.42282382      0.26323193    
   227.09438      0.22352250      0.59238976      0.27367401    
   227.51521      5.43446578E-02  0.66964847      0.32277587    
   228.08539     -0.14435993      0.72760504      0.41770005    
   228.51570     -0.26205516      0.75790286      0.48456353    
   229.01878     -0.33337489      0.79342151      0.54455817    
   229.58723     -0.35611814      0.85472000      0.57071435    
   230.03476     -0.35325629      0.90932941      0.55604637    
   230.60602     -0.34901184      0.96876156      0.50060856    
   231.05811     -0.37834090      0.99866629      0.44730061    
   231.50717     -0.42889926       1.0077806      0.39707863    
   232.01602     -0.49171716      0.99564552      0.35119781    
   232.58264     -0.56356645      0.96050227      0.32044536    
   233.03319     -0.61129159      0.91906214      0.31010494    
   233.52217     -0.65719140      0.85884213      0.31240755    
   234.09470     -0.71410769      0.76027989      0.33194125    
   234.55185     -0.77453917      0.65445632      0.35631239    
   235.00992     -0.84350622      0.52626485      0.38333479    
   235.57393     -0.91967648      0.34418541      0.40986991    
   236.04901     -0.95639610      0.17980713      0.42399693    
   236.50539     -0.96666908      2.44979188E-02  0.43004569    
   237.00331     -0.95510167     -0.13250382      0.42519999    
   237.59187     -0.92575800     -0.29788649      0.39611554    
   238.07948     -0.89553344     -0.41661879      0.35592490    
   238.59378     -0.87624836     -0.52246350      0.30671296    
   239.05177     -0.87855959     -0.59726989      0.26571977    
   239.59361     -0.89737231     -0.65781683      0.22711536    
   240.00069     -0.92075676     -0.68047357      0.20390570    
   240.54062     -0.94084609     -0.67563021      0.17786741    
   241.00764     -0.94832653     -0.64204061      0.15453956    
   241.54401     -0.94733900     -0.57661462      0.12130278    
   242.03525     -0.93294406     -0.49781317      8.58301371E-02
   242.53752     -0.90594518     -0.40688217      4.75742035E-02
   243.04701     -0.88347602     -0.31373292      7.11503252E-03
   243.51421     -0.87139642     -0.23199719     -3.12710889E-02
   244.01746     -0.86491168     -0.15145564     -6.93399608E-02
   244.54987     -0.86705399     -7.65842646E-02 -0.10191976    
   245.07614     -0.87604272     -1.16250608E-02 -0.12753995    
   245.53996     -0.88069439      4.37608473E-02 -0.14885151    
   246.05464     -0.87053573      0.10816129     -0.17510846    
   246.52803     -0.84492517      0.16845310     -0.20424418    
   247.05533     -0.80764008      0.23173749     -0.24557407    
   247.57243     -0.76886111      0.28263667     -0.29880568    
   248.05302     -0.74081802      0.31737465     -0.35941127    
   248.55647     -0.73082930      0.33872318     -0.42878127    
   249.09454     -0.73979473      0.34302488     -0.50268948    
   249.55356     -0.75487822      0.33312595     -0.56201220    
   250.01265     -0.76819998      0.31632805     -0.61664617    
