  0.11273042      7.17439108E-10  4.95741781E-10  7.00306133E-13
  0.56771952      8.91972662E-10  5.81363957E-10  4.41329807E-13
   1.0225676      1.09890730E-09  6.87337909E-10  4.31228024E-13
   1.5908108      1.41845891E-09  8.52228843E-10  6.43169545E-13
   2.0451236      1.72792958E-09  1.01438591E-09  9.33840353E-13
   2.6127074      2.19756235E-09  1.26309352E-09  1.34118888E-12
   3.0665996      2.65215050E-09  1.50720347E-09  1.69062843E-12
   3.5204115      3.19143667E-09  1.80073390E-09  2.05550702E-12
   4.0876346      4.01216038E-09  2.25308394E-09  2.60105219E-12
   4.5414238      4.81376805E-09  2.69846168E-09  3.19031520E-12
   5.1087065      6.04150774E-09  3.38405481E-09  4.14634212E-12
   5.5625720      7.24432647E-09  4.05773370E-09  5.05936395E-12
   6.0164661      8.68630590E-09  4.86654139E-09  6.10223374E-12
   6.5838690      1.08990648E-08  6.10885120E-09  7.64887893E-12
   7.0377955      1.30692550E-08  7.32786143E-09  9.16581828E-12
   7.6052070      1.64010245E-08  9.19949894E-09  1.15187668E-11
   8.0591211      1.96701819E-08  1.10355236E-08  1.38317960E-11
   8.5130253      2.35925768E-08  1.32377824E-08  1.65967066E-11
   9.0803757      2.96140321E-08  1.66179834E-08  2.08200748E-11
   9.5342360      3.55197045E-08  1.99332248E-08  2.49577130E-11
   10.101531      4.45831532E-08  2.50215972E-08  3.13082130E-11
   10.555342      5.34722062E-08  3.00121883E-08  3.75355996E-11
   11.009133      6.41341416E-08  3.59977612E-08  4.50014886E-11
   11.576332      8.05000298E-08  4.51845743E-08  5.64538138E-11
   12.030070      9.65524549E-08  5.41948566E-08  6.76905962E-11
   12.597208      1.21189672E-07  6.80238088E-08  8.49518650E-11
   13.050895      1.45351635E-07  8.15866059E-08  1.01889268E-10
   13.504553      1.74328079E-07  9.78525065E-08  1.22192201E-10
   14.071603      2.18800011E-07  1.22817198E-07  1.53337121E-10
   14.525217      2.62414858E-07  1.47300426E-07  1.83871446E-10
   15.092206      3.29353611E-07  1.84875788E-07  2.30703706E-10
   15.545775      3.95001905E-07  2.21726097E-07  2.76650786E-10
   16.112707      4.95751635E-07  2.78280027E-07  3.47175233E-10
   16.566236      5.94555843E-07  3.33741809E-07  4.16355977E-10
   17.019741      7.13044585E-07  4.00253612E-07  4.99303598E-10
   17.586597      8.94884124E-07  5.02326259E-07  6.26606378E-10
   18.040064      1.07320750E-06  6.02424507E-07  7.51394058E-10
   18.606867      1.34686582E-06  7.56035774E-07  9.42927847E-10
   19.060299      1.61523053E-06  9.06674131E-07  1.13078724E-09
   19.513704      1.93704454E-06  1.08731297E-06  1.35604283E-09
   20.080450      2.43090426E-06  1.36452115E-06  1.70169734E-09
   20.533821      2.91517699E-06  1.63634445E-06  2.04060813E-09
   21.100523      3.65832921E-06  2.05347260E-06  2.56081645E-09
   21.553862      4.38703773E-06  2.46248737E-06  3.07097103E-09
   22.007195      5.26086205E-06  2.95294717E-06  3.68270614E-09
   22.573837      6.60171918E-06  3.70552652E-06  4.62097205E-09
   23.027140      7.91648017E-06  4.44344414E-06  5.54131319E-09
   23.593752      9.93387948E-06  5.57569047E-06  6.95348978E-09
   24.047028      1.19119159E-05  6.68581743E-06  8.33813374E-09
   24.500294      1.42836398E-05  8.01685019E-06  9.99790117E-09
   25.066856      1.79225644E-05  1.00589687E-05  1.25452182E-08
   25.520096      2.14902375E-05  1.20610139E-05  1.50423638E-08
   26.086632      2.69638167E-05  1.51324348E-05  1.88735996E-08
   26.539846      3.23297354E-05  1.81432788E-05  2.26293864E-08
   27.106359      4.05616665E-05  2.27619512E-05  2.83934742E-08
   27.559551      4.86309073E-05  2.72890302E-05  3.40430972E-08
   28.012745      5.83039764E-05  3.27155285E-05  4.08164027E-08
   28.579214      7.31408654E-05  4.10381363E-05  5.12017948E-08
   29.032389      8.76826016E-05  4.91944193E-05  6.13832114E-08
   29.598843      1.09984292E-04  6.17018231E-05  7.70056658E-08
   30.051998      1.31839057E-04  7.39571551E-05  9.23114243E-08
   30.505152      1.58029434E-04  8.86421039E-05  1.10649694E-07
   31.071575      1.98185808E-04  1.11154695E-04  1.38798569E-07
   31.524714      2.37527624E-04  1.33207403E-04  1.66359200E-07
   32.091122      2.97836785E-04  1.67007704E-04  2.08646355E-07
   32.544243      3.56909091E-04  2.00109207E-04  2.50050391E-07
   33.110641      4.47444560E-04  2.50831887E-04  3.13534940E-07
   33.563751      5.36099717E-04  3.00491694E-04  3.75727865E-07
   34.016857      6.42269966E-04  3.59951518E-04  4.50236655E-07
   34.583233      8.04922252E-04  4.51023923E-04  5.64402967E-07
   35.036331      9.64136445E-04  5.40150912E-04  6.76184811E-07
   35.602699      1.20797416E-03  6.76617085E-04  8.47517356E-07
   36.055794      1.44658308E-03  8.10123805E-04  1.01516548E-06
   36.508884      1.73213461E-03  9.69858840E-04  1.21597941E-06
   37.075237      2.16924446E-03  1.21430715E-03  1.52342682E-06
   37.528324      2.59676622E-03  1.45332748E-03  1.82426777E-06
   38.094673      3.25095467E-03  1.81896519E-03  2.28497129E-06
   38.547756      3.89055442E-03  2.17634067E-03  2.73556816E-06
   39.000828      4.65535838E-03  2.60355440E-03  3.27481212E-06
   39.567177      5.82502875E-03  3.25670699E-03  4.09984568E-06
   40.020252      6.96794502E-03  3.89470346E-03  4.90654293E-06
   40.586594      8.71516857E-03  4.86967852E-03  6.14051896E-06
   41.039669      1.04217567E-02  5.82161918E-03  7.34656305E-06
   41.606007      1.30295567E-02  7.27566332E-03  9.19124159E-06
   42.059082      1.55756734E-02  8.69469251E-03  1.09935572E-05
   42.512150      1.86163932E-02  1.03886724E-02  1.31466932E-05
   43.078487      2.32599340E-02  1.29742296E-02  1.64374305E-05
   43.531563      2.77907290E-02  1.54955722E-02  1.96521814E-05
   44.097900      3.47064212E-02  1.93415750E-02  2.45623705E-05
   44.550980      4.14508991E-02  2.30896194E-02  2.93539470E-05
   45.004051      4.94968668E-02  2.75575779E-02  3.50749615E-05
   45.570404      6.17686585E-02  3.43654826E-02  4.38103052E-05
   46.023476      7.37259537E-02  4.09914516E-02  5.23276794E-05
   46.589828      9.19503421E-02  5.10765091E-02  6.53284078E-05
   47.042908      0.10969400      6.08799681E-02  7.79971888E-05
   47.609257      0.13671207      7.57787451E-02  9.73037968E-05
   48.062340      0.16298991      9.02363509E-02  1.16115443E-04
   48.515427      0.19425240      0.10739462      1.38520467E-04
   49.081791      0.24175978      0.13338256      1.72619242E-04
   49.534885      0.28785598      0.15849996      2.05725635E-04
   50.101250      0.35775024      0.19640078      2.56026979E-04
   50.554352      0.42539054      0.23286986      3.04794521E-04
   51.007446      0.50542390      0.27575696      3.62625142E-04
   51.573837      0.62613642      0.33990598      4.50024119E-04
   52.026939      0.74220169      0.40098166      5.34291030E-04
   52.593330      0.91617781      0.49143487      6.61009050E-04
   53.046448       1.0821898      0.57653689      7.82422372E-04
   53.612846       1.3286214      0.70071000      9.63350409E-04
   54.065975       1.5609592      0.81545913      1.13496301E-03
   54.519108       1.8279614      0.94459546      1.33375614E-03
   55.085529       2.2142391       1.1263406      1.62504544E-03
   55.538670       2.5667474       1.2870799      1.89680653E-03
   56.105099       3.0600412       1.5040190      2.28869612E-03
   56.558254       3.4919741       1.6862178      2.64538685E-03
   57.011406       3.9484243       1.8706019      3.04223411E-03
   57.577862       4.5324340       2.0936437      3.59775405E-03
   58.031025       4.9862165       2.2558675      4.08804789E-03
   58.597492       5.4957395       2.4230733      4.75179218E-03
   59.050667       5.8217812       2.5172830      5.31146303E-03
   59.503853       6.0617261       2.5678842      5.91933867E-03
   60.070332       6.1778560       2.5617366      6.70935400E-03
   60.523521       6.1633968       2.5002697      7.37336557E-03
   61.090008       5.9572449       2.3580561      8.25756509E-03
   61.543190       5.6913462       2.2001901      8.94050673E-03
   62.109642       5.2666740       1.9623923      9.82937217E-03
   62.562763       4.8873353       1.7516350      1.05140544E-02
   63.015820       4.4942274       1.5327514      1.11774998E-02
   63.581921       4.0075016       1.2597265      1.18988901E-02
   64.034485       3.6437387       1.0492463      1.23971403E-02
   64.599731       3.2323861      0.80299383      1.29726613E-02
   65.051582       2.9395964      0.62256956      1.34180002E-02
   65.503128       2.6787024      0.45824656      1.38643794E-02
   66.067162       2.3952975      0.27581540      1.44331492E-02
   66.518112       2.2006490      0.14764193      1.48682259E-02
   67.081421       1.9954069      8.06619041E-03  1.53507441E-02
   67.531792       1.8599994     -8.85936990E-02  1.56888794E-02
   68.094421       1.7227778     -0.19285047      1.60891376E-02
   68.544289       1.6340809     -0.26459351      1.64190512E-02
   69.106354       1.5436608     -0.34178454      1.68358348E-02
   69.555771       1.4855735     -0.39496040      1.71510056E-02
   70.005020       1.4372709     -0.44177461      1.74345337E-02
   70.566383       1.3914762     -0.49310082      1.77445076E-02
   71.015320       1.3620569     -0.52951813      1.79689415E-02
   71.576332       1.3346630     -0.57071382      1.82630792E-02
   72.025063       1.3182547     -0.60118496      1.85287558E-02
   72.585876       1.3029245     -0.63737220      1.88872125E-02
   73.029984       1.2943633     -0.66535074      1.91784166E-02
   73.590706       1.2882673     -0.70082742      1.95540842E-02
   74.039330       1.2875825     -0.72998285      1.98771283E-02
   74.600090       1.2923392     -0.76807773      2.03380585E-02
   75.048798       1.3005471     -0.80020535      2.07616128E-02
   75.609795       1.3158886     -0.84256816      2.13533156E-02
   76.058640       1.3317218     -0.87808168      2.18632855E-02
   76.507683       1.3500456     -0.91472358      2.23938413E-02
   77.069244       1.3748697     -0.96137321      2.30663270E-02
   77.518639       1.3942372     -0.99864107      2.35975385E-02
   78.048470       1.4130012      -1.0415778      2.41839997E-02
   78.602119       1.4231801      -1.0844996      2.47413926E-02
   79.014641       1.4235034      -1.1149529      2.51039993E-02
   79.554306       1.4145771      -1.1530753      2.55215652E-02
   80.067139       1.3973219      -1.1883706      2.58525889E-02
   80.524811       1.3827624      -1.2201957      2.61011217E-02
   81.053589       1.3771220      -1.2586297      2.63520107E-02
   81.564354       1.3923478      -1.2981136      2.65815426E-02
   82.063629       1.4285290      -1.3385701      2.67845690E-02
   82.549644       1.4718007      -1.3785127      2.68287454E-02
   83.020416       1.5095533      -1.4155307      2.65185311E-02
   83.522820       1.5383399      -1.4509656      2.55907532E-02
   84.053658       1.5552292      -1.4807119      2.39327587E-02
   84.549942       1.5615869      -1.4982268      2.17254478E-02
   85.027672       1.5570850      -1.5023713      1.91104468E-02
   85.525734       1.5305727      -1.4895297      1.58015620E-02
   86.027512       1.4697431      -1.4543877      1.17242765E-02
   86.590935       1.3540158      -1.3833282      6.91074505E-03
   87.029121       1.2124214      -1.3026109      2.77928077E-03
   87.559258      0.98618031      -1.1740328     -1.91810913E-03
   88.067757      0.71759319      -1.0196102     -5.95213659E-03
   88.585281      0.39377689     -0.83383226     -9.38175060E-03
   89.036705      6.37209043E-02 -0.65233696     -1.17470920E-02
   89.556389     -0.35325754     -0.42764544     -1.35380384E-02
   90.083794     -0.79355681     -0.19147776     -1.42037040E-02
   90.522835      -1.1558474      4.16265428E-03 -1.40053649E-02
   91.066666      -1.5783052      0.23613515     -1.28510641E-02
   91.547646      -1.9140211      0.42447534     -1.11728664E-02
   92.020836      -2.1985564      0.58860356     -9.33262240E-03
   92.527176      -2.4435422      0.73622686     -7.49534834E-03
   93.040657      -2.6197307      0.85335720     -6.21292740E-03
   93.570419      -2.7359815      0.93835938     -5.41485474E-03
   94.013809      -2.7583227      0.98136890     -5.20618539E-03
   94.539070      -2.7151222       1.0012023     -5.41424751E-03
   95.091621      -2.6236217      0.98980510     -5.73478546E-03
   95.545456      -2.4977717      0.95985949     -5.86550217E-03
   96.112778      -2.3116045      0.90188622     -6.15382567E-03
   96.566650      -2.1470432      0.84378231     -6.54420722E-03
   97.014771      -1.9804370      0.78001910     -6.94634393E-03
   97.544777      -1.7890611      0.70095056     -7.48874526E-03
   98.112152      -1.5980756      0.61707151     -8.20187107E-03
   98.566078      -1.4584124      0.55352628     -8.79770610E-03
   99.001091      -1.3392165      0.49702579     -9.30039678E-03
   99.542236      -1.2145303      0.43372625     -9.63552855E-03
   100.10968      -1.1176345      0.37497410     -9.70117934E-03
   100.55460      -1.0516467      0.33312407     -9.84135456E-03
   101.08748     -0.97464192      0.28579891     -1.01915989E-02
   101.52034     -0.90208685      0.24817473     -1.06917648E-02
   102.08784     -0.78535450      0.19902894     -1.15349321E-02
   102.54187     -0.67262352      0.15996318     -1.22308917E-02
   103.10939     -0.52804774      0.11328171     -1.21423304E-02
   103.56343     -0.42480132      7.99331367E-02 -1.05970651E-02
   104.01749     -0.34385300      5.21975458E-02 -7.34875910E-03
   104.58506     -0.28022900      2.75685005E-02 -8.16273037E-04
   105.03915     -0.26559860      1.67825650E-02  5.78574790E-03
   105.60675     -0.27696988      1.34434160E-02  1.39469150E-02
   106.06085     -0.30903810      1.75927635E-02  1.95866022E-02
   106.51496     -0.35654947      2.57751923E-02  2.34178640E-02
   107.08263     -0.42717752      3.84933464E-02  2.40708478E-02
   107.53677     -0.48985091      4.76401746E-02  2.10833047E-02
   108.10446     -0.54571784      5.32495156E-02  1.35985371E-02
   108.55863     -0.54331326      5.05786724E-02  6.00345712E-03
   109.01280     -0.51346916      4.11159024E-02 -1.38308923E-03
   109.58054     -0.43887767      1.99920740E-02 -8.70596617E-03
   110.03474     -0.34456375     -2.34315172E-03 -1.15256440E-02
   110.60250     -0.21510148     -3.26886848E-02 -1.14536062E-02
   111.05674     -0.14089355     -5.49234189E-02 -8.62095878E-03
   111.51097     -0.12337685     -7.26083070E-02 -4.58379136E-03
   112.07880     -0.13535964     -8.78595561E-02  2.48355791E-05
   112.53306     -0.16198009     -9.47265774E-02  2.22466746E-03
   113.06913     -0.19324641     -9.83364359E-02  3.05269100E-03
   113.57185     -0.20111489     -9.92077067E-02  2.39335001E-03
   114.08277     -0.18927731     -9.90291312E-02  7.04629812E-04
   114.52990     -0.17107433     -9.81197059E-02 -5.84576977E-04
   115.07253     -0.13776603     -9.56054777E-02 -1.29348715E-03
   115.56587     -0.12356286     -9.13315415E-02 -1.07531389E-03
   116.03012     -0.12725207     -8.55551660E-02 -2.66251620E-04
   116.55170     -0.15327860     -7.71652535E-02  1.01402588E-03
   117.09390     -0.20358837     -6.67323619E-02  2.33335793E-03
   117.50079     -0.24445130     -5.90004995E-02  2.95919483E-03
   118.06371     -0.27356404     -4.98351045E-02  3.19585204E-03
   118.57147     -0.27564412     -4.35923412E-02  2.60583241E-03
   119.09225     -0.26338357     -3.83816175E-02  1.06455537E-03
   119.55916     -0.23666877     -3.35636437E-02 -7.89873651E-04
   120.00833     -0.22319984     -2.74478383E-02 -2.70618126E-03
   120.57141     -0.23304857     -1.66532025E-02 -4.78829490E-03
   121.02556     -0.25757378     -5.23566594E-03 -6.02432247E-03
   121.59370     -0.31265032      1.19900107E-02 -6.73473673E-03
   122.04821     -0.36603957      2.69297250E-02 -6.61253557E-03
   122.50274     -0.42012209      4.14189324E-02 -5.69131365E-03
   123.07092     -0.47184044      5.65400571E-02 -3.80564085E-03
   123.52547     -0.48160899      6.48435801E-02 -2.12398102E-03
   124.09369     -0.46785429      7.03499615E-02 -3.62994033E-04
   124.54827     -0.44102255      7.13083372E-02  6.36979472E-04
   125.09406     -0.39762768      6.95984960E-02  1.00572465E-03
   125.55219     -0.36028260      6.67564124E-02  7.34120142E-04
   126.04717     -0.33262405      6.35367334E-02  2.80752371E-04
   126.60718     -0.31890544      6.02965839E-02 -8.59297579E-05
   127.05280     -0.31685135      5.81317768E-02 -7.69435428E-05
   127.50592     -0.32017675      5.60792536E-02  3.03059118E-04
   128.07426     -0.33021915      5.32143563E-02  1.14048924E-03
   128.52896     -0.33542100      5.01336530E-02  1.56228128E-03
   129.09735     -0.33125412      4.48273271E-02  1.15189597E-03
   129.55208     -0.32078937      3.94335017E-02 -8.80042790E-05
   130.00681     -0.30266139      3.32403183E-02 -2.14841124E-03
   130.57526     -0.27039689      2.49812044E-02 -5.41607710E-03
   131.03004     -0.24299337      1.86273847E-02 -7.92916119E-03
   131.59857     -0.21088193      1.19727291E-02 -9.92595125E-03
   132.05341     -0.19457626      8.30578431E-03 -1.00004170E-02
   132.50826     -0.18761742      6.35264162E-03 -8.64572078E-03
   133.07692     -0.19151855      6.15046639E-03 -5.31814247E-03
   133.53189     -0.20416296      7.40780914E-03 -1.97806046E-03
   134.10069     -0.22515123      9.84319579E-03  2.00260477E-03
   134.55585     -0.24025087      1.16565358E-02  4.29071765E-03
   135.01115     -0.24629386      1.27383452E-02  5.25599625E-03
   135.58057     -0.24364597      1.25890821E-02  4.77328338E-03
   136.03642     -0.23218229      1.11886766E-02  3.37563525E-03
   136.60681     -0.20769142      8.24982580E-03  1.00687274E-03
   137.06377     -0.18631494      5.54550719E-03 -6.87247724E-04
   137.52155     -0.17260711      3.03211156E-03 -1.63749035E-03
   138.09309     -0.16835773      6.24377979E-04 -1.64542324E-03
   138.54726     -0.17306699     -6.68944325E-04 -8.60097585E-04
   139.00862     -0.18607028     -1.53142470E-03  3.66786495E-04
   139.59102     -0.20929612     -2.56073358E-03  2.05468340E-03
   140.05928     -0.22106716     -3.94524960E-03  2.99122231E-03
   140.52754     -0.22298169     -6.09835610E-03  3.50177404E-03
   141.11293     -0.21533284     -9.76676028E-03  3.65252187E-03
   141.58136     -0.19881195     -1.31728323E-02  3.35193542E-03
   142.04996     -0.17533387     -1.64912809E-02  2.96366820E-03
   142.51881     -0.15343451     -1.91098787E-02  2.73108482E-03
   143.10545     -0.13986744     -2.06514671E-02  2.72604753E-03
   143.57541     -0.14030413     -2.02967301E-02  2.80647655E-03
   144.04617     -0.14883035     -1.86696183E-02  2.81042280E-03
   144.51489     -0.16653745     -1.61575582E-02  2.62150401E-03
   145.09634     -0.19116022     -1.26338108E-02  1.80458045E-03
   145.55771     -0.20646264     -1.01847239E-02  6.93933573E-04
   146.00945     -0.21574846     -8.47807247E-03 -7.21162418E-04
   146.58301     -0.21457961     -7.55191641E-03 -2.68181320E-03
   147.03491     -0.20621082     -7.68621732E-03 -4.03991994E-03
   147.60600     -0.18869005     -8.55120458E-03 -5.17870020E-03
   148.06233     -0.17518966     -9.31161270E-03 -5.45615563E-03
   148.50493     -0.16520667     -9.77092423E-03 -5.19556040E-03
   149.04149     -0.15734598     -9.69004817E-03 -4.18631546E-03
   149.53152     -0.15550174     -8.72966088E-03 -2.76827253E-03
   150.08556     -0.15950033     -6.53906027E-03 -8.35220329E-04
   150.55177     -0.16585219     -3.93309956E-03  8.85426765E-04
   151.01271     -0.17226332     -8.77629733E-04  2.57770414E-03
   151.57442     -0.17793828      3.30383284E-03  4.54766210E-03
   152.05774     -0.17951944      7.09642656E-03  6.10640412E-03
   152.57739     -0.17769094      1.11174081E-02  7.57242413E-03
   153.00316     -0.17305255      1.41994823E-02  8.50656442E-03
   153.51299     -0.16350645      1.75217502E-02  9.11173504E-03
   154.01495     -0.15267637      2.03401092E-02  8.93390365E-03
   154.58026     -0.14126085      2.29604840E-02  7.60044763E-03
   155.03586     -0.13200642      2.45951563E-02  5.65814227E-03
   155.60519     -0.12098917      2.60240287E-02  2.17925664E-03
   156.06055     -0.11239935      2.66571771E-02 -1.21096033E-03
   156.51578     -0.10328476      2.68450566E-02 -4.84010950E-03
   157.08470     -9.01349261E-02  2.65220497E-02 -9.21187643E-03
   157.53973     -7.80950114E-02  2.59193331E-02 -1.21877538E-02
   158.10846     -6.17543831E-02  2.49629859E-02 -1.48034338E-02
   158.56342     -4.87795584E-02  2.42465027E-02 -1.57528799E-02
   159.01837     -3.69671807E-02  2.37307735E-02 -1.55758411E-02
   159.58714     -2.61018015E-02  2.35743932E-02 -1.38506750E-02
   160.04225     -2.13862415E-02  2.38317512E-02 -1.14391670E-02
   160.61131     -1.98371839E-02  2.45457552E-02 -7.53827114E-03
   161.06674     -2.24187560E-02  2.53870450E-02 -4.04761918E-03
   161.52234     -2.70200428E-02  2.62437612E-02 -5.86221693E-04
   162.09209     -3.36200036E-02  2.70085596E-02  3.21610016E-03
   162.54810     -3.85239795E-02  2.71318443E-02  5.47953648E-03
   163.00429     -4.27114330E-02  2.66473442E-02  6.81193452E-03
   163.57474     -4.72054370E-02  2.50621736E-02  6.96051400E-03
   164.03125     -4.98771891E-02  2.29731575E-02  5.88600151E-03
   164.60199     -5.26990145E-02  1.94211062E-02  3.19160521E-03
   165.05867     -5.48223108E-02  1.59067549E-02  2.27226177E-04
   165.51541     -5.69796897E-02  1.18956631E-02 -3.11397738E-03
   166.08638     -6.01464696E-02  6.36531319E-03 -7.24749267E-03
   166.54323     -6.34120554E-02  1.68115739E-03 -1.01059396E-02
   167.00014     -6.74124956E-02 -3.10549396E-03 -1.22454483E-02
   167.57146     -7.31878728E-02 -9.10201855E-03 -1.35654211E-02
   168.02864     -7.73699731E-02 -1.38357710E-02 -1.33939171E-02
   168.60037     -8.19532275E-02 -1.96317825E-02 -1.16606262E-02
   169.05797     -8.47568512E-02 -2.41901949E-02 -9.21857916E-03
   169.51572     -8.79230127E-02 -2.85577569E-02 -6.12573698E-03
   170.08809     -9.38418433E-02 -3.37621868E-02 -1.93670113E-03
   170.54613     -0.10024716     -3.78337093E-02  1.17930479E-03
   171.00423     -0.10795268     -4.19759266E-02  3.57519835E-03
   171.57689     -0.11705801     -4.75206114E-02  4.92576184E-03
   172.03500     -0.11960869     -5.24143949E-02  4.33561439E-03
   172.60757     -0.11377406     -5.90883121E-02  1.55160774E-03
   173.06560     -9.98690724E-02 -6.46850988E-02 -2.01237993E-03
   173.52361     -7.92241991E-02 -7.01536611E-02 -6.15889905E-03
   174.09618     -4.58282158E-02 -7.61520267E-02 -1.11272614E-02
   174.55434     -1.68287344E-02 -7.97223598E-02 -1.41442930E-02
   175.01251      6.87283603E-03 -8.17987025E-02 -1.58357583E-02
   175.58504      3.26262452E-02 -8.23035985E-02 -1.59698091E-02
   176.04291      5.04535809E-02 -8.12776908E-02 -1.48647288E-02
   176.50061      6.89608827E-02 -7.93708712E-02 -1.30631980E-02
   177.07251      9.69742984E-02 -7.64078870E-02 -1.06260069E-02
   177.52980      0.12683223     -7.39673823E-02 -9.10139643E-03
   178.10117      0.17250368     -7.11403564E-02 -8.11929256E-03
   178.55803      0.21439295     -6.91151842E-02 -7.98406079E-03
   179.01469      0.25800455     -6.72838539E-02 -8.23846553E-03
   179.58530      0.31098431     -6.52071089E-02 -8.81613418E-03
   180.04160      0.35245109     -6.37717471E-02 -9.25479177E-03
   180.61182      0.40210050     -6.23288825E-02 -9.57102701E-03
   181.06787      0.43856180     -6.16994649E-02 -9.67826601E-03
   181.52380      0.47408992     -6.18370213E-02 -9.78139788E-03
   182.09352      0.52245307     -6.33998737E-02 -1.00917835E-02
   182.54913      0.56031841     -6.58084452E-02 -1.05440868E-02
   183.00459      0.59784210     -6.91181794E-02 -1.12127662E-02
   183.57365      0.64160126     -7.41656274E-02 -1.22422446E-02
   184.02872      0.67116034     -7.85681233E-02 -1.28939981E-02
   184.59737      0.69378453     -8.39810967E-02 -1.29658850E-02
   185.05215      0.69663745     -8.79527405E-02 -1.21320561E-02
   185.50690      0.68948817     -9.15977955E-02 -1.04508540E-02
   186.07530      0.66691834     -9.58832279E-02 -7.16875680E-03
   186.53006      0.63734305     -9.93781164E-02 -3.71999200E-03
   187.09862      0.59144664     -0.10439050      1.28666312E-03
   187.55354      0.55015838     -0.10917471      5.48319099E-03
   188.00813      0.50713634     -0.11478615      9.52957198E-03
   188.57570      0.45423636     -0.12306899      1.39981993E-02
   189.02924      0.41370448     -0.13053676      1.68920998E-02
   189.59560      0.36439598     -0.14036962      1.95591822E-02
   190.04829      0.32499596     -0.14803657      2.09806561E-02
   190.50072      0.28444007     -0.15493691      2.18557343E-02
   191.06595      0.23190483     -0.16174495      2.22950242E-02
   191.51794      0.18823454     -0.16523126      2.22628005E-02
   192.08282      0.13143581     -0.16667116      2.19804458E-02
   192.53465      8.42511356E-02 -0.16527762      2.17353329E-02
   193.09933      2.39026845E-02 -0.16031818      2.16218121E-02
   193.55106     -2.40536723E-02 -0.15393430      2.17655469E-02
   194.00275     -7.09164143E-02 -0.14561953      2.20990181E-02
   194.55800     -0.12660044     -0.13308214      2.26400942E-02
   195.06509     -0.17409113     -0.11978187      2.30288096E-02
   195.51509     -0.21171728     -0.10686653      2.30505746E-02
   196.06335     -0.24852565     -9.01113972E-02  2.24171132E-02
   196.57037     -0.27425849     -7.39021376E-02  2.10767165E-02
   197.05713     -0.29071957     -5.78824282E-02  1.91094913E-02
   197.52159     -0.30007374     -4.23298031E-02  1.67991072E-02
   198.05736     -0.30746853     -2.40992047E-02  1.40750781E-02
   198.53928     -0.31405070     -7.51959672E-03  1.19026797E-02
   199.06447     -0.32274073      1.06131108E-02  1.02007501E-02
   199.52702     -0.33328229      2.63167061E-02  9.43492725E-03
   200.06082     -0.34728715      4.35675308E-02  9.44354944E-03
   200.52486     -0.35991523      5.72426692E-02  1.00766420E-02
   201.00836     -0.37056220      6.94959983E-02  1.10968519E-02
   201.53868     -0.37528157      7.99048617E-02  1.22125158E-02
   202.06763     -0.36909282      8.66231918E-02  1.29299881E-02
   202.57445     -0.35098663      8.93511102E-02  1.29119717E-02
   203.02087     -0.32745546      8.88542905E-02  1.21903326E-02
   203.58592     -0.28841111      8.45926404E-02  1.03215538E-02
   204.05768     -0.25045288      7.83906430E-02  8.08125548E-03
   204.53415     -0.20764881      7.01862201E-02  5.46815433E-03
   205.02100     -0.16200654      6.03040010E-02  2.86518130E-03
   205.58678     -0.10980426      4.75590676E-02  5.66669740E-04
   206.10188     -6.15816936E-02  3.53497788E-02 -2.05033459E-04
   206.53093     -1.99832097E-02  2.51493733E-02  5.45955263E-04
   207.07907      3.39708552E-02  1.26822107E-02  3.69324256E-03
   207.52036      7.47815967E-02  3.57522722E-03  8.05575121E-03
   208.05061      0.11867451     -5.77999372E-03  1.52533241E-02
   208.58556      0.15525627     -1.28978211E-02  2.43260302E-02
   209.05405      0.17966168     -1.69914421E-02  3.31774317E-02
   209.53027      0.19444704     -1.89818367E-02  4.22302634E-02
   210.05080      0.19955695     -1.88585278E-02  5.14480248E-02
   210.50317      0.19862661     -1.73400007E-02  5.84306642E-02
   211.05940      0.19816926     -1.44538134E-02  6.53892905E-02
   211.53110      0.20315321     -1.19754123E-02  7.02231526E-02
   212.05405      0.22186819     -9.80024599E-03  7.49954358E-02
   212.57835      0.25517228     -8.66631977E-03  7.99683630E-02
   213.05884      0.29616857     -8.67972523E-03  8.53836685E-02
   213.58380      0.34965926     -9.92718246E-03  9.28433537E-02
   214.02679      0.40071496     -1.19089540E-02  0.10062076    
   214.55882      0.46192956     -1.51857426E-02  0.11153191    
   215.04926      0.51260734     -1.89894941E-02  0.12268421    
   215.50475      0.55393624     -2.32287664E-02  0.13345262    
   216.08000      0.59717143     -2.95774397E-02  0.14667617    
   216.56850      0.62482548     -3.59523222E-02  0.15714490    
   217.01120      0.64274168     -4.25728634E-02  0.16566330    
   217.59718      0.65741807     -5.21869771E-02  0.17518853    
   218.09695      0.65879226     -6.07034676E-02  0.18166482    
   218.51784      0.65326554     -6.76475838E-02  0.18608481    
   219.07486      0.63546944     -7.56653100E-02  0.19078711    
   219.52748      0.61024046     -8.04766268E-02  0.19404450    
   220.02795      0.56514084     -8.34483057E-02  0.19758092    
   220.56204      0.50605536     -8.39303955E-02  0.20145857    
   221.00104      0.45219848     -8.25817883E-02  0.20491368    
   221.54613      0.38366887     -7.93746412E-02  0.20978640    
   222.10612      0.32062566     -7.55622983E-02  0.21521759    
   222.56134      0.28300965     -7.31485933E-02  0.21948680    
   223.00381      0.26378441     -7.19437376E-02  0.22326784    
   223.57352      0.25982344     -7.22200200E-02  0.22732927    
   224.02953      0.27151012     -7.38426968E-02  0.22967434    
   224.58531      0.30209419     -7.69091696E-02  0.23127535    
   225.04138      0.33575132     -7.96254277E-02  0.23175806    
   225.61139      0.37794468     -8.22717100E-02  0.23175421    
   226.05313      0.40153986     -8.31042379E-02  0.23154840    
   226.56982      0.42261738     -8.26327950E-02  0.23100932    
   227.09438      0.43415835     -8.06198642E-02  0.23000441    
   227.51521      0.43893948     -7.82106146E-02  0.22856499    
   228.08539      0.44602454     -7.45649040E-02  0.22512445    
   228.51570      0.45595574     -7.19372928E-02  0.22102335    
   229.01878      0.46980146     -6.90837428E-02  0.21425101    
   229.58723      0.48575318     -6.61858469E-02  0.20388667    
   230.03476      0.49587768     -6.41708747E-02  0.19362940    
   230.60602      0.50101054     -6.23969994E-02  0.17787018    
   231.05811      0.50265062     -6.20142072E-02  0.16343296    
   231.50717      0.50462246     -6.28777891E-02  0.14748004    
   232.01602      0.51397383     -6.62412718E-02  0.12762715    
   232.58264      0.55157506     -7.40484893E-02  0.10329773    
   233.03319      0.60300505     -8.34487677E-02  8.21834952E-02
   233.52217      0.68167257     -9.63365883E-02  5.73669821E-02
   234.09470      0.79660666     -0.11425450      2.53760852E-02
   234.55185      0.89833677     -0.13008751     -2.90290266E-03
   235.00992       1.0072578     -0.14698596     -3.39122824E-02
   235.57393       1.1492605     -0.16893992     -7.58784562E-02
   236.04901       1.2802876     -0.18917954     -0.11444269    
   236.50539       1.4242392     -0.21093836     -0.15399256    
   237.00331       1.6066725     -0.23826590     -0.19930616    
   237.59187       1.8623457     -0.27673292     -0.25467047    
   238.07948       2.1105371     -0.31404203     -0.30070493    
   238.59378       2.4039938     -0.35892123     -0.34783190    
   239.05177       2.6826286     -0.40340975     -0.38722622    
   239.59361       3.0195098     -0.46057820     -0.42918772    
   240.00069       3.2685251     -0.50596869     -0.45642328    
   240.54062       3.5814466     -0.56806147     -0.48550460    
   241.00764       3.8272214     -0.62223649     -0.50346565    
   241.54401       4.0646362     -0.68332267     -0.51544631    
   242.03525       4.2321806     -0.73611641     -0.51871705    
   242.53752       4.3384271     -0.78450966     -0.51499808    
   243.04701       4.3664699     -0.82436854     -0.50455642    
   243.51421       4.3123302     -0.85106522     -0.49142596    
   244.01746       4.1703234     -0.86782783     -0.47600245    
   244.54987       3.9414392     -0.87094468     -0.46113646    
   245.07614       3.6602268     -0.85892016     -0.45009670    
   245.53996       3.3834128     -0.83661771     -0.44468910    
   246.05464       3.0586171     -0.80101484     -0.44390553    
   246.52803       2.7524846     -0.76030016     -0.44798541    
   247.05533       2.4155517     -0.70880294     -0.45728427    
   247.57243       2.1038628     -0.65625173     -0.47086897    
   248.05302       1.8436059     -0.61062455     -0.48587215    
   248.55647       1.6194336     -0.56983131     -0.50253791    
   249.09454       1.4746253     -0.53758621     -0.51795799    
   249.55356       1.4372241     -0.51973510     -0.52571535    
   250.01265       1.4447229     -0.50861114     -0.52554476    
