  0.11273042      2.03357915E-15  1.28542861E-15 -4.09168664E-19
  0.56771952      1.93745319E-15  1.45165332E-15 -7.40639323E-19
   1.0225676      1.82611791E-15  1.58853205E-15 -1.61951552E-18
   1.5908108      1.68320164E-15  1.73633157E-15 -3.38560062E-18
   2.0451236      1.57321102E-15  1.83737201E-15 -4.89603324E-18
   2.6127074      1.43856095E-15  1.93634506E-15 -5.85617404E-18
   3.0665996      1.32092247E-15  1.98287046E-15 -4.89425770E-18
   3.5204115      1.17923038E-15  1.98892399E-15 -1.86869199E-18
   4.0876346      9.77607947E-16  1.94243988E-15  3.94305087E-18
   4.5414238      8.17577429E-16  1.86439533E-15  8.81385924E-18
   5.1087065      6.18544116E-16  1.72622879E-15  1.13355408E-17
   5.5625720      4.55683556E-16  1.58279647E-15  8.95620130E-18
   6.0164661      2.85034422E-16  1.40664009E-15  2.31517204E-18
   6.5838690      6.89600227E-17  1.14163111E-15 -1.40794875E-17
   7.0377955     -9.69005162E-17  9.04050123E-16 -3.72322133E-17
   7.6052070     -2.88075773E-16  5.89891109E-16 -7.68559778E-17
   8.0591211     -4.16276565E-16  3.43231435E-16 -1.11771993E-16
   8.5130253     -5.10655412E-16  1.17609916E-16 -1.44484246E-16
   9.0803757     -5.51444336E-16 -9.91599237E-17 -1.73631616E-16
   9.5342360     -5.21929102E-16 -2.15556769E-16 -1.83409182E-16
   10.101531     -4.38028769E-16 -3.06221469E-16 -1.79422833E-16
   10.555342     -3.57334454E-16 -3.49623331E-16 -1.65293371E-16
   11.009133     -2.59041892E-16 -3.77947901E-16 -1.45223574E-16
   11.576332     -1.39540327E-16 -3.96074909E-16 -1.15565033E-16
   12.030070     -4.67848623E-17 -4.14399223E-16 -9.01335435E-17
   12.597208      5.58475424E-17 -4.52460436E-16 -5.72272334E-17
   13.050895      1.26105021E-16 -5.01592794E-16 -3.23944210E-17
   13.504553      1.90385438E-16 -5.65624462E-16 -1.40964001E-17
   14.071603      2.73284593E-16 -6.60074300E-16 -1.06699698E-17
   14.525217      3.57604922E-16 -7.39203959E-16 -2.38927778E-17
   15.092206      4.97292937E-16 -8.36600837E-16 -6.34127047E-17
   15.545775      6.39748844E-16 -9.10619922E-16 -1.10245454E-16
   16.112707      8.59140489E-16 -1.00110295E-15 -1.78406712E-16
   16.566236      1.06555728E-15 -1.07638258E-15 -2.32605094E-16
   17.019741      1.29611955E-15 -1.15824048E-15 -2.81531199E-16
   17.586597      1.61459313E-15 -1.27380446E-15 -3.32997821E-16
   18.040064      1.89177524E-15 -1.37860711E-15 -3.67020752E-16
   18.606867      2.26723213E-15 -1.52722063E-15 -4.02221589E-16
   19.060299      2.59333452E-15 -1.66123384E-15 -4.26706664E-16
   19.513704      2.94559477E-15 -1.81216008E-15 -4.50330466E-16
   20.080450      3.43085063E-15 -2.03306330E-15 -4.82813756E-16
   20.533821      3.86249311E-15 -2.24155771E-15 -5.15081582E-16
   21.100523      4.47094144E-15 -2.55472760E-15 -5.68187478E-16
   21.553862      5.02575480E-15 -2.85718824E-15 -6.25510538E-16
   22.007195      5.65411348E-15 -3.21531420E-15 -7.00150923E-16
   22.573837      6.56396620E-15 -3.75629551E-15 -8.21369649E-16
   23.027140      7.40970700E-15 -4.27639788E-15 -9.42588852E-16
   23.593752      8.64410675E-15 -5.05511550E-15 -1.12779917E-15
   24.047028      9.80021355E-15 -5.79909291E-15 -1.30639596E-15
   24.500294      1.11340490E-14 -6.67052337E-15 -1.51606838E-15
   25.066856      1.30977992E-14 -7.97385297E-15 -1.82888008E-15
   25.520096      1.49502111E-14 -9.22164600E-15 -2.12615455E-15
   26.086632      1.76893819E-14 -1.10932559E-14 -2.56631120E-15
   26.539846      2.02841182E-14 -1.28899441E-14 -2.98178340E-15
   27.106359      2.41370932E-14 -1.55917014E-14 -3.59471550E-15
   27.559551      2.78017287E-14 -1.81913353E-14 -4.17412161E-15
   28.012745      3.20853946E-14 -2.12595478E-14 -4.84940931E-15
   28.579214      3.84840848E-14 -2.58896400E-14 -5.85911240E-15
   29.032389      4.46064660E-14 -3.03618079E-14 -6.83011200E-15
   29.598843      5.37900684E-14 -3.71306820E-14 -8.29848851E-15
   30.051998      6.26124044E-14 -4.36880858E-14 -9.72190197E-15
   30.505152      7.30156698E-14 -5.14755712E-14 -1.14135547E-14
   31.071575      8.87049901E-14 -6.33091940E-14 -1.39845317E-14
   31.524714      1.03851850E-13 -7.48138124E-14 -1.64822413E-14
   32.091122      1.26764227E-13 -9.23312330E-14 -2.02797679E-14
   32.544243      1.48943846E-13 -1.09390063E-13 -2.39713441E-14
   33.110641      1.82578020E-13 -1.35401862E-13 -2.95904455E-14
   33.563751      2.15205309E-13 -1.60768317E-13 -3.50614415E-14
   34.016857      2.53977069E-13 -1.91061956E-13 -4.15868139E-14
   34.583233      3.12909665E-13 -2.37355708E-13 -5.15452041E-14
   35.036331      3.70211403E-13 -2.82576696E-13 -6.12599096E-14
   35.602699      4.57481329E-13 -3.51709113E-13 -7.60946075E-14
   36.055794      5.42503651E-13 -4.19262823E-13 -9.05803346E-14
   36.508884      6.43939763E-13 -5.00035560E-13 -1.07896249E-13
   37.075237      7.98806008E-13 -6.23622952E-13 -1.34389949E-13
   37.528324      9.49995291E-13 -7.44516319E-13 -1.60307179E-13
   38.094673      1.18107412E-12 -9.29649586E-13 -1.99993966E-13
   38.547756      1.40687722E-12 -1.11089100E-12 -2.38838354E-13
   39.000828      1.67688725E-12 -1.32796378E-12 -2.85345857E-13
   39.567177      2.09005079E-12 -1.66073784E-12 -3.56599082E-13
   40.020252      2.49415245E-12 -1.98681739E-12 -4.26368467E-13
   40.586594      3.11284722E-12 -2.48692928E-12 -5.33310158E-13
   41.039669      3.71836329E-12 -2.97709557E-12 -6.38090926E-13
   41.606007      4.64604180E-12 -3.72889480E-12 -7.98787035E-13
   42.059082      5.55452039E-12 -4.46575762E-12 -9.56291686E-13
   42.512150      6.64283429E-12 -5.34902548E-12 -1.14508663E-12
   43.078487      8.31126314E-12 -6.70396117E-12 -1.43466510E-12
   43.531563      9.94595378E-12 -8.03228317E-12 -1.71850425E-12
   44.097900      1.24525494E-11 -1.00702988E-11 -2.15389208E-12
   44.550980      1.49089543E-11 -1.20686100E-11 -2.58070431E-12
   45.004051      1.78530437E-11 -1.44647332E-11 -3.09240372E-12
   45.570404      2.23688637E-11 -1.81416791E-11 -3.87754369E-12
   46.023476      2.67952969E-11 -2.17471596E-11 -4.64739401E-12
   46.589828      3.35858771E-11 -2.72799769E-11 -5.82877887E-12
   47.042908      4.02430450E-11 -3.27054182E-11 -6.98724672E-12
   47.609257      5.04567499E-11 -4.10310813E-11 -8.76496445E-12
   48.062340      6.04707742E-11 -4.91953908E-11 -1.05081777E-11
   48.515427      7.24776905E-11 -5.89857954E-11 -1.25984986E-11
   49.081791      9.09008910E-11 -7.40099926E-11 -1.58061238E-11
   49.534885      1.08965170E-10 -8.87430476E-11 -1.89514723E-11
   50.101250      1.36683442E-10 -1.11351831E-10 -2.37780559E-11
   50.554352      1.63862840E-10 -1.33522582E-10 -2.85110564E-11
   51.007446      1.96453132E-10 -1.60108468E-10 -3.41865355E-11
   51.573837      2.46463988E-10 -2.00907124E-10 -4.28960062E-11
   52.026939      2.95502095E-10 -2.40913456E-10 -5.14362788E-11
   52.593330      3.70753095E-10 -3.02306263E-10 -6.45419135E-11
   53.046448      4.44541792E-10 -3.62507052E-10 -7.73930225E-11
   53.612846      5.57773161E-10 -4.54888349E-10 -9.71136574E-11
   54.065975      6.68806566E-10 -5.45476886E-10 -1.16451571E-10
   54.519108      8.01951228E-10 -6.54105159E-10 -1.39640410E-10
   55.085529      1.00626607E-09 -8.20798762E-10 -1.75224502E-10
   55.538670      1.20661436E-09 -9.84255677E-10 -2.10117646E-10
   56.105099      1.51405422E-09 -1.23508304E-09 -2.63661704E-10
   56.558254      1.81552917E-09 -1.48104162E-09 -3.16166648E-10
   57.011406      2.17703322E-09 -1.77597281E-09 -3.79125842E-10
   57.577862      2.73178258E-09 -2.22855645E-09 -4.75739503E-10
   58.031025      3.27574745E-09 -2.67233702E-09 -5.70473890E-10
   58.597492      4.11049195E-09 -3.35333405E-09 -7.15848159E-10
   59.050667      4.92900920E-09 -4.02108391E-09 -8.58394689E-10
   59.503853      5.91053784E-09 -4.82180740E-09 -1.02932740E-09
   60.070332      7.41668860E-09 -6.05049433E-09 -1.29161959E-09
   60.523521      8.89357654E-09 -7.25528704E-09 -1.54881308E-09
   61.090008      1.11598171E-08 -9.10397446E-09 -1.94346317E-09
   61.543190      1.33819320E-08 -1.09166276E-08 -2.33042297E-09
   62.109642      1.67914855E-08 -1.36978553E-08 -2.92415159E-09
   62.562763      2.01342889E-08 -1.64245719E-08 -3.50624485E-09
   63.015820      2.41418192E-08 -1.96934273E-08 -4.20407442E-09
   63.581921      3.02879570E-08 -2.47065746E-08 -5.27427524E-09
   64.034485      3.63088049E-08 -2.96173823E-08 -6.32263042E-09
   64.599731      4.55360905E-08 -3.71432307E-08 -7.92924837E-09
   65.051582      5.45715793E-08 -4.45123760E-08 -9.50242107E-09
   65.503128      6.53914469E-08 -5.33365210E-08 -1.13862164E-08
   66.067162      8.19670163E-08 -6.68541205E-08 -1.42719951E-08
   66.518112      9.81930697E-08 -8.00860462E-08 -1.70968022E-08
   67.081421      1.23044174E-07 -1.00350405E-07 -2.14229576E-08
   67.531792      1.47363636E-07 -1.20180118E-07 -2.56563446E-08
   68.094421      1.84602428E-07 -1.50542078E-07 -3.21382494E-08
   68.544289      2.21037524E-07 -1.80246687E-07 -3.84798753E-08
   69.106354      2.76818412E-07 -2.25719958E-07 -4.81880278E-08
   69.555771      3.31383035E-07 -2.70198171E-07 -5.76837635E-08
   70.005020      3.96668355E-07 -3.23411030E-07 -6.90444040E-08
   70.566383      4.96594339E-07 -4.04850908E-07 -8.64314558E-08
   71.015320      5.94324945E-07 -4.84493171E-07 -1.03434928E-07
   71.576332      7.43895328E-07 -6.06366484E-07 -1.29454861E-07
   72.025063      8.90175102E-07 -7.25544282E-07 -1.54899610E-07
   72.585876      1.11403006E-06 -9.07900812E-07 -1.93833500E-07
   73.029984      1.33054732E-06 -1.08425536E-06 -2.31486382E-07
   73.590706      1.66493999E-06 -1.35657820E-06 -2.89629838E-07
   74.039330      1.99197484E-06 -1.62286631E-06 -3.46485763E-07
   74.600090      2.49238974E-06 -2.03025934E-06 -4.33470575E-07
   75.048798      2.98181180E-06 -2.42862961E-06 -5.18530328E-07
   75.609795      3.73082185E-06 -3.03817706E-06 -6.48682317E-07
   76.058640      4.46325066E-06 -3.63410891E-06 -7.75929152E-07
   76.507683      5.33964067E-06 -4.34703770E-06 -9.28160375E-07
   77.069244      6.68121311E-06 -5.43813621E-06 -1.16114620E-06
   77.518639      7.99336431E-06 -6.50505444E-06 -1.38897337E-06
   78.048470      9.87445128E-06 -8.03498551E-06 -1.71556258E-06
   78.602119      1.23136997E-05 -1.00165616E-05 -2.13883595E-06
   79.014641      1.45143968E-05 -1.18045937E-05 -2.52067207E-06
   79.554306      1.79964118E-05 -1.46333377E-05 -3.12470002E-06
   80.067139      2.20746169E-05 -1.79466751E-05 -3.83203997E-06
   80.524811      2.64865521E-05 -2.15297387E-05 -4.59704825E-06
   81.053589      3.26900299E-05 -2.65656690E-05 -5.67237066E-06
   81.564354      4.00546814E-05 -3.25414112E-05 -6.94854270E-06
   82.063629      4.88504884E-05 -3.96737451E-05 -8.47210231E-06
   82.549644      5.92591496E-05 -4.81126772E-05 -1.02746144E-05
   83.020416      7.14458438E-05 -5.79908301E-05 -1.23844929E-05
   83.522820      8.72196761E-05 -7.07767394E-05 -1.51148633E-05
   84.053658      1.07674554E-04 -8.73300887E-05 -1.86530451E-05
   84.549942      1.31102977E-04 -1.06310203E-04 -2.27060336E-05
   85.027672      1.58443843E-04 -1.28450774E-04 -2.74343474E-05
   85.525734      1.93018568E-04 -1.56417125E-04 -3.34104807E-05
   86.027512      2.35462576E-04 -1.90735940E-04 -4.07445259E-05
   86.590935      2.94305093E-04 -2.38339300E-04 -5.09116944E-05
   87.029121      3.50029237E-04 -2.83402187E-04 -6.05372552E-05
   87.559258      4.31690714E-04 -3.49381618E-04 -7.46371879E-05
   88.067757      5.27812575E-04 -4.27038816E-04 -9.12310206E-05
   88.585281      6.47586130E-04 -5.23752300E-04 -1.11901922E-04
   89.036705      7.73994834E-04 -6.25809189E-04 -1.33714595E-04
   89.556389      9.50287911E-04 -7.68060330E-04 -1.64127865E-04
   90.083794      1.17019564E-03 -9.45521693E-04 -2.02064286E-04
   90.522835      1.39151909E-03 -1.12399925E-03 -2.40236594E-04
   91.066666      1.72443583E-03 -1.39244017E-03 -2.97655351E-04
   91.547646      2.08457699E-03 -1.68269186E-03 -3.59765254E-04
   92.020836      2.51209782E-03 -2.02746782E-03 -4.33518813E-04
   92.527176      3.06704314E-03 -2.47428147E-03 -5.29228360E-04
   93.040657      3.75507330E-03 -3.02834064E-03 -6.47930312E-04
   93.570419      4.62700380E-03 -3.73077858E-03 -7.98436929E-04
   94.013809      5.51066175E-03 -4.44227550E-03 -9.51017137E-04
   94.539070      6.77854009E-03 -5.46322390E-03 -1.17008225E-03
   95.091621      8.42889398E-03 -6.79156743E-03 -1.45543937E-03
   95.545456      1.00816246E-02 -8.12190492E-03 -1.74149685E-03
   96.112778      1.26121147E-02 -1.01585183E-02 -2.18002289E-03
   96.566650      1.50887240E-02 -1.21514928E-02 -2.60985456E-03
   97.014771      1.80132557E-02 -1.45045761E-02 -3.11824912E-03
   97.544777      2.22171359E-02 -1.78863797E-02 -3.85060278E-03
   98.112152      2.78197993E-02 -2.23920662E-02 -4.82947100E-03
   98.566078      3.33135724E-02 -2.68086083E-02 -5.79246040E-03
   99.001091      3.96060310E-02 -3.18697914E-02 -6.89953193E-03
   99.542236      4.91417870E-02 -3.95239070E-02 -8.58407095E-03
   100.10968      6.16607927E-02 -4.95696664E-02 -1.08103883E-02
   100.55460      7.37174898E-02 -5.92329614E-02 -1.29709160E-02
   101.08748      9.13837701E-02 -7.33695254E-02 -1.61642581E-02
   101.52034      0.10890159     -8.73505324E-02 -1.93570144E-02
   102.08784      0.13724354     -0.10993360     -2.45675221E-02
   102.54187      0.16536453     -0.13230285     -2.97844969E-02
   103.10939      0.20918903     -0.16712359     -3.80188562E-02
   103.56343      0.25302303     -0.20192450     -4.64254543E-02
   104.01749      0.30685151     -0.24461518     -5.70679978E-02
   104.58506      0.39260316     -0.31242085     -7.49550462E-02
   105.03915      0.48127905     -0.38200754     -9.47211832E-02
   105.60675      0.62616396     -0.49720293     -0.12747952    
   106.06085      0.77163905     -0.62666780     -0.16446459    
   106.51496      0.97789478     -0.78972757     -0.29522690    
   107.08263       2.1376858     -0.83400375      -1.2742887    
   107.53677       4.8630819     -0.23231509      -3.1172278    
   108.10446       7.9789104     -6.14079051E-02  -1.7997601    
   108.55863       9.4509029     -6.33928105E-02 -0.19521077    
   109.01280       9.4136934     -9.22759399E-02  0.28790528    
   109.58054       8.3312540     -3.42164300E-02  0.48605996    
   110.03474       7.6765308      2.80591175E-02  0.49527445    
   110.60250       7.0845056      0.15301012      0.45414862    
   111.05674       6.7089863      0.26559088      0.41007277    
   111.51097       6.3068895      0.39756054      0.38297114    
   112.07880       5.7849216      0.54687166      0.35929403    
   112.53306       5.3820815      0.63633996      0.34452108    
   113.06913       4.9369850      0.75693589      0.33958495    
   113.57185       4.5274639      0.90609616      0.33863422    
   114.08277       4.1104155       1.0729035      0.33222753    
   114.52990       3.7607045       1.2128351      0.32015219    
   115.07253       3.3943720       1.4144512      0.30396956    
   115.56587       3.1481059       1.6271057      0.31266409    
   116.03012       2.9610171       1.8499277      0.33893299    
   116.55170       2.7350152       2.0938430      0.37743521    
   117.09390       2.5162730       2.3799951      0.40042233    
   117.50079       2.4195321       2.6717041      0.39936495    
   118.06371       2.4611223       3.2398322      0.37412539    
   118.57147       2.5102732       3.8066998      0.35428917    
   119.09225       2.3833215       4.3230662      0.33476835    
   119.55916       2.1825809       4.7419877      0.30427903    
   120.00833       1.9763814       5.0245581      0.25779715    
   120.57141       1.4189835       5.0837154      0.20325220    
   121.02556      0.81581903       4.9259987      0.14168479    
   121.59370      0.17674084       4.5350676      1.95644386E-02
   122.04821     -0.38483137       3.9364474     -0.13465884    
   122.50274     -0.99058390       3.1403172     -0.25472873    
   123.07092      -1.4736831       2.1897969     -0.40628010    
   123.52547      -1.6263080       1.5655577     -0.50085318    
   124.09369      -1.5686990       1.0398736     -0.52181602    
   124.54827      -1.4114048      0.81824958     -0.48084629    
   125.09406      -1.1760004      0.67133987     -0.36437505    
   125.55219      -1.0231230      0.60654330     -0.23730007    
   126.04717     -0.97648597      0.51655048     -0.12860690    
   126.60718      -1.0281914      0.41289288     -5.34968525E-02
   127.05280      -1.1147437      0.35243928     -3.79518345E-02
   127.50592      -1.2063085      0.30696303     -5.36938235E-02
   128.07426      -1.2696373      0.28877458     -0.11838470    
   128.52896      -1.2914923      0.28771281     -0.19983175    
   129.09735      -1.2974935      0.26565242     -0.35701257    
   129.55208      -1.2738242      0.23099273     -0.51488745    
   130.00681      -1.2193266      0.18977685     -0.66282678    
   130.57526      -1.1122124      0.11984718     -0.80127472    
   131.03004      -1.0070260      4.91555035E-02 -0.86336207    
   131.59857     -0.86459851     -3.28208879E-02 -0.85822260    
   132.05341     -0.73849565     -6.33385107E-02 -0.76242888    
   132.50826     -0.59880346     -5.64146787E-02 -0.59560287    
   133.07692     -0.43994835     -3.83809209E-03 -0.35792899    
   133.53189     -0.34574100      6.45460039E-02 -0.18475181    
   134.10069     -0.27555960      0.16097400     -1.97891444E-02
   134.55585     -0.25089750      0.24045898      6.10493943E-02
   135.01115     -0.25450513      0.31458551      9.59917307E-02
   135.58057     -0.26698339      0.39409623      9.10201520E-02
   136.03642     -0.25936374      0.45325947      6.79689497E-02
   136.60681     -0.21404304      0.52838081      1.48047954E-02
   137.06377     -0.14360860      0.58960527     -3.10189575E-02
   137.52155     -6.13844842E-02  0.63491243     -4.92758341E-02
   138.09309      4.31935750E-02  0.64892089     -1.63664892E-02
   138.54726      0.12011854      0.63416934      2.56314278E-02
   139.00862      0.17907813      0.60562491      5.62948808E-02
   139.59102      0.21804811      0.55011433      7.02300817E-02
   140.05928      0.24132921      0.50707281      5.63568994E-02
   140.52754      0.26625466      0.46945876      2.45853513E-03
   141.11293      0.31047434      0.43327087     -0.10833135    
   141.58136      0.36077428      0.41094819     -0.21226916    
   142.04996      0.41937363      0.39525533     -0.31088090    
   142.51881      0.47679231      0.39043248     -0.39172515    
   143.10545      0.52005243      0.41220725     -0.44235668    
   143.57541      0.52953458      0.44707578     -0.45847321    
   144.04617      0.53400064      0.49264660     -0.44931623    
   144.51489      0.53615582      0.54558015     -0.42463446    
   145.09634      0.51268446      0.60116076     -0.38600838    
   145.55771      0.47283560      0.63098711     -0.35662746    
   146.00945      0.44015384      0.65380895     -0.33157957    
   146.58301      0.43230414      0.68365014     -0.31242806    
   147.03491      0.44833302      0.71448195     -0.30878156    
   147.60600      0.47767746      0.75838268     -0.30234212    
   148.06233      0.48911697      0.79269946     -0.29041454    
   148.50493      0.47807589      0.82016456     -0.26901627    
   149.04149      0.43566364      0.84361339     -0.22969967    
   149.53152      0.37524387      0.85699153     -0.19111387    
   150.08556      0.30505934      0.87244570     -0.15167409    
   150.55177      0.26347405      0.89223123     -0.12257335    
   151.01271      0.23732507      0.91625428     -9.33621228E-02
   151.57442      0.20548931      0.93101996     -5.51455505E-02
   152.05774      0.17021781      0.93407738     -2.54511107E-02
   152.57739      0.12375595      0.93081486     -5.89432940E-03
   153.00316      8.49428251E-02  0.92464876     -1.80938467E-03
   153.51299      4.31956947E-02  0.91422987     -1.19288526E-02
   154.01495     -9.30142123E-05  0.89390445     -3.47501971E-02
   154.58026     -4.89024706E-02  0.85737872     -7.29345083E-02
   155.03586     -8.70552436E-02  0.81816846     -0.10727341    
   155.60519     -0.12294349      0.76360857     -0.14755376    
   156.06055     -0.13881478      0.72267443     -0.17448857    
   156.51578     -0.14223436      0.69096929     -0.19143599    
   157.08470     -0.13053736      0.66820949     -0.19574329    
   157.53973     -0.11559217      0.66061026     -0.18447395    
   158.10846     -9.81683731E-02  0.65621698     -0.16368163    
   158.56342     -9.26387236E-02  0.64875722     -0.15276560    
   159.01837     -9.40072238E-02  0.63568556     -0.15410216    
   159.58714     -0.10182759      0.61159456     -0.16479424    
   160.04225     -0.11256761      0.58656788     -0.17957778    
   160.61131     -0.12796706      0.55036575     -0.20063350    
   161.06674     -0.13666296      0.52066934     -0.21086863    
   161.52234     -0.13786182      0.49274677     -0.21538863    
   162.09209     -0.12928957      0.46197373     -0.20979428    
   162.54810     -0.11557062      0.44145837     -0.19536528    
   163.00429     -9.40543711E-02  0.42613342     -0.17882729    
   163.57474     -6.72175065E-02  0.41554075     -0.15806618    
   164.03125     -4.97606732E-02  0.41302335     -0.14275998    
   164.60199     -3.45462747E-02  0.41547918     -0.12724555    
   165.05867     -2.73569077E-02  0.41984677     -0.11845185    
   165.51541     -2.33899914E-02  0.42508429     -0.11247967    
   166.08638     -2.14146785E-02  0.43132225     -0.10768697    
   166.54323     -2.15728525E-02  0.43534505     -0.10596769    
   167.00014     -2.24439874E-02  0.43872431     -0.10615856    
   167.57146     -2.32762992E-02  0.44266617     -0.10793970    
   168.02864     -2.24988908E-02  0.44505709     -0.10993426    
   168.60037     -1.84932053E-02  0.44643372     -0.11411133    
   169.05797     -1.18887536E-02  0.44680542     -0.11806529    
   169.51572     -8.71287310E-04  0.44688934     -0.12136410    
   170.08809      1.64591260E-02  0.44537586     -0.12187596    
   170.54613      2.94096023E-02  0.44136971     -0.11744835    
   171.00423      3.84872369E-02  0.43575943     -0.10947797    
   171.57689      4.16716188E-02  0.42721319     -9.76271778E-02
   172.03500      3.91051844E-02  0.42111480     -8.94663557E-02
   172.60757      3.24740633E-02  0.41622400     -8.34653527E-02
   173.06560      2.68592648E-02  0.41433609     -8.28193650E-02
   173.52361      2.19296664E-02  0.41309571     -8.44542831E-02
   174.09618      1.79340187E-02  0.41198465     -8.69580433E-02
   174.55434      1.59129445E-02  0.40905491     -8.83381739E-02
   175.01251      1.51284421E-02  0.40338290     -8.85411352E-02
   175.58504      1.55555354E-02  0.39218009     -8.67051929E-02
   176.04291      1.83621850E-02  0.37997723     -8.30662325E-02
   176.50061      2.30403543E-02  0.36630231     -7.75434896E-02
   177.07251      3.07803322E-02  0.34905440     -6.87930062E-02
   177.52980      3.80155742E-02  0.33561549     -6.18617460E-02
   178.10117      4.65393141E-02  0.31968540     -5.63130677E-02
   178.55803      5.21661639E-02  0.30791646     -5.56497127E-02
   179.01469      5.75755164E-02  0.29694253     -5.74238338E-02
   179.58530      6.41877800E-02  0.28480947     -6.23629987E-02
   180.04160      6.87992275E-02  0.27668464     -6.83347508E-02
   180.61182      7.36416578E-02  0.26863626     -7.68664181E-02
   181.06787      7.62985647E-02  0.26292080     -8.37768912E-02
   181.52380      7.73762837E-02  0.25787404     -8.96963924E-02
   182.09352      7.70623684E-02  0.25192192     -9.42888111E-02
   182.54913      7.75536820E-02  0.24668652     -9.64161605E-02
   183.00459      7.97881484E-02  0.24006686     -9.73509699E-02
   183.57365      8.60074610E-02  0.22787957     -9.56751928E-02
   184.02872      9.44816917E-02  0.21377274     -9.27096978E-02
   184.59737      0.11088488      0.19073135     -8.90747756E-02
   185.05215      0.13021472      0.16874871     -8.68523121E-02
   185.50690      0.15513989      0.14371802     -8.55332762E-02
   186.07530      0.19442864      0.10683991     -8.53886381E-02
   186.53006      0.23247157      7.20936209E-02 -8.65273997E-02
   187.09862      0.28901076      2.12539397E-02 -8.89982879E-02
   187.55354      0.34243226     -2.49346904E-02 -9.03500468E-02
   188.00813      0.40253711     -7.73274973E-02 -8.89818966E-02
   188.57570      0.48896328     -0.15496178     -8.54920745E-02
   189.02924      0.57187486     -0.22871219     -8.11205059E-02
   189.59560      0.70351005     -0.33386171     -7.21161142E-02
   190.04829      0.81683278     -0.43231723     -6.08868152E-02
   190.50072      0.94016767     -0.54332334     -4.58006859E-02
   191.06595       1.1275628     -0.70243579     -3.16765457E-02
   191.51794       1.3357714     -0.84606302     -2.31638812E-02
   192.08282       1.6598963      -1.0456066     -1.15312189E-02
   192.53465       1.9659517      -1.2303118     -1.78754702E-03
   193.09933       2.4082880      -1.5016044      1.41446404E-02
   193.55106       2.8114514      -1.7519681      3.28146778E-02
   194.00275       3.2592993      -2.0222960      5.38778417E-02
   194.55800       3.8566456      -2.3746619      7.54934847E-02
   195.06509       4.4299946      -2.6853068      9.69445929E-02
   195.51509       4.9498329      -2.9311652      0.10552897    
   196.06335       5.5669427      -3.1850245      0.11237131    
   196.57037       6.0582123      -3.3425999      0.13932447    
   197.05713       6.4348860      -3.3990619      0.15995042    
   197.52159       6.7236500      -3.3748832      0.15994385    
   198.05736       6.9386616      -3.2562714      0.13522653    
   198.53928       7.0800591      -3.0861111      0.10366043    
   199.06447       7.2004981      -2.7155740      6.83386177E-02
   199.52702       7.3027954      -2.2932947      6.38223216E-02
   200.06082       7.4383759      -1.7346139      0.10934692    
   200.52486       7.6093264      -1.1305640      0.22261380    
   201.00836       7.7261934     -0.46235991      0.35063964    
   201.53868       7.5692129      0.13567230      0.42932910    
   202.06763       7.3219185      0.68964088      0.45414457    
   202.57445       7.1182051       1.2748029      0.45990762    
   203.02087       6.9295115       1.7500921      0.40014002    
   203.58592       6.3759918       2.1334589      0.28369221    
   204.05768       5.7615051       2.2791154      0.23888841    
   204.53415       5.1836443       2.4480107      0.22215641    
   205.02100       4.6847515       2.6676838      0.21810837    
   205.58678       4.2072887       2.9517636      0.29119843    
   206.10188       3.9658151       3.2190003      0.40701637    
   206.53093       3.8690379       3.4605646      0.46103495    
   207.07907       3.6912303       3.8313253      0.42764309    
   207.52036       3.4256861       4.1123133      0.42732489    
   208.05061       3.0040405       4.4339380      0.42024559    
   208.58556       2.4853520       4.7470989      0.43602327    
   209.05405       1.9971285       5.0020313      0.45978427    
   209.53027       1.4957708       5.2307501      0.45661509    
   210.05080      0.90341723       5.4246693      0.39994511    
   210.50317      0.37420022       5.5697155      0.32047278    
   211.05940     -0.24956532       5.7761092      0.12707132    
   211.53110     -0.73721892       6.0717425     -0.14453766    
   212.05405      -1.2363566       6.5915680     -0.46302372    
   212.57835      -1.8539320       7.1970768     -0.69147068    
   213.05884      -2.5758483       7.7741823     -0.85487437    
   213.58380      -3.4015298       8.4293680     -0.99516606    
   214.02679      -3.9791393       8.8577032     -0.83073866    
   214.55882      -4.2576151       8.0080099     -0.31161717    
   215.04926      -4.3404055       7.2055035     -0.23970160    
   215.50475      -4.3809133       6.5333619     -0.18744405    
   216.08000      -4.4183807       5.6841903     -0.12686588    
   216.56850      -4.4468250       4.7950439     -0.13920988    
   217.01120      -4.4601259       3.9389017     -7.48100877E-02
   217.59718      -4.2074966      -6.2927985     -0.42627364    
   218.09695      -3.6521215      -7.2629037      3.45457578E-03
   218.51784      -3.2982924      -6.0476308      0.23457348    
   219.07486      -2.6676116      -3.8134913      2.03553066E-02
   219.52748      -1.9424753      0.16083437      0.13675439    
   220.02795      -1.9735646      -1.9628700      0.23867275    
   220.56204      -2.0606859      -1.9409488      0.36716750    
   221.00104      -1.9593325      -2.1685996      0.43481585    
   221.54613      -1.7234807      -2.2721367      0.54367769    
   222.10612      -1.3557090      -2.1004472      0.62734032    
   222.56134     -0.98070276      -1.8050530      0.64839643    
   223.00381     -0.55068380      -1.5190012      0.68072373    
   223.57352      6.39827922E-02  -1.1411613      0.70569915    
   224.02953      0.53983456     -0.79906893      0.66739959    
   224.58531      0.91319156     -0.44692129      0.54300797    
   225.04138       1.0404377     -0.24134737      0.41888893    
   225.61139       1.0250077     -4.67119515E-02  0.30295753    
   226.05313      0.90050465      8.26212168E-02  0.24519943    
   226.56982      0.68296474      0.23581770      0.21812388    
   227.09438      0.48172456      0.39790133      0.22195363    
   227.51521      0.35667121      0.54457259      0.23495300    
   228.08539      0.22521849      0.76010072      0.25929964    
   228.51570      0.14414117      0.90883195      0.27956077    
   229.01878      5.25201745E-02   1.0554751      0.30835339    
   229.58723     -5.14471717E-02   1.1826081      0.34333450    
   230.03476     -0.13182190       1.2613270      0.35895973    
   230.60602     -0.22775909       1.3570297      0.34407488    
   231.05811     -0.30751541       1.4287064      0.29720795    
   231.50717     -0.39518532       1.4874957      0.22016349    
   232.01602     -0.51618063       1.5080986      0.11099223    
   232.58264     -0.67506927       1.4596035      6.53006136E-03
   233.03319     -0.81739044       1.3481969     -3.90957594E-02
   233.52217     -0.96542358       1.1665055     -6.03762716E-02
   234.09470      -1.1212337      0.88143599     -4.87024076E-02
   234.55185      -1.2184037      0.63782644     -1.92723349E-02
   235.00992      -1.2942079      0.39762157      2.36742776E-02
   235.57393      -1.3657548      0.12224960      7.75529668E-02
   236.04901      -1.4031502     -0.10112242      0.11379184    
   236.50539      -1.4231149     -0.30360138      0.14012258    
   237.00331      -1.4280500     -0.51096892      0.15417114    
   237.59187      -1.3977998     -0.72401631      0.14850667    
   238.07948      -1.3345313     -0.85924304      0.13446593    
   238.59378      -1.2441235     -0.99353141      0.11235034    
   239.05177      -1.1500525      -1.0851345      8.88270363E-02
   239.59361      -1.0239854      -1.1485023      5.56954294E-02
   240.00069     -0.92864257      -1.1447142      2.64941156E-02
   240.54062     -0.80101538      -1.0816712     -2.45857276E-02
   241.00764     -0.70535481      -1.0038606     -8.19710493E-02
   241.54401     -0.63250923     -0.90429896     -0.16049561    
   242.03525     -0.59662181     -0.80780673     -0.23546830    
   242.53752     -0.59665751     -0.71028686     -0.30581146    
   243.04701     -0.61139989     -0.60890096     -0.35088149    
   243.51421     -0.61551982     -0.51030838     -0.35482726    
   244.01746     -0.60054445     -0.39167970     -0.32767937    
   244.54987     -0.57337648     -0.25476846     -0.27030748    
   245.07614     -0.53630340     -0.10951701     -0.21319544    
   245.53996     -0.50882202      1.75438821E-02 -0.18369962    
   246.05464     -0.50060350      0.14462247     -0.18943389    
   246.52803     -0.50933355      0.24176264     -0.22644666    
   247.05533     -0.53724664      0.32550889     -0.30392036    
   247.57243     -0.58057004      0.38026482     -0.40697962    
   248.05302     -0.62822711      0.40618157     -0.51492208    
   248.55647     -0.67428809      0.42368254     -0.63535440    
   249.09454     -0.71058279      0.44340831     -0.76663417    
   249.55356     -0.73928869      0.44997659     -0.87733120    
   250.01265     -0.76685190      0.44546512     -0.98273253    
