  0.11273042      5.11696102E-11  2.24624087E-11 -2.79765580E-15
  0.56771952      5.43731726E-11 -7.05236954E-12 -7.69969280E-14
   1.0225676      5.67884420E-11 -2.97860764E-11 -2.16594781E-13
   1.5908108      6.03729566E-11 -4.92139038E-11 -4.77236469E-13
   2.0451236      6.40699924E-11 -5.87974461E-11 -7.75637475E-13
   2.6127074      7.00433392E-11 -6.53684815E-11 -1.29045949E-12
   3.0665996      7.61542704E-11 -6.74528003E-11 -1.83250767E-12
   3.5204115      8.37862418E-11 -6.71088879E-11 -2.47420509E-12
   4.0876346      9.62374208E-11 -6.28614799E-11 -3.42302423E-12
   4.5414238      1.09491596E-10 -5.53261499E-11 -4.32300723E-12
   5.1087065      1.31230554E-10 -4.16160821E-11 -5.68655669E-12
   5.5625720      1.53576860E-10 -2.80257848E-11 -7.00194330E-12
   6.0164661      1.81242368E-10 -1.23906944E-11 -8.56097224E-12
   6.5838690      2.25128000E-10  9.67671169E-12 -1.09876292E-11
   7.0377955      2.69966383E-10  2.62210149E-11 -1.35537102E-11
   7.6052070      3.40882433E-10  4.60030104E-11 -1.76648973E-11
   8.0591211      4.12098106E-10  6.28277777E-11 -2.18244641E-11
   8.5130253      4.99194019E-10  8.19996362E-11 -2.69478710E-11
   9.0803757      6.35714037E-10  1.10832558E-10 -3.50335559E-11
   9.5342360      7.72177100E-10  1.38589182E-10 -4.31357415E-11
   10.101531      9.85069137E-10  1.79642745E-10 -5.57309095E-11
   10.555342      1.19651333E-09  2.17654714E-10 -6.81363507E-11
   11.009133      1.45213175E-09  2.60248406E-10 -8.29780897E-11
   11.576332      1.84653948E-09  3.20040522E-10 -1.05577533E-10
   12.030070      2.23413954E-09  3.73501285E-10 -1.27504965E-10
   12.597208      2.82852763E-09  4.48490467E-10 -1.60764818E-10
   13.050895      3.40980777E-09  5.16409138E-10 -1.93040403E-10
   13.504553      4.10446743E-09  5.93904648E-10 -2.31447736E-10
   14.071603      5.16600274E-09  7.09446002E-10 -2.89984897E-10
   14.525217      6.20283158E-09  8.22124868E-10 -3.47069151E-10
   15.092206      7.78844012E-09  9.97081639E-10 -4.34220854E-10
   15.545775      9.33908861E-09  1.17218002E-09 -5.19255750E-10
   16.112707      1.17139400E-08  1.44747436E-09 -6.49121090E-10
   16.566236      1.40397436E-08  1.72376680E-09 -7.75976006E-10
   17.019741      1.68268866E-08  2.06115081E-09 -9.27753485E-10
   17.586597      2.11024922E-08  2.58737232E-09 -1.16045962E-09
   18.040064      2.52949626E-08  3.10931969E-09 -1.38881140E-09
   18.606867      3.17292290E-08  3.91588229E-09 -1.73992254E-09
   19.060299      3.80398717E-08  4.70959538E-09 -2.08515227E-09
   19.513704      4.56084024E-08  5.66236924E-09 -2.50020094E-09
   20.080450      5.72248240E-08  7.12436243E-09 -3.13890869E-09
   20.533821      6.86171973E-08  8.55728999E-09 -3.76667053E-09
   21.100523      8.61019629E-08  1.07555085E-08 -4.73167017E-09
   21.553862      1.03249292E-07  1.29110420E-08 -5.67893821E-09
   22.007195      1.23814303E-07  1.54963740E-08 -6.81542023E-09
   22.573837      1.55375915E-07  1.94642400E-08 -8.55949267E-09
   23.027140      1.86328492E-07  2.33545556E-08 -1.02692068E-08
   23.593752      2.33830349E-07  2.93212743E-08 -1.28915012E-08
   24.047028      2.80412166E-07  3.51673854E-08 -1.54613744E-08
   24.500294      3.36271512E-07  4.21718305E-08 -1.85414653E-08
   25.066856      4.21987238E-07  5.29111972E-08 -2.32654020E-08
   25.520096      5.06035917E-07  6.34357633E-08 -2.78958066E-08
   26.086632      6.35006359E-07  7.95818309E-08 -3.49994487E-08
   26.539846      7.61465344E-07  9.54142720E-08 -4.19641708E-08
   27.106359      9.55516612E-07  1.19713974E-07 -5.26514974E-08
   27.559551      1.14578927E-06  1.43546131E-07 -6.31312886E-08
   28.012745      1.37395159E-06  1.72128168E-07 -7.56988427E-08
   28.579214      1.72405692E-06  2.15987839E-07 -9.49851042E-08
   29.032389      2.06735422E-06  2.58991065E-07 -1.13897507E-07
   29.598843      2.59412241E-06  3.24965640E-07 -1.42919632E-07
   30.051998      3.11063332E-06  3.89641485E-07 -1.71377621E-07
   30.505152      3.72997056E-06  4.67175425E-07 -2.05501564E-07
   31.071575      4.68026838E-06  5.86109081E-07 -2.57861700E-07
   31.524714      5.61204024E-06  7.02691352E-07 -3.09201255E-07
   32.091122      7.04170907E-06  8.81511710E-07 -3.87973415E-07
   32.544243      8.44345232E-06  1.05677464E-06 -4.65207108E-07
   33.110641      1.05941945E-05  1.32556931E-06 -5.83708015E-07
   33.563751      1.27028179E-05  1.58896876E-06 -6.99887607E-07
   34.016857      1.52310040E-05  1.90461549E-06 -8.39183201E-07
   34.583233      1.91097952E-05  2.38855864E-06 -1.05289052E-06
   35.036331      2.29124780E-05  2.86265390E-06 -1.26239752E-06
   35.602699      2.87462753E-05  3.58935449E-06 -1.58379692E-06
   36.055794      3.44652799E-05  4.30106638E-06 -1.89886634E-06
   36.508884      4.13212620E-05  5.15346574E-06 -2.27656915E-06
   37.075237      5.18380912E-05  6.45944920E-06 -2.85593410E-06
   37.528324      6.21468425E-05  7.73792726E-06 -3.42381918E-06
   38.094673      7.79585898E-05  9.69602115E-06 -4.29482770E-06
   38.547756      9.34558921E-05  1.16121255E-05 -5.14847761E-06
   39.000828      1.12029957E-04  1.39051399E-05 -6.17154956E-06
   39.567177      1.40515360E-04  1.74151119E-05 -7.74043019E-06
   40.020252      1.68428771E-04  2.08477431E-05 -9.27769270E-06
   40.586594      2.11230727E-04  2.60998386E-05 -1.16346737E-05
   41.039669      2.53167702E-04  3.12341690E-05 -1.39437843E-05
   41.606007      3.17462196E-04  3.90868663E-05 -1.74834095E-05
   42.059082      3.80447484E-04  4.67606951E-05 -2.09503633E-05
   42.512150      4.55904112E-04  5.59331893E-05 -2.51030178E-05
   43.078487      5.71559649E-04  6.99560696E-05 -3.14664394E-05
   43.531563      6.84831582E-04  8.36550753E-05 -3.76969911E-05
   44.097900      8.58414511E-04  1.04596438E-04 -4.72417487E-05
   44.550980      1.02838990E-03  1.25055652E-04 -5.65844057E-05
   45.004051      1.23193813E-03  1.49510903E-04 -6.77675635E-05
   45.570404      1.54379825E-03  1.86915204E-04 -8.48915806E-05
   46.023476      1.84909755E-03  2.23489085E-04 -1.01643847E-04
   46.589828      2.31678691E-03  2.79488217E-04 -1.27285151E-04
   47.042908      2.77459621E-03  3.34323209E-04 -1.52360168E-04
   47.609257      3.47585883E-03  4.18448646E-04 -1.90721767E-04
   48.062340      4.16230503E-03  5.01034781E-04 -2.28218021E-04
   48.515427      4.98417951E-03  6.00318075E-04 -2.73041427E-04
   49.081791      6.24327268E-03  7.53439439E-04 -3.41562321E-04
   49.534885      7.47606112E-03  9.04721266E-04 -4.08481632E-04
   50.101250      9.36528482E-03  1.13944151E-03 -5.10709535E-04
   50.554352      1.12159410E-02  1.37297995E-03 -6.10475079E-04
   51.007446      1.34337451E-02  1.65778818E-03 -7.29552994E-04
   51.573837      1.68364234E-02  2.10555736E-03 -9.11240699E-04
   52.026939      2.01742779E-02  2.55777407E-03 -1.08820142E-03
   52.593330      2.53024809E-02  3.27819888E-03 -1.35677704E-03
   53.046448      3.03423926E-02  4.01583593E-03 -1.61878299E-03
   53.612846      3.81052569E-02  5.20666968E-03 -2.02227780E-03
   54.065975      4.57560569E-02  6.44377433E-03 -2.41631456E-03
   54.519108      5.49875125E-02  8.02206341E-03 -2.88644782E-03
   55.085529      6.92980960E-02  1.06395921E-02 -3.63839720E-03
   55.538670      8.35115537E-02  1.34027051E-02 -4.40943800E-03
   56.105099      0.10565650      1.80126112E-02 -5.55725768E-03
   56.558254      0.12779942      2.29658354E-02 -6.70098187E-03
   57.011406      0.15485467      2.94327699E-02 -7.79430429E-03
   57.577862      0.19744305      4.05241884E-02 -8.76743067E-03
   58.031025      0.24055395      5.26711680E-02 -9.20603052E-03
   58.597492      0.30948690      7.35383406E-02 -9.38338228E-03
   59.050667      0.38072890      9.62979347E-02 -9.95052978E-03
   59.503853      0.47134170      0.12589316     -1.21585894E-02
   60.070332      0.60910344      0.27398500     -1.14696799E-02
   60.523521      0.74324971      0.45308045      4.44791205E-02
   61.090008      0.95933497      0.79380393      0.16763121    
   61.543190       1.1784265       1.1493044      0.16318944    
   62.109642       1.5359871       1.6927031      9.91187841E-02
   62.562763       1.9249793       2.1986837      5.64558133E-02
   63.015820       2.4217470       2.7217801      3.20264436E-02
   63.581921       3.2676756       3.3368897      1.29162492E-02
   64.034485       4.0745029       3.8673670      7.54673267E-04
   64.599731       5.1306376       4.5036440     -1.73980519E-02
   65.051582       5.9517202       4.9320841     -3.20941694E-02
   65.503128       6.6827297       5.2183175     -3.68103236E-02
   66.067162       7.3925986       5.2867174     -3.32451724E-02
   66.518112       7.8175039       5.1952376     -1.53637435E-02
   67.081421       8.2288294       4.9192691      9.19346791E-03
   67.531792       8.4082842       4.5426445      2.03894209E-02
   68.094421       8.5095930       4.0361695      2.60934122E-02
   68.544289       8.5256176       3.6017933      2.70338394E-02
   69.106354       8.4637222       3.0158837      2.64379587E-02
   69.555771       8.3571873       2.5184062      3.07615530E-02
   70.005020       8.1998529       1.9904147      4.52983417E-02
   70.566383       7.9387903       1.3402954      6.44310936E-02
   71.015320       7.7314367      0.81294632      7.70357624E-02
   71.576332       7.4917870      0.13197131      8.61018896E-02
   72.025063       7.2701373     -0.43344194      8.31221715E-02
   72.585876       6.9578319      -1.1843741      8.02522749E-02
   73.029984       6.7012091      -1.7983183      8.34639594E-02
   73.590706       6.3735857      -2.5759432      9.02611390E-02
   74.039330       6.1055646      -3.2002707      8.68073106E-02
   74.600090       5.7543230      -3.9885719      7.55686164E-02
   75.048798       5.4497342      -4.6290922      6.69761300E-02
   75.609795       5.0360136      -5.4556713      6.24756180E-02
   76.058640       4.6815157      -6.1539850      6.63027093E-02
   76.507683       4.2880373      -6.8902850      7.19056576E-02
   77.069244       3.7508564      -7.8369031      0.12529820    
   77.518639       3.3129933      -8.6557808      0.20377439    
   78.048470       2.8006763      -9.7230530      0.29562983    
   78.602119       2.2895861      -10.917767      0.38854876    
   79.014641       1.9488107      -11.842106      0.63232541    
   79.554306       1.5319197      -12.848631       1.2933282    
   80.067139       1.0769269      -13.505604       1.4352343    
   80.524811      0.58945745      -13.772279      0.91618013    
   81.053589     -1.02273356E-02  -13.491020      0.40938193    
   81.564354     -0.46725616      -12.052018      0.29420939    
   82.063629     -0.67130703      -7.5340400      0.45883286    
   82.549644     -0.71061963      -4.8877335      0.76917225    
   83.020416     -0.71621120      -3.6238458      0.95325047    
   83.522820     -0.71489656      -3.0410774       1.0302539    
   84.053658     -0.71233296      -2.7684100       1.0103076    
   84.549942     -0.71000946      -2.6038866      0.93298143    
   85.027672     -0.70837116      -2.4523940      0.84153396    
   85.525734     -0.70779568      -2.3108201      0.75511408    
   86.027512     -0.70663840      -2.1968791      0.65222722    
   86.590935     -0.70284235      -2.0642471      0.47999159    
   87.029121     -0.69756317      -1.9762615      0.29554975    
   87.559258     -0.68860090      -1.8697205      0.11405633    
   88.067757     -0.68611866      -1.7190613     -8.15320686E-02
   88.585281     -0.68376482      -1.8330799     -0.45117667    
   89.036705     -0.70200282      -2.3339264     -0.90529251    
   89.556389     -0.74299461      -1.9309845      -1.6970204    
   90.083794     -0.66388077       1.8834062     -0.33785129    
   90.522835     -0.51016927       1.9814951      0.16553588    
   91.066666     -0.31455970       1.7534404      0.61651969    
   91.547646     -0.21622726       1.1460403      0.91165096    
   92.020836     -0.17919488      0.40901381       1.4333595    
   92.527176     -0.21554507     -0.34469330       2.1059680    
   93.040657     -0.32561454      -1.0965257       2.8265228    
   93.570419     -0.49728298      -1.6077369       3.5813227    
   94.013809     -0.60235333      -1.3833392       3.5203216    
   94.539070     -0.66932023     -4.41199839E-02   2.2653670    
   95.091621     -0.70458412      0.86956352       1.5073760    
   95.545456     -0.73117024       2.3885076       1.0373607    
   96.112778     -0.76174968       3.0852990      0.53937960    
   96.566650     -0.75511277      -3.3236244      0.35269397    
   97.014771     -0.72965103      -6.0116763     -9.26564485E-02
   97.544777     -0.69729900      -3.1276436      0.45777497    
   98.112152     -0.62923771     -0.46538147       1.7715868    
   98.566078     -0.56841332      0.96322894       3.5360045    
   99.001091     -0.46602398       1.5834615       3.9882915    
   99.542236     -0.22520265       1.9622660       2.6548271    
   100.10968      0.11950441       1.9179943       1.4396881    
   100.55460      0.36606261       1.5947249      0.83951658    
   101.08748      0.57908541       1.2159269      0.48970070    
   101.52034      0.64260012      0.97642022      0.38045609    
   102.08784      0.66442001      0.59175593      0.37256593    
   102.54187      0.65424955      0.32960373      0.46517262    
   103.10939      0.61263019      4.02422138E-02  0.62034786    
   103.56343      0.56331789     -0.18691586      0.77276224    
   104.01749      0.51557934     -0.41149375      0.91233623    
   104.58506      0.47433019     -0.74182206       1.1287438    
   105.03915      0.45322818      -1.0862415       1.2914374    
   105.60675      0.41823247      -1.6433734       1.4281811    
   106.06085      0.34786367      -2.1434736       1.3419584    
   106.51496      0.21377680      -2.5098271       1.2849954    
   107.08263      3.75978183E-03  -2.6018381       1.3262389    
   107.53677     -0.14508560      -2.6538167       1.2428013    
   108.10446     -0.30546051      -2.5761342       1.0502917    
   108.55863     -0.41264546      -2.4629116      0.89004612    
   109.01280     -0.49254787      -2.3757787      0.74072117    
   109.58054     -0.54244810      -2.1144981      0.50414437    
   110.03474     -0.54409051      -1.6647379      0.33096218    
   110.60250     -0.56750965      -1.6447313      0.29952174    
   111.05674     -0.55395764      -1.3724562      0.21676826    
   111.51097     -0.54024827      -1.0978386      0.19349882    
   112.07880     -0.53101748     -0.79224795      0.18854180    
   112.53306     -0.51659995     -0.57715094      0.19991884    
   113.06913     -0.48686022     -0.40878233      0.21019033    
   113.57185     -0.46623042     -0.35646746      0.22797669    
   114.08277     -0.44387075     -0.40514663      0.23810911    
   114.52990     -0.42139903     -0.52931625      0.23796619    
   115.07253     -0.39674890     -0.71333832      0.23419815    
   115.56587     -0.38943452     -0.91765690      0.23609515    
   116.03012     -0.38132757      -1.0598679      0.22695936    
   116.55170     -0.38072550      -1.1477582      0.21636179    
   117.09390     -0.37961411      -1.1239336      0.19975787    
   117.50079     -0.37817770      -1.0447003      0.18801807    
   118.06371     -0.37394941     -0.88525909      0.16657382    
   118.57147     -0.37256280     -0.72453761      0.14785773    
   119.09225     -0.35298479     -0.53576219      0.12031272    
   119.55916     -0.34081614     -0.38681114      0.10091899    
   120.00833     -0.32113367     -0.25983655      7.40237683E-02
   120.57141     -0.28794840     -0.14521059      4.50709462E-02
   121.02556     -0.26189908     -8.54171738E-02  3.86258028E-02
   121.59370     -0.23362236     -6.15340620E-02  5.34494631E-02
   122.04821     -0.21111329     -8.13729540E-02  7.68726617E-02
   122.50274     -0.19314551     -0.12559180      0.10181527    
   123.07092     -0.17622256     -0.19543031      0.13094665    
   123.52547     -0.17317864     -0.28527319      0.16251461    
   124.09369     -0.18363857     -0.32684416      0.18514000    
   124.54827     -0.20498268     -0.44870183      0.21141994    
   125.09406     -0.23603706     -0.57098287      0.23723038    
   125.55219     -0.26633790     -0.58853632      0.25357407    
   126.04717     -0.28942773     -0.64727008      0.27280432    
   126.60718     -0.30864459     -0.58965743      0.27969792    
   127.05280     -0.31360853     -0.54698980      0.28276512    
   127.50592     -0.31033927     -0.49491310      0.27683175    
   128.07426     -0.27650893     -0.32692441      0.22680649    
   128.52896     -0.24833566     -0.18309805      0.21377055    
   129.09735     -0.21349031     -3.40509079E-02  0.15377077    
   129.55208     -0.17836314     -3.62964906E-02  8.02923292E-02
   130.00681     -0.12713058     -0.17368196      2.82838885E-02
   130.57526     -8.69522393E-02 -0.59069335      9.26513150E-02
   131.03004     -8.46005082E-02 -0.47757798      8.63589346E-02
   131.59857     -0.10341661     -0.50548315      2.45298054E-02
   132.05341     -0.11340258     -0.49873447      8.06605723E-03
   132.50826     -0.12346251     -0.48726571      2.32250486E-02
   133.07692     -0.13200110     -0.46679491      7.32562244E-02
   133.53189     -0.14135011     -0.45346650      0.13765067    
   134.10069     -0.15438859     -0.42983815      0.19418962    
   134.55585     -0.15891077     -0.39330429      0.22895139    
   135.01115     -0.15953046     -0.34820125      0.25005606    
   135.58057     -0.15109165     -0.29077524      0.24962556    
   136.03642     -0.14422344     -0.24483897      0.23299317    
   136.60681     -0.13661431     -0.18730654      0.20126545    
   137.06377     -0.12605451     -0.14978434      0.17124124    
   137.52155     -0.11557604     -0.12752730      0.13860902    
   138.09309     -9.99836773E-02 -0.10770239      9.83098000E-02
   138.54726     -9.78152454E-02 -0.10605486      7.43853971E-02
   139.00862     -8.96570981E-02 -0.13096711      5.46094999E-02
   139.59102     -7.66922534E-02 -0.14839570      3.02717518E-02
   140.05928     -7.33700842E-02 -0.12052402      1.33191627E-02
   140.52754     -6.44067675E-02 -0.12950756     -2.71356246E-03
   141.11293     -5.08822203E-02 -0.13711706     -2.55739298E-02
   141.58136     -4.39392850E-02 -0.14757793     -4.72657792E-02
   142.04996     -3.95016298E-02 -0.16262278     -6.84007481E-02
   142.51881     -4.10041809E-02 -0.20511881     -7.96730593E-02
   143.10545     -5.06449640E-02 -0.24246585     -8.12641010E-02
   143.57541     -6.21223114E-02 -0.31125617     -7.10813552E-02
   144.04617     -7.77250156E-02 -0.37298363     -5.58657199E-02
   144.51489     -9.83034745E-02 -0.43181401     -4.25370634E-02
   145.09634     -0.12626711     -0.44599992     -3.00332103E-02
   145.55771     -0.15109082     -0.51269448     -2.43303180E-02
   146.00945     -0.17518324     -0.58170360     -2.21469756E-02
   146.58301     -0.20578063     -0.64074212     -1.66880637E-02
   147.03491     -0.22611451     -0.70020729     -1.72080807E-02
   147.60600     -0.23567307     -0.72099775     -3.05581987E-02
   148.06233     -0.25157329     -0.69590193     -4.64338623E-02
   148.50493     -0.26510960     -0.72335809     -7.55655617E-02
   149.04149     -0.27922729     -0.74154788     -0.10205914    
   149.53152     -0.28581452     -0.68620199     -0.11921350    
   150.08556     -0.27827328     -0.58990788     -0.14799111    
   150.55177     -0.26569676     -0.54381675     -0.17359640    
   151.01271     -0.26111299     -0.49568871     -0.19491230    
   151.57442     -0.24365681     -0.42471948     -0.20632608    
   152.05774     -0.23238494     -0.34900290     -0.20518866    
   152.57739     -0.21713322     -0.36820501     -0.19903718    
   153.00316     -0.21845224     -0.31530419     -0.19984902    
   153.51299     -0.20481357     -0.31749409     -0.18350759    
   154.01495     -0.19583802     -0.25608069     -0.17344825    
   154.58026     -0.17312345     -0.18141104     -0.15104988    
   155.03586     -0.15992704     -0.13615826     -0.13277173    
   155.60519     -0.14509957     -5.22367433E-02 -0.12399059    
   156.06055     -0.12741934      2.23908518E-02 -0.11530467    
   156.51578     -0.10439985      8.88002142E-02 -0.11458049    
   157.08470     -6.65083379E-02  0.14335223     -0.11854058    
   157.53973     -3.67984176E-02  0.17888558     -0.13306154    
   158.10846     -4.32880782E-03  0.19545381     -0.17020418    
   158.56342      2.08540056E-02  0.18640417     -0.21078452    
   159.01837      4.08387855E-02  0.15706988     -0.24230568    
   159.58714      5.38517907E-02  6.18309379E-02 -0.22667457    
   160.04225      5.65697476E-02 -3.78155080E-03 -0.19405185    
   160.61131      4.80986685E-02 -0.12865162     -0.16753422    
   161.06674      3.49074826E-02 -0.22905092     -0.14313568    
   161.52234      2.13660300E-02 -0.27615914     -0.12360460    
   162.09209      2.48521529E-02 -0.25364533     -0.17204359    
   162.54810      4.63809446E-02 -0.22447297     -0.28564233    
   163.00429      7.16550276E-02 -0.19431196     -0.38800517    
   163.57474      9.09619778E-02 -0.16123086     -0.45943183    
   164.03125      9.54100788E-02 -0.14464486     -0.47212538    
   164.60199      8.49223137E-02 -0.13681588     -0.43210241    
   165.05867      6.66577369E-02 -0.14878283     -0.35179442    
   165.51541      4.48347330E-02 -0.19568977     -0.23657569    
   166.08638      1.11057013E-02 -0.34026819     -9.44907740E-02
   166.54323     -2.13226322E-02 -0.50681955      1.89499653E-04
   167.00014     -5.81998676E-02 -0.65889621      6.57343194E-02
   167.57146     -9.76388156E-02 -0.75805229      0.12522404    
   168.02864     -0.12595977     -0.74813682      0.13339084    
   168.60037     -0.15315187     -0.68800724      0.10881040    
   169.05797     -0.16050944     -0.63594753      8.96536037E-02
   169.51572     -0.15902956     -0.57120872      5.35662211E-02
   170.08809     -0.13988265     -0.47809491     -3.89582999E-02
   170.54613     -0.11933617     -0.39958990     -0.12172841    
   171.00423     -9.15080607E-02 -0.32019490     -0.20832093    
   171.57689     -6.24630451E-02 -0.20918126     -0.28046381    
   172.03500     -4.18703035E-02 -0.12398819     -0.30036819    
   172.60757     -2.06661299E-02 -4.97969724E-02 -0.30238143    
   173.06560     -6.98921829E-03  1.53093636E-02 -0.30690718    
   173.52361      6.90092333E-03 -2.68281531E-03 -0.31358495    
   174.09618      2.51849871E-02  3.29945013E-02 -0.32354349    
   174.55434      4.12294902E-02 -3.67869716E-03 -0.33375609    
   175.01251      5.65978214E-02 -3.52563374E-02 -0.32584694    
   175.58504      7.82088488E-02  2.93706125E-03 -0.33967659    
   176.04291      9.79651213E-02  2.65388358E-02 -0.33219337    
   176.50061      0.11959381     -2.13459786E-02 -0.33679077    
   177.07251      0.15174037     -4.82008345E-02 -0.35121635    
   177.52980      0.18971527      2.16788501E-02 -0.39769542    
   178.10117      0.25165901     -0.17493498     -0.51886964    
   178.55803      0.30714080     -0.42011055     -0.63439107    
   179.01469      0.34742376     -0.67087913     -0.72415340    
   179.58530      0.35121980     -0.87907523     -0.76508015    
   180.04160      0.32898021     -0.90959090     -0.75133443    
   180.61182      0.29299060     -0.83338886     -0.67149508    
   181.06787      0.26584238     -0.74855208     -0.59336734    
   181.52380      0.25034517     -0.62426686     -0.54020244    
   182.09352      0.26108190     -0.59047908     -0.51115334    
   182.54913      0.29637593     -0.57972980     -0.49136820    
   183.00459      0.34473932     -0.61367440     -0.47449949    
   183.57365      0.42172778     -0.59750062     -0.45369625    
   184.02872      0.48037106     -0.67549771     -0.46174207    
   184.59737      0.54760063     -0.79512763     -0.49705386    
   185.05215      0.59069026     -0.79331487     -0.52084756    
   185.50690      0.62676281     -0.78653681     -0.55457753    
   186.07530      0.63817358     -0.58831984     -0.57581061    
   186.53006      0.63070202     -0.36965531     -0.58844709    
   187.09862      0.62919199     -0.17517506     -0.59551245    
   187.55354      0.64678931     -8.91901180E-02 -0.59002656    
   188.00813      0.66924673     -5.28889075E-02 -0.57254899    
   188.57570      0.69241160     -4.92874011E-02 -0.53233731    
   189.02924      0.70582068     -6.62842467E-02 -0.46634734    
   189.59560      0.72187918     -0.12871513     -0.33019471    
   190.04829      0.72727013     -0.17557171     -0.20225087    
   190.50072      0.72360158     -0.22468115     -6.58900216E-02
   191.06595      0.69335204     -0.29648462      0.10040249    
   191.51794      0.66040939     -0.35684568      0.24915579    
   192.08282      0.60493910     -0.43947816      0.42354131    
   192.53465      0.55026066     -0.52695888      0.56899852    
   193.09933      0.45738256     -0.69203418      0.73055750    
   193.55106      0.35727483     -0.89254791      0.74463779    
   194.00275      0.24579087      -1.1983627      0.68876272    
   194.55800      7.17556551E-02  -1.5496408      0.79558176    
   195.06509     -0.10208425      -1.8233681      0.87505317    
   195.51509     -0.22240341      -1.7038677      0.97387123    
   196.06335     -0.33386841      -2.0105753      0.77242047    
   196.57037     -0.42378628      -2.0278141      0.62881523    
   197.05713     -0.49987206      -2.3058345      0.48139668    
   197.52159     -0.55905300      -2.8260872      0.26664191    
   198.05736     -0.61296397      -3.7568631      5.74415252E-02
   198.53928     -0.64615071      -4.8235264     -2.31196061E-02
   199.06447     -0.67515826      -6.0519361     -3.59576158E-02
   199.52702     -0.70040017      -7.0808902     -2.05641109E-02
   200.06082     -0.72627825      -6.2813311     -4.92380895E-02
   200.52486     -0.73323226      -5.7125793     -4.56651114E-02
   201.00836     -0.73150456      -5.8589940     -5.21846004E-02
   201.53868     -0.72324419      -6.5140266     -3.75125743E-02
   202.06763     -0.72160310      -6.6363711     -4.94135097E-02
   202.57445     -0.71982753      -6.7663274     -5.00278287E-02
   203.02087     -0.71554720      -7.0699363     -2.62629036E-02
   203.58592     -0.71382278      -7.1885862     -2.38791239E-02
   204.05768     -0.71642154      -7.0087981     -6.09399602E-02
   204.53415     -0.71193784      -7.3160882     -1.78400073E-02
   205.02100     -0.71258938      -7.2718506     -8.06720629E-02
   205.58678     -0.70698363      -6.1263123     -0.15476316    
   206.10188     -0.66738570      -2.5996265     -0.22989687    
   206.53093     -0.61867285      -1.0542923     -0.42896149    
   207.07907     -0.54023778      0.31991348     -0.54851723    
   207.52036     -0.42767301      0.95025653     -0.53420180    
   208.05061     -0.22494607       1.3441051     -0.44853327    
   208.58556      4.21801619E-02   1.6289183     -0.40120652    
   209.05405      0.29463801       1.7553254     -0.29197583    
   209.53027      0.53854430       1.8415959      6.05398826E-02
   210.05080      0.74610144       1.8686743      0.36794791    
   210.50317      0.91439676       1.8282222      0.34706467    
   211.05940       1.0561237       1.7581196      0.35370418    
   211.53110       1.1180428       1.6490645      0.37589002    
   212.05405       1.1570170       1.5562930      0.42679915    
   212.57835       1.1916845       1.4364295      0.53851718    
   213.05884       1.2108172       1.2833042      0.70177484    
   213.58380       1.2130232       1.1052216      0.79661793    
   214.02679       1.1767495      0.98116785      0.80328459    
   214.55882       1.1024377      0.86072892      0.84504497    
   215.04926       1.0310140      0.77405494       1.0312237    
   215.50475      0.96377897      0.70732242       1.2023572    
   216.08000      0.89095002      0.63686949       1.2986034    
   216.56850      0.84258735      0.57103735       1.3176359    
   217.01120      0.80849576      0.51436418       1.3182658    
   217.59718      0.76041198      0.45888540       1.3277180    
   218.09695      0.70042723      0.44577357       1.3654556    
   218.51784      0.64219069      0.45500109       1.3931092    
   219.07486      0.56454337      0.42712307       1.4266609    
   219.52748      0.50089359      0.50214952       1.4018368    
   220.02795      0.41641986      0.54327303       1.3049326    
   220.56204      0.33625478      0.56921786       1.1525841    
   221.00104      0.27300927      0.58797401      0.98440313    
   221.54613      0.21195900      0.57620430      0.79834098    
   222.10612      0.17227678      0.53366351      0.72309464    
   222.56134      0.13862357      0.47990677      0.72940183    
   223.00381      0.10509986      0.42223313      0.77574492    
   223.57352      5.79099506E-02  0.32416573      0.91244483    
   224.02953      1.91733278E-02  0.18534485       1.0475463    
   224.58531     -3.33104543E-02 -3.95368636E-02   1.0741136    
   225.04138     -9.68152434E-02 -0.16417903       1.0070765    
   225.61139     -0.18303378     -0.98283339      0.78153646    
   226.05313     -0.20888300      0.76769453      0.52826190    
   226.56982     -0.17657053      0.68129337      0.35282743    
   227.09438     -9.46183279E-02  0.63788337      0.21275376    
   227.51521     -1.07687628E-02  0.66864496      0.11285907    
   228.08539      9.51917917E-02  0.77846760      2.89718099E-02
   228.51570      0.16390768      0.81700158     -4.84629069E-03
   229.01878      0.23248562      0.75153190     -2.42862348E-02
   229.58723      0.28379393      0.51398355     -5.33332042E-02
   230.03476      0.28506398      0.39589188     -0.11267286    
   230.60602      0.27355355      0.24205163     -0.11471928    
   231.05811      0.26175153      6.93882704E-02 -6.83558285E-02
   231.50717      0.24619365     -0.12561207      2.10166685E-02
   232.01602      0.22603931     -0.30253550      9.90383327E-02
   232.58264      0.21416827     -0.35366666      2.97921617E-03
   233.03319      0.23827644     -0.35590857     -0.16395316    
   233.52217      0.28522953     -0.40333572     -0.25900668    
   234.09470      0.32965392     -0.46391645     -0.25291973    
   234.55185      0.34934062     -0.45212734     -0.35303298    
   235.00992      0.36459807     -0.38113204     -0.54158664    
   235.57393      0.38318217     -0.22617395     -0.66255897    
   236.04901      0.37714562     -1.51656270E-02 -0.52015144    
   236.50539      0.36199111      0.24065572     -0.25049335    
   237.00331      0.38082474      0.59849900     -0.30657262    
   237.59187      0.51886702       1.0724800     -0.46863842    
   238.07948      0.70193624       1.3956686     -0.69121677    
   238.59378      0.95790011       1.6829950     -0.90231365    
   239.05177       1.3883256       2.0028658      -1.4921786    
   239.59361       2.7603378       2.6281338      -3.3614435    
   240.00069       3.8144648       2.9880843      -4.2893467    
   240.54062       4.3568249       3.0768857      -3.8985803    
   241.00764       4.7086344       3.2492535      -3.0279257    
   241.54401       5.2394524       3.3950160      -1.9051089    
   242.03525       5.6326647       3.4533534      -1.0490907    
   242.53752       5.7940898       3.1000342     -0.69650090    
   243.04701       5.9439387       2.0177395     -0.72727621    
   243.51421       6.2770801      0.70613569     -0.77158225    
   244.01746       6.2563858     -0.22120450     -0.82871145    
   244.54987       5.5679197     -0.38799635     -0.75889671    
   245.07614       4.7724223     -0.43598878     -0.67758262    
   245.53996       4.1807690     -0.44968587     -0.61604810    
   246.05464       3.7058215     -0.51805377     -0.42680746    
   246.52803       3.4438195     -0.66205716     -0.12788638    
   247.05533       3.2903721     -0.99972099      0.31057826    
   247.57243       3.1591370      -1.3562437      0.67492247    
   248.05302       2.9751165      -1.6953597      0.80053377    
   248.55647       2.7197304      -2.0821471      0.76381332    
   249.09454       2.3994617      -2.4722481      0.65489209    
   249.55356       2.1022525      -2.7694387      0.56677556    
   250.01265       1.7817930      -3.0456979      0.47563815    
