   0.0000000e+00   3.2006500e-02   3.3098400e-05   1.6210400e-09   3.2006500e-02   3.4463700e-05   1.6210400e-09   1.1352500e-11   1.1352500e-11   1.1352500e-11
   2.0000000e-01   7.3606100e-02   3.7107700e-05   1.7347000e-09   7.3605400e-02   7.4421000e-05   1.7347000e-09   1.2053300e-11   1.2053300e-11   1.2053300e-11
   4.0000000e-01   1.5818500e-01   4.6627900e-05   1.9075000e-09   1.5818100e-01   1.6466000e-04   1.9074900e-09   1.3072300e-11   1.3072300e-11   1.3072300e-11
   6.0000000e-01   2.8588600e-01   7.2853600e-05   2.1255000e-09   2.8587400e-01   3.5529300e-04   2.1254400e-09   1.4303700e-11   1.4303700e-11   1.4303700e-11
   8.0000000e-01   3.7234100e-01   1.3860100e-04   2.4210600e-09   3.7230600e-01   8.1138300e-04   2.4219900e-09   1.5923100e-11   1.5923100e-11   1.5923100e-11
   1.0000000e+00   2.8360400e-01   2.9417900e-04   2.7948100e-09   2.8351700e-01   1.8519500e-03   2.7959400e-09   1.7901000e-11   1.7901000e-11   1.7901000e-11
   1.2000000e+00   1.6995400e-01   6.7309900e-04   3.2661100e-09   1.6977600e-01   4.2053900e-03   3.2598900e-09   2.0277700e-11   2.0277700e-11   2.0277700e-11
   1.4000000e+00   1.0329600e-01   1.5262900e-03   3.7597400e-09   1.0295600e-01   9.1113000e-03   3.7951400e-09   2.2937500e-11   2.2937500e-11   2.2937500e-11
   1.6000000e+00   6.2699500e-02   3.7546300e-03   4.1185100e-09   6.2041100e-02   2.0840900e-02   4.4841700e-09   2.6261600e-11   2.6261600e-11   2.6261600e-11
   1.8000000e+00   3.7942700e-02   1.0109200e-02   4.1808100e-09   3.6701700e-02   4.9096100e-02   5.3284900e-09   3.0211700e-11   3.0211700e-11   3.0211600e-11
   2.0000000e+00   2.2969500e-02   3.5399900e-02   4.1334300e-09   2.0811900e-02   1.1489700e-01   6.3001100e-09   3.4620400e-11   3.4620400e-11   3.4620300e-11
   2.2000000e+00   1.4525800e-02   2.9511500e-01   3.9278500e-09   1.0917100e-02   2.7644200e-01   7.5519400e-09   4.0127600e-11   4.0127600e-11   4.0127500e-11
   2.4000000e+00   1.2569900e-02   3.3869000e-01   3.5839100e-09   7.0795700e-03   3.8252000e-01   9.0628200e-09   4.6569300e-11   4.6569300e-11   4.6569200e-11
   2.6000000e+00   1.5166100e-02   2.8788200e-01   3.2373900e-09   7.7980800e-03   2.9967600e-01   1.0755700e-08   5.3574900e-11   5.3574900e-11   5.3574700e-11
   2.8000000e+00   2.0339200e-02   2.3230600e-01   3.0110600e-09   1.1464500e-02   2.1112700e-01   1.2939200e-08   6.2344300e-11   6.2344200e-11   6.2345000e-11
   3.0000000e+00   2.4963500e-02   1.8457300e-01   3.1019700e-09   1.5907300e-02   1.5329500e-01   1.5614500e-08   7.2758200e-11   7.2758100e-11   7.2764400e-11
   3.2000000e+00   2.7090000e-02   1.4304000e-01   3.3034800e-09   1.9449700e-02   1.1605300e-01   1.8763700e-08   8.4640100e-11   8.4640100e-11   8.4647300e-11
   3.4000000e+00   2.6456900e-02   1.0854500e-01   3.5532900e-09   2.1330600e-02   9.1490200e-02   2.2638400e-08   9.8809500e-11   9.8809400e-11   9.8804400e-11
   3.6000000e+00   2.5040100e-02   7.9852900e-02   3.8626700e-09   2.1927500e-02   7.5601200e-02   2.7296300e-08   1.1512200e-10   1.1512200e-10   1.1555600e-10
   3.8000000e+00   2.5901300e-02   5.7538700e-02   4.3160600e-09   2.2743600e-02   6.5083300e-02   3.3498100e-08   1.3499000e-10   1.3499000e-10   1.3791300e-10
   4.0000000e+00   2.4761800e-02   3.8208400e-02   4.8932000e-09   2.2952800e-02   5.7516900e-02   4.1675400e-08   1.5801600e-10   1.5801600e-10   1.6653700e-10
   4.2000000e+00   2.2522900e-02   3.7588600e-02   5.5520000e-09   2.2480900e-02   4.9904800e-02   5.2765100e-08   1.8473200e-10   1.8473100e-10   2.0317900e-10
   4.4000000e+00   2.2606600e-02   5.0989500e-02   6.3148600e-09   2.2764700e-02   4.0278000e-02   6.8270900e-08   2.1618200e-10   2.1618100e-10   2.5117400e-10
   4.6000000e+00   2.2511400e-02   4.0879500e-02   7.1570800e-09   2.3807700e-02   2.8889300e-02   1.8400700e-07   2.5346800e-10   2.5346700e-10   3.1511800e-10
   4.8000000e+00   1.9385300e-02   2.9777000e-02   9.1460300e-09   2.4064200e-02   1.6700300e-02   1.8127500e-01   2.9951700e-10   2.9951600e-10   4.0485200e-10
   5.0000000e+00   1.5534700e-02   2.3781600e-02   4.7398500e-08   2.3736000e-02   6.9509400e-03   1.7403900e-01   3.4981900e-10   3.4981800e-10   5.1666500e-10
   5.2000000e+00   1.2356100e-02   1.4512900e-02   9.4599000e-06   2.3041100e-02   1.4118700e-03   1.5817800e-01   4.1496600e-10   4.1496500e-10   6.8337100e-10
   5.4000000e+00   1.0715600e-02   9.4108600e-03   2.2785500e-01   2.1681900e-02   1.5967900e-03   1.4611200e-01   4.8618500e-10   4.8618400e-10   8.9504900e-10
   5.6000000e+00   9.6217200e-03   4.8767600e-03   1.3639600e-01   1.9090800e-02   7.1472600e-03   1.3382400e-01   5.7349100e-10   5.7348900e-10   1.1986700e-09
   5.8000000e+00   7.5923000e-03   1.6609800e-03   9.5059900e-02   1.5367300e-02   1.6647600e-02   1.2279800e-01   6.8146000e-10   6.8145800e-10   1.6449100e-09
   6.0000000e+00   6.4361000e-03  -1.4603700e-03   6.8927900e-02   1.1736500e-02   2.5783400e-02   1.1451400e-01   8.0675500e-10   7.9869600e-10   2.2508300e-09
   6.2000000e+00   7.0606500e-03  -3.7191400e-03   5.6008800e-02   9.3117100e-03   2.9114200e-02   1.2573200e-01   9.4831500e-10   4.2655900e-05   3.2045900e-03
   6.4000000e+00   8.4836800e-03  -6.5273800e-03   4.7128600e-02   8.3979700e-03   2.2759100e-02   1.2945900e-01   1.1199500e-09   1.5714100e-01   1.4327200e-01
   6.6000000e+00   1.0113100e-02  -1.6094500e-02   4.2724000e-02   8.9128200e-03   1.4594600e-02   1.2187100e-01   3.6883300e-08   1.4243700e-01   1.3226900e-01
   6.8000000e+00   1.3348100e-02  -2.9846300e-02   4.3831700e-02   9.9591100e-03   1.7751600e-02   1.1201500e-01   1.8630800e-01   1.3156700e-01   1.2071800e-01
   7.0000000e+00   1.8530800e-02  -3.8131500e-02   4.5529200e-02   1.1198000e-02   2.7922700e-02   1.0082900e-01   1.9909400e-01   1.2284000e-01   1.0990900e-01
   7.2000000e+00   2.4177500e-02  -4.3454000e-02   4.4295700e-02   1.2783900e-02   2.0030000e-02   8.8897200e-02   1.7147200e-01   1.1450600e-01   9.9972400e-02
   7.4000000e+00   2.6437500e-02  -4.7254100e-02   4.2613400e-02   1.5461200e-02   1.5807000e-02   7.8248500e-02   1.4798800e-01   1.0649500e-01   9.1099100e-02
   7.6000000e+00   2.3649900e-02  -5.0006300e-02   4.0350600e-02   2.1850100e-02   1.5117500e-02   6.9187000e-02   1.3790100e-01   9.9267100e-02   8.3499600e-02
   7.8000000e+00   1.7473100e-02  -5.2296100e-02   3.9534200e-02   2.7965700e-02   2.2979600e-03   6.0217800e-02   1.3183800e-01   9.1933400e-02   7.6667600e-02
   8.0000000e+00   1.2345400e-02  -5.4093300e-02   4.1373400e-02   2.6432600e-02  -1.0290800e-02   5.1813000e-02   1.2910800e-01   8.6020400e-02   7.0777000e-02
   8.2000000e+00   1.1381200e-02  -5.4951100e-02   4.5429400e-02   2.4931900e-02  -1.7468300e-02   4.5041900e-02   1.2489600e-01   8.0760000e-02   6.6894200e-02
   8.4000000e+00   1.5867000e-02  -3.6346300e-02   4.5012900e-02   2.7089600e-02  -2.5635400e-02   3.8570200e-02   1.2018800e-01   7.5776200e-02   6.3873400e-02
   8.6000000e+00   2.3167500e-02  -1.5165600e-02   4.0297600e-02   2.6777800e-02  -2.7164800e-02   3.2091700e-02   1.1223000e-01   7.0830800e-02   6.1873800e-02
   8.8000000e+00   2.9978500e-02  -1.9881900e-02   3.5278300e-02   2.3686500e-02  -2.2353700e-02   2.5603500e-02   1.0762700e-01   6.5808600e-02   6.0938700e-02
   9.0000000e+00   2.3916000e-02  -3.0342300e-02   3.3199100e-02   2.2613700e-02  -1.3952700e-02   2.1249800e-02   1.0480700e-01   6.1782200e-02   6.2748800e-02
   9.2000000e+00   5.4712200e-03  -3.4413700e-02   3.4134900e-02   2.2647800e-02  -5.7260300e-03   1.8033200e-02   9.9833300e-02   5.9075400e-02   7.3871900e-02
   9.4000000e+00  -8.2709800e-04  -2.8796100e-02   3.5272200e-02   2.0188600e-02  -5.0006400e-03   1.4736200e-02   9.6987100e-02   5.8391900e-02   8.0954600e-02
   9.6000000e+00   4.1894500e-03  -1.1410100e-02   3.2389300e-02   1.2333400e-02  -8.0139700e-03   1.0637500e-02   9.4986900e-02   6.8399800e-02   8.2160600e-02
   9.8000000e+00  -1.4683000e-03   2.2112900e-03   2.6982100e-02   1.8594600e-03  -7.0745700e-03   6.7243000e-03   9.3713900e-02   7.5343000e-02   7.7839800e-02
   1.0000000e+01  -1.5278500e-02   2.6840100e-03   2.1443200e-02  -7.5686600e-03  -2.5795900e-03   3.4613600e-03   9.2444100e-02   7.7088200e-02   7.5330700e-02
   1.0200000e+01  -1.9924600e-02  -4.5247000e-04   1.7674400e-02  -1.1033400e-02   9.8916800e-04   1.5747700e-03   9.1824300e-02   7.3288800e-02   7.3686300e-02
   1.0400000e+01  -1.4522700e-02   2.6918300e-03   1.4700500e-02  -1.0282600e-02   2.9059700e-03  -1.2527000e-04   9.2560900e-02   7.1832100e-02   7.1415800e-02
   1.0600000e+01  -6.3990700e-03   1.3532300e-02   1.3432200e-02  -5.2765300e-03   4.9864600e-03  -2.9811100e-03   9.1729100e-02   7.0083700e-02   6.7284900e-02
   1.0800000e+01  -3.1155500e-03   2.3176500e-02   1.4969200e-02  -1.9452300e-03   9.5728800e-03  -5.6127400e-03   9.1254200e-02   6.8727500e-02   6.3229800e-02
   1.1000000e+01   3.1085500e-03   2.4139300e-02   1.9919400e-02  -4.9622500e-03   1.4539400e-02  -7.7623500e-03   9.2281600e-02   6.6718400e-02   5.9183500e-02
   1.1200000e+01   1.3359900e-02   2.5090300e-02   2.0693400e-02   1.3728400e-03   1.6703200e-02  -8.5865800e-03   9.0258500e-02   6.3698100e-02   5.5463000e-02
   1.1400000e+01   2.2379300e-02   3.2097700e-02   1.8164100e-02   2.0557700e-02   1.8475000e-02  -9.1470100e-03   8.7571700e-02   6.2273500e-02   6.1450700e-02
   1.1600000e+01   2.8339500e-02   4.3283900e-02   1.6269200e-02   2.9006700e-02   1.6326500e-02  -1.0851700e-02   8.5381900e-02   6.0163900e-02   7.4110600e-02
   1.1800000e+01   3.1522500e-02   4.2845100e-02   1.4388300e-02   1.2869300e-02   5.5318600e-03  -1.2992200e-02   8.5265100e-02   5.7130900e-02   7.0232100e-02
   1.2000000e+01   3.1274700e-02   4.0939100e-02   1.3674700e-02   4.5346900e-03  -4.2190200e-03  -1.4658200e-02   8.5206700e-02   5.5454400e-02   6.6660900e-02
   1.2200000e+01   2.6877600e-02   3.5011100e-02   1.2807700e-02   9.9343000e-03  -5.4124000e-03  -1.6140300e-02   8.4562600e-02   5.4331100e-02   6.3440300e-02
   1.2400000e+01   1.9650700e-02   2.5818700e-02   1.3166000e-02   1.5695800e-02   3.2662200e-04  -1.6894900e-02   8.3755300e-02   5.2949600e-02   6.0178800e-02
   1.2600000e+01   1.8067800e-02   1.7536500e-02   1.2856500e-02   1.7960700e-02   2.5413900e-03  -1.6721900e-02   8.3806100e-02   5.0759300e-02   5.7168400e-02
   1.2800000e+01   2.4203300e-02   1.2499500e-02   1.2774200e-02   2.6314000e-02  -9.6416400e-04  -1.7027700e-02   8.4154400e-02   4.9517000e-02   5.5193000e-02
   1.3000000e+01   3.3655600e-02   9.4492600e-03   1.3641000e-02   3.6435600e-02   1.5173300e-03  -1.8447800e-02   8.5393400e-02   4.8772700e-02   5.3284200e-02
   1.3200000e+01   3.7404400e-02   7.6486000e-03   1.6001100e-02   4.0415600e-02   1.5401000e-02  -2.0196700e-02   8.7001400e-02   4.7629000e-02   5.0864100e-02
   1.3400000e+01   3.6281300e-02   7.8640300e-03   1.8077300e-02   4.1780300e-02   2.7222300e-02  -2.1215400e-02   8.8483600e-02   4.7010900e-02   4.8814100e-02
   1.3600000e+01   3.2305100e-02   1.7085400e-02   2.0579900e-02   3.8804200e-02   3.3582700e-02  -2.0730300e-02   8.9722400e-02   5.3223600e-02   4.7997300e-02
   1.3800000e+01   2.4407300e-02   4.2643100e-02   2.0844700e-02   2.9397600e-02   3.8435400e-02  -1.4543400e-02   9.0321800e-02   6.8719200e-02   4.6854500e-02
   1.4000000e+01   1.9236800e-02   5.2169800e-02   2.0765100e-02   2.2853400e-02   3.9812800e-02  -1.3945300e-02   9.0804400e-02   7.0447000e-02   4.4527000e-02
   1.4200000e+01   2.0546500e-02   5.1127500e-02   2.0588000e-02   2.1211600e-02   3.4751700e-02  -1.6189600e-02   9.1162500e-02   7.0541400e-02   4.4253500e-02
   1.4400000e+01   2.4959300e-02   4.7440000e-02   1.9797500e-02   2.0135700e-02   2.6698800e-02  -1.7530100e-02   9.0918900e-02   6.9015200e-02   4.9510900e-02
   1.4600000e+01   3.2992300e-02   3.9029400e-02   1.8173500e-02   2.3981800e-02   2.0378600e-02  -1.6283200e-02   9.0319500e-02   6.9131100e-02   5.7542600e-02
   1.4800000e+01   4.2159100e-02   3.0201700e-02   1.6623600e-02   3.0178800e-02   2.0137200e-02  -7.5950400e-03   8.9225600e-02   6.8964100e-02   5.8330100e-02
   1.5000000e+01   4.4415800e-02   2.1471900e-02   1.5733100e-02   3.2153500e-02   2.3461200e-02   4.8836000e-03   8.7841200e-02   6.9094900e-02   5.7365600e-02
   1.5200000e+01   3.9604100e-02   1.5024900e-02   1.6139200e-02   2.6786500e-02   2.4630100e-02   6.1874800e-02   8.6532100e-02   6.9950300e-02   5.6347900e-02
   1.5400000e+01   3.7569100e-02   1.3126300e-02   1.7946000e-02   2.1214200e-02   2.8772900e-02   5.1273700e-02   8.5391100e-02   7.0203700e-02   5.5583700e-02
   1.5600000e+01   3.6757500e-02   2.4707500e-02   1.8338200e-02   1.7338000e-02   3.5169000e-02   4.8248500e-02   8.4462600e-02   7.2259500e-02   5.5425000e-02
   1.5800000e+01   3.4164000e-02   4.5443200e-02   1.8660300e-02   1.4851200e-02   3.3173400e-02   6.8605400e-02   8.3655300e-02   7.9568000e-02   5.4814900e-02
   1.6000000e+01   3.3235600e-02   4.3159300e-02   1.9899100e-02   1.7035100e-02   2.3328600e-02   7.0227500e-02   8.2822000e-02   7.8790500e-02   5.4708500e-02
   1.6200000e+01   3.4734200e-02   3.3958500e-02   1.8141800e-02   2.4462300e-02   1.5566900e-02   6.4402600e-02   8.2177500e-02   7.7450000e-02   5.4228300e-02
   1.6400000e+01   3.4611500e-02   2.3235800e-02   1.4130400e-02   3.1910300e-02   1.3799500e-02   6.1608600e-02   8.1885100e-02   7.5754500e-02   5.3831100e-02
   1.6600000e+01   3.0889800e-02   1.4414300e-02   1.3674000e-02   3.3249200e-02   1.2560000e-02   5.8921700e-02   8.1729000e-02   7.4752000e-02   5.3386300e-02
   1.6800000e+01   2.5438900e-02   6.2437900e-03   1.5943700e-02   2.9579000e-02   1.3630100e-02   5.6976900e-02   8.1685700e-02   7.5763400e-02   5.3138400e-02
   1.7000000e+01   2.0488300e-02   2.0212000e-03   1.7393800e-02   2.7885500e-02   1.9739600e-02   5.5618900e-02   8.1705400e-02   7.8847500e-02   5.2963300e-02
   1.7200000e+01   1.4529500e-02   1.5357600e-03   2.0242900e-02   2.9297600e-02   2.7030600e-02   5.4563100e-02   8.1770200e-02   8.0847700e-02   5.2854700e-02
   1.7400000e+01   1.2716700e-02   8.0425000e-03   2.3733800e-02   2.8844700e-02   2.8473500e-02   5.4506000e-02   8.1591700e-02   8.1332700e-02   5.2520200e-02
   1.7600000e+01   1.4562000e-02   2.6688700e-02   2.7161000e-02   2.4706800e-02   2.5197500e-02   6.3530700e-02   8.1387400e-02   8.1531400e-02   5.2195000e-02
   1.7800000e+01   1.2446500e-02   4.3339900e-02   3.1140700e-02   1.9252400e-02   1.9499900e-02   7.1079000e-02   8.1458500e-02   8.1431000e-02   4.8836400e-02
   1.8000000e+01   1.9348700e-03   4.0876800e-02   3.4423200e-02   1.4929600e-02   1.3991800e-02   6.9897400e-02   8.1488600e-02   8.0917100e-02   4.2456000e-02
   1.8200000e+01  -6.9680300e-03   3.4768200e-02   3.6667300e-02   1.0782000e-02   1.4801800e-02   6.7437600e-02   8.1681100e-02   8.0367400e-02   3.8281600e-02
   1.8400000e+01  -8.6369900e-03   2.5485200e-02   3.8235400e-02   7.0453800e-03   2.1475600e-02   6.6171800e-02   8.2036000e-02   7.9965100e-02   3.3814900e-02
   1.8600000e+01  -5.7422000e-03   1.5555300e-02   4.7533700e-02   7.9275700e-03   2.8271700e-02   6.5560800e-02   8.2242300e-02   7.9776900e-02   2.9738600e-02
   1.8800000e+01  -3.1144200e-03   9.7082200e-03   1.3404800e-01   1.3317600e-02   3.2544600e-02   6.5826200e-02   8.2031800e-02   7.8465800e-02   2.7312500e-02
   1.9000000e+01  -3.3823800e-04   9.6371500e-03   1.6491500e-01   1.2669300e-02   3.4926200e-02   6.5802200e-02   8.1065200e-02   7.0120800e-02   2.9680200e-02
   1.9200000e+01   9.0333200e-04   2.3654200e-02   1.5463100e-01   3.6725400e-03   3.2988800e-02   6.6461000e-02   7.9848600e-02   6.3497900e-02   3.1728700e-02
   1.9400000e+01  -4.3013500e-04   3.4885900e-02   1.4227700e-01   3.4619500e-03   2.6636200e-02   6.6617800e-02   7.8216300e-02   5.9699200e-02   3.2579900e-02
   1.9600000e+01  -1.2644400e-03   2.9983500e-02   1.3309500e-01   9.0678000e-03   2.1652100e-02   6.6458300e-02   7.6768400e-02   5.4983700e-02   3.1024400e-02
   1.9800000e+01   1.2134600e-03   2.0634500e-02   1.2345600e-01   3.2138200e-03   1.9468100e-02   6.6404400e-02   7.4671100e-02   4.9477400e-02   2.8722000e-02
   2.0000000e+01   6.2767300e-03   1.0198800e-02   1.1647600e-01  -2.8164300e-03   1.8631700e-02   6.6079500e-02   6.6228900e-02   4.4705800e-02   2.6018000e-02
   2.0200000e+01   1.3777600e-02  -2.2887800e-03   1.1112900e-01   4.2682000e-03   1.7866300e-02   6.4612500e-02   5.8258100e-02   3.9975100e-02   2.3502000e-02
   2.0400000e+01   2.0857300e-02  -1.2459300e-02   1.0861500e-01   1.0436000e-02   1.7727600e-02   6.3966700e-02   5.3114300e-02   3.5794700e-02   2.1342700e-02
   2.0600000e+01   2.5276900e-02  -2.0552300e-02   1.0841000e-01   6.1656800e-03   1.6993900e-02   7.3027000e-02   4.7374200e-02   3.1661700e-02   1.8476200e-02
   2.0800000e+01   2.4868300e-02  -2.3260200e-02   1.1019900e-01   4.8520200e-03   1.5554100e-02   8.7159700e-02   4.3721400e-02   2.8433800e-02   1.6358600e-02
   2.1000000e+01   2.1767000e-02  -2.1267600e-02   1.0916100e-01   9.1552500e-03   1.6712900e-02   8.3119600e-02   3.8177300e-02   2.5404600e-02   2.0127000e-02
   2.1200000e+01   1.7871900e-02  -1.3477900e-02   1.1010200e-01   1.0851100e-02   2.1159900e-02   7.6680500e-02   3.4306100e-02   2.2982900e-02   2.7425800e-02
   2.1400000e+01   1.2095000e-02  -2.6389100e-03   1.1822400e-01   1.4071500e-02   2.8335600e-02   7.2852700e-02   2.9930200e-02   2.0487800e-02   2.5518500e-02
   2.1600000e+01   7.0751300e-03   1.3698100e-03   1.1916000e-01   1.7759600e-02   3.6887800e-02   6.9842000e-02   2.6172800e-02   1.8632300e-02   2.1953000e-02
   2.1800000e+01   5.8849300e-03   3.8678600e-03   1.1523900e-01   1.6265600e-02   4.1151000e-02   9.1316200e-02   2.2323900e-02   1.6998300e-02   1.8734000e-02
   2.2000000e+01   6.4808000e-03   1.2232500e-02   1.1407600e-01   1.2682500e-02   3.2320700e-02   9.3706400e-02   1.8930500e-02   1.5812200e-02   1.7270900e-02
   2.2200000e+01   5.2147000e-03   2.0849000e-02   1.1295300e-01   1.1954700e-02   1.6147000e-02   8.5463000e-02   1.5198700e-02   1.4767700e-02   1.5606400e-02
   2.2400000e+01   3.7471700e-03   2.0069500e-02   1.1131100e-01   1.3137800e-02   1.1757600e-02   8.2597400e-02   1.1758300e-02   1.3954100e-02   1.2616100e-02
   2.2600000e+01   4.9285200e-03   1.8039800e-02   1.0810600e-01   1.4573000e-02   2.5185700e-02   8.4142600e-02   8.1195200e-03   1.2983200e-02   1.0165900e-02
   2.2800000e+01   6.2946900e-03   1.8183800e-02   1.0425900e-01   1.4890600e-02   3.6274800e-02   8.9713600e-02   5.1277000e-03   1.1900000e-02   8.6122500e-03
   2.3000000e+01   4.9113200e-03   2.0561000e-02   9.8112900e-02   1.5106100e-02   3.0593900e-02   8.0744500e-02   2.7834100e-03   1.0721700e-02   6.9964600e-03
   2.3200000e+01   4.4967700e-03   2.4440900e-02   9.0286500e-02   1.8539500e-02   4.0543700e-02   7.1472700e-02   6.2636100e-04   9.6550500e-03   5.6112700e-03
   2.3400000e+01   7.3817200e-03   2.9080700e-02   8.3947600e-02   2.2495100e-02   5.8983100e-02   6.5626100e-02  -1.0890900e-03   8.7118200e-03   4.2184400e-03
   2.3600000e+01   1.2781300e-02   3.3221800e-02   7.7550000e-02   2.4140400e-02   5.2808400e-02   6.3019700e-02  -2.7547300e-03   7.7015800e-03   3.1060800e-03
   2.3800000e+01   1.9156600e-02   4.2981000e-02   7.1764600e-02   2.4007800e-02   4.0712100e-02   6.1856600e-02  -4.2332300e-03   6.7091600e-03   1.9886100e-03
   2.4000000e+01   2.6954500e-02   5.3657700e-02   6.7280400e-02   2.3523000e-02   4.7833100e-02   6.0639000e-02  -5.5493800e-03   5.7264500e-03   1.6285800e-03
   2.4200000e+01   3.4546900e-02   4.9698400e-02   6.3955200e-02   2.0783800e-02   5.5712400e-02   6.2863000e-02  -6.7941600e-03   4.7571400e-03   2.2780800e-02
   2.4400000e+01   3.9795200e-02   4.3849100e-02   6.0349500e-02   1.9332900e-02   4.6929200e-02   6.5321500e-02  -8.6556800e-03   3.7789600e-03   2.7258500e-02
   2.4600000e+01   4.4300000e-02   6.0907100e-02   5.5996200e-02   2.3821400e-02   3.7458700e-02   6.0633800e-02  -1.0609300e-02   2.7968300e-03   2.3683700e-02
   2.4800000e+01   4.9736700e-02   7.1566500e-02   5.1556000e-02   3.0972200e-02   3.5287600e-02   5.6152400e-02   3.6381500e-03   1.8328700e-03   2.1221000e-02
   2.5000000e+01   5.2805100e-02   7.0281000e-02   4.7860000e-02   3.3010100e-02   2.7585500e-02   5.3618900e-02   1.7832300e-02   8.5045000e-04   1.9388700e-02
   2.5200000e+01   4.9603900e-02   6.6180400e-02   4.4527000e-02   3.4450600e-02   2.1418500e-02   5.0357000e-02   1.8928700e-02  -2.2582400e-04   2.2858600e-02
   2.5400000e+01   4.2791100e-02   5.5571500e-02   4.1272100e-02   4.5993600e-02   2.4107700e-02   4.6856100e-02   2.7225900e-02  -1.2727000e-03   2.3878100e-02
   2.5600000e+01   3.7568000e-02   4.5237300e-02   3.8132200e-02   5.7799700e-02   2.3732400e-02   4.3591900e-02   3.2693500e-02  -2.0015400e-03   2.6137500e-02
   2.5800000e+01   3.6723100e-02   4.2878300e-02   3.5652500e-02   5.3640700e-02   2.5094900e-02   4.0319000e-02   3.1630500e-02   1.5911100e-03   6.3549000e-02
   2.6000000e+01   4.0838800e-02   5.2294600e-02   3.3975000e-02   4.7146600e-02   3.1997500e-02   3.7068400e-02   3.4324600e-02   3.6803500e-02   5.5643700e-02
   2.6200000e+01   4.8171300e-02   6.2077300e-02   3.2127800e-02   5.1748200e-02   3.4766800e-02   3.4424500e-02   3.6674500e-02   3.7555200e-02   4.6528600e-02
   2.6400000e+01   5.3782000e-02   5.8857200e-02   2.8580500e-02   6.1413100e-02   3.3086100e-02   3.2483100e-02   3.8104300e-02   3.9033400e-02   4.4053200e-02
   2.6600000e+01   5.6147400e-02   5.2110300e-02   2.4288400e-02   6.4791900e-02   3.0347500e-02   3.1487600e-02   3.8978300e-02   4.2740800e-02   5.7285600e-02
   2.6800000e+01   5.6368700e-02   4.8093900e-02   2.0019600e-02   6.1357200e-02   3.0380900e-02   3.1328100e-02   3.7299000e-02   4.5401400e-02   6.3973000e-02
   2.7000000e+01   5.0835300e-02   4.6355500e-02   1.6506900e-02   5.1503800e-02   3.4415600e-02   3.1200200e-02   3.6798400e-02   4.7153800e-02   5.6437500e-02
   2.7200000e+01   4.5874700e-02   4.5440400e-02   1.4247400e-02   3.7910000e-02   3.4956000e-02   2.9419100e-02   3.6599400e-02   4.6370600e-02   5.0253100e-02
   2.7400000e+01   5.0780200e-02   4.0132100e-02   1.3108200e-02   2.8381200e-02   3.1317800e-02   2.6669200e-02   3.6035200e-02   4.5555500e-02   4.4710300e-02
   2.7600000e+01   5.8605400e-02   3.1177300e-02   1.2230800e-02   3.2059500e-02   3.0208400e-02   2.3700100e-02   3.5616100e-02   4.4432800e-02   4.1282200e-02
   2.7800000e+01   5.6095800e-02   2.1538700e-02   1.1472900e-02   3.9491800e-02   2.9844500e-02   2.0862700e-02   3.5034300e-02   4.5333000e-02   4.0929800e-02
   2.8000000e+01   4.7179500e-02   1.5857900e-02   1.1170100e-02   3.5559000e-02   2.6238000e-02   1.8225000e-02   3.4393200e-02   4.8287800e-02   4.3267400e-02
   2.8200000e+01   4.0714100e-02   1.5349400e-02   1.1761600e-02   3.2590700e-02   2.3588500e-02   1.5624800e-02   3.3417100e-02   4.8140300e-02   4.4824800e-02
   2.8400000e+01   3.8194800e-02   1.7130200e-02   1.2479500e-02   3.7515800e-02   2.2790200e-02   1.3068400e-02   3.3974000e-02   4.5789000e-02   4.4234600e-02
   2.8600000e+01   4.1951100e-02   1.7739300e-02   1.2243700e-02   3.7731800e-02   1.8932100e-02   1.0381600e-02   3.8369800e-02   4.3629700e-02   4.7516600e-02
   2.8800000e+01   4.7851400e-02   1.7737600e-02   1.1026000e-02   2.9017000e-02   1.3619900e-02   8.0645700e-03   3.9003700e-02   4.1944700e-02   4.8044000e-02
   2.9000000e+01   3.4957900e-02   2.1008200e-02   9.5982500e-03   2.6469600e-02   1.4333000e-02   5.8856900e-03   3.7838300e-02   4.0740600e-02   4.6169900e-02
   2.9200000e+01   7.4941700e-03   2.7809800e-02   8.5013300e-03   2.8121300e-02   2.0968600e-02   3.7854800e-03   3.7568700e-02   3.9631500e-02   4.3547000e-02
   2.9400000e+01   7.7945100e-03   3.0162900e-02   7.8896200e-03   2.5660100e-02   2.3336100e-02   1.7878800e-03   3.7045200e-02   3.7870000e-02   4.0122400e-02
   2.9600000e+01   3.3729900e-02   2.5333200e-02   7.7142000e-03   2.8007400e-02   1.7300700e-02  -4.6704800e-05   3.4971000e-02   3.6663700e-02   3.7443700e-02
   2.9800000e+01   2.5417800e-02   1.8488400e-02   7.8601000e-03   3.9279200e-02   1.3087000e-02  -1.7181800e-03   3.3680200e-02   3.5319600e-02   3.6024600e-02
   3.0000000e+01  -8.8810000e-04   1.2292700e-02   8.0935000e-03   4.1010500e-02   1.7104700e-02  -3.2899900e-03   3.3835100e-02   3.3795800e-02   3.4970700e-02
   3.0200000e+01   6.2940000e-03   6.9149200e-03   7.9795000e-03   2.5738600e-02   2.0793800e-02  -4.8101800e-03   3.4247200e-02   3.2972000e-02   3.3944200e-02
   3.0400000e+01   2.4486200e-02   1.7900700e-03   7.1890100e-03   1.5433700e-02   1.8865900e-02  -6.2586800e-03   3.3690900e-02   3.1707500e-02   3.3447200e-02
   3.0600000e+01   2.2706200e-02  -3.5809600e-03   5.9136600e-03   2.0718300e-02   1.5168600e-02  -7.5965800e-03   3.3105100e-02   3.5655000e-02   3.3368200e-02
   3.0800000e+01   1.2570800e-02  -7.6789400e-03   4.3944900e-03   2.7261700e-02   1.3860800e-02  -8.7850900e-03   3.4109500e-02   4.8570600e-02   3.3932800e-02
   3.1000000e+01   9.0886500e-03  -9.7069100e-03   2.7433600e-03   2.1734400e-02   1.4920100e-02  -9.8064900e-03   3.5341800e-02   4.6844900e-02   3.3822000e-02
   3.1200000e+01   8.3046500e-03  -8.5756300e-03   1.0597000e-03   9.4134600e-03   1.5054700e-02  -1.0665900e-02   3.1725600e-02   4.4254500e-02   3.2308800e-02
   3.1400000e+01   1.2198900e-02  -3.5514300e-03  -5.4708600e-04   6.3087500e-03   1.3083000e-02  -1.1470900e-02   2.7585200e-02   4.3756900e-02   3.0459200e-02
   3.1600000e+01   2.0970000e-02   3.8400500e-03  -1.9902900e-03   1.6826700e-02   1.1803700e-02  -1.2152800e-02   2.7777000e-02   4.3215600e-02   2.8882700e-02
   3.1800000e+01   2.2034500e-02   1.1031700e-02  -3.0587200e-03   2.6375200e-02   1.2076200e-02  -1.2241900e-02   3.0231300e-02   4.2656900e-02   2.7407100e-02
   3.2000000e+01   2.2027300e-02   1.6015100e-02  -3.6667200e-03   2.5179100e-02   1.1368900e-02  -1.0763600e-02   2.7608400e-02   4.1241400e-02   2.6012900e-02
   3.2200000e+01   3.3487500e-02   1.9741000e-02  -3.3697200e-03   2.5143800e-02   1.1069200e-02  -7.2368400e-03   2.2909100e-02   3.9245300e-02   2.4053900e-02
   3.2400000e+01   4.2142500e-02   2.5137200e-02  -2.1758700e-03   2.8262600e-02   1.1833600e-02  -6.3486900e-03   1.9848700e-02   4.1452800e-02   2.2482300e-02
   3.2600000e+01   3.7899500e-02   3.1582500e-02  -8.2105400e-04   2.8352500e-02   1.1395900e-02  -6.6219100e-03   2.0775100e-02   4.3990100e-02   2.1690000e-02
   3.2800000e+01   3.4356700e-02   3.3245400e-02  -2.2361900e-04   2.5923700e-02   1.0341100e-02   2.1274900e-04   2.5638400e-02   4.0900900e-02   2.0442400e-02
   3.3000000e+01   3.9096700e-02   3.0171400e-02  -2.7475700e-04   3.2632900e-02   1.0582400e-02   8.8726100e-03   2.4654000e-02   3.7121400e-02   1.8696500e-02
   3.3200000e+01   4.3177500e-02   2.6438000e-02  -2.4960900e-04   4.2890200e-02   1.2217100e-02   6.1211200e-03   2.0639400e-02   3.4809200e-02   1.7697600e-02
   3.3400000e+01   4.4824400e-02   2.4225900e-02  -7.3749200e-05   4.3383400e-02   1.4533400e-02   4.8352000e-03   1.7201300e-02   3.4304900e-02   1.7595000e-02
   3.3600000e+01   5.2632900e-02   2.2948800e-02   7.0963600e-06   3.8721800e-02   1.7562600e-02   4.5117600e-03   1.4556800e-02   3.2960500e-02   1.6194100e-02
   3.3800000e+01   5.6484700e-02   1.9899200e-02  -5.9525000e-05   4.2221100e-02   1.9646800e-02   3.6518500e-03   1.2999700e-02   3.1238000e-02   1.4498100e-02
   3.4000000e+01   5.1671400e-02   1.3878400e-02  -3.7480000e-04   5.3412200e-02   2.0778000e-02   2.8306100e-03   1.4178700e-02   2.9610500e-02   1.2865500e-02
   3.4200000e+01   4.6608800e-02   8.3124300e-03  -6.8441800e-04   5.6893400e-02   2.2700900e-02   2.6584800e-03   1.7965200e-02   2.8540900e-02   1.1219300e-02
   3.4400000e+01   4.7689800e-02   9.0643900e-03  -7.8627800e-04   5.0310600e-02   2.6421700e-02   4.5530100e-03   1.7567200e-02   2.7717300e-02   9.5654400e-03
   3.4600000e+01   5.3384600e-02   2.1153600e-02  -1.4912400e-03   4.8119900e-02   3.0899200e-02   5.4773000e-03   1.4987800e-02   2.5796300e-02   7.4848900e-03
   3.4800000e+01   6.0475600e-02   3.6799700e-02  -2.0732700e-03   5.2483600e-02   3.3517100e-02   4.3728800e-03   1.3066100e-02   2.3729200e-02   5.1697800e-03
   3.5000000e+01   6.0704600e-02   4.1023500e-02  -1.0695000e-03   5.4076900e-02   3.4483400e-02   3.3137100e-03   1.1980400e-02   2.2108200e-02   2.9028000e-03
   3.5200000e+01   5.0809100e-02   4.4629000e-02  -1.6642600e-04   5.3428900e-02   3.6125100e-02   2.4203100e-03   1.1011100e-02   2.0319900e-02   7.1089500e-04
   3.5400000e+01   4.9271800e-02   5.0046300e-02  -3.3978800e-04   5.2372600e-02   4.0034500e-02   1.4688400e-03   9.9470400e-03   1.9035700e-02  -1.3017100e-03
   3.5600000e+01   5.9134200e-02   5.6097200e-02   3.3720100e-04   4.8303700e-02   4.3963400e-02   3.3065200e-04   8.9748900e-03   1.7704700e-02  -3.0061900e-03
   3.5800000e+01   5.4471900e-02   5.9745600e-02  -2.5057500e-05   4.1752200e-02   4.6650800e-02  -6.2037900e-04   8.1936300e-03   1.6164900e-02  -4.5413000e-03
   3.6000000e+01   3.5168900e-02   6.1294000e-02  -1.2792100e-03   4.1216700e-02   4.9354100e-02  -1.2955200e-03   7.6577400e-03   1.4651100e-02  -5.9633900e-03
   3.6200000e+01   3.2587500e-02   6.1605300e-02  -2.3588000e-03   4.7697200e-02   5.3745100e-02  -1.9838200e-03   7.2842000e-03   1.2995500e-02  -7.5160800e-03
   3.6400000e+01   4.6992700e-02   6.0132600e-02  -2.2162500e-03   5.0760600e-02   5.8929800e-02  -2.9761600e-03   6.9069900e-03   1.1361100e-02  -9.1320600e-03
   3.6600000e+01   4.4919100e-02   5.8266600e-02  -5.1104700e-04   4.3810600e-02   6.1220400e-02  -4.1017600e-03   6.2721700e-03   9.7256700e-03  -1.0326600e-02
   3.6800000e+01   3.1834100e-02   5.7375800e-02  -5.2437800e-04   3.5240500e-02   6.1217000e-02  -4.8638000e-03   5.4330600e-03   8.1059000e-03  -1.1161400e-02
   3.7000000e+01   3.1616900e-02   5.7745700e-02  -7.9550900e-04   3.4521700e-02   6.1452100e-02  -5.1650500e-03   4.5594600e-03   6.6105500e-03  -1.1918800e-02
   3.7200000e+01   3.9132100e-02   5.9251500e-02  -4.7504700e-04   3.3229700e-02   5.9754400e-02  -3.5779100e-03   3.6961100e-03   5.1458500e-03  -1.1919200e-02
   3.7400000e+01   3.9352100e-02   5.9915600e-02   6.5043500e-04   3.0047600e-02   5.4691700e-02   3.5898900e-03   2.6448300e-03   3.7077300e-03  -1.0374600e-02
   3.7600000e+01   3.5366500e-02   5.9261600e-02   2.1085400e-03   3.4246500e-02   5.0785300e-02   1.1776600e-02   1.5838300e-03   2.2932200e-03  -9.6582600e-03
   3.7800000e+01   3.3810800e-02   5.9518900e-02   4.0596200e-03   3.8299600e-02   4.9744800e-02   1.4448100e-02   3.4381600e-03   9.1486400e-04  -1.0622700e-02
   3.8000000e+01   3.2373100e-02   5.9717000e-02   6.2481000e-03   3.6264500e-02   5.1419300e-02   1.4256800e-02   7.3082900e-03  -2.6694200e-04  -1.1554200e-02
   3.8200000e+01   3.2756400e-02   5.8856800e-02   1.0818800e-02   3.7158800e-02   5.5510500e-02   1.3097100e-02   8.4353400e-03  -1.5938700e-03  -1.2440000e-02
   3.8400000e+01   3.3061300e-02   5.8753000e-02   1.7180000e-02   4.3834500e-02   5.9551400e-02   1.3058700e-02   7.2872700e-03  -3.3627100e-03  -1.3143000e-02
   3.8600000e+01   2.8384200e-02   5.7991300e-02   2.3357200e-02   4.3805000e-02   5.9486600e-02   1.3063200e-02   6.3802700e-03  -5.5676900e-03  -1.3844100e-02
   3.8800000e+01   2.3486800e-02   5.6256400e-02   2.7490800e-02   3.8888800e-02   5.5111000e-02   1.2095200e-02   6.8710900e-03  -7.9041300e-03  -1.4557100e-02
   3.9000000e+01   2.8138200e-02   5.5650700e-02   2.8311200e-02   3.8753400e-02   5.0992800e-02   1.1785200e-02   9.0965200e-03  -9.8211500e-03  -1.5187400e-02
   3.9200000e+01   3.5128400e-02   5.4398600e-02   3.3233000e-02   3.6921600e-02   4.9428700e-02   1.0548400e-02   1.4699200e-02  -1.1598300e-02  -1.5781500e-02
   3.9400000e+01   3.0947300e-02   5.3431800e-02   3.9363200e-02   3.1100500e-02   5.0289100e-02   1.0690100e-02   1.9725400e-02  -1.3035400e-02  -1.6346700e-02
   3.9600000e+01   2.7260900e-02   5.2165600e-02   3.8393100e-02   3.3098600e-02   5.1274400e-02   1.0057700e-02   1.9840100e-02  -1.4082800e-02  -1.6808500e-02
   3.9800000e+01   3.2181900e-02   4.8046500e-02   3.4717000e-02   4.0190800e-02   5.1538800e-02   8.9396600e-03   1.7788100e-02  -1.5061900e-02  -1.7266600e-02
   4.0000000e+01   3.8680300e-02   4.1620200e-02   3.2220700e-02   3.3363000e-02   5.3462800e-02   7.6825500e-03   1.6284400e-02  -1.5885500e-02  -1.7778000e-02
   4.0200000e+01   4.0727500e-02   3.5054000e-02   3.0408600e-02   2.0863500e-02   5.7045500e-02   6.7349100e-03   1.4890400e-02  -1.6488900e-02  -1.8367400e-02
   4.0400000e+01   3.9600600e-02   3.0018800e-02   2.8761200e-02   2.1618100e-02   5.8945600e-02   3.9163900e-02   1.3064800e-02  -1.6988200e-02  -1.9102400e-02
   4.0600000e+01   3.9743800e-02   2.8542700e-02   2.8416000e-02   3.5940700e-02   5.6638900e-02   6.6437000e-02   1.1514200e-02  -1.7361300e-02  -1.9748200e-02
   4.0800000e+01   4.3315100e-02   2.8090800e-02   3.8079300e-02   3.9096600e-02   5.0818800e-02   6.2823000e-02   9.9619700e-03  -1.7661100e-02  -2.0351900e-02
   4.1000000e+01   4.5726800e-02   2.7984100e-02   6.7411200e-02   2.2285500e-02   4.4084100e-02   5.9232200e-02   8.3013300e-03  -1.7940900e-02  -2.0904600e-02
   4.1200000e+01   4.2472500e-02   2.8824000e-02   6.8653400e-02   1.5414600e-02   3.8843100e-02   5.6260600e-02   6.6551400e-03  -1.8280200e-02  -2.1385000e-02
   4.1400000e+01   4.1486700e-02   3.1001100e-02   6.9149800e-02   3.1839200e-02   3.7386900e-02   5.5105200e-02   5.2731700e-03  -1.8545900e-02  -2.1493100e-02
   4.1600000e+01   3.7425700e-02   3.4034100e-02   6.7956200e-02   4.6847600e-02   3.4475600e-02   5.5706900e-02   3.8415400e-03  -1.8766100e-02  -1.6393000e-02
   4.1800000e+01   2.5903900e-02   3.6951000e-02   6.8028800e-02   3.8528000e-02   2.8928500e-02   5.6296700e-02   2.4154200e-03  -1.8975000e-02  -1.0699600e-02
   4.2000000e+01   2.3638300e-02   4.1082400e-02   6.5672900e-02   3.0592100e-02   2.6214200e-02   5.5260500e-02   1.0613900e-03  -1.9151600e-02  -8.6036500e-03
   4.2200000e+01   3.4790800e-02   4.3790000e-02   6.2980400e-02   3.6103000e-02   2.6556200e-02   5.3334000e-02  -1.0833600e-04  -1.9277400e-02  -6.1081100e-03
   4.2400000e+01   3.6366600e-02   4.0462500e-02   6.1429600e-02   3.6390200e-02   2.6600000e-02   5.1355700e-02  -1.3207900e-03  -1.9385100e-02  -5.2315400e-03
   4.2600000e+01   1.9708500e-02   3.2321100e-02   6.1279800e-02   3.2841500e-02   2.7840000e-02   4.9821800e-02  -2.4079700e-03  -1.9509400e-02  -5.3159500e-03
   4.2800000e+01   1.3361700e-02   2.3053700e-02   6.1480900e-02   4.5596500e-02   2.7215100e-02   4.8834600e-02  -3.0665000e-03  -1.9648300e-02   1.6113900e-02
   4.3000000e+01   2.5007200e-02   1.6322500e-02   6.0669200e-02   3.6710900e-02   2.4300000e-02   4.8558900e-02  -3.2047200e-03  -1.9821400e-02   3.6834700e-02
   4.3200000e+01   3.0864800e-02   1.4450300e-02   5.9855300e-02   1.0982200e-02   2.4432200e-02   4.7244500e-02  -3.1723100e-03  -2.0010600e-02   3.8701500e-02
   4.3400000e+01   2.6357900e-02   1.6566000e-02   5.8975700e-02   4.4372500e-03   2.7442200e-02   4.5027800e-02  -3.5405000e-03  -2.0225100e-02   4.0897200e-02
   4.3600000e+01   3.1011200e-02   2.0335600e-02   5.8540400e-02   3.6737300e-02   2.6768900e-02   4.1898700e-02  -4.1772500e-03  -2.0455800e-02   4.3286700e-02
   4.3800000e+01   3.2688600e-02   2.2607900e-02   5.7769000e-02   4.2049400e-02   2.4180200e-02   3.7536000e-02  -5.1342900e-03  -1.3933300e-03   4.6225100e-02
   4.4000000e+01   1.3398000e-02   2.4540600e-02   5.6377800e-02   1.5336400e-02   2.4212500e-02   3.3234400e-02  -6.1448800e-03   2.2131500e-02   4.9404400e-02
   4.4200000e+01   1.5610700e-03   2.6797900e-02   5.5184600e-02   8.2811200e-03   2.3586900e-02   2.9886800e-02  -6.9492500e-03   2.3271200e-02   5.2500300e-02
   4.4400000e+01   2.7222100e-02   2.6114400e-02   5.3070700e-02   3.3197000e-02   1.7542000e-02   2.7289200e-02   2.5201200e-02   2.5098600e-02   5.5270900e-02
   4.4600000e+01   4.9621200e-02   2.1140700e-02   5.0057900e-02   4.1455700e-02   1.5443400e-02   2.5248000e-02   4.1529700e-02   2.6021300e-02   5.7533000e-02
