   0.0000000e+00   1.5569200e-04  -2.3181500e-13   9.6023961e-07
   2.0000000e-01   2.4111000e-04   2.7569100e-12   2.2374847e-06
   4.0000000e-01   3.7912800e-04  -1.1368700e-12   2.1543998e-05
   6.0000000e-01   6.6439900e-04  -8.5492500e-11   7.7967991e-05
   8.0000000e-01   1.3314100e-03  -4.4565200e-10   1.8846748e-04
   1.0000000e+00   2.8872700e-03  -2.2846500e-09   4.3916396e-04
   1.2000000e+00   6.6573000e-03  -1.3504200e-08   1.0404404e-03
   1.4000000e+00   1.5115800e-02  -8.3178700e-08   2.3620231e-03
   1.6000000e+00   3.7092200e-02  -5.4721000e-07   5.7114306e-03
   1.8000000e+00   9.9016900e-02  -4.5681400e-06   1.4757931e-02
   2.0000000e+00   3.2906300e-01  -7.0487100e-05   4.4249568e-02
   2.2000000e+00   1.8943300e+00  -5.5228700e-04   7.5277527e-02
   2.4000000e+00   1.9324900e+00  -7.7157100e-04   5.8788858e-02
   2.6000000e+00   1.5724600e+00  -6.4508300e-04   4.3497109e-02
   2.8000000e+00   1.2213300e+00  -4.3050600e-04   3.5355751e-02
   3.0000000e+00   9.3198400e-01   3.7611300e-04   2.5354716e-02
   3.2000000e+00   6.7866000e-01   1.0397200e-04   1.5681065e-02
   3.4000000e+00   4.8162100e-01  -1.6557600e-04   9.9906183e-03
   3.6000000e+00   3.3927800e-01   4.2509100e-04   2.8540355e-03
   3.8000000e+00   1.9220100e-01   5.7759500e-04  -3.3357496e-03
   4.0000000e+00   8.7783300e-02   5.6683200e-04  -8.1941828e-03
   4.2000000e+00  -1.5453700e-01  -1.3500700e-04  -1.8969435e-02
   4.4000000e+00  -4.7142000e-01  -7.1793800e-04  -3.4537125e-02
   4.6000000e+00  -5.6389700e-01   3.3092100e-03  -3.7397937e-02
   4.8000000e+00  -6.3976700e-01   9.5486200e-05  -4.3880581e-02
   5.0000000e+00  -7.3527600e-01   1.9819600e-03  -6.4148021e-02
   5.2000000e+00  -7.9828400e-01  -1.8890600e-03  -5.5915840e-02
   5.4000000e+00  -8.6197200e-01  -2.7191000e-03  -7.1898476e-02
   5.6000000e+00  -9.1243200e-01   5.1753300e-03  -6.0632158e-02
   5.8000000e+00  -9.5880100e-01  -6.0979300e-03  -6.0410219e-02
   6.0000000e+00  -9.9100100e-01   2.8828900e-03  -5.9877263e-02
   6.2000000e+00  -1.0153900e+00   2.1647900e-03  -4.6289077e-02
   6.4000000e+00  -1.0266400e+00  -4.5356100e-03  -4.7838255e-02
   6.6000000e+00  -9.5165600e-01  -3.0662200e-03  -4.1197486e-02
   6.8000000e+00  -8.0594800e-01  -9.9469000e-04  -3.5018541e-02
   7.0000000e+00  -7.0363200e-01   7.9716500e-04  -2.7497287e-02
   7.2000000e+00  -6.2753100e-01   1.5590100e-03  -1.6604669e-02
   7.4000000e+00  -5.6686900e-01   1.5607700e-03  -8.2985359e-03
   7.6000000e+00  -5.2052200e-01   1.7484200e-03  -1.5670053e-03
   7.8000000e+00  -4.8221500e-01   1.8905500e-03  -5.8767863e-04
   8.0000000e+00  -4.4146700e-01   1.8932100e-03   9.9232811e-04
   8.2000000e+00  -3.6816700e-01   4.7980700e-03   3.5262659e-02
   8.4000000e+00  -1.4866800e-02   1.8569600e-02   2.6983659e-01
   8.6000000e+00   8.9228200e-02  -4.6684400e-02   1.3941436e-01
   8.8000000e+00  -4.3731300e-02  -1.3261900e-02  -1.1870633e-01
   9.0000000e+00  -1.0271600e-01   3.3656000e-02  -1.2884607e-01
   9.2000000e+00  -7.3507300e-02   3.9810400e-02  -8.9797368e-02
   9.4000000e+00   7.1885800e-03   4.3926100e-02  -1.1870105e-02
   9.6000000e+00   4.7808500e-02   6.9261800e-02   4.5339817e-02
   9.8000000e+00   5.4804000e-02   6.7609300e-02   2.4942848e-03
   1.0000000e+01   1.0585000e-01   2.3198100e-02  -6.2710687e-02
   1.0200000e+01   1.5560300e-01   1.2404700e-02  -5.7370899e-02
   1.0400000e+01   1.6102700e-01   3.1687100e-02  -2.4155986e-02
   1.0600000e+01   9.4494300e-02   4.6065900e-02  -3.3037236e-02
   1.0800000e+01   4.0941500e-02   5.0566800e-02  -3.9370312e-02
   1.1000000e+01   6.7398700e-02   5.2072700e-02  -1.7397225e-02
   1.1200000e+01   1.0720600e-01   4.7618100e-02   7.6164273e-03
   1.1400000e+01   7.6857300e-02   4.2072300e-02   6.7506960e-03
   1.1600000e+01  -3.1101600e-02   4.2056200e-02  -2.0131698e-02
   1.1800000e+01  -7.5968800e-02   4.0374600e-02  -7.8381217e-03
   1.2000000e+01  -1.0291400e-01   3.2018900e-02  -1.6425637e-02
   1.2200000e+01  -1.2506300e-01   3.1828100e-02  -3.3264724e-02
   1.2400000e+01  -1.5810400e-01   3.4880100e-02  -5.2484862e-02
   1.2600000e+01  -2.0772600e-01   4.2624100e-02  -4.8598200e-02
   1.2800000e+01  -2.6160000e-01   4.7495500e-02  -4.6308893e-02
   1.3000000e+01  -3.2894700e-01   5.4525000e-02  -5.2080523e-02
   1.3200000e+01  -3.7691700e-01   6.0498900e-02  -5.0484130e-02
   1.3400000e+01  -3.7778700e-01   6.3227800e-02  -4.2029750e-02
   1.3600000e+01  -2.9104100e-01   6.8446600e-02  -1.7976798e-02
   1.3800000e+01  -9.4361900e-02   6.8823100e-02  -5.4825552e-03
   1.4000000e+01  -3.3530400e-02   6.3320400e-02  -2.1060427e-02
   1.4200000e+01  -5.9891200e-02   6.4195000e-02  -4.3295059e-02
   1.4400000e+01  -1.0141800e-01   6.3511200e-02  -5.5422644e-02
   1.4600000e+01  -1.5262900e-01   6.1087800e-02  -5.5754260e-02
   1.4800000e+01  -1.8946400e-01   5.7559000e-02  -5.3857717e-02
   1.5000000e+01  -2.1904800e-01   5.4207700e-02  -5.1527555e-02
   1.5200000e+01  -2.3091000e-01   4.9592400e-02  -4.5080965e-02
   1.5400000e+01  -1.9985000e-01   4.3230900e-02  -3.0941559e-02
   1.5600000e+01  -5.2765500e-02   4.4589300e-02   2.4371458e-03
   1.5800000e+01   1.4446900e-01   5.7789300e-02   8.1472821e-03
   1.6000000e+01   1.7217300e-01   6.5022900e-02  -2.1071328e-02
   1.6200000e+01   1.5440700e-01   7.1079900e-02  -2.5723253e-02
   1.6400000e+01   1.0710600e-01   7.1559800e-02  -2.2261778e-02
   1.6600000e+01   4.8190800e-02   6.8722700e-02  -2.7661228e-02
   1.6800000e+01  -2.7626100e-02   6.6658200e-02  -3.4431035e-02
   1.7000000e+01  -1.1082200e-01   6.4796400e-02  -3.7952475e-02
   1.7200000e+01  -1.9482500e-01   6.4544400e-02  -3.9942716e-02
   1.7400000e+01  -2.1402500e-01   6.7398400e-02  -2.6073153e-02
   1.7600000e+01  -1.2449000e-01   7.1359100e-02  -1.6708883e-03
   1.7800000e+01  -6.2087700e-02   6.6896600e-02  -4.1831618e-03
   1.8000000e+01  -1.1926600e-01   6.5688900e-02  -2.7192473e-02
   1.8200000e+01  -1.8569500e-01   7.0282800e-02  -4.5242003e-02
   1.8400000e+01  -2.3628400e-01   7.1023700e-02  -5.0821306e-02
   1.8600000e+01  -2.7957100e-01   6.1964800e-02  -6.0317683e-02
   1.8800000e+01  -2.9532900e-01   4.9945100e-02  -5.5664874e-02
   1.9000000e+01  -2.6754200e-01   3.5821800e-02  -4.6241703e-02
   1.9200000e+01  -1.3802600e-01   2.9652800e-02  -1.8111030e-02
   1.9400000e+01  -5.1897500e-02   2.8356900e-02  -1.7744101e-02
   1.9600000e+01  -9.5435900e-02   2.5978900e-02  -3.9689911e-02
   1.9800000e+01  -1.5909000e-01   2.4695300e-02  -4.2425848e-02
   2.0000000e+01  -1.9150300e-01   1.4372700e-02  -5.0589855e-02
   2.0200000e+01  -2.1714500e-01   3.6781300e-03  -5.3559864e-02
   2.0400000e+01  -2.3581300e-01  -3.1158000e-03  -5.1312641e-02
   2.0600000e+01  -2.5489100e-01  -7.4149200e-03  -4.5505565e-02
   2.0800000e+01  -2.6848400e-01  -1.1544600e-02  -3.9680061e-02
   2.1000000e+01  -2.8015100e-01  -1.8784800e-02  -1.6217318e-02
   2.1200000e+01  -2.3853500e-01  -2.9046300e-02   1.8715403e-02
   2.1400000e+01  -1.9862200e-01  -4.3533100e-02   3.7145414e-02
   2.1600000e+01  -2.0210200e-01  -4.9266300e-02   1.5706637e-02
   2.1800000e+01  -1.8737000e-01  -4.1403500e-02  -1.6445776e-03
   2.2000000e+01  -9.6695500e-02  -4.5534700e-02  -8.5395179e-03
   2.2200000e+01  -5.5756500e-03  -4.6319700e-02  -9.4875224e-03
   2.2400000e+01  -2.2364700e-02  -3.5889700e-02  -1.3206775e-02
   2.2600000e+01  -6.8207300e-02  -3.2113200e-02  -1.4498998e-02
   2.2800000e+01  -9.7484800e-02  -3.2835100e-02  -1.3187639e-02
   2.3000000e+01  -1.1389300e-01  -3.4709100e-02  -1.5596227e-02
   2.3200000e+01  -1.0190100e-01  -4.0447000e-02  -1.5357311e-02
   2.3400000e+01  -6.0854800e-02  -4.3544700e-02  -5.9540577e-03
   2.3600000e+01  -2.0102500e-02  -3.9891400e-02   1.3715242e-02
   2.3800000e+01  -1.4074700e-02  -3.1610900e-02   3.4013232e-02
   2.4000000e+01  -4.4612600e-02  -3.2877900e-02  -4.5110949e-02
   2.4200000e+01  -9.8361800e-02  -3.7901800e-02  -1.1935345e-01
   2.4400000e+01  -1.5138700e-01  -3.9825000e-02  -9.3003117e-02
   2.4600000e+01  -2.6206700e-01  -3.2615300e-02  -2.5909817e-02
   2.4800000e+01  -2.4406100e-01  -4.0984000e-02  -4.1236820e-02
   2.5000000e+01  -2.2839100e-01  -4.7623900e-02  -5.6118081e-02
   2.5200000e+01  -2.4973100e-01  -6.1050000e-02  -7.2307993e-02
   2.5400000e+01  -2.6416900e-01  -7.3582300e-02  -8.8897028e-02
   2.5600000e+01  -2.5761000e-01  -7.9497700e-02  -7.4648189e-02
   2.5800000e+01  -2.3030000e-01  -8.6964200e-02  -3.6937602e-02
   2.6000000e+01  -1.7561100e-01  -9.5543300e-02  -1.1495679e-02
   2.6200000e+01  -1.3839900e-01  -8.6650400e-02  -4.4864349e-02
   2.6400000e+01  -1.4958700e-01  -7.9370700e-02  -6.8904829e-02
   2.6600000e+01  -1.8016700e-01  -8.8255500e-02  -5.9488374e-02
   2.6800000e+01  -2.0774900e-01  -8.8224100e-02  -4.9401538e-02
   2.7000000e+01  -2.3243500e-01  -7.6659400e-02  -4.2948542e-02
   2.7200000e+01  -2.3741900e-01  -6.3505400e-02  -3.8674462e-02
   2.7400000e+01  -2.1812700e-01  -6.1938000e-02  -5.1831163e-02
   2.7600000e+01  -1.9255500e-01  -6.6594000e-02  -6.5426638e-02
   2.7800000e+01  -1.6907300e-01  -7.0042600e-02  -6.2628370e-02
   2.8000000e+01  -1.4714700e-01  -6.8044200e-02  -3.5603272e-02
   2.8200000e+01  -1.2855400e-01  -6.6258700e-02  -1.9162808e-02
   2.8400000e+01  -1.1112800e-01  -6.0169000e-02  -2.0508674e-02
   2.8600000e+01  -9.4505400e-02  -5.6781500e-02  -3.0903568e-02
   2.8800000e+01  -7.6084600e-02  -6.2145500e-02  -3.0290760e-02
   2.9000000e+01  -3.4775700e-02  -6.5381200e-02  -1.0706861e-02
   2.9200000e+01   2.5835600e-02  -5.5572700e-02  -3.2953069e-04
   2.9400000e+01   6.5693000e-02  -4.8571700e-02  -2.7675611e-02
   2.9600000e+01   6.2207300e-02  -5.2056200e-02  -4.3219759e-02
   2.9800000e+01   3.7361800e-02  -5.7980900e-02  -3.9334964e-02
   3.0000000e+01   6.9399100e-03  -6.0752300e-02  -3.1687361e-02
   3.0200000e+01  -2.2632500e-02  -6.2355800e-02  -2.7869579e-02
   3.0400000e+01  -4.2692100e-02  -5.9834200e-02  -2.8395649e-02
   3.0600000e+01  -4.8434000e-02  -5.3968100e-02  -3.0043694e-02
   3.0800000e+01  -4.2842100e-02  -4.8577600e-02  -2.8342285e-02
   3.1000000e+01  -2.9940100e-02  -4.6099300e-02  -2.1689722e-02
   3.1200000e+01  -1.5303500e-02  -4.6077800e-02  -6.4145657e-03
   3.1400000e+01  -1.7416300e-03  -4.8706200e-02   9.1767813e-03
   3.1600000e+01  -3.9624800e-03  -5.3849500e-02   1.1534241e-02
   3.1800000e+01  -2.5496600e-02  -5.6820100e-02   4.3394031e-03
   3.2000000e+01  -4.3094700e-02  -5.5518900e-02  -8.1888054e-03
   3.2200000e+01  -3.5184800e-02  -4.9742400e-02  -9.8786071e-03
   3.2400000e+01   3.3730200e-03  -4.6865200e-02  -1.5563397e-03
   3.2600000e+01   5.5824800e-02  -4.4316000e-02   1.0159832e-03
   3.2800000e+01   7.9570400e-02  -4.5049500e-02  -1.3077575e-02
   3.3000000e+01   6.4521300e-02  -5.1721000e-02  -2.5606610e-02
   3.3200000e+01   3.0798400e-02  -5.7184500e-02  -2.5711508e-02
   3.3400000e+01  -2.1897300e-04  -5.2370400e-02  -1.4050153e-02
   3.3600000e+01  -1.0919900e-02  -4.2792700e-02  -2.3788092e-03
   3.3800000e+01  -1.4075200e-03  -3.9745000e-02  -1.4565029e-02
   3.4000000e+01   1.8861300e-02  -4.4520500e-02  -2.8914320e-02
   3.4200000e+01   4.8287400e-02  -5.8467800e-02  -3.5257306e-02
   3.4400000e+01   1.0584000e-01  -6.6223600e-02  -7.5573883e-03
   3.4600000e+01   2.2309300e-01  -7.0772500e-02   2.9678046e-02
   3.4800000e+01   3.2637600e-01  -5.7502300e-02   2.6385891e-02
   3.5000000e+01   3.2699800e-01  -6.7284000e-02  -6.0537364e-03
   3.5200000e+01   2.8973100e-01  -7.9994400e-02  -5.1001567e-04
   3.5400000e+01   2.5488500e-01  -8.2783300e-02   7.2309587e-03
   3.5600000e+01   2.5545500e-01  -7.9964000e-02   2.7742154e-03
   3.5800000e+01   2.7319900e-01  -7.9321500e-02  -5.7956497e-03
   3.6000000e+01   2.8156700e-01  -7.8881200e-02  -3.2266285e-03
   3.6200000e+01   2.7294300e-01  -7.8055900e-02  -1.8345519e-03
   3.6400000e+01   2.4957500e-01  -7.7021200e-02  -4.1823540e-03
   3.6600000e+01   2.2220800e-01  -7.4768400e-02  -1.0364133e-02
   3.6800000e+01   1.9758600e-01  -7.0366300e-02  -1.4109649e-02
   3.7000000e+01   1.9970800e-01  -6.7761100e-02  -1.0996152e-02
   3.7200000e+01   2.2752200e-01  -6.6394000e-02  -5.5125944e-03
   3.7400000e+01   2.4210800e-01  -5.9665400e-02  -4.1929885e-03
   3.7600000e+01   2.1907100e-01  -4.7045600e-02  -2.2148713e-03
   3.7800000e+01   1.6391700e-01  -3.2713600e-02  -2.7229397e-03
   3.8000000e+01   1.1468200e-01  -2.5506100e-02  -9.9224912e-03
   3.8200000e+01   7.4962500e-02  -2.5360700e-02  -1.6936642e-02
   3.8400000e+01   2.2486100e-02  -2.7410300e-02  -1.9702300e-02
   3.8600000e+01  -2.6145000e-02  -3.1419800e-02  -1.6511091e-02
   3.8800000e+01  -6.8780500e-02  -3.2939700e-02  -1.6921335e-02
   3.9000000e+01  -1.0705300e-01  -3.5409700e-02  -2.2476847e-02
   3.9200000e+01  -1.3405500e-01  -4.1929400e-02  -2.7661580e-02
   3.9400000e+01  -1.4081500e-01  -5.3074600e-02  -2.8274909e-02
   3.9600000e+01  -1.3766800e-01  -5.9090700e-02  -2.7549360e-02
   3.9800000e+01  -1.3405000e-01  -5.7837400e-02  -2.7710670e-02
   4.0000000e+01  -1.3543800e-01  -5.7719800e-02  -3.3285492e-02
   4.0200000e+01  -1.3492600e-01  -5.9568200e-02  -3.5798725e-02
   4.0400000e+01  -1.2260700e-01  -6.3788500e-02  -2.9566056e-02
   4.0600000e+01  -1.0451400e-01  -6.4783700e-02  -1.7729959e-02
   4.0800000e+01  -8.9451700e-02  -6.4677800e-02  -8.4838606e-03
   4.1000000e+01  -8.7408300e-02  -6.3817200e-02  -4.9521848e-03
   4.1200000e+01  -8.7140500e-02  -6.6774800e-02  -7.0511067e-03
   4.1400000e+01  -7.3149100e-02  -7.1246700e-02  -1.2071653e-02
   4.1600000e+01  -3.7504400e-02  -7.4334000e-02  -1.3093339e-02
   4.1800000e+01   1.3588300e-02  -7.5954000e-02  -1.4319767e-03
   4.2000000e+01   7.6194400e-02  -7.5915600e-02   8.6196306e-03
   4.2200000e+01   1.2211000e-01  -7.0350200e-02   8.7645108e-03
   4.2400000e+01   1.2741800e-01  -6.7277800e-02  -6.4562010e-03
   4.2600000e+01   9.6723300e-02  -6.5706500e-02  -1.7067304e-02
   4.2800000e+01   5.3635700e-02  -6.5740000e-02  -1.7910547e-02
   4.3000000e+01   1.6689300e-02  -6.6234100e-02  -8.6794146e-03
   4.3200000e+01   4.6437200e-04  -6.6852800e-02  -1.1593142e-03
   4.3400000e+01  -7.2879900e-04  -6.3584100e-02  -1.5615385e-03
   4.3600000e+01  -1.5435200e-03  -6.0397600e-02  -8.7046976e-03
   4.3800000e+01  -2.5826400e-02  -6.3621400e-02  -1.0166249e-02
   4.4000000e+01  -6.9050800e-02  -6.7176200e-02   1.2910793e-05
   4.4200000e+01  -1.0902000e-01  -6.5385400e-02  -5.0418239e-03
   4.4400000e+01  -1.3778300e-01  -5.9089200e-02  -2.3047165e-02
   4.4600000e+01  -1.5152900e-01  -5.5738800e-02  -2.9520315e-02
