   0.0000000e+00   7.6205500e-09   4.1002700e-17  -1.2971283e-11
   2.0000000e-01   1.1592000e-08   5.0587000e-16  -1.9730227e-11
   4.0000000e-01   1.6147600e-08  -1.8336800e-16  -2.7488436e-11
   6.0000000e-01   2.0926900e-08  -5.6633800e-16  -3.5614448e-11
   8.0000000e-01   2.6646400e-08  -2.2758100e-16  -4.5288869e-11
   1.0000000e+00   3.3257900e-08  -1.3635600e-15  -5.6274775e-11
   1.2000000e+00   4.1057500e-08  -3.9505600e-16  -7.2103522e-11
   1.4000000e+00   4.8893300e-08  -6.8456500e-16  -9.3338327e-11
   1.6000000e+00   5.4637500e-08  -5.5944800e-16  -4.8861674e-11
   1.8000000e+00   5.5903500e-08  -1.7069700e-15   1.6481953e-10
   2.0000000e+00   5.5395900e-08   1.1067500e-15   3.9493803e-10
   2.2000000e+00   5.1998600e-08  -5.8286700e-16   6.5461619e-10
   2.4000000e+00   4.6412200e-08  -9.7283300e-15   1.0430936e-09
   2.6000000e+00   4.0482900e-08  -2.9629100e-14   1.5611275e-09
   2.8000000e+00   3.5781200e-08  -4.7767300e-14   2.2070021e-09
   3.0000000e+00   3.5093800e-08  -3.0447900e-14   2.6606744e-09
   3.2000000e+00   3.5934800e-08   2.7172700e-14   2.9961419e-09
   3.4000000e+00   3.7173900e-08   1.2670400e-13   3.3975760e-09
   3.6000000e+00   3.8933000e-08   1.7227900e-13   3.9608380e-09
   3.8000000e+00   4.2134400e-08   8.4265900e-14   4.6695242e-09
   4.0000000e+00   4.6591200e-08  -3.8469200e-14   5.4223178e-09
   4.2000000e+00   5.1665600e-08   2.5590600e-14   6.2611030e-09
   4.4000000e+00   5.7484300e-08   3.1008500e-13   7.3395761e-09
   4.6000000e+00   6.4031000e-08   5.8353300e-13   8.4963193e-09
   4.8000000e+00   1.1028100e-07   7.1376200e-13   1.4435897e-08
   5.0000000e+00   1.2465700e-06   5.2810600e-09   7.0691388e-08
   5.2000000e+00   5.4812700e-04   5.8764100e-05  -6.0548750e-04
   5.4000000e+00   1.3155300e+00  -1.2286500e-02   1.3457099e-01
   5.6000000e+00   5.9507100e-01  -9.1025800e-04   2.3746953e-02
   5.8000000e+00   3.1190500e-01   1.1494000e-03  -3.5161670e-02
   6.0000000e+00   1.3272600e-01   1.2193500e-03  -3.1098672e-02
   6.2000000e+00   1.3526300e-02  -1.0255500e-04  -3.0178617e-02
   6.4000000e+00  -6.7351700e-02   1.2085100e-03  -2.9730935e-02
   6.6000000e+00  -9.9741100e-02   9.2437200e-04  -1.3995011e-02
   6.8000000e+00  -9.6540000e-02  -9.8811500e-04   1.6105456e-03
   7.0000000e+00  -1.1035100e-01  -1.2730900e-04   7.1430212e-04
   7.2000000e+00  -1.3981100e-01   8.5750200e-05  -7.2221461e-03
   7.4000000e+00  -1.6474800e-01  -4.4309200e-04  -1.3052790e-02
   7.6000000e+00  -1.9262200e-01  -8.7328200e-04  -1.5188167e-02
   7.8000000e+00  -2.0949300e-01  -2.0217200e-03  -6.0625436e-03
   8.0000000e+00  -2.1411400e-01  -2.0630100e-03  -2.8158747e-03
   8.2000000e+00  -1.9295800e-01  -2.3041700e-03  -7.1338020e-03
   8.4000000e+00  -2.0523200e-01  -3.6047600e-03  -1.4722864e-02
   8.6000000e+00  -2.5458300e-01  -9.8068000e-04  -1.9073961e-02
   8.8000000e+00  -2.9998500e-01   5.6211500e-04  -2.0421847e-02
   9.0000000e+00  -3.0550500e-01  -9.2228000e-04  -1.9600324e-02
   9.2000000e+00  -2.8163100e-01  -1.5807800e-03  -1.4095996e-02
   9.4000000e+00  -2.7435200e-01  -1.1360400e-03  -1.2861020e-02
   9.6000000e+00  -2.9453000e-01  -8.8122400e-04  -1.8879277e-02
   9.8000000e+00  -3.2894700e-01  -3.7405000e-04  -2.3315855e-02
   1.0000000e+01  -3.7339300e-01   6.2247900e-04  -2.2955619e-02
   1.0200000e+01  -4.1316500e-01   1.2057300e-03  -2.0515771e-02
   1.0400000e+01  -4.3826500e-01   9.4108100e-04  -1.7518894e-02
   1.0600000e+01  -4.4209800e-01   9.7916300e-04  -1.3194149e-02
   1.0800000e+01  -4.1152300e-01   1.5305500e-03  -1.0769017e-02
   1.1000000e+01  -3.5013100e-01   1.1499000e-03  -1.0644467e-02
   1.1200000e+01  -3.3535700e-01  -6.0775300e-04  -1.3351874e-02
   1.1400000e+01  -3.4224500e-01  -1.6971700e-03  -1.5374550e-02
   1.1600000e+01  -3.7550400e-01  -1.0100500e-03  -1.6391546e-02
   1.1800000e+01  -3.9553100e-01   1.8967000e-04  -1.5144367e-02
   1.2000000e+01  -4.1453200e-01   6.1735000e-07  -1.4335717e-02
   1.2200000e+01  -4.2871600e-01   5.3140500e-05  -1.4114564e-02
   1.2400000e+01  -4.5350700e-01   2.9123300e-04  -1.4415485e-02
   1.2600000e+01  -4.7178000e-01   1.0595600e-03  -1.8038642e-02
   1.2800000e+01  -4.9229200e-01   1.2990700e-03  -1.7862484e-02
   1.3000000e+01  -5.2398200e-01   1.3129800e-03  -1.9464031e-02
   1.3200000e+01  -5.7361400e-01   1.6167700e-03  -1.9382788e-02
   1.3400000e+01  -6.2345500e-01   1.8790500e-03  -2.1168938e-02
   1.3600000e+01  -6.8832900e-01   2.5004000e-03  -2.3391092e-02
   1.3800000e+01  -7.3801500e-01   3.6829300e-03  -2.4982883e-02
   1.4000000e+01  -7.9010100e-01   3.5991200e-03  -2.4503660e-02
   1.4200000e+01  -8.3485600e-01   2.6837600e-03  -2.2138148e-02
   1.4400000e+01  -8.8308000e-01   1.7315500e-03  -2.1826262e-02
   1.4600000e+01  -9.4171700e-01   1.9951500e-03  -2.0167891e-02
   1.4800000e+01  -1.0016100e+00   1.6620700e-03  -1.8877709e-02
   1.5000000e+01  -1.0479500e+00   1.5404600e-03  -1.5901851e-02
   1.5200000e+01  -1.0888900e+00   1.6242600e-03  -1.5865960e-02
   1.5400000e+01  -1.1360900e+00   1.1190800e-03  -1.8381453e-02
   1.5600000e+01  -1.1745700e+00  -1.0625200e-03  -2.1426785e-02
   1.5800000e+01  -1.2177700e+00  -1.1957800e-03  -2.1918718e-02
   1.6000000e+01  -1.2635400e+00  -1.0734600e-03  -2.2491069e-02
   1.6200000e+01  -1.3535600e+00  -2.3438200e-03  -2.5114264e-02
   1.6400000e+01  -1.4802000e+00  -1.7152300e-04  -2.5126270e-02
   1.6600000e+01  -1.5265500e+00   2.2568200e-03  -2.8210688e-02
   1.6800000e+01  -1.5577300e+00   6.2839800e-03  -2.6991516e-02
   1.7000000e+01  -1.5704500e+00   1.1348800e-02  -2.2254564e-02
   1.7200000e+01  -1.5567000e+00   1.9396500e-02  -1.1680956e-02
   1.7400000e+01  -1.5190200e+00   2.4236700e-02  -1.1090544e-03
   1.7600000e+01  -1.4797200e+00   2.6189000e-02   2.3714851e-03
   1.7800000e+01  -1.4091800e+00   2.0244600e-02   9.9266885e-03
   1.8000000e+01  -1.3311300e+00   1.2259400e-02   1.0350801e-02
   1.8200000e+01  -1.2601900e+00   5.1130200e-03   1.0817960e-02
   1.8400000e+01  -1.1926100e+00   3.6881800e-04   6.3515894e-03
   1.8600000e+01  -1.0888700e+00  -3.6768200e-02   7.6935984e-02
   1.8800000e+01  -5.2098500e-01  -8.1622400e-02   2.4268041e-01
   1.9000000e+01  -2.7551300e-01  -1.6936300e-02  -4.2341075e-02
   1.9200000e+01  -2.6034000e-01  -1.6170400e-02  -1.8154641e-02
   1.9400000e+01  -2.8902800e-01  -1.6793400e-02  -7.9534687e-03
   1.9600000e+01  -3.1271100e-01  -1.1802400e-02  -3.2486063e-03
   1.9800000e+01  -3.4603400e-01  -1.3213600e-02  -5.0060963e-03
   2.0000000e+01  -3.6799300e-01  -1.0972300e-02  -6.4850921e-03
   2.0200000e+01  -3.8100600e-01  -1.3314200e-02  -8.5697902e-03
   2.0400000e+01  -3.8095300e-01  -1.5267700e-02  -1.1099353e-02
   2.0600000e+01  -3.6347600e-01  -1.6134100e-02  -8.2697527e-03
   2.0800000e+01  -3.3605000e-01  -1.3902300e-02  -7.3673924e-03
   2.1000000e+01  -3.2423300e-01  -1.1448600e-02  -1.0322956e-02
   2.1200000e+01  -3.0755900e-01  -1.5438300e-02  -4.3440705e-03
   2.1400000e+01  -2.4306100e-01  -1.5867100e-02   6.4664707e-03
   2.1600000e+01  -2.1981100e-01  -1.0389400e-02  -1.0335546e-02
   2.1800000e+01  -2.1034400e-01  -9.9012400e-03  -1.3203822e-02
   2.2000000e+01  -1.8519700e-01  -1.4560600e-02  -9.9909580e-03
   2.2200000e+01  -1.3531900e-01  -1.2380700e-02  -6.0194884e-03
   2.2400000e+01  -8.9181500e-02  -1.0212000e-02  -7.2909224e-03
   2.2600000e+01  -4.4051100e-02  -7.1726100e-03  -1.3798874e-02
   2.2800000e+01   8.0700600e-03  -5.8416300e-03  -1.5377079e-02
   2.3000000e+01   6.1355100e-02  -7.8652900e-03  -1.7270579e-02
   2.3200000e+01   1.0146600e-01  -7.5373800e-03  -1.6511922e-02
   2.3400000e+01   1.3429800e-01  -8.0086300e-03  -1.6406331e-02
   2.3600000e+01   1.6111300e-01  -8.2366600e-03  -1.6964359e-02
   2.3800000e+01   1.7840200e-01  -7.4943100e-03  -1.6484211e-02
   2.4000000e+01   1.8851600e-01  -8.1831100e-03  -1.5225455e-02
   2.4200000e+01   1.8884600e-01  -9.5800000e-03  -1.4927942e-02
   2.4400000e+01   1.8889200e-01  -9.6316300e-03  -1.5862203e-02
   2.4600000e+01   1.9453100e-01  -9.1164600e-03  -1.5422708e-02
   2.4800000e+01   1.9975600e-01  -1.0223000e-02  -1.4581053e-02
   2.5000000e+01   1.9873500e-01  -1.1157000e-02  -1.4357784e-02
   2.5200000e+01   1.9131400e-01  -1.1052400e-02  -1.5166862e-02
   2.5400000e+01   1.8059400e-01  -1.0775000e-02  -1.5717263e-02
   2.5600000e+01   1.7167000e-01  -1.0703600e-02  -1.3956556e-02
   2.5800000e+01   1.6660600e-01  -1.1110800e-02  -9.2508274e-03
   2.6000000e+01   1.6172900e-01  -1.1359000e-02  -5.6635095e-03
   2.6200000e+01   1.5039800e-01  -1.0734400e-02  -6.9437344e-03
   2.6400000e+01   1.2821900e-01  -9.6343100e-03  -1.0881084e-02
   2.6600000e+01   1.0251600e-01  -9.1109200e-03  -1.0968289e-02
   2.6800000e+01   7.6418800e-02  -9.2818900e-03  -7.7862217e-03
   2.7000000e+01   5.2174400e-02  -1.0716600e-02  -2.9233555e-03
   2.7200000e+01   3.2155400e-02  -1.5614800e-02   2.1300371e-04
   2.7400000e+01   1.7732700e-02  -1.9495800e-02   4.2004809e-04
   2.7600000e+01   9.5231800e-03  -1.7406100e-02  -9.5894588e-04
   2.7800000e+01   8.2295100e-03  -1.2442000e-02  -5.6338734e-04
   2.8000000e+01   1.2775800e-02  -1.0502000e-02   1.3384786e-03
   2.8200000e+01   2.2707200e-02  -1.1248000e-02   2.4507355e-03
   2.8400000e+01   3.3652900e-02  -1.2035400e-02  -8.5927739e-04
   2.8600000e+01   3.9319400e-02  -1.1274500e-02  -6.4526635e-03
   2.8800000e+01   3.8504000e-02  -1.0221000e-02  -9.2943458e-03
   2.9000000e+01   3.6518300e-02  -9.7229100e-03  -8.8261535e-03
   2.9200000e+01   3.7122900e-02  -1.0329300e-02  -6.6596844e-03
   2.9400000e+01   4.0932600e-02  -1.1600100e-02  -4.8201156e-03
   2.9600000e+01   4.7245900e-02  -1.2715500e-02  -2.9971774e-03
   2.9800000e+01   5.5379200e-02  -1.3265500e-02  -1.4840492e-03
   3.0000000e+01   6.3600800e-02  -1.1743000e-02  -5.6677188e-04
   3.0200000e+01   6.8186400e-02  -9.3337000e-03  -3.0675590e-03
   3.0400000e+01   6.6781000e-02  -8.2080900e-03  -6.5970976e-03
   3.0600000e+01   6.1149100e-02  -7.8021900e-03  -7.8492083e-03
   3.0800000e+01   5.4015100e-02  -7.8207600e-03  -7.9830254e-03
   3.1000000e+01   4.7520600e-02  -7.9207300e-03  -8.1531686e-03
   3.1200000e+01   4.2289500e-02  -7.9457900e-03  -8.4167663e-03
   3.1400000e+01   3.8560500e-02  -8.0318400e-03  -8.5056297e-03
   3.1600000e+01   3.4937500e-02  -8.1064100e-03  -8.3974272e-03
   3.1800000e+01   2.7704200e-02  -8.0446000e-03  -8.4559572e-03
   3.2000000e+01   1.3804300e-02  -7.9552700e-03  -8.6628315e-03
   3.2200000e+01  -1.2087700e-02  -8.2843100e-03  -8.7198656e-03
   3.2400000e+01  -5.1419200e-02  -9.3213300e-03  -8.9724990e-03
   3.2600000e+01  -9.2201400e-02  -9.4188300e-03  -8.9738679e-03
   3.2800000e+01  -1.2107000e-01  -8.7842200e-03  -8.1534416e-03
   3.3000000e+01  -1.3975600e-01  -9.1593700e-03  -6.9645058e-03
   3.3200000e+01  -1.5823200e-01  -9.5280900e-03  -7.8420749e-03
   3.3400000e+01  -1.7827900e-01  -9.0056700e-03  -7.9779656e-03
   3.3600000e+01  -1.9591600e-01  -9.2551200e-03  -7.0030782e-03
   3.3800000e+01  -2.1008400e-01  -9.8369800e-03  -6.7668120e-03
   3.4000000e+01  -2.2031500e-01  -9.6752900e-03  -6.9880929e-03
   3.4200000e+01  -2.3104300e-01  -8.9730100e-03  -8.2262552e-03
   3.4400000e+01  -2.4603200e-01  -8.2449500e-03  -9.6922790e-03
   3.4600000e+01  -2.5364100e-01  -8.3442500e-03  -8.3615864e-03
   3.4800000e+01  -2.6250000e-01  -1.0032100e-02  -6.1701240e-03
   3.5000000e+01  -2.9048500e-01  -1.2161700e-02  -3.5572718e-03
   3.5200000e+01  -3.1366400e-01  -1.3021500e-02  -3.4845077e-03
   3.5400000e+01  -3.2108600e-01  -1.2807800e-02  -4.4796694e-03
   3.5600000e+01  -3.3942300e-01  -1.2177900e-02  -4.7909653e-03
   3.5800000e+01  -3.4347100e-01  -1.1694700e-02  -4.9892166e-03
   3.6000000e+01  -3.3413100e-01  -1.0404500e-02  -4.9355567e-03
   3.6200000e+01  -3.2459600e-01  -8.4117300e-03  -5.4507391e-03
   3.6400000e+01  -3.3244900e-01  -6.4271000e-03  -7.0436823e-03
   3.6600000e+01  -3.5471600e-01  -4.7664300e-03  -9.2227879e-03
   3.6800000e+01  -3.4847600e-01  -3.2603600e-03  -1.0078738e-02
   3.7000000e+01  -3.1954200e-01  -2.3433300e-03  -1.0492855e-02
   3.7200000e+01  -2.7758000e-01  -1.8540300e-03  -1.1320969e-02
   3.7400000e+01  -2.3253000e-01  -1.7924400e-03  -1.1592895e-02
   3.7600000e+01  -1.9865700e-01  -3.6378400e-03  -1.1955957e-02
   3.7800000e+01  -2.0830200e-01  -4.3811000e-03  -1.4111717e-02
   3.8000000e+01  -2.4063500e-01  -2.6672800e-03  -3.1242443e-03
   3.8200000e+01  -2.7465600e-01   4.5624800e-03   2.5594011e-02
   3.8400000e+01  -2.6164400e-01   1.1252800e-02   1.9321231e-02
   3.8600000e+01  -1.7731800e-01   7.3323300e-03   1.1687787e-02
   3.8800000e+01  -1.1131000e-01   1.0073100e-02  -3.1355635e-04
   3.9000000e+01  -1.0223300e-01   1.4515400e-02  -6.7240976e-04
   3.9200000e+01  -1.0907600e-01   1.5101600e-02   9.6728792e-03
   3.9400000e+01  -1.1386800e-01   1.6347600e-02   2.7318253e-03
   3.9600000e+01  -1.0997700e-01   1.2677800e-02  -1.0079329e-02
   3.9800000e+01  -1.1193300e-01   1.9896700e-03  -1.8607466e-02
   4.0000000e+01  -1.2505100e-01  -1.1558200e-03  -1.8573925e-02
   4.0200000e+01  -1.2863800e-01  -5.9274600e-04  -1.9564712e-02
   4.0400000e+01  -1.2453800e-01   2.7223600e-03  -1.7854382e-02
   4.0600000e+01  -1.1519000e-01   3.7695600e-03  -1.4546550e-02
   4.0800000e+01  -4.6146900e-03  -7.6519300e-03   1.3701446e-02
   4.1000000e+01   2.3978800e-01  -2.1757800e-02   2.4757828e-02
   4.1200000e+01   2.5004000e-01  -5.3215500e-03  -6.6984625e-03
   4.1400000e+01   2.7448000e-01  -4.1843100e-03  -1.0033424e-02
   4.1600000e+01   2.8208000e-01  -3.2273300e-03  -9.1231364e-03
   4.1800000e+01   2.8784000e-01  -2.3597900e-03  -5.4335743e-03
   4.2000000e+01   2.8446000e-01  -2.4403200e-03  -8.0693633e-03
   4.2200000e+01   2.7461700e-01  -2.2200200e-03  -6.0267797e-03
   4.2400000e+01   2.6963200e-01  -2.3386200e-03  -3.4806698e-04
   4.2600000e+01   2.7364200e-01  -2.2038800e-03   6.3752711e-03
   4.2800000e+01   2.7820200e-01  -3.8699800e-03   7.4110980e-03
   4.3000000e+01   2.7388300e-01  -4.0619100e-03   5.3408056e-03
   4.3200000e+01   2.7118100e-01  -1.8529100e-03   6.5014339e-03
   4.3400000e+01   2.7106000e-01   1.7991300e-03   8.3154523e-03
   4.3600000e+01   2.6903800e-01   2.7840900e-03   1.0622199e-02
   4.3800000e+01   2.5903300e-01   2.6258400e-03   8.0243594e-03
   4.4000000e+01   2.4439300e-01   7.3308900e-03   7.5958097e-03
   4.4200000e+01   2.3230500e-01   1.1609900e-02   8.4325492e-03
   4.4400000e+01   2.1617400e-01   1.2168900e-02   6.5588893e-03
   4.4600000e+01   1.9986300e-01   1.0278500e-02   5.7539538e-03
