   0.0000000e+00   7.6205500e-09  -6.8365300e-17  -2.4888547e-11
   2.0000000e-01   1.1592000e-08   3.9789300e-16  -3.7858992e-11
   4.0000000e-01   1.6147500e-08  -1.1448300e-15  -5.2738397e-11
   6.0000000e-01   2.0926500e-08  -1.3844800e-15  -6.8346037e-11
   8.0000000e-01   2.6660700e-08  -3.2466800e-15  -8.7073738e-11
   1.0000000e+00   3.3273000e-08  -3.0983800e-15  -1.0866978e-10
   1.2000000e+00   4.0982900e-08  -3.8289000e-15  -1.3385152e-10
   1.4000000e+00   4.9509800e-08  -6.4431100e-15  -1.6169795e-10
   1.6000000e+00   6.0163800e-08  -1.2900400e-14  -1.9649278e-10
   1.8000000e+00   7.2939400e-08  -2.0271200e-14  -2.3822251e-10
   2.0000000e+00   8.7423900e-08  -2.4433400e-14  -2.8560940e-10
   2.2000000e+00   1.0589000e-07  -3.2536300e-14  -3.4583816e-10
   2.4000000e+00   1.2800900e-07  -3.6113500e-14  -4.1807936e-10
   2.6000000e+00   1.5266800e-07  -2.8990200e-14  -4.9860583e-10
   2.8000000e+00   1.8435800e-07  -2.6440800e-14  -6.0209130e-10
   3.0000000e+00   2.2308600e-07   1.2819100e-12  -7.2687337e-10
   3.2000000e+00   2.6859200e-07   6.3782200e-12  -8.7107344e-10
   3.4000000e+00   3.2452500e-07   2.7728200e-11  -1.0194163e-09
   3.6000000e+00   3.9164200e-07   5.5595200e-10  -4.4302762e-10
   3.8000000e+00   4.8014900e-07   4.1240900e-09   2.8373634e-09
   4.0000000e+00   5.9540300e-07   1.4358100e-08   9.4975878e-09
   4.2000000e+00   7.4984700e-07   3.6228800e-08   2.1050554e-08
   4.4000000e+00   9.6400400e-07   7.6584900e-08   3.8774696e-08
   4.6000000e+00   1.2154500e-05  -7.1449200e-07   1.3755714e-06
   4.8000000e+00   2.0852900e+00   1.3066900e-01   9.4253625e-03
   5.0000000e+00   2.0334100e+00   1.1510800e-01  -8.7447159e-03
   5.2000000e+00   1.8651200e+00   1.7689500e-01   1.7800864e-02
   5.4000000e+00   1.6714300e+00   3.2417400e-01   1.9550368e-02
   5.6000000e+00   1.5275900e+00   3.4659200e-01   1.5925036e-02
   5.8000000e+00   1.4046700e+00   3.1274100e-01   1.9803091e-02
   6.0000000e+00   1.2888100e+00   2.7490200e-01   3.1279961e-02
   6.2000000e+00   1.2074900e+00   9.6251300e-02   2.6583636e-02
   6.4000000e+00   1.1631000e+00  -1.1848700e-02  -2.5728460e-02
   6.6000000e+00   1.1152900e+00  -2.2571900e-02  -2.6259342e-02
   6.8000000e+00   1.0679500e+00  -2.9047600e-02  -3.1751451e-02
   7.0000000e+00   1.0216100e+00  -1.9041300e-02  -3.0201619e-02
   7.2000000e+00   9.6669700e-01  -3.0482100e-03  -2.7618570e-02
   7.4000000e+00   9.0754400e-01   1.4048200e-02  -2.6409417e-02
   7.6000000e+00   8.5428300e-01   3.2063300e-02  -2.6099013e-02
   7.8000000e+00   7.9974700e-01   5.8684700e-02  -2.7235901e-02
   8.0000000e+00   7.4545200e-01   8.2092500e-02  -2.8227013e-02
   8.2000000e+00   6.9809800e-01   1.0526300e-01  -2.5802714e-02
   8.4000000e+00   6.5411500e-01   1.2163600e-01  -2.6033157e-02
   8.6000000e+00   6.1686500e-01   1.3205100e-01  -2.3491464e-02
   8.8000000e+00   5.7800000e-01   1.3798900e-01  -2.3879893e-02
   9.0000000e+00   5.3954200e-01   1.4789100e-01  -2.1146054e-02
   9.2000000e+00   4.8885300e-01   1.6929400e-01  -1.8958232e-02
   9.4000000e+00   4.4234900e-01   1.8842400e-01  -1.7462585e-02
   9.6000000e+00   4.0755900e-01   1.9540200e-01  -1.6503594e-02
   9.8000000e+00   3.8129400e-01   1.9293300e-01  -1.7210002e-02
   1.0000000e+01   3.5077800e-01   1.9255500e-01  -1.5665038e-02
   1.0200000e+01   3.1734400e-01   1.9818100e-01  -1.4722392e-02
   1.0400000e+01   2.8294300e-01   2.0523500e-01  -1.3856893e-02
   1.0600000e+01   2.5185200e-01   2.0535700e-01  -1.4281801e-02
   1.0800000e+01   2.3105700e-01   1.9834800e-01  -1.4367204e-02
   1.1000000e+01   2.0553300e-01   1.9278100e-01  -1.4132430e-02
   1.1200000e+01   1.7146400e-01   2.0166600e-01  -1.0562075e-02
   1.1400000e+01   1.4166800e-01   2.0869000e-01  -1.0247885e-02
   1.1600000e+01   1.2301700e-01   2.0236200e-01  -9.9772002e-03
   1.1800000e+01   1.1135900e-01   1.8799000e-01  -1.1123940e-02
   1.2000000e+01   1.0027000e-01   1.7593000e-01  -1.1180709e-02
   1.2200000e+01   8.4482800e-02   1.6750400e-01  -1.1117531e-02
   1.2400000e+01   5.8887700e-02   1.7217600e-01  -9.9572946e-03
   1.2600000e+01   2.4966700e-02   1.8728500e-01  -9.6755493e-03
   1.2800000e+01   5.2705600e-03   1.8956900e-01  -1.0468566e-02
   1.3000000e+01  -1.5544000e-03   1.7861300e-01  -1.0870901e-02
   1.3200000e+01  -7.2107500e-03   1.6546500e-01  -1.0850642e-02
   1.3400000e+01  -1.1904800e-02   1.6122200e-01  -4.7877986e-03
   1.3600000e+01  -7.4455100e-03   1.8374200e-01   2.0073911e-02
   1.3800000e+01   4.8693200e-03   2.8696000e-01   5.8486042e-02
   1.4000000e+01  -9.8824600e-03   3.0771100e-01  -8.0600322e-03
   1.4200000e+01  -2.0906000e-02   2.9482600e-01  -1.3396950e-02
   1.4400000e+01  -3.0319400e-02   2.8831400e-01   1.8653821e-02
   1.4600000e+01  -4.5712100e-02   2.8483200e-01   1.1534356e-01
   1.4800000e+01  -2.3112900e-02   2.1217800e-01   1.3570336e-01
   1.5000000e+01  -1.2000700e-02   1.3325700e-01   6.4485130e-02
   1.5200000e+01  -6.9552200e-01   1.0497900e-03  -9.6546495e-02
   1.5400000e+01  -6.9878000e-01  -3.8491800e-02  -5.2005576e-02
   1.5600000e+01  -6.8080900e-01  -9.3216000e-02  -1.8954500e-02
   1.5800000e+01  -4.5401000e-01  -1.8027900e-01  -1.5745442e-02
   1.6000000e+01  -3.5684100e-01  -2.2198400e-01   2.4845040e-02
   1.6200000e+01  -3.5273300e-01  -2.4676200e-01   3.9093609e-02
   1.6400000e+01  -3.5836300e-01  -2.6085700e-01   4.2953858e-02
   1.6600000e+01  -3.6224800e-01  -2.6822500e-01   4.3129000e-02
   1.6800000e+01  -3.5327000e-01  -2.6943500e-01   4.6920087e-02
   1.7000000e+01  -3.3718900e-01  -2.7243600e-01   4.9481842e-02
   1.7200000e+01  -3.3594000e-01  -2.6762600e-01   4.5180573e-02
   1.7400000e+01  -3.3788500e-01  -2.4246700e-01   4.9025221e-02
   1.7600000e+01  -2.9982100e-01  -1.8366900e-01   9.8751739e-02
   1.7800000e+01  -2.7773300e-01  -1.1438000e-01   6.6120004e-02
   1.8000000e+01  -3.0032600e-01  -9.5250800e-02   1.7918630e-02
   1.8200000e+01  -3.3926600e-01  -8.6112700e-02   4.9329062e-03
   1.8400000e+01  -3.7531600e-01  -8.0394400e-02  -1.5708463e-03
   1.8600000e+01  -4.0899300e-01  -8.2885700e-02  -7.9465441e-03
   1.8800000e+01  -4.4273300e-01  -9.1805900e-02  -1.1393226e-02
   1.9000000e+01  -4.8321500e-01  -1.0467600e-01  -1.3933306e-02
   1.9200000e+01  -5.1380800e-01  -1.1405800e-01  -1.0623657e-02
   1.9400000e+01  -5.4385400e-01  -1.1994100e-01  -9.4774175e-03
   1.9600000e+01  -5.6582000e-01  -1.2516300e-01  -9.4582469e-03
   1.9800000e+01  -5.8470700e-01  -1.2841300e-01  -8.2977420e-03
   2.0000000e+01  -6.1486600e-01  -1.2619800e-01  -8.7746486e-03
   2.0200000e+01  -6.5115900e-01  -1.1850000e-01  -1.1023566e-02
   2.0400000e+01  -6.6736700e-01  -1.1395500e-01  -1.3128364e-02
   2.0600000e+01  -5.7949500e-01  -1.4107000e-01  -3.1999929e-02
   2.0800000e+01  -5.0975300e-01  -1.6311000e-01  -1.3958785e-02
   2.1000000e+01  -5.0795800e-01  -1.6417200e-01  -6.9927066e-03
   2.1200000e+01  -4.9452100e-01  -1.7026800e-01  -1.8189080e-03
   2.1400000e+01  -4.6488900e-01  -1.7605500e-01   6.8939602e-03
   2.1600000e+01  -4.3919900e-01  -1.8144500e-01   1.0091420e-02
   2.1800000e+01  -2.6635400e-01  -4.1542600e-02   1.5787177e-01
   2.2000000e+01  -2.1723800e-01   2.4891000e-03   6.2269575e-03
   2.2200000e+01  -2.4694100e-01  -9.9329000e-03  -6.5124654e-03
   2.2400000e+01  -2.3341100e-01  -1.7288400e-02  -8.0005059e-03
   2.2600000e+01  -1.7562400e-01  -6.0754300e-02   3.1209307e-03
   2.2800000e+01  -1.2561800e-01  -1.5826500e-01  -6.6000350e-03
   2.3000000e+01  -1.5354700e-01  -1.6022000e-01  -1.1129459e-02
   2.3200000e+01  -1.8476700e-01  -1.5507300e-01  -9.3630016e-03
   2.3400000e+01  -1.9572000e-01  -1.5837400e-01  -2.9565459e-03
   2.3600000e+01  -1.8312400e-01  -1.5732900e-01   2.3917978e-03
   2.3800000e+01  -1.5943500e-01  -1.5635300e-01   2.2141121e-03
   2.4000000e+01  -1.4353100e-01  -1.5661900e-01   6.1711785e-03
   2.4200000e+01  -1.0614300e-01  -1.6075200e-01   5.7574240e-03
   2.4400000e+01  -6.5970100e-02  -1.7279000e-01  -5.7056154e-03
   2.4600000e+01  -6.1597600e-02  -1.8587500e-01  -5.9987229e-03
   2.4800000e+01  -6.8166000e-02  -2.1196400e-01  -3.9250421e-03
   2.5000000e+01  -7.4257800e-02  -2.4171000e-01  -6.5108051e-03
   2.5200000e+01  -8.0582600e-02  -2.5808400e-01  -7.1768407e-03
   2.5400000e+01  -8.9857000e-02  -2.6874900e-01  -7.0708900e-03
   2.5600000e+01  -9.8664000e-02  -2.7813300e-01  -8.1107732e-03
   2.5800000e+01  -1.0531200e-01  -2.8703700e-01  -8.1275424e-03
   2.6000000e+01  -1.1186600e-01  -2.9449800e-01  -7.9423488e-03
   2.6200000e+01  -1.1629300e-01  -2.9801400e-01  -7.0499683e-03
   2.6400000e+01  -1.1277200e-01  -2.9815600e-01  -7.2294782e-03
   2.6600000e+01  -9.7858000e-02  -2.9630400e-01  -6.6889025e-03
   2.6800000e+01  -7.7912000e-02  -2.9089800e-01  -2.8028437e-03
   2.7000000e+01  -5.8734700e-02  -2.7039000e-01   9.9794626e-03
   2.7200000e+01  -5.0820500e-02  -2.5097400e-01   1.0294885e-02
   2.7400000e+01  -5.5703000e-02  -2.4495500e-01  -6.6119957e-04
   2.7600000e+01  -6.5750500e-02  -2.4794000e-01  -8.1637890e-03
   2.7800000e+01  -7.5555600e-02  -2.5429700e-01  -1.2103156e-02
   2.8000000e+01  -8.3965400e-02  -2.5880400e-01  -1.2043435e-02
   2.8200000e+01  -9.1445900e-02  -2.6057500e-01  -1.0875847e-02
   2.8400000e+01  -9.9080700e-02  -2.5960500e-01  -9.7025240e-03
   2.8600000e+01  -1.0822400e-01  -2.5684900e-01  -8.9316091e-03
   2.8800000e+01  -1.1781900e-01  -2.5286300e-01  -8.5849374e-03
   2.9000000e+01  -1.2764400e-01  -2.4826700e-01  -8.7861885e-03
   2.9200000e+01  -1.3685000e-01  -2.4330300e-01  -9.1024062e-03
   2.9400000e+01  -1.4521500e-01  -2.3843500e-01  -9.0282371e-03
   2.9600000e+01  -1.5275200e-01  -2.3438700e-01  -9.1363213e-03
   2.9800000e+01  -1.5900800e-01  -2.3105300e-01  -9.5350703e-03
   3.0000000e+01  -1.6351600e-01  -2.2826200e-01  -9.8517985e-03
   3.0200000e+01  -1.6664000e-01  -2.2582300e-01  -9.9303602e-03
   3.0400000e+01  -1.6899300e-01  -2.2384400e-01  -9.6961973e-03
   3.0600000e+01  -1.7091800e-01  -2.2254000e-01  -9.3065065e-03
   3.0800000e+01  -1.7249400e-01  -2.2197400e-01  -8.7995043e-03
   3.1000000e+01  -1.7360200e-01  -2.2234000e-01  -8.2222216e-03
   3.1200000e+01  -1.7376500e-01  -2.2397200e-01  -7.6181037e-03
   3.1400000e+01  -1.7108800e-01  -2.2765700e-01  -6.7767383e-03
   3.1600000e+01  -1.6741100e-01  -2.3369800e-01  -5.6765136e-03
   3.1800000e+01  -1.7455700e-01  -2.4068900e-01  -5.2478373e-03
   3.2000000e+01  -2.1073900e-01  -2.4222200e-01  -8.2130691e-03
   3.2200000e+01  -2.7984500e-01  -2.2988600e-01  -1.1726357e-02
   3.2400000e+01  -3.1119900e-01  -2.2300400e-01  -7.1380274e-03
   3.2600000e+01  -3.2634600e-01  -2.1458200e-01  -2.5930461e-03
   3.2800000e+01  -4.2934900e-01  -7.1085800e-02   2.8392756e-02
   3.3000000e+01  -4.8406400e-01  -1.7384300e-02  -3.3728463e-03
   3.3200000e+01  -4.7863300e-01  -4.8790200e-02  -8.8117333e-03
   3.3400000e+01  -4.8974500e-01  -5.6038900e-02  -1.7228678e-03
   3.3600000e+01  -4.9805200e-01  -6.7083500e-02  -2.3657106e-03
   3.3800000e+01  -5.0070600e-01  -8.0320300e-02  -2.5074712e-03
   3.4000000e+01  -5.0141500e-01  -8.8161100e-02  -3.1769108e-03
   3.4200000e+01  -5.2027300e-01  -8.3034900e-02  -3.3489308e-03
   3.4400000e+01  -5.5427300e-01  -6.3958800e-02  -3.4843080e-03
   3.4600000e+01  -5.6005000e-01  -6.7695800e-02  -4.4449128e-03
   3.4800000e+01  -5.6695800e-01  -7.9287700e-02  -5.5161066e-03
   3.5000000e+01  -5.6964100e-01  -9.6363100e-02  -8.2119751e-03
   3.5200000e+01  -5.6747300e-01  -1.0963100e-01  -1.1763365e-02
   3.5400000e+01  -5.7360800e-01  -1.1458100e-01  -1.2832559e-02
   3.5600000e+01  -5.8340900e-01  -1.2173500e-01  -1.1793845e-02
   3.5800000e+01  -5.9237000e-01  -1.3478400e-01  -1.1637724e-02
   3.6000000e+01  -5.9913900e-01  -1.4598000e-01  -1.3932533e-02
   3.6200000e+01  -6.0274400e-01  -1.5543400e-01  -1.5514455e-02
   3.6400000e+01  -6.0889700e-01  -1.6461100e-01  -1.6823356e-02
   3.6600000e+01  -6.1628100e-01  -1.7304300e-01  -1.5723895e-02
   3.6800000e+01  -6.1960100e-01  -1.7983400e-01  -1.2649741e-02
   3.7000000e+01  -6.1879100e-01  -1.8617700e-01  -1.0954664e-02
   3.7200000e+01  -5.9613400e-01  -1.9330700e-01  -1.2539694e-02
   3.7400000e+01  -4.8778600e-01  -2.0442000e-01  -1.8347286e-02
   3.7600000e+01  -3.7381300e-01  -2.1145800e-01  -1.6207239e-02
   3.7800000e+01  -3.2855600e-01  -2.1125900e-01  -6.1466741e-03
   3.8000000e+01  -3.1894500e-01  -2.0914400e-01  -1.8570739e-03
   3.8200000e+01  -3.1057000e-01  -2.0645500e-01   5.6924300e-03
   3.8400000e+01  -3.0316000e-01  -1.9850000e-01   1.4753610e-02
   3.8600000e+01  -2.7565600e-01  -1.8165200e-01   2.1144011e-02
   3.8800000e+01  -2.4409600e-01  -1.6582900e-01   2.1941655e-02
   3.9000000e+01  -2.3333000e-01  -1.6085200e-01   5.4665792e-03
   3.9200000e+01  -2.1782800e-01  -1.5636300e-01   7.8965990e-03
   3.9400000e+01  -2.1594500e-01  -1.5860600e-01   5.9353937e-03
   3.9600000e+01  -2.1007200e-01  -1.5523000e-01   7.6500985e-03
   3.9800000e+01  -2.0722400e-01  -1.5565200e-01   1.2622480e-02
   4.0000000e+01  -2.1305600e-01  -1.5804100e-01   6.2550446e-03
   4.0200000e+01  -2.0933000e-01  -1.5742100e-01   8.6312938e-03
   4.0400000e+01   4.3909600e-02  -1.3371400e-01   3.4296815e-02
   4.0600000e+01   4.6141000e-01  -1.6618300e-01   4.4751087e-03
   4.0800000e+01   4.4671500e-01  -1.7338700e-01   2.7561616e-03
   4.1000000e+01   4.2437700e-01  -1.7200500e-01  -6.8910312e-03
   4.1200000e+01   4.1421700e-01  -1.6125300e-01  -9.8558764e-03
   4.1400000e+01   4.1137500e-01  -1.4138900e-01  -4.2624253e-03
   4.1600000e+01   4.1083700e-01  -1.1214900e-01  -3.4458721e-04
   4.1800000e+01   4.1407200e-01  -8.9408800e-02  -4.0664021e-03
   4.2000000e+01   4.1505200e-01  -7.9836500e-02  -6.9210040e-03
   4.2200000e+01   4.1357000e-01  -7.2734100e-02  -5.8752218e-03
   4.2400000e+01   4.0916900e-01  -5.5153400e-02  -2.5947680e-03
   4.2600000e+01   4.0521300e-01  -3.6560400e-02  -3.3783575e-03
   4.2800000e+01   4.0408400e-01  -2.4479400e-02  -5.7884098e-03
   4.3000000e+01   4.1279500e-01  -1.5912300e-02  -7.1449364e-03
   4.3200000e+01   4.2686800e-01  -7.8976100e-03  -4.6119904e-03
   4.3400000e+01   4.3507400e-01   4.1602300e-03   9.6313768e-04
   4.3600000e+01   4.3393100e-01   1.1920900e-02   4.8140079e-04
   4.3800000e+01   4.2491100e-01   1.0900700e-02  -3.6662902e-03
   4.4000000e+01   4.0961200e-01   1.1152500e-02  -4.7531442e-03
   4.4200000e+01   3.9425000e-01   1.5578300e-02  -2.7957032e-03
   4.4400000e+01   3.7752900e-01   2.5216600e-02   1.4345571e-03
   4.4600000e+01   3.6216800e-01   3.6259300e-02   2.2678236e-03
