  3.24155502E-02  1.03241135E-07  7.49498383E-08 -5.92109100E-22
   1.0055733      1.31615025E-07  9.31200930E-08 -2.06460145E-20
   2.0111277      1.68263654E-07  1.16962646E-07 -4.65429715E-20
   3.0166252      2.14282238E-07  1.47286045E-07 -7.91165169E-20
   4.0220795      2.72177829E-07  1.85813391E-07 -1.20179417E-19
   5.0275183      3.45157162E-07  2.34725263E-07 -1.71980776E-19
   6.0005326      4.33967870E-07  2.94517207E-07 -2.35197227E-19
   7.0060029      5.49487027E-07  3.72485772E-07  3.09483048E-16
   8.0114956      6.95416588E-07  4.71087560E-07  3.94464673E-16
   9.0170097      8.79606262E-07  5.95566917E-07  1.18750605E-16
   10.022537      1.11173426E-06  7.52403253E-07 -4.99452977E-18
   11.028074      1.40366740E-06  9.49548109E-07 -7.83669748E-16
   12.001194      1.75672938E-06  1.18782964E-06  1.64971389E-14
   13.006751      2.20417769E-06  1.49454956E-06  4.65087089E-14
   14.012308      2.79070537E-06  1.88475906E-06  1.13523811E-14
   15.017865      3.53336782E-06  2.38498774E-06 -2.87161269E-16
   16.023422      4.47816319E-06  3.02139279E-06 -7.91578378E-15
   17.029009      5.67431107E-06  3.82715234E-06 -3.03167322E-14
   18.002157      7.12977044E-06  4.80766266E-06 -4.27693913E-15
   19.007744      9.01800922E-06  6.07979882E-06  1.71049617E-13
   20.013330      1.13947353E-05  7.68097561E-06 -5.04547948E-14
   21.018917      1.43841307E-05  9.69452321E-06 -9.25676568E-15
   22.024504      1.81411106E-05  1.22242291E-05  4.51144384E-13
   23.030090      2.28574536E-05  1.53984038E-05 -1.19372091E-14
   24.003239      2.85569695E-05  1.92323896E-05 -3.01828739E-13
   25.008825      3.54198382E-05  2.41766738E-05  2.36464528E-14
   26.014412      4.44014258E-05  3.04509631E-05 -1.57686283E-13
   27.020041      5.69028562E-05  3.84391424E-05  8.64246717E-13
   28.025686      7.23090707E-05  4.85807759E-05  3.36876523E-13
   29.031332      9.12039177E-05  6.14594319E-05 -1.08441533E-12
   30.004538      1.14049442E-04  7.72195126E-05 -1.94412866E-14
   31.010183      1.44089398E-04  9.77613599E-05 -2.35883730E-12
   32.015827      1.82464690E-04  1.23699909E-04 -3.16896986E-12
   33.021473      2.31047787E-04  1.56419963E-04 -3.75990038E-12
   34.027119      2.92171928E-04  1.97698624E-04 -1.00005507E-12
   35.000324      3.66300344E-04  2.47920339E-04  7.58004683E-12
   36.005970      4.62582975E-04  3.13206488E-04 -2.43956331E-14
   37.011616      5.84283494E-04  3.95654264E-04  2.63801030E-11
   38.017262      7.38135073E-04  4.99788730E-04  1.49765739E-13
   39.022907      9.32496507E-04  6.31321745E-04 -4.05075143E-14
   40.028553      1.17792096E-03  7.97456945E-04  2.32441462E-11
   41.001759      1.47665199E-03  9.99709824E-04 -6.78424114E-13
   42.007404      1.86504750E-03  1.26264023E-03 -2.93059882E-11
   43.013138      2.35541561E-03  1.59452204E-03 -6.71336901E-13
   44.018902      2.97426805E-03  2.01328169E-03 -9.49276790E-13
   45.024666      3.75487725E-03  2.54143798E-03  2.63464511E-12
   46.030430      4.73904004E-03  3.20724491E-03  4.21404751E-12
   47.003750      5.93458675E-03  4.01591323E-03  1.48925542E-11
   48.009514      7.48489331E-03  5.06425649E-03  9.05117561E-12
   49.015278      9.43585485E-03  6.38308283E-03  3.87783416E-11
   50.021042      1.18886158E-02  8.04046914E-03 -2.24542208E-11
   51.026806      1.49685889E-02  1.01207132E-02 -2.04651521E-11
   52.000126      1.86920166E-02  1.26341898E-02 -4.28019287E-11
   53.005890      2.34917682E-02  1.58720836E-02 -4.73342754E-11
   54.011654      2.94882432E-02  1.99139863E-02  7.11725345E-10
   55.017418      3.69615108E-02  2.49464028E-02 -6.94302726E-10
   56.023182      4.62480523E-02  3.11925616E-02  1.47281926E-13
   57.028946      5.77475540E-02  3.89163680E-02  2.70845880E-11
   58.002266      7.14232177E-02  4.80868071E-02  1.83709514E-09
   59.008030      8.87087584E-02  5.96552156E-02  1.74833847E-09
   60.013794      0.10979426      7.37333447E-02 -7.24657140E-11
   61.019608      0.13533008      9.07348394E-02 -1.34731696E-11
   62.025490      0.16598734      0.11107816     -2.87717050E-09
   63.031372      0.20240757      0.13515063     -3.53822260E-09
   64.004807      0.24364427      0.16228347     -6.00274452E-09
   65.010689      0.29275796      0.19442925     -1.79352116E-10
   66.016571      0.34844261      0.23065139     -2.21951055E-10
   67.022453      0.41012990      0.27049556      9.16535875E-11
   68.028336      0.47653529      0.31304461     -3.29301059E-10
   69.001770      0.54326952      0.35542503     -5.60249958E-10
   70.007652      0.61178929      0.39850083      3.34365508E-10
   71.013535      0.67598891      0.43837607     -4.38553305E-10
   72.019508      0.73140430      0.47226799      5.78330939E-10
   73.025627      0.77353895      0.49742988     -2.57268118E-09
   74.031746      0.79854417      0.51155335      2.81162676E-10
   75.005424      0.80404103      0.51331192      9.76737358E-09
   76.012154      0.78971320      0.50244528      5.87699112E-10
   77.020569      0.75621367      0.47942910      1.14407366E-10
   78.031807      0.70639014      0.44602102      8.99066654E-11
   79.013992      0.64644313      0.40614638      1.42799115E-08
   80.000313      0.57918096      0.36147928     -1.01768789E-08
   81.024246      0.50637555      0.31305775      2.16584128E-09
   82.019806      0.43647087      0.26641539      1.42313139E-09
   83.019913      0.37004325      0.22191289      1.16000742E-09
   84.024300      0.30915460      0.18093842      8.43154324E-10
   85.032570      0.25506711      0.14437097      5.33029731E-10
   86.010506      0.20979023      0.11361691     -3.21242744E-09
   87.025085      0.17023715      8.66215378E-02  6.11610040E-10
   88.008240      0.13871473      6.49969056E-02  3.71946274E-09
   89.027306      0.11244740      4.68743108E-02  7.15965287E-10
   90.013977      9.24627632E-02  3.29941250E-02  6.28442631E-10
   91.001846      7.70111531E-02  2.21777223E-02  6.69982625E-10
   92.024765      6.49586767E-02  1.36587378E-02  9.71568603E-10
   93.014282      5.63287251E-02  7.48742186E-03  6.90919877E-10
   94.004295      4.99647260E-02  2.87591200E-03  6.56110499E-10
   95.028542      4.51197438E-02 -6.85293460E-04  6.17134788E-10
   96.018646      4.15967852E-02 -3.30792135E-03  6.42334685E-10
   97.008751      3.88157740E-02 -5.39386598E-03  6.98348823E-10
   98.032997      3.64194848E-02 -7.19173020E-03  5.74155501E-10
   99.023102      3.43836844E-02 -8.71035270E-03  3.58672869E-10
   100.01309      3.25316414E-02 -1.00821825E-02  5.17724530E-10
   101.00298      3.08390260E-02 -1.13315117E-02  6.02077055E-10
   102.02699      2.92750113E-02 -1.24903331E-02  1.93353333E-10
   103.01688      2.79815383E-02 -1.34627018E-02 -2.65087813E-11
   104.00676      2.69379616E-02 -1.42706987E-02  3.60126429E-10
   105.03078      2.61407457E-02 -1.49233025E-02  7.39516504E-10
   106.02066      2.56368667E-02 -1.53819062E-02  2.74769096E-10
   107.01054      2.53639594E-02 -1.56912822E-02  2.26099639E-10
   108.00043      2.52711214E-02 -1.58832688E-02  2.40620690E-10
   109.02444      2.52911188E-02 -1.59992296E-02  7.07689907E-10
   110.01433      2.53694169E-02 -1.60710737E-02  5.08619646E-10
   111.00421      2.54493468E-02 -1.61356367E-02  4.70291139E-10
   112.02823      2.54977122E-02 -1.62176155E-02  1.86803073E-10
   113.01811      2.55024321E-02 -1.63212940E-02  1.65097214E-10
   114.00800      2.54627019E-02 -1.64470039E-02  4.30123326E-10
   115.03201      2.53887326E-02 -1.65893063E-02  1.38484599E-10
   116.02190      2.53154077E-02 -1.67242717E-02  7.00247194E-10
   117.01178      2.52664238E-02 -1.68426950E-02  5.57975388E-10
   118.00166      2.52541509E-02 -1.69347785E-02  3.47711693E-10
   119.02568      2.52808426E-02 -1.69983990E-02 -6.44238607E-10
   120.01556      2.53402572E-02 -1.70314219E-02  9.63910549E-11
   121.00545      2.54127569E-02 -1.70428976E-02 -4.80755713E-11
   122.02946      2.54830942E-02 -1.70409009E-02  3.75947502E-11
   123.01935      2.55286451E-02 -1.70327034E-02 -4.82681728E-10
   124.00923      2.55409144E-02 -1.70220491E-02 -4.37637815E-10
   125.03325      2.55135261E-02 -1.70078967E-02  3.48702907E-11
   126.02313      2.54429020E-02 -1.69865135E-02  3.23531091E-10
   127.01302      2.53312066E-02 -1.69498213E-02  7.60826402E-10
   128.00290      2.51830239E-02 -1.68886390E-02  7.47419293E-10
   129.02692      2.49947719E-02 -1.67900361E-02 -3.09943946E-11
   130.01680      2.47772858E-02 -1.66530795E-02 -1.34097646E-11
   131.00668      2.45169066E-02 -1.64703615E-02 -4.74291328E-10
   132.03070      2.41891686E-02 -1.62306260E-02 -3.33215122E-10
   133.02058      2.38020439E-02 -1.59490965E-02 -1.36784490E-11
   134.01047      2.33346745E-02 -1.56184891E-02 -7.87463150E-11
   135.03448      2.27599759E-02 -1.52247781E-02 -1.12593745E-11
   136.02437      2.21149102E-02 -1.47942072E-02  2.22216742E-11
   137.01425      2.13853046E-02 -1.43151544E-02  3.30592706E-11
   138.00414      2.05792785E-02 -1.37898140E-02 -3.35717038E-10
   139.02815      1.96786802E-02 -1.32025946E-02  3.34143442E-11
   140.01804      1.87612176E-02 -1.26005923E-02  1.47549417E-10
   141.00792      1.78181268E-02 -1.19759720E-02  5.65869469E-11
   142.03194      1.68382749E-02 -1.13209207E-02  6.63517088E-11
   143.02182      1.59085076E-02 -1.06955394E-02  5.51774980E-11
   144.01170      1.50158685E-02 -1.00944703E-02  5.66474298E-11
   145.03572      1.41511392E-02 -9.51428525E-03  4.73688727E-11
   146.02560      1.33891124E-02 -9.00608767E-03 -1.67723405E-10
   147.01549      1.27133559E-02 -8.55770521E-03  6.99032499E-11
   148.00537      1.21322526E-02 -8.17265641E-03 -9.21239751E-11
   149.02939      1.16326949E-02 -7.84025714E-03  5.99844063E-11
   150.01927      1.12432316E-02 -7.57848844E-03  2.36511144E-10
   151.00916      1.09358914E-02 -7.36880209E-03 -1.75343018E-10
   152.03317      1.06911585E-02 -7.19865132E-03  9.40342526E-11
   153.02306      1.05118901E-02 -7.07156537E-03  5.59752557E-11
   154.01294      1.03766099E-02 -6.97437162E-03  5.43407958E-11
   155.03696      1.02720764E-02 -6.89947512E-03  2.97327218E-10
   156.02684      1.01976180E-02 -6.84769358E-03  2.80083845E-10
   157.01672      1.01449462E-02 -6.81321556E-03  2.72320055E-10
   158.00661      1.01124197E-02 -6.79380167E-03  7.76276612E-11
   159.03062      1.00998906E-02 -6.78751199E-03  7.79073056E-11
   160.02051      1.01063810E-02 -6.79279305E-03  8.06871028E-11
   161.01039      1.01302713E-02 -6.80755032E-03  1.18915822E-10
   162.03441      1.01693487E-02 -6.83127390E-03  7.55808055E-11
   163.02429      1.02177178E-02 -6.86141895E-03  2.55271526E-10
   164.01418      1.02747809E-02 -6.89854100E-03  5.77135943E-11
   165.03819      1.03438590E-02 -6.94530224E-03  3.92708331E-11
   166.02808      1.04238223E-02 -7.00077089E-03  4.62103238E-11
   167.01796      1.05221532E-02 -7.06956908E-03  2.45804210E-10
   168.00784      1.06455609E-02 -7.15580070E-03  6.16085100E-11
   169.03186      1.08079538E-02 -7.26851961E-03 -9.28998961E-11
   170.02174      1.10076703E-02 -7.40599260E-03 -1.82243165E-10
   171.01163      1.12596415E-02 -7.57819321E-03  5.34623457E-11
   172.03564      1.15876989E-02 -7.80149596E-03 -1.85055110E-10
   173.02553      1.19843110E-02 -8.07141606E-03  4.83983305E-11
   174.01541      1.24766640E-02 -8.40728357E-03  2.06456852E-10
   175.00529      1.30870575E-02 -8.82478897E-03  5.68005330E-11
   176.02931      1.38728675E-02 -9.36303660E-03 -1.81247184E-10
   177.01920      1.48176625E-02 -1.00099538E-02  5.21046886E-11
   178.00908      1.59867965E-02 -1.08092902E-02  4.80904899E-11
   179.03310      1.74845606E-02 -1.18315034E-02  3.35705561E-11
   180.02298      1.92699246E-02 -1.30481804E-02  4.12021695E-10
   181.01286      2.14543343E-02 -1.45351160E-02 -3.05790081E-11
   182.03688      2.42160242E-02 -1.64131913E-02  6.35438924E-12
   183.02676      2.74615511E-02 -1.86181981E-02  4.72850703E-10
   184.01624      3.13728675E-02 -2.12729052E-02 -6.61715127E-12
   185.03963      3.62359919E-02 -2.45701522E-02 -7.23687499E-10
   186.02856      4.18496951E-02 -2.83723511E-02  6.63538252E-11
   187.01707      4.84922975E-02 -3.28671746E-02  9.47803294E-12
   188.03914      5.65985441E-02 -3.83481011E-02  9.90925897E-10
   189.02660      6.57918006E-02 -4.45610695E-02  1.06023978E-09
   190.01340      7.65049309E-02 -5.18008508E-02  2.62870864E-10
   191.03340      8.94224420E-02 -6.05339259E-02 -3.15839133E-09
   192.01848      0.10396937     -7.03766644E-02  2.20857804E-10
   193.03645      0.12153805     -8.22766721E-02  1.91200256E-09
   194.01923      0.14144661     -9.57754701E-02  1.97824569E-11
   195.03436      0.16573584     -0.11225468      2.38071007E-09
   196.01395      0.19359496     -0.13115162      1.51650206E-10
   197.02522      0.22796324     -0.15442832      1.24588853E-10
   198.03394      0.26912439     -0.18221548      2.85618473E-11
   199.00615      0.31643382     -0.21399091     -6.22620533E-09
   200.00842      0.37396240     -0.25235638      7.02704739E-09
   201.00665      0.44035268     -0.29622585      3.78253429E-10
   202.03336      0.51710325     -0.34637621     -1.14871739E-08
   203.02191      0.59632623     -0.39748845      2.22373370E-10
   204.03815      0.67795074     -0.44942772     -1.20845396E-08
   205.01680      0.74949408     -0.49429438     -1.48307491E-08
   206.02393      0.80683041     -0.52969348      1.56724494E-11
   207.02812      0.83852684     -0.54882371      9.11952736E-10
   208.03108      0.83815718     -0.54806995      2.37377590E-10
   209.03389      0.80386573     -0.52649850      1.21924404E-09
   210.03714      0.73945034     -0.48643777     -1.76402448E-10
   211.00806      0.65680981     -0.43501711      6.67261912E-10
   212.01134      0.56197405     -0.37565178      1.46658241E-08
   213.01462      0.46947122     -0.31713542      9.69717709E-11
   214.01790      0.38912916     -0.26552111      4.50264548E-11
   215.02118      0.32697344     -0.22465135      1.40601553E-09
   216.02446      0.28467363     -0.19574234      2.62392330E-11
   217.02777      0.25984803     -0.17751910     -3.61325581E-10
   218.03152      0.24702843     -0.16679843     -1.65904845E-10
   219.03528      0.23911369     -0.15938525     -2.22436958E-09
   220.00665      0.22951746     -0.15143764      6.13148776E-09
   221.01041      0.21246798     -0.13934951      2.11045043E-10
   222.01416      0.18583928     -0.12186038      1.53536905E-12
   223.01791      0.15053263     -9.93794203E-02 -2.99142000E-09
   224.02167      0.11013659     -7.38983154E-02  1.39006862E-12
   225.02542      6.96250349E-02 -4.82680090E-02  1.58203939E-09
   226.02922      3.38249393E-02 -2.53234562E-02  3.46515650E-10
   227.03345      6.13760017E-03 -7.12702144E-03  5.62693780E-11
   228.03767     -1.21688610E-02  5.47338836E-03  3.67886277E-10
   229.00951     -2.17883512E-02  1.27245244E-02  1.02040119E-10
   230.01373     -2.57967673E-02  1.64446365E-02  4.08098166E-10
   231.01796     -2.69479472E-02  1.81238223E-02  1.37147196E-10
   232.02219     -2.81170122E-02  1.94325708E-02 -6.11682593E-10
   233.02641     -3.10494192E-02  2.14220919E-02 -1.93963345E-10
   234.03064     -3.59687954E-02  2.42971685E-02  1.43561954E-10
   235.03487     -4.17199433E-02  2.74821874E-02  1.31612748E-10
   236.00670     -4.62579131E-02  2.98846141E-02  2.10955003E-11
   237.01109     -4.80154529E-02  3.06391045E-02  9.85685977E-11
   238.01579     -4.56353128E-02  2.89883632E-02 -6.72827349E-10
   239.02049     -3.91016379E-02  2.49286015E-02  2.24862032E-10
   240.02519     -2.96145715E-02  1.91408452E-02  1.63693809E-10
   241.02989     -1.92174651E-02  1.27894962E-02  2.06456408E-10
   242.03459     -1.01640634E-02  7.16484804E-03  1.23454635E-10
   243.00688     -4.35931375E-03  3.38413799E-03  2.27071112E-10
   244.01158     -2.19334569E-03  1.66456599E-03  4.86575225E-11
   245.01628     -3.56323016E-03  2.00369768E-03  9.30905839E-11
   246.02098     -7.17740878E-03  3.70566896E-03 -1.03775322E-12
   247.02568     -1.13254320E-02  5.82508091E-03  9.27774177E-11
   248.03038     -1.44992676E-02  7.50966556E-03 -8.17343970E-11
   249.03523     -1.58860758E-02  8.27645883E-03  7.07665593E-11
   250.00798     -1.56039968E-02  8.14131368E-03  1.13709736E-10
   251.01315     -1.44132357E-02  7.48084160E-03  1.29975503E-10
   252.01833     -1.34029770E-02  6.85122563E-03  1.39607756E-10
   253.02350     -1.34520307E-02  6.70910068E-03  1.38290698E-10
   254.02867     -1.47952251E-02  7.18664378E-03  3.21141780E-10
   255.03384     -1.69393420E-02  8.04155599E-03  2.88612717E-10
   256.00659     -1.88539885E-02  8.77278950E-03  4.05529221E-10
   257.01224     -1.97135471E-02  8.96715373E-03  3.83577892E-10
   258.01788     -1.89808290E-02  8.37873202E-03 -1.07113110E-10
   259.02353     -1.69391967E-02  7.17951125E-03  3.61241287E-10
   260.02917     -1.45527814E-02  5.86864166E-03  2.04292916E-10
   261.03482     -1.29980631E-02  5.04161604E-03  2.18900204E-10
   262.00803     -1.30535150E-02  5.08253323E-03  9.89027471E-11
   263.01367     -1.47443283E-02  6.00280613E-03  9.38907216E-11
   264.01932     -1.73127297E-02  7.42486166E-03  8.98819214E-11
   265.02496     -1.95271447E-02  8.74146633E-03  8.26958918E-11
   266.03061     -2.03384683E-02  9.43546835E-03  2.47489057E-10
   267.03625     -1.94108114E-02  9.34019405E-03 -3.18705812E-10
   268.00946     -1.73869133E-02  8.73829145E-03 -1.61339747E-10
   269.01511     -1.52359623E-02  8.10836256E-03  8.02551775E-11
   270.02075     -1.41289001E-02  7.98273180E-03  8.01212846E-11
   271.02640     -1.45551208E-02  8.58292263E-03  3.10498655E-10
   272.03204     -1.61366425E-02  9.71783511E-03  8.21928914E-11
   273.03769     -1.78639907E-02  1.09021030E-02  5.47788412E-11
   274.01089     -1.87005345E-02  1.16265053E-02 -7.33898498E-10
   275.01654     -1.82657614E-02  1.17200129E-02  1.07884639E-10
   276.02219     -1.69236939E-02  1.13173770E-02  1.29834116E-10
   277.02783     -1.57131646E-02  1.08777024E-02  1.14034178E-10
   278.03348     -1.56998113E-02  1.08727459E-02  9.90808408E-11
   279.00668     -1.72474384E-02  1.14708906E-02  2.35096997E-10
   280.01233     -2.00509652E-02  1.25280777E-02  9.59141794E-11
   281.01797     -2.30305251E-02  1.35707464E-02  9.43326667E-11
   282.02362     -2.51174644E-02  1.41350254E-02  4.21866569E-11
   283.02927     -2.58430596E-02  1.40376585E-02  8.84254003E-10
   284.03516     -2.56153792E-02  1.34844016E-02  1.28084640E-10
   285.00928     -2.53914781E-02  1.29526723E-02 -3.97940014E-12
   286.01587     -2.60399878E-02  1.28399041E-02  5.95001895E-11
   287.02246     -2.78320368E-02  1.33333765E-02 -3.29388156E-10
   288.02905     -3.02103590E-02  1.42366979E-02  4.39941486E-11
   289.03564     -3.21342275E-02  1.51353795E-02  4.96778618E-10
   290.00977     -3.27415690E-02  1.56641118E-02  8.42765302E-11
   291.01636     -3.19031514E-02  1.57884210E-02  7.70368769E-11
   292.02295     -3.01883873E-02  1.57302432E-02  5.24429222E-10
   293.02954     -2.85833720E-02  1.58831440E-02  1.81126954E-11
   294.03613     -2.78038159E-02  1.65139660E-02 -1.50530387E-11
   295.01025     -2.78476812E-02  1.75355412E-02  6.32357361E-12
   296.01685     -2.80640088E-02  1.86829083E-02  5.09958915E-11
   297.02344     -2.76171826E-02  1.95020251E-02  4.66810826E-11
   298.03003     -2.60861591E-02  1.97474360E-02  3.95252060E-11
   299.03662     -2.38321386E-02  1.95009932E-02  8.20011392E-10
   300.01074     -2.18438599E-02  1.91092789E-02  4.07989059E-11
   301.01733     -2.09051725E-02  1.88883170E-02  5.17065724E-10
   302.02393     -2.14308612E-02  1.89776868E-02  6.15934387E-11
   303.03052     -2.29555331E-02  1.91924013E-02 -3.73656134E-10
   304.03711     -2.45174505E-02  1.91674400E-02  6.65872427E-11
   305.01123     -2.52743885E-02  1.86436288E-02 -4.01848055E-10
   306.01782     -2.51089800E-02  1.75841339E-02  5.91089677E-12
   307.02441     -2.45054960E-02  1.62984151E-02  3.32258332E-10
   308.03101     -2.42821872E-02  1.52148372E-02  4.93480479E-10
   309.03760     -2.49266550E-02  1.46258101E-02  4.79028102E-11
   310.01172     -2.61629559E-02  1.45214312E-02  6.11795198E-11
   311.01831     -2.72969939E-02  1.46397017E-02 -4.07993805E-10
   312.02490     -2.74517220E-02  1.46819865E-02  5.38740275E-10
   313.03149     -2.63467450E-02  1.45207029E-02 -4.30792624E-10
   314.00616     -2.45025456E-02  1.42991282E-02 -4.39521808E-10
   315.01370     -2.26769093E-02  1.42799765E-02  5.90055088E-11
   316.02124     -2.16811597E-02  1.46750882E-02  3.69085110E-11
   317.02878     -2.16142330E-02  1.54264895E-02  1.00531861E-10
   318.03632     -2.19269916E-02  1.62179712E-02  3.98109601E-11
   319.01135     -2.18722280E-02  1.66589022E-02  3.44140619E-11
   320.01889     -2.10690983E-02  1.65707357E-02  8.44204151E-11
   321.02643     -1.98071450E-02  1.60135888E-02  7.81930631E-11
   322.03397     -1.88568048E-02  1.52946664E-02  5.74227471E-12
   323.00900     -1.88783109E-02  1.47395777E-02 -2.87816299E-10
   324.01654     -1.99687574E-02  1.44201443E-02  1.10378928E-10
   325.02408     -2.15220936E-02  1.42232860E-02  5.69509218E-10
   326.03162     -2.26339120E-02  1.39031643E-02  1.07651728E-10
   327.03915     -2.27179751E-02  1.33222966E-02  4.88708018E-10
   328.01419     -2.18977891E-02  1.26050394E-02 -4.05146805E-10
   329.02173     -2.07490101E-02  1.19773885E-02  1.09198588E-11
   330.02927     -1.99796185E-02  1.17279012E-02  3.76216780E-10
   331.03680     -1.98005550E-02  1.19102113E-02 -4.67370143E-10
   332.01184     -1.98164079E-02  1.23042138E-02 -4.01013944E-12
   333.01938     -1.93823949E-02  1.26153817E-02  5.51405449E-12
   334.02692     -1.81110054E-02  1.25952139E-02  1.92746132E-11
   335.03445     -1.62587464E-02  1.22417482E-02  1.04865908E-11
   336.00949     -1.46047529E-02  1.17657408E-02 -3.08719439E-11
   337.01703     -1.37232020E-02  1.13434177E-02 -2.57216748E-10
   338.02457     -1.38477162E-02  1.10425549E-02 -4.21430252E-13
   339.03210     -1.44577175E-02  1.07097467E-02  7.99061511E-12
   340.00714     -1.47574469E-02  1.01414043E-02  2.68803285E-10
   341.01468     -1.42602492E-02  9.19435546E-03  8.75267567E-12
   342.02222     -1.30377896E-02  8.00386537E-03  8.51756859E-12
   343.02975     -1.16788093E-02  6.86217193E-03  1.53541728E-11
   344.03729     -1.07558137E-02  6.03504991E-03  2.03254205E-10
   345.01233     -1.03541836E-02  5.58934547E-03  3.02388323E-11
   346.01987     -9.96965263E-03  5.32025006E-03  1.06229005E-10
   347.02740     -8.95773806E-03  4.97163087E-03  3.69957051E-11
   348.03494     -7.03397114E-03  4.37192991E-03  2.86739868E-11
   349.00998     -4.62917145E-03  3.59175703E-03 -7.65711730E-11
   350.01752     -2.33886275E-03  2.76892725E-03  3.78216694E-11
   351.02505     -8.89748451E-04  2.09903438E-03 -5.72185146E-11
   352.03259     -3.69964371E-04  1.58222660E-03 -2.21506615E-11
   353.00763     -2.45347008E-04  1.06614351E-03  3.46827983E-11
   354.01517      1.39828902E-04  3.28801631E-04  2.74965641E-11
   355.02271      1.08485506E-03 -6.53730298E-04  2.15165802E-11
   356.03024      2.29934463E-03 -1.70426094E-03 -1.85957638E-11
   357.00528      3.15540703E-03 -2.51537422E-03  2.33003374E-11
   358.01282      3.31460778E-03 -2.94454466E-03 -6.84580587E-11
   359.02036      2.90047051E-03 -2.97474884E-03 -8.71256678E-11
   360.02789      2.52356310E-03 -2.80926563E-03  6.30031027E-11
   361.03543      2.76252534E-03 -2.67416635E-03  2.31381633E-11
   362.01047      3.62581946E-03 -2.64983857E-03  2.66260503E-11
   363.01801      4.67211846E-03 -2.64280639E-03  2.35784690E-11
   364.02621      5.17704803E-03 -2.50202371E-03  3.01957417E-11
   365.03470      4.82012564E-03 -2.18117866E-03  3.08359623E-11
   366.01065      3.91823752E-03 -1.82264543E-03  7.69564829E-11
   367.01920      3.06383893E-03 -1.62092852E-03  3.07126685E-11
   368.02863      2.81196414E-03 -1.73202273E-03  2.90010741E-11
   369.00595      3.10783624E-03 -2.08050385E-03  1.24913052E-10
   370.01675      3.47809982E-03 -2.46438500E-03  1.23827254E-10
   371.02875      3.37832142E-03 -2.63598980E-03 -2.58269031E-11
   372.00970      2.75905849E-03 -2.52581458E-03  8.31469615E-11
   373.02542      2.01907614E-03 -2.24489882E-03  2.71085706E-11
   374.01059      1.78467669E-03 -2.00352515E-03  2.74283513E-11
   375.03122      2.30498426E-03 -1.89942133E-03  2.69600436E-11
   376.02115      3.18547525E-03 -1.88285019E-03  3.12153567E-11
   377.01242      3.77966929E-03 -1.79700099E-03  1.31626557E-10
   378.03598      3.60286166E-03 -1.53365033E-03  7.14498807E-11
   379.02438      2.76834704E-03 -1.17302011E-03 -1.36065985E-12
   380.01004      1.84028060E-03 -8.90912139E-04  2.69067876E-11
   381.02570      1.37392897E-03 -8.46809533E-04  7.13224479E-11
   382.00616      1.51342293E-03 -1.04302086E-03  2.97189634E-11
   383.01727      1.87689869E-03 -1.31849083E-03  4.52297713E-11
   384.02695      1.90836960E-03 -1.44565618E-03  5.52552656E-11
   385.03552      1.41523744E-03 -1.32270670E-03 -2.19747970E-11
   386.01144      7.48284045E-04 -1.04549446E-03 -3.58530566E-12
   387.01920      4.26711427E-04 -7.77190027E-04  2.37598639E-11
   388.02768      8.05756776E-04 -6.54589443E-04  2.24639057E-11
   389.03616      1.61949964E-03 -6.47249108E-04  2.24579348E-11
   390.01212      2.23241514E-03 -6.12568168E-04  4.43589609E-11
   391.02045      2.16704258E-03 -4.31810739E-04 -3.83213600E-12
   392.02798      1.43737660E-03 -1.28410917E-04  1.69803321E-11
   393.03473      5.63843583E-04  1.43839847E-04  2.16776458E-11
   394.00858      1.47037281E-04  2.32872917E-04  2.61631949E-11
   395.01422      3.24710796E-04  1.30012428E-04  2.25057091E-11
   396.02045      7.88263278E-04 -2.67070882E-05  1.74396296E-11
   397.02728      9.95852984E-04 -4.05965402E-05  1.94500926E-11
   398.03503      7.28419807E-04  1.79953902E-04  2.16556391E-11
   399.01099      2.68110831E-04  5.39802015E-04  1.64180752E-11
   400.01947      1.18810669E-04  8.84812209E-04  1.48628783E-11
