  3.24155502E-02  5.91291718E-13  4.20365294E-13 -2.38281260E-26
   1.0055733      6.84413680E-13  5.20537606E-13 -8.26544791E-25
   2.0111277      8.04392414E-13  6.46526723E-13 -1.85529987E-24
   3.0166252      9.54823460E-13  7.97563187E-13 -3.12854031E-24
   4.0220795      1.14463712E-12  9.71786453E-13 -4.68901446E-24
   5.0275183      1.38536621E-12  1.16347622E-12 -6.57165310E-24
   6.0005326      1.67613818E-12  1.36277318E-12 -8.72520551E-24
   7.0060029      2.03785404E-12  1.59187214E-12 -1.05493266E-21
   8.0114956      2.45550759E-12  1.86709285E-12  3.60869013E-21
   9.0170097      2.92774659E-12  2.21341695E-12  1.20139001E-20
   10.022537      3.47224398E-12  2.64456209E-12  4.23447205E-21
   11.028074      4.12336181E-12  3.16335630E-12 -3.59828025E-20
   12.001194      4.88776467E-12  3.75380369E-12 -2.03454804E-19
   13.006751      5.84121727E-12  4.47275073E-12  5.39577790E-21
   14.012308      6.98383018E-12  5.33079527E-12 -1.27353813E-19
   15.017865      8.34870020E-12  6.36068238E-12  1.06179799E-19
   16.023422      9.98240900E-12  7.59766729E-12 -2.11885432E-20
   17.029009      1.19409248E-11  9.08395841E-12 -8.62375694E-21
   18.002157      1.42054857E-11  1.08095590E-11 -6.72277343E-20
   19.007744      1.70008521E-11  1.29520856E-11  4.18416026E-19
   20.013330      2.03520083E-11  1.55347662E-11  6.40955632E-19
   21.018917      2.43751182E-11  1.86471671E-11 -3.64439777E-19
   22.024504      2.92114041E-11  2.23976497E-11  5.08626845E-19
   23.030090      3.50314847E-11  2.69191492E-11 -5.54177354E-19
   24.003239      4.17949980E-11  3.21829161E-11  1.79412489E-19
   25.008825      5.01975059E-11  3.87360248E-11 -1.59572860E-18
   26.014412      6.03410655E-11  4.66675483E-11 -1.19249790E-18
   27.020041      7.26042768E-11  5.62859551E-11 -4.55760129E-19
   28.025686      8.74558967E-11  6.79753059E-11  2.57642256E-19
   29.031332      1.05478001E-10  8.22155330E-11  2.56601326E-19
   30.004538      1.26617855E-10  9.89902049E-11  3.63876751E-18
   31.010183      1.53158097E-10  1.20148266E-10  1.24988707E-18
   32.015827      1.85573890E-10  1.46121920E-10  1.33414369E-18
   33.021473      2.25250013E-10  1.78083229E-10 -3.05773910E-18
   34.027119      2.73908313E-10  2.17495688E-10  8.91485964E-18
   35.000324      3.31561778E-10  2.64447270E-10  1.76301512E-18
   36.005970      4.04636519E-10  3.24275939E-10  1.80509669E-18
   37.011616      4.94695396E-10  3.98399008E-10  6.60805102E-18
   38.017262      6.05849315E-10  4.90347873E-10  9.72936371E-18
   39.022907      7.43244133E-10  6.04552630E-10 -3.69441650E-18
   40.028553      9.13338072E-10  7.46586237E-10  1.18705182E-17
   41.001759      1.11671605E-09  9.17141418E-10 -2.24635578E-18
   42.007404      1.37686618E-09  1.13620069E-09 -4.43272822E-17
   43.013138      1.70054693E-09  1.40984246E-09 -2.87657385E-17
   44.018902      2.10397721E-09  1.75221437E-09  4.87250541E-17
   45.024666      2.60767541E-09  2.18127227E-09  2.73962831E-17
   46.030430      3.23762483E-09  2.71982570E-09 -9.81467002E-18
   47.003750      3.99841671E-09  3.37252293E-09  2.76173157E-17
   48.009514      4.98127806E-09  4.21865920E-09  1.81030859E-17
   49.015278      6.21626794E-09  5.28552757E-09 -1.19000731E-16
   50.021042      7.77032394E-09  6.63256516E-09 -1.73098197E-17
   51.026806      9.72856995E-09  8.33551805E-09 -4.07032286E-17
   52.000126      1.21102612E-08  1.04131122E-08  4.92206677E-17
   53.005890      1.52076751E-08  1.31229561E-08 -3.81530639E-16
   54.011654      1.91240055E-08  1.65587473E-08  5.53176148E-16
   55.017418      2.40799771E-08  2.09176161E-08  2.39779463E-16
   56.023182      3.03557606E-08  2.64497757E-08 -3.86818877E-16
   57.028946      3.83065561E-08  3.34723254E-08  3.35332535E-16
   58.002266      4.80185633E-08  4.20645598E-08  1.08603028E-15
   59.008030      6.06908230E-08  5.32906199E-08  1.22007473E-15
   60.013794      7.67494939E-08  6.75311185E-08 -8.95613569E-16
   61.019608      9.70937890E-08  8.55843112E-08  1.16770639E-16
   62.025490      1.22855909E-07  1.08452916E-07  1.05288429E-15
   63.031372      1.55458764E-07  1.37393727E-07 -8.24701982E-16
   64.004807      1.95201281E-07  1.72660307E-07  3.90662342E-16
   65.010689      2.46899276E-07  2.18504994E-07 -3.30081836E-15
   66.016571      3.12146170E-07  2.76305201E-07 -3.90796597E-16
   67.022453      3.94388195E-07  3.49060144E-07 -5.89600841E-16
   68.028336      4.97897531E-07  4.40468028E-07 -1.43014466E-14
   69.001770      6.23273081E-07  5.50950517E-07 -1.53322588E-15
   70.007652      7.85146199E-07  6.93228003E-07  1.62919605E-14
   71.013535      9.87622911E-07  8.70634267E-07  3.67975761E-15
   72.019508      1.24014036E-06  1.09103553E-06  5.07518899E-14
   73.025627      1.55382850E-06  1.36345398E-06 -3.32480252E-14
   74.031746      1.94087761E-06  1.69688929E-06 -8.36569719E-15
   75.005424      2.39017072E-06  2.07997209E-06  4.18862536E-15
   76.012154      2.99138924E-06  2.58701630E-06 -2.85626752E-15
   77.020569      3.76592402E-06  3.25485394E-06 -5.43553443E-14
   78.031807      4.75916386E-06  4.11548444E-06 -8.81893639E-14
   79.013992      5.98241695E-06  5.17834633E-06 -1.14543520E-14
   80.000313      7.52797132E-06  6.52332528E-06 -1.13744707E-13
   81.024246      9.54635561E-06  8.28084831E-06  1.50918788E-13
   82.019806      1.20045770E-05  1.04212022E-05 -1.68687086E-13
   83.019913      1.50751821E-05  1.30938779E-05 -1.22842114E-14
   84.024300      1.88955819E-05  1.64168578E-05 -5.91734845E-15
   85.032570      2.36244432E-05  2.05162742E-05 -1.25872281E-13
   86.010506      2.89094478E-05  2.53294747E-05 -1.88993799E-13
   87.025085      3.63850813E-05  3.17084923E-05  7.27273818E-13
   88.008240      4.53971807E-05  3.94699091E-05 -6.60412263E-13
   89.027306      5.70535376E-05  4.97722503E-05 -6.90105850E-13
   90.013977      7.14311682E-05  6.25632092E-05 -5.32834193E-13
   91.001846      9.02212341E-05  7.88824764E-05 -2.94782536E-13
   92.024765      1.14940864E-04  1.00551966E-04 -2.03075490E-12
   93.014282      1.44823323E-04  1.27100400E-04 -9.67761434E-14
   94.004295      1.82522926E-04  1.60418291E-04  4.04297516E-12
   95.028542      2.31924263E-04  2.04064621E-04  3.46857222E-12
   96.018646      2.91953213E-04  2.57535285E-04 -5.31252885E-13
   97.008751      3.67316767E-04  3.24884313E-04 -2.35412341E-12
   98.032997      4.65959165E-04  4.13045957E-04 -3.63327944E-12
   99.023102      5.86420705E-04  5.20836271E-04 -8.30346729E-12
   100.01309      7.37977098E-04  6.56254822E-04 -1.11966599E-11
   101.00298      9.28975176E-04  8.26135743E-04 -7.43729384E-12
   102.02699      1.17905706E-03  1.04779319E-03 -6.45276471E-11
   103.01688      1.48452504E-03  1.31830072E-03 -2.00000780E-11
   104.00676      1.86865532E-03  1.65851240E-03 -4.15479075E-11
   105.03078      2.37030140E-03  2.10288144E-03  4.20581903E-11
   106.02066      2.98246974E-03  2.64503132E-03 -4.14485894E-12
   107.01054      3.75255384E-03  3.32654291E-03  2.73100639E-12
   108.00043      4.72095422E-03  4.18314151E-03 -6.60579369E-11
   109.02444      5.98511240E-03  5.30151464E-03  3.72495611E-11
   110.01433      7.52645871E-03  6.66514831E-03  9.72672290E-12
   111.00421      9.46356729E-03  8.37775320E-03 -2.68711331E-10
   112.02823      1.19918929E-02  1.06110387E-02 -6.87647023E-11
   113.01811      1.50730163E-02  1.33311432E-02 -2.00459205E-10
   114.00800      1.89412590E-02  1.67447291E-02 -4.69588590E-10
   115.03201      2.39853021E-02  2.11924613E-02 -2.52971311E-10
   116.02190      3.01287957E-02  2.66038701E-02  2.89355317E-10
   117.01178      3.78380455E-02  3.33870724E-02  3.46838565E-11
   118.00166      4.75091003E-02  4.18867245E-02  1.34044464E-09
   119.02568      6.01075143E-02  5.29427826E-02  5.41742207E-10
   120.01556      7.54332095E-02  6.63668141E-02 -2.16938273E-10
   121.00545      9.46345478E-02  8.31467882E-02  9.23216614E-10
   122.02946      0.11959400      0.10489336      4.40810055E-10
   123.01935      0.14984877      0.13114750     -2.46758458E-09
   124.00923      0.18753900      0.16367626      1.14460619E-09
   125.03325      0.23607227      0.20524183     -3.66037800E-09
   126.02313      0.29402512      0.25434059      8.94514296E-10
   127.01302      0.36457720      0.31321341     -5.25046051E-09
   128.00290      0.44907025      0.38220263     -4.14762180E-09
   129.02692      0.55153000      0.46320164      1.18737224E-08
   130.01680      0.66365296      0.54766572     -9.10918452E-09
   131.00668      0.78454864      0.63223314      9.10953757E-10
   132.03070      0.91140842      0.71035475      3.29522964E-09
   133.02058       1.0264909      0.76564664     -5.74224757E-09
   134.01047       1.1253793      0.79040211      4.55572957E-09
   135.03448       1.2050855      0.77596748     -8.83875639E-09
   136.02437       1.2606553      0.72055578     -2.86348989E-09
   137.01425       1.3007764      0.62614697     -5.54849916E-11
   138.00414       1.3340377      0.49720347      3.92370403E-09
   139.02815       1.3700935      0.33359081      4.35092318E-09
   140.01804       1.4113188      0.15362912     -9.77907266E-09
   141.00792       1.4565006     -3.70992906E-02 -5.95826899E-09
   142.03194       1.4956398     -0.22907223      1.56055957E-09
   143.02182       1.5088503     -0.39023694      7.03167657E-09
   144.01170       1.4843192     -0.51278257      1.62745923E-08
   145.03572       1.4181669     -0.59546113      2.70804232E-08
   146.02560       1.3250966     -0.63992506     -6.27508545E-10
   147.01549       1.2155477     -0.65935570      1.74012342E-08
   148.00537       1.0978957     -0.66093600      1.62008789E-08
   149.02939      0.97377038     -0.64882600      1.36401503E-08
   150.01927      0.85629958     -0.62754536      1.89596339E-08
   151.00916      0.74466354     -0.59938878      4.93736696E-09
   152.03317      0.63711417     -0.56442487     -3.64500385E-09
   153.02306      0.54153979     -0.52571118     -4.41520154E-11
   154.01294      0.45444712     -0.48283589      6.94366609E-09
   155.03696      0.37325108     -0.43493363      6.16996987E-09
   156.02684      0.30309886     -0.38606483     -1.33566536E-09
   157.01672      0.24061316     -0.33557582     -3.11861625E-09
   158.00661      0.18525085     -0.28450349     -1.04165265E-09
   159.03062      0.13515770     -0.23234046     -1.03050564E-08
   160.02051      9.33960602E-02 -0.18380661      8.14287693E-10
   161.01039      5.76767623E-02 -0.13824354      8.35800262E-10
   162.03441      2.65502278E-02 -9.53664705E-02  7.31284866E-10
   163.02429      1.78776984E-03 -5.90582415E-02 -2.39961051E-10
   164.01418     -1.80724561E-02 -2.85295546E-02  3.60066588E-10
   165.03819     -3.39780040E-02 -3.39797698E-03  5.86225790E-10
   166.02808     -4.52476367E-02  1.46067590E-02  4.06593870E-10
   167.01796     -5.26807979E-02  2.66801193E-02  6.18332885E-10
   168.00784     -5.66265918E-02  3.34421284E-02 -1.39542933E-10
   169.03186     -5.76529242E-02  3.57864946E-02 -1.45538609E-10
   170.02174     -5.62639721E-02  3.45321670E-02  5.75997250E-10
   171.01163     -5.30598499E-02  3.07609010E-02 -1.48806523E-11
   172.03564     -4.84695248E-02  2.52182446E-02  5.42542344E-10
   173.02553     -4.34356220E-02  1.91753395E-02  3.46274925E-10
   174.01541     -3.83041091E-02  1.31751448E-02  4.64654260E-10
   175.00529     -3.35064530E-02  7.78798619E-03  6.09518769E-10
   176.02931     -2.93704532E-02  3.33900587E-03  5.19798093E-10
   177.01920     -2.64460742E-02  3.54180142E-04  4.69254802E-10
   178.00908     -2.45512165E-02 -1.39828445E-03  5.64917113E-10
   179.03310     -2.35202424E-02 -2.16709822E-03  5.00123165E-10
   180.02298     -2.32910309E-02 -2.19748192E-03  4.16022744E-10
   181.01286     -2.36331262E-02 -1.83460233E-03  4.89366381E-10
   182.03688     -2.43576393E-02 -1.34476530E-03  4.99944308E-10
   183.02676     -2.52133477E-02 -9.64749255E-04  5.27151323E-10
   184.01624     -2.60879025E-02 -7.51485582E-04  4.72484385E-10
   185.03963     -2.69093607E-02 -6.93975016E-04  4.42736403E-10
   186.02856     -2.75242385E-02 -7.71361752E-04  4.14589640E-10
   187.01707     -2.78704446E-02 -9.61144513E-04  2.80316159E-10
   188.03914     -2.79331319E-02 -1.21951941E-03  2.51197868E-10
   189.02660     -2.77939737E-02 -1.44080876E-03  3.59344193E-10
   190.01340     -2.75589339E-02 -1.58145372E-03  4.02446992E-10
   191.03340     -2.72948965E-02 -1.64965610E-03  4.06644329E-10
   192.01848     -2.71270052E-02 -1.65299012E-03  3.67890218E-10
   193.03645     -2.71624718E-02 -1.58563280E-03  3.34490741E-10
   194.01923     -2.74311490E-02 -1.46618998E-03  3.14174575E-10
   195.03436     -2.79097315E-02 -1.33524882E-03  2.92584679E-10
   196.01395     -2.85442360E-02 -1.25036808E-03  2.91281277E-10
   197.02522     -2.93466263E-02 -1.25560630E-03  3.21579069E-10
   198.03394     -3.01743187E-02 -1.41780172E-03  3.41699891E-10
   199.00615     -3.08988877E-02 -1.76708412E-03  2.77933704E-10
   200.00842     -3.15845683E-02 -2.32170173E-03  3.24411942E-10
   201.00665     -3.22653390E-02 -3.04549653E-03  4.15514900E-10
   202.03336     -3.29731740E-02 -3.94714577E-03  5.14667087E-10
   203.02191     -3.36918235E-02 -4.92352247E-03  6.86800061E-10
   204.03815     -3.45751010E-02 -5.96891670E-03  5.47664802E-10
   205.01680     -3.56436968E-02 -6.97137835E-03  4.40314007E-10
   206.02393     -3.69644314E-02 -7.98092410E-03  4.37466952E-10
   207.02812     -3.84758972E-02 -8.93407874E-03  4.22972490E-10
   208.03108     -4.01511118E-02 -9.78477485E-03  1.72814263E-10
   209.03389     -4.19244245E-02 -1.05012422E-02 -5.08820042E-10
   210.03714     -4.37017120E-02 -1.10578677E-02  1.25531807E-11
   211.00806     -4.53615636E-02 -1.13998726E-02  2.99920117E-10
   212.01134     -4.69789989E-02 -1.15005849E-02  9.50795137E-11
   213.01462     -4.84707989E-02 -1.13315824E-02  3.69067943E-10
   214.01790     -4.98353876E-02 -1.09150559E-02  1.65915975E-10
   215.02118     -5.11179939E-02 -1.02754831E-02  3.04863967E-10
   216.02446     -5.23777120E-02 -9.43555962E-03  1.84229021E-11
   217.02777     -5.36495373E-02 -8.43784306E-03  1.75598425E-10
   218.03152     -5.49413934E-02 -7.34209269E-03 -4.06460698E-11
   219.03528     -5.62408268E-02 -6.19799457E-03  4.37913872E-11
   220.00665     -5.74681833E-02 -5.07386401E-03 -1.43514839E-10
   221.01041     -5.86387031E-02 -3.92423943E-03  2.64507749E-10
   222.01416     -5.96332736E-02 -2.82902643E-03  8.20300827E-10
   223.01791     -6.03907406E-02 -1.83289801E-03  3.57387786E-10
   224.02167     -6.08826876E-02 -9.64891573E-04  3.99233563E-10
   225.02542     -6.11204617E-02 -2.33807645E-04  4.29782765E-10
   226.02922     -6.11499883E-02  3.64127452E-04  2.76156348E-10
   227.03345     -6.10332415E-02  8.40615365E-04  2.28860569E-10
   228.03767     -6.08308651E-02  1.21957588E-03 -6.53671839E-11
   229.00951     -6.06031045E-02  1.52941456E-03  2.58957855E-11
   230.01373     -6.03700057E-02  1.82735967E-03  5.53890489E-10
   231.01796     -6.01446703E-02  2.11781613E-03  5.71816372E-10
   232.02219     -5.99027649E-02  2.38966593E-03  3.09913400E-10
   233.02641     -5.96152619E-02  2.62185605E-03  3.86528254E-10
   234.03064     -5.92706203E-02  2.79722293E-03  1.74535664E-10
   235.03487     -5.88704757E-02  2.90124840E-03  2.25946178E-10
   236.00670     -5.84337674E-02  2.92299199E-03  4.02048728E-10
   237.01109     -5.79425395E-02  2.86748051E-03  4.70859574E-10
   238.01579     -5.74375540E-02  2.75824335E-03  1.43546897E-10
   239.02049     -5.69493882E-02  2.62930337E-03  3.47124329E-10
   240.02519     -5.64915091E-02  2.50299042E-03  4.01211675E-10
   241.02989     -5.60593978E-02  2.38658232E-03  3.25513838E-10
   242.03459     -5.56456037E-02  2.28215987E-03  4.54890570E-10
   243.00688     -5.52585833E-02  2.19353382E-03  2.52538157E-10
   244.01158     -5.48650846E-02  2.11128639E-03  2.67107281E-10
   245.01628     -5.44663854E-02  2.03202735E-03  7.06824932E-10
   246.02098     -5.40573373E-02  1.95582141E-03  5.79746029E-10
   247.02568     -5.36460057E-02  1.89350708E-03  5.32269007E-10
   248.03038     -5.32437749E-02  1.85805734E-03  3.25488886E-10
   249.03523     -5.28527349E-02  1.85431354E-03  2.57960875E-10
   250.00798     -5.24790920E-02  1.87864364E-03  6.47815357E-10
   251.01315     -5.20930551E-02  1.93049642E-03  1.01669839E-10
   252.01833     -5.17043881E-02  2.00886629E-03  4.63371230E-10
   253.02350     -5.13057187E-02  2.11074715E-03  6.13357531E-10
   254.02867     -5.08851707E-02  2.23153410E-03  6.88177459E-10
   255.03384     -5.04348055E-02  2.37098569E-03  3.98166389E-10
   256.00659     -4.99683768E-02  2.52866652E-03  3.67301689E-10
   257.01224     -4.94504496E-02  2.72015971E-03  4.42668069E-10
   258.01788     -4.88860197E-02  2.94268341E-03  5.71985181E-10
   259.02353     -4.82655019E-02  3.19854519E-03  5.36521605E-10
   260.02917     -4.75834757E-02  3.49369738E-03  4.84539242E-10
   261.03482     -4.68341187E-02  3.83608532E-03  4.75970874E-10
   262.00803     -4.60344106E-02  4.21928801E-03  4.48061810E-10
   263.01367     -4.51177023E-02  4.67597600E-03  4.69889239E-10
   264.01932     -4.40968089E-02  5.20285917E-03  3.71632947E-10
   265.02496     -4.29605246E-02  5.80787007E-03  2.34337244E-10
   266.03061     -4.16971520E-02  6.49506226E-03  5.05731290E-10
   267.03625     -4.02952582E-02  7.26392772E-03  4.84109253E-10
   268.00946     -3.87984440E-02  8.08246806E-03  2.18300933E-10
   269.01511     -3.71022224E-02  8.99915025E-03  1.81146986E-10
   270.02075     -3.52529287E-02  9.97668598E-03 -6.68439470E-11
   271.02640     -3.32534909E-02  1.09966081E-02  1.82210524E-10
   272.03204     -3.11125964E-02  1.20327268E-02  8.31083535E-10
   273.03769     -2.88463756E-02  1.30513236E-02  3.50539209E-10
   274.01089     -2.65560634E-02  1.39811775E-02  2.87155438E-10
   275.01654     -2.41170675E-02  1.48365460E-02  4.52071991E-10
   276.02219     -2.16361396E-02  1.55322719E-02  4.01593259E-10
   277.02783     -1.91470347E-02  1.60169452E-02  2.02031725E-11
   278.03348     -1.66843850E-02  1.62458550E-02  3.76307374E-10
   279.00668     -1.43573582E-02  1.61915720E-02  5.14868037E-10
   280.01233     -1.20369960E-02  1.58309899E-02 -2.11547446E-12
   281.01797     -9.82006080E-03  1.51592363E-02  2.99889780E-10
   282.02362     -7.71521125E-03  1.41951665E-02  3.95377980E-10
   283.02927     -5.72300376E-03  1.29777184E-02  2.09372158E-10
   284.03516     -3.83850979E-03  1.15636718E-02 -1.79424350E-10
   285.00928     -2.11139908E-03  1.00750644E-02  7.35637939E-11
   286.01587     -4.23484948E-04  8.49026162E-03  1.26570837E-10
   287.02246      1.16265309E-03  6.93706004E-03  2.28364563E-10
   288.02905      2.63537164E-03  5.48646972E-03 -2.37414532E-11
   289.03564      3.97489313E-03  4.19393880E-03  9.17059137E-11
   290.00977      5.12020662E-03  3.12738447E-03  6.31812103E-11
   291.01636      6.12118281E-03  2.22940813E-03  1.55302243E-10
   292.02295      6.91354973E-03  1.53148198E-03  1.19809579E-10
   293.02954      7.48318527E-03  1.00793026E-03  1.53776269E-10
   294.03613      7.83037301E-03  6.21100655E-04  1.40725487E-10
   295.01025      7.97168538E-03  3.37336620E-04  1.36105557E-10
   296.01685      7.95175135E-03  9.91780107E-05  1.34767530E-10
   297.02344      7.81234773E-03 -1.14835195E-04  1.10798683E-10
   298.03003      7.60882441E-03 -3.26342531E-04  1.08381581E-10
   299.03662      7.39266584E-03 -5.45058574E-04  1.17868326E-10
   300.01074      7.20854010E-03 -7.62320531E-04  9.71930175E-11
   301.01733      7.06554297E-03 -9.83477803E-04  1.18244539E-10
   302.02393      6.97309012E-03 -1.18798879E-03  1.28213107E-10
   303.03052      6.91536209E-03 -1.36209338E-03  1.11765021E-10
   304.03711      6.86267717E-03 -1.49458635E-03  1.85038457E-10
   305.01123      6.78379321E-03 -1.57719012E-03  1.27805794E-10
   306.01782      6.64496934E-03 -1.61480776E-03  1.05494877E-10
   307.02441      6.43148087E-03 -1.60842505E-03  7.30318098E-11
   308.03101      6.14411104E-03 -1.56697445E-03  1.25735755E-10
   309.03760      5.79788908E-03 -1.50336639E-03  1.02976135E-10
   310.01172      5.43230446E-03 -1.43678137E-03  6.71162570E-11
   311.01831      5.05121564E-03 -1.38014450E-03  5.55508695E-11
   312.02490      4.69009299E-03 -1.35041936E-03  1.22418131E-10
   313.03149      4.36374685E-03 -1.35693490E-03  8.02264227E-11
   314.00616      4.08279337E-03 -1.40046317E-03  1.15316923E-10
   315.01370      3.81766027E-03 -1.48094830E-03  1.24658617E-10
   316.02124      3.55946273E-03 -1.58959953E-03  1.21334109E-10
   317.02878      3.28919967E-03 -1.71435042E-03  1.42938453E-10
   318.03632      2.99191172E-03 -1.84025860E-03  1.25658151E-10
   319.01135      2.67148693E-03 -1.94966735E-03  1.22804975E-10
   320.01889      2.31036847E-03 -2.04022950E-03  1.30283437E-10
   321.02643      1.93270890E-03 -2.10275967E-03  1.05483663E-10
   322.03397      1.55702699E-03 -2.13366468E-03  1.12886249E-10
   323.00900      1.21281436E-03 -2.12954916E-03  6.31526983E-11
   324.01654      8.92791431E-04 -2.08519120E-03  4.79964991E-11
   325.02408      6.19670784E-04 -1.99372554E-03  4.68919764E-11
   326.03162      3.97667754E-04 -1.84749195E-03  1.03332842E-10
   327.03915      2.27037846E-04 -1.63886498E-03  3.58043178E-11
   328.01419      1.09717570E-04 -1.37225131E-03  2.67787008E-11
   329.02173      3.62569408E-05 -1.02767628E-03  2.32368014E-11
   330.02927      1.10193305E-05 -6.14999095E-04  1.00572207E-11
   331.03680      3.63220352E-05 -1.41888231E-04  2.24020160E-11
   332.01184      1.14579118E-04  3.60808044E-04  1.54199917E-11
   333.01938      2.56780128E-04  9.08488291E-04  1.32354605E-11
   334.02692      4.64588753E-04  1.46299612E-03  7.13826481E-12
   335.03445      7.36303162E-04  2.00044364E-03 -4.07367751E-11
   336.00949      1.05308462E-03  2.48037744E-03  3.16651635E-11
   337.01703      1.42367394E-03  2.90809944E-03 -5.02934257E-11
   338.02457      1.82051375E-03  3.23851733E-03  4.54926583E-11
   339.03210      2.22070701E-03  3.44549259E-03 -1.11990889E-10
   340.00714      2.58744275E-03  3.50764510E-03 -7.32524111E-12
   341.01468      2.92257918E-03  3.41217150E-03  1.45825262E-11
   342.02222      3.19334003E-03  3.14195361E-03  5.44723190E-11
   343.02975      3.38245044E-03  2.69118184E-03 -1.04539207E-11
   344.03729      3.47609259E-03  2.06290488E-03 -2.69535037E-11
   345.01233      3.46759520E-03  1.29809440E-03  7.16227772E-12
   346.01987      3.35403089E-03  3.68832843E-04  3.53853058E-12
   347.02740      3.13465414E-03 -6.67730405E-04  4.05106504E-13
   348.03494      2.81537883E-03 -1.76512531E-03  2.03893014E-11
   349.00998      2.42297817E-03 -2.83044949E-03 -1.80836422E-12
   350.01752      1.94912369E-03 -3.87003319E-03 -6.09863288E-12
   351.02505      1.42904138E-03 -4.77740588E-03  1.76425229E-11
   352.03259      8.91752541E-04 -5.48201427E-03  8.20361140E-13
   353.00763      3.87036387E-04 -5.90915512E-03 -1.25576381E-11
   354.01517     -8.45027389E-05 -6.03422010E-03 -1.13206597E-10
   355.02271     -4.71703795E-04 -5.79995057E-03 -3.75812836E-12
   356.03024     -7.44440826E-04 -5.18775266E-03  1.93391587E-11
   357.00528     -8.77539860E-04 -4.23863204E-03  2.60560983E-11
   358.01282     -8.66791815E-04 -2.91726179E-03 -4.12417669E-11
   359.02036     -7.02546677E-04 -1.30466581E-03 -1.19381657E-11
   360.02789     -3.88721091E-04  5.18803892E-04  2.09663363E-12
   361.03543      5.60230692E-05  2.44880235E-03 -5.30369221E-11
   362.01047      5.84677444E-04  4.30407142E-03  1.70215873E-11
   363.01801      1.20166922E-03  6.08152384E-03  2.17467658E-11
   364.02621      1.85357290E-03  7.58484006E-03 -7.61730679E-11
   365.03470      2.49739992E-03  8.68702959E-03 -2.07583228E-10
   366.01065      3.07443761E-03  9.27194580E-03 -2.84790247E-11
   367.01920      3.59182828E-03  9.30755492E-03 -5.70619836E-11
   368.02863      4.00551781E-03  8.73172097E-03 -5.67883865E-11
   369.00595      4.29277262E-03  7.60138594E-03  4.25976546E-11
   370.01675      4.46923822E-03  5.89649379E-03  2.87336162E-11
   371.02875      4.53133974E-03  3.74816498E-03  1.17980167E-10
   372.00970      4.50094882E-03  1.38271693E-03  5.03610938E-11
   373.02542      4.39133542E-03 -1.18614873E-03 -2.88001610E-12
   374.01059      4.23792843E-03 -3.60873668E-03 -2.58988993E-11
   375.03122      4.05488769E-03 -5.85194957E-03 -2.45628518E-10
   376.02115      3.87316290E-03 -7.59688625E-03 -2.64374911E-10
   377.01242      3.70169058E-03 -8.77696183E-03 -2.38525814E-11
   378.03598      3.54227051E-03 -9.29657370E-03 -1.89708083E-10
   379.02438      3.40504665E-03 -9.08208638E-03  3.09021038E-11
   380.01004      3.27786850E-03 -8.18918645E-03 -2.14911977E-10
   381.02570      3.14311194E-03 -6.64625689E-03 -9.39284969E-11
   382.00616      2.99053174E-03 -4.69489628E-03  1.20005283E-10
   383.01727      2.78708874E-03 -2.39636935E-03  7.36398512E-11
   384.02695      2.51792977E-03 -3.04321147E-05  2.43715551E-11
   385.03552      2.17019604E-03  2.17711250E-03  3.46881378E-12
   386.01144      1.75719056E-03  3.96475103E-03 -1.37518451E-11
   387.01920      1.26503408E-03  5.28302696E-03 -1.70495180E-11
   388.02768      7.35539768E-04  5.94885089E-03 -1.08346894E-10
   389.03616      2.10421902E-04  5.91524038E-03  7.14989179E-12
   390.01212     -2.44142226E-04  5.24027413E-03  2.43564807E-10
   391.02045     -6.02996268E-04  3.97294527E-03  1.30071925E-10
   392.02798     -8.02443014E-04  2.28614779E-03  6.00329023E-11
   393.03473     -8.11799138E-04  3.85629071E-04  6.47057017E-12
   394.00858     -6.28847396E-04 -1.44713814E-03 -2.67387362E-11
   395.01422     -2.54560786E-04 -3.12315393E-03  1.02804938E-10
   396.02045      2.62308167E-04 -4.38883016E-03 -1.36289339E-11
   397.02728      8.53987643E-04 -5.10439742E-03 -6.61415367E-12
   398.03503      1.44591450E-03 -5.20285917E-03 -1.06289165E-10
   399.01099      1.94349024E-03 -4.72130720E-03  1.72300845E-12
   400.01947      2.30012485E-03 -3.71145410E-03 -4.87456499E-11
