  3.24155502E-02  1.20766730E-11  8.58563307E-12 -2.00635727E-25
   1.0055733      1.39785631E-11  1.05659214E-11 -6.93531167E-24
   2.0111277      1.63935844E-11  1.29626882E-11 -1.54789403E-23
   3.0166252      1.93487761E-11  1.57962515E-11 -2.59172488E-23
   4.0220795      2.29470887E-11  1.91637609E-11 -3.86101091E-23
   5.0275183      2.73145360E-11  2.31818141E-11 -5.39727272E-23
   6.0005326      3.24182625E-11  2.78219375E-11 -5.79450772E-19
   7.0060029      3.87814607E-11  3.35590410E-11  6.25775446E-20
   8.0114956      4.64800594E-11  4.04591742E-11 -1.07853226E-18
   9.0170097      5.57989627E-11  4.87775792E-11 -1.43745710E-18
   10.022537      6.70933448E-11  5.88314258E-11 -1.04098754E-19
   11.028074      8.08088388E-11  7.10175113E-11  5.17666623E-20
   12.001194      9.69145181E-11  8.53090099E-11 -2.88432089E-18
   13.006751      1.17168206E-10  1.03264786E-10  3.10521482E-19
   14.012308      1.41961165E-10  1.25229563E-10 -3.71528751E-18
   15.017865      1.72384093E-10  1.52168028E-10  7.87086083E-19
   16.023422      2.09785744E-10  1.85274143E-10  9.05153552E-19
   17.029009      2.55829524E-10  2.26022784E-10 -4.66464435E-18
   18.002157      3.10548615E-10  2.74449408E-10  3.71485324E-18
   19.007744      3.80065590E-10  3.35981604E-10  5.90699033E-19
   20.013330      4.65906369E-10  4.11981671E-10  1.36417655E-18
   21.018917      5.72047576E-10  5.05981368E-10  1.90232516E-18
   22.024504      7.03499925E-10  6.22427221E-10  1.54901791E-18
   23.030090      8.66582250E-10  7.66925135E-10 -3.75234934E-18
   24.003239      1.06200948E-09  9.40116207E-10 -1.70160383E-17
   25.008825      1.31255051E-09  1.16219512E-09  1.20850571E-19
   26.014412      1.62496194E-09  1.43917678E-09 -4.73551107E-17
   27.020041      2.01515427E-09  1.78520609E-09 -3.75036278E-17
   28.025686      2.50328336E-09  2.21820518E-09 -8.16500718E-17
   29.031332      3.11492787E-09  2.76092083E-09  6.59753102E-17
   30.004538      3.85499987E-09  3.41776896E-09  7.04534791E-18
   31.010183      4.81292650E-09  4.26818669E-09 -1.08806231E-18
   32.015827      6.01898353E-09  5.33914202E-09 -1.83368472E-17
   33.021473      7.53972351E-09  6.68981803E-09  1.27302011E-16
   34.027119      9.45993861E-09  8.39562642E-09 -1.29887357E-17
   35.000324      1.18001182E-08  1.04748556E-08 -1.25081579E-17
   36.005970      1.48496548E-08  1.31847182E-08  4.36745308E-17
   37.011616      1.87130951E-08  1.66182268E-08  6.36848471E-17
   38.017262      2.36113706E-08  2.09717452E-08  6.49056360E-16
   39.022907      2.98249461E-08  2.64945488E-08  5.90135200E-17
   40.028553      3.77093343E-08  3.35025128E-08 -1.32468224E-16
   41.001759      4.73531614E-08  4.20741770E-08  5.86878636E-16
   42.007404      5.99504233E-08  5.32704263E-08  1.86244678E-16
   43.013138      7.59279715E-08  6.74700757E-08 -1.28787463E-15
   44.018902      9.61821200E-08  8.54689191E-08 -2.02200825E-15
   45.024666      1.21840131E-07  1.08267564E-07 -2.44123922E-16
   46.030430      1.54317519E-07  1.37122399E-07  9.69496018E-16
   47.003750      1.93908932E-07  1.72293298E-07  2.03235582E-15
   48.009514      2.45407932E-07  2.18035424E-07  1.33536269E-15
   49.015278      3.10397382E-07  2.75750040E-07 -7.97516418E-15
   50.021042      3.92305822E-07  3.48474316E-07  1.96188568E-14
   51.026806      4.95383063E-07  4.39970052E-07  2.48407828E-15
   52.000126      6.20217520E-07  5.50743664E-07  2.64866186E-15
   53.005890      7.81355709E-07  6.93676952E-07  9.14151076E-15
   54.011654      9.82834763E-07  8.72310068E-07 -6.28042066E-15
   55.017418      1.23396683E-06  1.09484427E-06 -4.95260927E-15
   56.023182      1.54582744E-06  1.37101597E-06  3.32293668E-14
   57.028946      1.93141977E-06  1.71224019E-06 -4.36974336E-14
   58.002266      2.39014707E-06  2.11765814E-06 -3.52246994E-15
   59.008030      3.00229522E-06  2.65725794E-06 -2.34699447E-14
   60.013794      3.79578387E-06  3.35738105E-06 -8.29316914E-15
   61.019608      4.80911831E-06  4.25182134E-06 -3.12592156E-14
   62.025490      6.09174367E-06  5.38413224E-06 -3.35507074E-14
   63.031372      7.70630504E-06  6.80945004E-06  7.44068257E-16
   64.004807      9.65835534E-06  8.53239635E-06  1.69142548E-15
   65.010689      1.21712874E-05  1.07496280E-05 -2.87736279E-13
   66.016571      1.53025067E-05  1.35109740E-05  3.09519825E-13
   67.022453      1.91887848E-05  1.69358536E-05  4.70592586E-13
   68.028336      2.39885048E-05  2.11622846E-05  2.92705693E-13
   69.001770      2.95624741E-05  2.62306548E-05  1.62580453E-13
   70.007652      3.71149326E-05  3.29004179E-05  4.32990829E-13
   71.013535      4.63036849E-05  4.13513844E-05  1.64960797E-12
   72.019508      5.86977039E-05  5.21782640E-05  4.55993641E-13
   73.025627      7.44408026E-05  6.60619844E-05 -2.10224958E-13
   74.031746      9.41584876E-05  8.37007537E-05  2.08750790E-12
   75.005424      1.18286625E-04  1.05172796E-04  1.41011389E-12
   76.012154      1.49825762E-04  1.33109992E-04  6.31287774E-13
   77.020569      1.89689221E-04  1.68510072E-04 -5.61028437E-12
   78.031807      2.40171488E-04  2.13430685E-04  2.68631932E-13
   79.013992      3.02039611E-04  2.68423406E-04 -1.04935895E-12
   80.000313      3.80194047E-04  3.37824225E-04 -1.22971702E-11
   81.024246      4.82635340E-04  4.28819912E-04 -8.48027985E-12
   82.019806      6.08462899E-04  5.40635316E-04  2.11701177E-11
   83.019913      7.67765276E-04  6.82181853E-04  1.50109508E-11
   84.024300      9.69591551E-04  8.61479552E-04  2.16466012E-11
   85.032570      1.22538337E-03  1.08872179E-03 -2.73587685E-13
   86.010506      1.53758051E-03  1.36608456E-03 -3.49307150E-12
   87.025085      1.94557314E-03  1.72853330E-03 -2.89453834E-12
   88.008240      2.44365144E-03  2.17096810E-03  3.94091426E-11
   89.027306      3.09444126E-03  2.74900859E-03 -1.14655056E-11
   90.013977      3.88854742E-03  3.45428661E-03 -2.13569527E-11
   91.001846      4.88677993E-03  4.34076227E-03 -2.52850605E-11
   92.024765      6.18960103E-03  5.49756456E-03 -2.24546215E-11
   93.014282      7.77710043E-03  6.90691406E-03  2.95728414E-10
   94.004295      9.76940338E-03  8.67531821E-03  2.84337942E-10
   95.028542      1.23639377E-02  1.09777488E-02  2.70852563E-10
   96.018646      1.55173810E-02  1.37754204E-02 -2.31471526E-11
   97.008751      1.94641929E-02  1.72758456E-02  3.32112338E-10
   98.032997      2.45898645E-02  2.18200292E-02 -2.46984308E-11
   99.023102      3.08013484E-02  2.73242369E-02 -1.05166864E-09
   100.01309      3.85495648E-02  3.41862664E-02  1.68342715E-10
   101.00298      4.82001193E-02  4.27270234E-02 -1.11536269E-09
   102.02699      6.06599674E-02  5.37442304E-02 -2.11375611E-10
   103.01688      7.56535605E-02  6.69871420E-02 -3.23656657E-11
   104.00676      9.41987336E-02  8.33445713E-02 -2.41065501E-09
   105.03078      0.11792938      0.10423914     -1.44390622E-09
   106.02066      0.14616017      0.12904145      4.65825989E-10
   107.01054      0.18056673      0.15918742     -2.39404896E-09
   108.00043      0.22215147      0.19549911      3.65195763E-10
   109.02444      0.27371958      0.24033560     -1.97494937E-10
   110.01433      0.33253998      0.29121092     -9.41543465E-09
   111.00421      0.40034002      0.34949312     -1.52130664E-09
   112.02823      0.47911960      0.41672143      8.89717100E-09
   113.01811      0.56146342      0.48641932     -2.10809805E-08
   114.00800      0.64605701      0.55740607      1.57605595E-09
   115.03201      0.73004943      0.62725765      4.98052088E-09
   116.02190      0.80093622      0.68568373      3.85795396E-09
   117.01178      0.85491890      0.72975630      1.51631396E-09
   118.00166      0.88689864      0.75545466      2.09932800E-08
   119.02568      0.89449012      0.76086932     -5.19858334E-09
   120.01556      0.87840319      0.74655628      4.67217265E-10
   121.00545      0.84306198      0.71600223      3.82771148E-08
   122.02946      0.79157329      0.67156827     -1.32205469E-09
   123.01935      0.73247087      0.62038940     -5.06706899E-09
   124.00923      0.66836524      0.56461775     -1.51790225E-08
   125.03325      0.60004264      0.50488305     -3.38480155E-09
   126.02313      0.53427571      0.44709945      3.38572925E-09
   127.01302      0.47031462      0.39061597     -2.15784457E-09
   128.00290      0.40926456      0.33638883     -9.20108656E-10
   129.02692      0.35007194      0.28342661     -6.94475255E-10
   130.01680      0.29736358      0.23581612      1.06977440E-08
   131.00668      0.24960881      0.19213174      6.82232448E-09
   132.03070      0.20582217      0.15135112      2.10288364E-09
   133.02058      0.16918162      0.11632875      1.41455714E-09
   134.01047      0.13826264      8.56326297E-02  8.80901463E-11
   135.03448      0.11230782      5.82917854E-02  8.63285554E-10
   136.02437      9.29309726E-02  3.58582363E-02  1.69954051E-09
   137.01425      7.89321363E-02  1.69556979E-02  1.10106035E-09
   138.00414      6.99589849E-02  1.07327639E-03  9.14605003E-10
   139.02815      6.54802322E-02 -1.28237046E-02  3.84493576E-10
   140.01804      6.52449951E-02 -2.44930573E-02  4.13422435E-10
   141.00792      6.84488416E-02 -3.51142585E-02  2.66670325E-10
   142.03194      7.47612566E-02 -4.56807986E-02 -5.87349114E-10
   143.02182      8.31999779E-02 -5.60639575E-02  1.85975874E-10
   144.01170      9.34633985E-02 -6.70677722E-02 -8.29534830E-10
   145.03572      0.10562822     -7.94600397E-02 -2.23216912E-09
   146.02560      0.11867891     -9.26665738E-02 -2.30638564E-11
   147.01549      0.13298707     -0.10728934     -4.23994923E-10
   148.00537      0.14876617     -0.12357079     -6.15827611E-10
   149.02939      0.16714872     -0.14254384      5.78017723E-09
   150.01927      0.18772280     -0.16352394      5.92061244E-09
   151.00916      0.21221144     -0.18795082     -5.36609290E-09
   152.03317      0.24330348     -0.21810478     -4.18675228E-09
   153.02306      0.28093016     -0.25356025      2.16593898E-09
   154.01294      0.32832313     -0.29707396     -8.13087375E-09
   155.03696      0.39019471     -0.35258999      1.57554503E-08
   156.02684      0.46441227     -0.41786030     -1.21223387E-08
   157.01672      0.55312645     -0.49447918      1.11045031E-08
   158.00661      0.65333235     -0.57954049      1.67851510E-09
   159.03062      0.76035905     -0.66892117      4.93797225E-10
   160.02051      0.85269117     -0.74506164     -4.10927126E-10
   161.01039      0.91675925     -0.79779512      1.40708911E-09
   162.03441      0.93859434     -0.81686336     -1.48354999E-08
   163.02429      0.91360188     -0.79872727      4.80592233E-09
   164.01418      0.85300124     -0.75192666     -2.33801352E-08
   165.03819      0.77166522     -0.68743151     -1.87157601E-09
   166.02808      0.69266307     -0.62315679      4.69802064E-09
   167.01796      0.62377834     -0.56552857      2.41125395E-08
   168.00784      0.56696582     -0.51666236      2.57826338E-09
   169.03186      0.51642138     -0.47242776      2.70569944E-09
   170.02174      0.46907485     -0.43113944      1.29845734E-09
   171.01163      0.41878498     -0.38797849      1.11142651E-08
   172.03564      0.36323100     -0.34090567      1.20426300E-08
   173.02553      0.30917835     -0.29520246      6.30104058E-09
   174.01541      0.25877333     -0.25222784      6.96105662E-09
   175.00529      0.21439971     -0.21383615      7.11259585E-09
   176.02931      0.17450821     -0.17888086      1.80893678E-09
   177.01920      0.13941762     -0.14815174      4.97261388E-09
   178.00908      0.10537031     -0.11880032      1.04763664E-09
   179.03310      7.05212131E-02 -8.93527195E-02 -1.63405911E-09
   180.02298      3.85829583E-02 -6.27031550E-02  1.07798614E-09
   181.01286      1.06878392E-02 -3.94527949E-02  2.30647235E-09
   182.03688     -1.22341439E-02 -2.02027205E-02  1.16306731E-09
   183.02676     -2.87861619E-02 -6.24832325E-03  6.19465423E-10
   184.01624     -4.13565375E-02  4.08226950E-03  3.36224881E-10
   185.03963     -5.18846735E-02  1.20805297E-02 -2.29407604E-11
   186.02856     -6.01911992E-02  1.76104847E-02  1.71428122E-10
   187.01707     -6.58991113E-02  2.05841400E-02  5.68830816E-10
   188.03914     -6.79414421E-02  2.03946978E-02  9.28544297E-10
   189.02660     -6.60941973E-02  1.71630345E-02  2.64296390E-10
   190.01340     -6.17567785E-02  1.19547434E-02  2.46944631E-10
   191.03340     -5.67094162E-02  6.02095760E-03  7.62506558E-10
   192.01848     -5.26608005E-02  8.45675706E-04  5.45858247E-10
   193.03645     -4.93855029E-02 -3.68943647E-03  5.99539418E-10
   194.01923     -4.63308208E-02 -7.62938568E-03  6.67475797E-10
   195.03436     -4.28406373E-02 -1.14733195E-02  3.78722304E-10
   196.01395     -3.97282317E-02 -1.46383978E-02  4.04130840E-10
   197.02522     -3.79442200E-02 -1.67013686E-02  4.41666759E-10
   198.03394     -3.81977558E-02 -1.72501355E-02  3.14074933E-10
   199.00615     -3.97352651E-02 -1.67658757E-02  8.10671530E-10
   200.00842     -4.13429625E-02 -1.60424802E-02  9.50143852E-10
   201.00665     -4.21078131E-02 -1.56544372E-02  2.99222203E-10
   202.03336     -4.22725156E-02 -1.55280167E-02  6.48631093E-10
   203.02191     -4.26445156E-02 -1.52489562E-02  2.96963121E-10
   204.03815     -4.35968488E-02 -1.46189248E-02  8.04253719E-10
   205.01680     -4.45363708E-02 -1.39825623E-02  1.06702536E-10
   206.02393     -4.47031967E-02 -1.37574021E-02  3.52576468E-10
   207.02812     -4.39241678E-02 -1.40521973E-02  3.18622961E-10
   208.03108     -4.29352261E-02 -1.44594098E-02  3.93708288E-10
   209.03389     -4.25947122E-02 -1.44990273E-02  4.67833716E-10
   210.03714     -4.29752842E-02 -1.41092921E-02  5.77898729E-10
   211.00806     -4.33680378E-02 -1.36684980E-02  6.03335493E-10
   212.01134     -4.31600660E-02 -1.34870643E-02  6.62084221E-10
   213.01462     -4.24884185E-02 -1.35099404E-02  1.83878246E-10
   214.01790     -4.21210304E-02 -1.33375004E-02  1.50510882E-10
   215.02118     -4.25388888E-02 -1.27162347E-02  1.59313035E-10
   216.02446     -4.34031487E-02 -1.18411183E-02  3.80575793E-10
   217.02777     -4.39144410E-02 -1.11531559E-02  8.00882916E-10
   218.03152     -4.37088571E-02 -1.08694388E-02  6.53069154E-10
   219.03528     -4.32222560E-02 -1.07862875E-02  1.71823084E-10
   220.00665     -4.31068651E-02 -1.05784331E-02  3.12170900E-10
   221.01041     -4.34422344E-02 -1.01606930E-02 -9.89505700E-12
   222.01416     -4.37390059E-02 -9.76999197E-03 -2.08747145E-10
   223.01791     -4.35345247E-02 -9.62213706E-03  2.42749487E-10
   224.02167     -4.30257395E-02 -9.60898679E-03  3.97799432E-10
   225.02542     -4.28426899E-02 -9.40194167E-03  4.44199622E-10
   226.02922     -4.33049425E-02 -8.82330257E-03  5.66358183E-10
   227.03345     -4.40779440E-02 -8.02907348E-03  2.95379166E-10
   228.03767     -4.45969403E-02 -7.30152428E-03  4.19980106E-10
   229.00951     -4.47512269E-02 -6.72923448E-03  3.19197946E-10
   230.01373     -4.49741893E-02 -6.08575437E-03  5.10941900E-10
   231.01796     -4.56478968E-02 -5.20514045E-03  1.92761987E-10
   232.02219     -4.66265939E-02 -4.15116223E-03  2.80610229E-10
   233.02641     -4.74136025E-02 -3.15436698E-03  9.48492396E-11
   234.03064     -4.77981865E-02 -2.31340900E-03  1.36284650E-10
   235.03487     -4.81177606E-02 -1.47000269E-03  2.87051938E-10
   236.00670     -4.87761423E-02 -4.53856221E-04  3.34531736E-10
   237.01109     -4.98003215E-02  7.99387984E-04  2.74581691E-10
   238.01579     -5.07245623E-02  2.04797881E-03  1.86351518E-10
   239.02049     -5.12148514E-02  3.12653859E-03  2.89928220E-10
   240.02519     -5.14396206E-02  4.09927825E-03  3.99620115E-10
   241.02989     -5.17820232E-02  5.13632409E-03  3.08407466E-10
   242.03459     -5.22878841E-02  6.25978690E-03  2.88775170E-10
   243.00688     -5.25654927E-02  7.26477802E-03  3.97427258E-10
   244.01158     -5.22919893E-02  8.06471799E-03  3.30620226E-10
   245.01628     -5.15564978E-02  8.68094433E-03  2.71836276E-10
   246.02098     -5.07763848E-02  9.32175480E-03  3.12672277E-10
   247.02568     -5.01400158E-02  1.01038972E-02  3.55478230E-10
   248.03038     -4.94063273E-02  1.09496899E-02  5.32241196E-11
   249.03523     -4.82706800E-02  1.17431888E-02 -6.95468128E-11
   250.00798     -4.68531996E-02  1.24973468E-02 -3.53604312E-10
   251.01315     -4.54163104E-02  1.34205846E-02  7.62349572E-10
   252.01833     -4.41932268E-02  1.45657882E-02  5.28727506E-10
   253.02350     -4.29578684E-02  1.58137716E-02  4.08179657E-10
   254.02867     -4.13741767E-02  1.69818569E-02  2.95851843E-10
   255.03384     -3.94483805E-02  1.80270672E-02  1.31078071E-09
   256.00659     -3.75858322E-02  1.90211125E-02  4.28883651E-10
   257.01224     -3.59135717E-02  2.01018285E-02  6.01183103E-10
   258.01788     -3.43937427E-02  2.11562179E-02  8.23921487E-10
   259.02353     -3.27792764E-02  2.20404901E-02 -4.03743539E-10
   260.02917     -3.10880337E-02  2.27259453E-02  1.83457416E-10
   261.03482     -2.96308734E-02  2.33188700E-02  8.25185420E-10
   262.00803     -2.86471583E-02  2.38820929E-02  1.97143163E-10
   263.01367     -2.79272702E-02  2.43956186E-02  2.92688096E-10
   264.01932     -2.71942578E-02  2.47202087E-02 -5.84937820E-10
   265.02496     -2.63586398E-02  2.48425379E-02 -4.90035013E-10
   266.03061     -2.56372429E-02  2.48876270E-02  1.88983829E-10
   267.03625     -2.51907427E-02  2.49700118E-02  3.16464577E-10
   268.00946     -2.48916149E-02  2.50731967E-02  3.84869303E-10
   269.01511     -2.44531371E-02  2.51231790E-02  3.86420590E-10
   270.02075     -2.38348767E-02  2.51050126E-02  2.46559911E-10
   271.02640     -2.32528001E-02  2.51044035E-02  1.83525500E-10
   272.03204     -2.28885803E-02  2.51814127E-02  8.12882539E-10
   273.03769     -2.26472393E-02  2.52739191E-02  2.05772288E-10
   274.01089     -2.23148111E-02  2.52659377E-02  3.19872906E-10
   275.01654     -2.18403302E-02  2.51214337E-02  3.13720994E-10
   276.02219     -2.14341823E-02  2.49099843E-02  2.45760023E-10
   277.02783     -2.12669112E-02  2.47022547E-02  1.79801485E-09
   278.03348     -2.12103650E-02  2.44700834E-02  2.81724533E-10
   279.00668     -2.10459940E-02  2.41564959E-02  2.93504110E-10
   280.01233     -2.07168944E-02  2.37428453E-02  2.84959334E-10
   281.01797     -2.03985628E-02  2.33236644E-02  1.68368319E-10
   282.02362     -2.02146191E-02  2.29611602E-02  2.92825014E-10
   283.02927     -2.00459938E-02  2.26151142E-02  2.28487868E-10
   284.03516     -1.97023526E-02  2.22046226E-02  9.17849519E-10
   285.00928     -1.92040503E-02  2.17337348E-02  2.64217870E-10
   286.01587     -1.87070202E-02  2.12314129E-02 -3.21940696E-10
   287.02246     -1.83462389E-02  2.07501594E-02  8.47435233E-10
   288.02905     -1.80052612E-02  2.02408619E-02  1.10633180E-09
   289.03564     -1.75061058E-02  1.96311809E-02  4.36935765E-10
   290.00977     -1.68761872E-02  1.89456567E-02  5.62031865E-10
   291.01636     -1.62378140E-02  1.82036441E-02  2.14398096E-10
   292.02295     -1.56943612E-02  1.74630210E-02  9.63638613E-11
   293.02954     -1.51194632E-02  1.66775882E-02  2.56579202E-10
   294.03613     -1.43563906E-02  1.57833528E-02  8.31159364E-10
   295.01025     -1.34649640E-02  1.48170367E-02  2.58627786E-10
   296.01685     -1.25478338E-02  1.37689644E-02 -3.06006886E-11
   297.02344     -1.16995694E-02  1.26915984E-02  2.97645047E-10
   298.03003     -1.07960142E-02  1.15376245E-02  5.22454968E-10
   299.03662     -9.70918871E-03  1.02604646E-02 -1.30560840E-10
   300.01074     -8.53352994E-03  8.93233437E-03  4.95578745E-10
   301.01733     -7.34876655E-03  7.53726158E-03  1.92134808E-10
   302.02393     -6.24141656E-03  6.15677610E-03  2.08826206E-10
   303.03052     -5.09464741E-03  4.77054622E-03  3.13070847E-10
   304.03711     -3.81992944E-03  3.36850039E-03  1.15579962E-10
   305.01123     -2.54946109E-03  2.05002469E-03  1.02469339E-10
   306.01782     -1.36060338E-03  8.10926547E-04  1.06416292E-10
   307.02441     -3.33611853E-04 -2.65824812E-04  8.45027728E-11
   308.03101      6.37117017E-04 -1.19942112E-03  9.13846915E-11
   309.03760      1.60816882E-03 -1.99753558E-03  8.28444188E-11
   310.01172      2.45473953E-03 -2.59859068E-03 -7.56085472E-12
   311.01831      3.10990261E-03 -2.99258088E-03  7.49002457E-11
   312.02490      3.56684113E-03 -3.16486391E-03  6.54674717E-11
   313.03149      3.97395762E-03 -3.17749241E-03 -9.11694747E-11
   314.00616      4.38283291E-03 -3.08059435E-03  9.12993223E-11
   315.01370      4.75770049E-03 -2.86933314E-03  1.70175263E-10
   316.02124      5.01666637E-03 -2.54922430E-03 -2.46261136E-11
   317.02878      5.21612680E-03 -2.17338116E-03  8.08485917E-11
   318.03632      5.47958305E-03 -1.82008382E-03  8.09237677E-11
   319.01135      5.81528340E-03 -1.53746374E-03  9.57768170E-11
   320.01889      6.13657618E-03 -1.29553233E-03  5.84583770E-12
   321.02643      6.33900659E-03 -1.09286315E-03  1.10098167E-10
   322.03397      6.44822419E-03 -9.54638410E-04  8.53185508E-11
   323.00900      6.52678497E-03 -9.14224656E-04  7.59004734E-11
   324.01654      6.54319627E-03 -9.62124614E-04  9.80522746E-11
   325.02408      6.37125596E-03 -1.05977547E-03  4.83082879E-11
   326.03162      5.95148141E-03 -1.18605117E-03  1.09758001E-10
   327.03915      5.36935311E-03 -1.36428431E-03  9.76370859E-11
   328.01419      4.73570731E-03 -1.61029969E-03  1.45286713E-10
   329.02173      4.01418470E-03 -1.92838185E-03  6.29452948E-11
   330.02927      3.18719586E-03 -2.27448763E-03  1.02613723E-10
   331.03680      2.29355111E-03 -2.62924912E-03  1.39387543E-10
   332.01184      1.48620119E-03 -2.98512308E-03  7.42727130E-11
   333.01938      8.09279038E-04 -3.35483579E-03  5.80891550E-11
   334.02692      2.87773262E-04 -3.67386988E-03  4.66581600E-11
   335.03445     -1.21313686E-04 -3.87384091E-03 -6.18934487E-11
   336.00949     -3.85387160E-04 -3.91618488E-03  1.12670782E-10
   337.01703     -4.40910284E-04 -3.79495206E-03 -3.50553857E-11
   338.02457     -2.46138196E-04 -3.49532999E-03  4.34215129E-11
   339.03210      1.34668371E-04 -2.99399439E-03  3.62233056E-11
   340.00714      6.16517558E-04 -2.31130281E-03  8.51623772E-11
   341.01468      1.23526889E-03 -1.44012365E-03 -1.79746513E-11
   342.02222      2.00599409E-03 -4.69476945E-04  1.62160424E-11
   343.02975      2.88533326E-03  5.37988439E-04  2.48589933E-11
   344.03729      3.75287700E-03  1.53656374E-03  3.25599339E-11
   345.01233      4.48409934E-03  2.44517857E-03 -6.65022690E-11
   346.01987      5.09601180E-03  3.25426855E-03  3.42760056E-11
   347.02740      5.54490043E-03  3.86327272E-03  1.35161431E-11
   348.03494      5.76202432E-03  4.23612911E-03 -2.99792691E-11
   349.00998      5.66745596E-03  4.36660321E-03  4.73693862E-11
   350.01752      5.23605617E-03  4.26333956E-03  1.54386420E-10
   351.02505      4.53440379E-03  3.91535414E-03  9.68578620E-11
   352.03259      3.64234345E-03  3.33833392E-03  6.52097473E-12
   353.00763      2.64252280E-03  2.61192513E-03  9.69183345E-11
   354.01517      1.51370966E-03  1.76207314E-03  3.14988591E-11
   355.02271      3.88924265E-04  8.82298511E-04  9.83820664E-12
   356.03024     -5.91639022E-04  3.37132806E-05  2.98856911E-11
   357.00528     -1.30511750E-03 -6.96326955E-04  2.29216385E-11
   358.01282     -1.76286022E-03 -1.28658966E-03  2.90809495E-11
   359.02036     -1.92183978E-03 -1.65548280E-03  1.20280730E-11
   360.02789     -1.74919772E-03 -1.78672618E-03  2.75520995E-11
   361.03543     -1.22587639E-03 -1.69881131E-03  2.98214300E-11
   362.01047     -4.24694968E-04 -1.43555191E-03 -1.44913144E-11
   363.01801      6.01226231E-04 -1.02055445E-03  4.59145361E-11
   364.02621      1.71355461E-03 -5.23822906E-04  2.95822394E-11
   365.03470      2.82575213E-03 -3.21125917E-05  2.14038075E-11
   366.01065      3.82364215E-03  3.56842356E-04  3.68717175E-11
   367.01920      4.66408581E-03  6.07543974E-04  1.57177309E-11
   368.02863      5.19565865E-03  6.69989560E-04  3.65136948E-11
   369.00595      5.36523433E-03  5.37396001E-04  2.04805253E-11
   370.01675      5.19172102E-03  2.05363060E-04  2.21142254E-11
   371.02875      4.69888002E-03 -2.88940937E-04  1.49808204E-11
   372.00970      3.95305175E-03 -8.53361154E-04  4.09879075E-11
   373.02542      2.96288962E-03 -1.43520790E-03  2.58904044E-11
   374.01059      1.89468276E-03 -1.91278826E-03  5.92322719E-11
   375.03122      8.09692021E-04 -2.24133581E-03  9.38064279E-11
   376.02115     -1.21013101E-04 -2.33698799E-03  1.23432931E-11
   377.01242     -8.76259874E-04 -2.17052386E-03 -1.53560394E-11
   378.03598     -1.43560488E-03 -1.71532866E-03  1.46933871E-11
   379.02438     -1.73103053E-03 -1.03827810E-03  2.24997278E-11
   380.01004     -1.78087328E-03 -1.99485061E-04  2.29513422E-11
   381.02570     -1.62448990E-03  7.43527431E-04  1.10947362E-11
   382.00616     -1.35275431E-03  1.62876805E-03 -2.13683810E-11
   383.01727     -1.02018542E-03  2.40192958E-03 -5.90845498E-11
   384.02695     -6.79356977E-04  2.92084529E-03  1.94678960E-11
   385.03552     -3.65308835E-04  3.10095074E-03  8.87325630E-12
   386.01144     -1.20681099E-04  2.91366037E-03  9.95860686E-12
   387.01920      5.75324084E-05  2.34965002E-03  6.44562702E-12
   388.02768      1.94463530E-04  1.45066227E-03  1.11726349E-11
   389.03616      3.56791425E-04  2.94626661E-04  4.12057367E-12
   390.01212      5.92549331E-04 -9.63854836E-04  1.58321481E-11
   391.02045      9.48909030E-04 -2.27944041E-03  1.05149847E-11
   392.02798      1.43849966E-03 -3.48073989E-03 -9.39265957E-11
   393.03473      2.07041926E-03 -4.45847912E-03  8.62284636E-12
   394.00858      2.79687904E-03 -5.11687202E-03 -1.85769927E-10
   395.01422      3.59692983E-03 -5.45297610E-03 -9.39553036E-12
   396.02045      4.34102584E-03 -5.42744063E-03 -4.63516690E-11
   397.02728      4.91854222E-03 -5.06966934E-03  9.45649462E-12
   398.03503      5.23383683E-03 -4.44585457E-03 -1.40432305E-10
   399.01099      5.21324389E-03 -3.67091061E-03 -5.78229825E-11
   400.01947      4.79948055E-03 -2.78221350E-03 -8.90674687E-12
