  3.24155502E-02  3.47621154E-09  2.51413823E-09 -3.00895878E-23
   1.0055733      4.28804903E-09  3.11935455E-09 -1.04759193E-21
   2.0111277      5.33637134E-09  3.90432442E-09 -2.35842117E-21
   3.0166252      6.65493083E-09  4.89333818E-09 -3.99983185E-21
   4.0220795      8.31723312E-09  6.14067197E-09 -6.05909799E-21
   5.0275183      1.04169597E-08  7.71597719E-09 -8.64569176E-21
   6.0005326      1.29778863E-08  9.63665769E-09 -1.17807063E-20
   7.0060029      1.63189391E-08  1.21415624E-08 -5.50310854E-20
   8.0114956      2.05582431E-08  1.53189070E-08  2.57274313E-17
   9.0170097      2.59430593E-08  1.93536618E-08  4.27755662E-16
   10.022537      3.27880478E-08  2.44810714E-08  9.15792435E-17
   11.028074      4.14922461E-08  3.09992956E-08  4.73557790E-17
   12.001194      5.21598444E-08  3.89854407E-08  2.78454604E-17
   13.006751      6.61176358E-08  4.94315096E-08 -1.92338352E-17
   14.012308      8.38427709E-08  6.26930969E-08 -2.19286708E-15
   15.017865      1.06328997E-07  7.95123185E-08 -2.18035069E-16
   16.023422      1.34823665E-07  1.00821126E-07 -7.50131187E-17
   17.029009      1.70894651E-07  1.27791481E-07 -2.22174201E-16
   18.002157      2.14871676E-07  1.60669543E-07  1.27045281E-17
   19.007744      2.72099101E-07  2.03450156E-07  1.97961579E-16
   20.013330      3.44389520E-07  2.57485681E-07  2.17170989E-16
   21.018917      4.35659899E-07  3.25697698E-07  2.89093033E-16
   22.024504      5.50819777E-07  4.11743684E-07  1.38936718E-15
   23.030090      6.95990366E-07  5.20176854E-07  1.82639429E-14
   24.003239      8.72181147E-07  6.51722132E-07  1.34751338E-15
   25.008825      1.10017766E-06  8.21850790E-07 -3.90368236E-16
   26.014412      1.38603855E-06  1.03500986E-06  1.92724538E-15
   27.020041      1.74337674E-06  1.30124761E-06  3.56008422E-14
   28.025686      2.18678406E-06  1.63246227E-06 -4.70182839E-14
   29.031332      2.75373441E-06  2.05251308E-06  4.14895372E-16
   30.004538      3.45578815E-06  2.57432089E-06  6.85031077E-15
   31.010183      4.37759718E-06  3.25970450E-06  1.78755072E-14
   32.015827      5.54622238E-06  4.12873578E-06  1.12596659E-13
   33.021473      7.02223588E-06  5.22635855E-06  2.44168645E-13
   34.027119      8.88201248E-06  6.60921478E-06  1.26357895E-13
   35.000324      1.11371255E-05  8.28567863E-06  1.08825141E-14
   36.005970      1.40533766E-05  1.04529645E-05 -6.22219921E-16
   37.011616      1.77099409E-05  1.31692586E-05  2.06977745E-13
   38.017262      2.22856106E-05  1.65662859E-05  5.54453998E-13
   39.022907      2.79962369E-05  2.08023612E-05  5.08170200E-14
   40.028553      3.50015180E-05  2.61082878E-05  1.01464478E-13
   41.001759      4.37999370E-05  3.26229747E-05  1.66515754E-13
   42.007404      5.48075695E-05  4.11073743E-05  1.32019097E-13
   43.013138      6.92158501E-05  5.18891138E-05 -6.78476155E-13
   44.018902      8.77892744E-05  6.56228149E-05  1.05495080E-13
   45.024666      1.11174828E-04  8.30771605E-05 -6.12477191E-14
   46.030430      1.40661563E-04  1.05177984E-04 -2.30245770E-12
   47.003750      1.76656307E-04  1.32099158E-04  1.48075251E-13
   48.009514      2.23537587E-04  1.67106686E-04  5.58988511E-13
   49.015278      2.82715482E-04  2.11315346E-04  1.27045878E-12
   50.021042      3.57379497E-04  2.67132826E-04  1.00549985E-11
   51.026806      4.51626198E-04  3.37594684E-04  2.57979640E-12
   52.000126      5.66335570E-04  4.23335645E-04  2.34124569E-12
   53.005890      7.15450617E-04  5.34782710E-04  1.31888112E-11
   54.011654      9.03714506E-04  6.75494608E-04  1.61126277E-12
   55.017418      1.14142243E-03  8.53166101E-04  1.03865415E-11
   56.023182      1.44157140E-03  1.07749645E-03 -3.39066969E-12
   57.028946      1.82052888E-03  1.36069872E-03  1.69508955E-11
   58.002266      2.28164205E-03  1.70526060E-03 -1.28661630E-11
   59.008030      2.88072648E-03  2.15286925E-03  3.62690737E-12
   60.013794      3.63637251E-03  2.71737715E-03 -4.95340158E-11
   61.019608      4.58902260E-03  3.42894346E-03 -5.58558928E-12
   62.025490      5.78933535E-03  4.32532607E-03 -6.29711452E-13
   63.031372      7.30066607E-03  5.45370672E-03  9.84609616E-11
   64.004807      9.13369469E-03  6.82189269E-03 -1.43449946E-10
   65.010689      1.15060285E-02  8.59204587E-03 -1.69652348E-11
   66.016571      1.44845601E-02  1.08136144E-02 -4.59091411E-11
   67.022453      1.82191767E-02  1.35977650E-02 -4.33568979E-12
   68.028336      2.28943415E-02  1.70810483E-02  9.75562853E-10
   69.001770      2.85265259E-02  2.12744903E-02  5.05797279E-11
   70.007652      3.57575864E-02  2.66539194E-02  6.08289669E-11
   71.013535      4.47490327E-02  3.33362520E-02 -7.22457039E-10
   72.019508      5.58941215E-02  4.16091867E-02  6.79132306E-11
   73.025627      6.96566328E-02  5.18102981E-02  1.00136219E-10
   74.031746      8.65747854E-02  6.43287823E-02  1.47190767E-12
   75.005424      0.10652715      7.90624022E-02  1.60124924E-09
   76.012154      0.13151209      9.74673629E-02 -7.73057451E-11
   77.020569      0.16168544      0.11962882      1.50735785E-10
   78.031807      0.19782984      0.14608242      7.11323361E-14
   79.013992      0.23918563      0.17622614     -6.67682798E-09
   80.000313      0.28734040      0.21115859      5.65866076E-10
   81.024246      0.34448156      0.25237536      5.29188637E-10
   82.019806      0.40665153      0.29692543     -1.46946428E-08
   83.019913      0.47459060      0.34524846      8.72244321E-09
   84.024300      0.54638302      0.39587945      6.70200007E-13
   85.032570      0.61903661      0.44662046     -7.91590526E-09
   86.010506      0.68628949      0.49306390      1.21270780E-08
   87.025085      0.74809253      0.53514409     -1.42481351E-08
   88.008240      0.79563689      0.56684798     -2.65219646E-09
   89.027306      0.82782692      0.58741874     -1.90746086E-08
   90.013977      0.83958548      0.59355021     -1.44948853E-09
   91.001846      0.83125424      0.58547235     -2.47743515E-09
   92.024765      0.80241710      0.56283909     -2.81534795E-09
   93.014282      0.75766212      0.52899772     -2.54124988E-09
   94.004295      0.70010579      0.48601905      1.95116296E-08
   95.028542      0.63163340      0.43511432      5.61131364E-10
   96.018646      0.56108630      0.38270143     -6.56108501E-09
   97.008751      0.48993134      0.32977489     -1.60333502E-09
   98.032997      0.41877973      0.27673894     -1.49154822E-09
   99.023102      0.35458177      0.22876245      1.54376578E-09
   100.01309      0.29633662      0.18511292     -3.70636988E-09
   101.00298      0.24486142      0.14642127     -2.38011610E-10
   102.02699      0.19906926      0.11188887     -2.00935091E-09
   103.01688      0.16192786      8.37810040E-02 -1.79496862E-09
   104.00676      0.13140562      6.05947264E-02 -1.50084778E-09
   105.03078      0.10616787      4.13419269E-02 -1.55871727E-09
   106.02066      8.71550292E-02  2.67713834E-02 -7.23429872E-10
   107.01054      7.26399720E-02  1.55953448E-02 -1.05186616E-10
   108.00043      6.18269220E-02  7.23226881E-03 -4.68439953E-10
   109.02444      5.37232682E-02  9.44762607E-04 -4.02438916E-10
   110.01433      4.81462516E-02 -3.37826461E-03 -3.58206270E-10
   111.00421      4.41593379E-02 -6.43602293E-03 -2.11067344E-10
   112.02823      4.11484390E-02 -8.67564604E-03 -2.79440970E-10
   113.01811      3.88776511E-02 -1.02633974E-02 -6.84003063E-11
   114.00800      3.69120538E-02 -1.15146767E-02 -2.85362817E-10
   115.03201      3.49694602E-02 -1.26160672E-02 -3.16341481E-10
   116.02190      3.30550075E-02 -1.35778263E-02 -1.75833820E-10
   117.01178      3.10653076E-02 -1.44612398E-02 -1.15982300E-10
   118.00166      2.90236287E-02 -1.52456006E-02 -4.10614598E-10
   119.02568      2.69218683E-02 -1.59043390E-02 -5.70014924E-10
   120.01556      2.49763839E-02 -1.63404159E-02  5.44552237E-10
   121.00545      2.31822692E-02 -1.65372118E-02 -9.80006701E-11
   122.02946      2.15313490E-02 -1.64681524E-02 -7.33884759E-11
   123.01935      2.01480556E-02 -1.61457025E-02 -6.47044474E-10
   124.00923      1.89600810E-02 -1.56064760E-02  4.43531128E-10
   125.03325      1.79000739E-02 -1.48794092E-02  4.93395533E-11
   126.02313      1.69922505E-02 -1.40822837E-02  1.79905799E-10
   127.01302      1.61532424E-02 -1.32625438E-02 -4.87929142E-10
   128.00290      1.53460186E-02 -1.24817509E-02  3.25020739E-11
   129.02692      1.45207616E-02 -1.17640793E-02 -1.44347270E-10
   130.01680      1.37277115E-02 -1.11841550E-02 -1.52923479E-10
   131.00668      1.29514840E-02 -1.07213641E-02  2.46379223E-10
   132.03070      1.21923611E-02 -1.03522558E-02  3.94099267E-11
   133.02058      1.15319751E-02 -1.00762891E-02  3.37067707E-10
   134.01047      1.09719886E-02 -9.85097513E-03 -1.57346539E-10
   135.03448      1.05181504E-02 -9.64444131E-03  5.12237787E-11
   136.02437      1.02058835E-02 -9.45344940E-03 -1.64979128E-10
   137.01425      1.00084711E-02 -9.26508382E-03  2.23384436E-10
   138.00414      9.90478508E-03 -9.08310711E-03  5.45927817E-11
   139.02815      9.86644719E-03 -8.91197845E-03  3.97260211E-11
   140.01804      9.86632518E-03 -8.77459534E-03  5.19411791E-10
   141.00792      9.87792667E-03 -8.67329817E-03 -1.52061252E-10
   142.03194      9.88506526E-03 -8.60966090E-03  3.57827323E-10
   143.02182      9.88130178E-03 -8.58482532E-03  8.79565032E-11
   144.01170      9.86933336E-03 -8.58808961E-03  6.41035627E-11
   145.03572      9.85844806E-03 -8.60991888E-03  5.58490920E-10
   146.02560      9.86161362E-03 -8.63824785E-03  6.51557003E-11
   147.01549      9.88912210E-03 -8.66587646E-03  6.21637464E-11
   148.00537      9.94754396E-03 -8.68934486E-03  3.52803786E-10
   149.02939      1.00417631E-02 -8.71076714E-03  6.67283451E-11
   150.01927      1.01616550E-02 -8.73466581E-03  6.82635337E-11
   151.00916      1.03040915E-02 -8.77040345E-03  7.73822673E-11
   152.03317      1.04700290E-02 -8.83012824E-03  8.58459831E-11
   153.02306      1.06475838E-02 -8.91917571E-03  5.15877792E-11
   154.01294      1.08474763E-02 -9.04652849E-03 -1.51659019E-10
   155.03696      1.10903848E-02 -9.22485068E-03  6.27211963E-11
   156.02684      1.13774091E-02 -9.44785587E-03  3.55646519E-11
   157.01672      1.17360521E-02 -9.72745009E-03  4.42431820E-11
   158.00661      1.21885287E-02 -1.00735500E-02 -1.75443660E-10
   159.03062      1.27809495E-02 -1.05172368E-02 -4.71240408E-11
   160.02051      1.35009661E-02 -1.10500520E-02  4.23609516E-11
   161.01039      1.43962661E-02 -1.17121348E-02  4.69280725E-11
   162.03441      1.55453468E-02 -1.25683285E-02 -1.09554657E-11
   163.02429      1.69176906E-02 -1.36019457E-02  2.20594376E-10
   164.01418      1.86034814E-02 -1.48840509E-02 -3.20226318E-10
   165.03819      2.07495335E-02 -1.65272597E-02  7.20013008E-11
   166.02808      2.32953690E-02 -1.84827764E-02  4.63772604E-10
   167.01796      2.63977982E-02 -2.08662134E-02 -9.39592154E-12
   168.00784      3.01597267E-02 -2.37511732E-02  5.79394643E-10
   169.03186      3.48639116E-02 -2.73490269E-02  3.71515430E-10
   170.02174      4.03168947E-02 -3.15089114E-02 -7.97155605E-11
   171.01163      4.67807949E-02 -3.64314951E-02 -5.49597416E-11
   172.03564      5.46596646E-02 -4.24273163E-02  8.42443115E-10
   173.02553      6.35548532E-02 -4.91977148E-02 -4.89466800E-12
   174.01541      7.38396570E-02 -5.70316352E-02 -2.05405692E-11
   175.00529      8.56631845E-02 -6.60475492E-02 -2.25017782E-09
   176.02931      9.97116715E-02 -7.67753944E-02 -1.91990313E-11
   177.01920      0.11530900     -8.87068436E-02 -1.22209534E-11
   178.00908      0.13325816     -0.10246392     -4.39762463E-12
   179.03310      0.15487149     -0.11906034      1.04366391E-10
   180.02298      0.17950086     -0.13799661      3.40711548E-09
   181.01286      0.20887797     -0.16058411      9.29299623E-11
   182.03688      0.24573350     -0.18887202      3.13993853E-09
   183.02676      0.28930011     -0.22217923     -7.99168021E-09
   184.01624      0.34239721     -0.26252046     -1.23564625E-09
   185.03963      0.40881240     -0.31254363     -1.26819416E-10
   186.02856      0.48448110     -0.36892930     -4.46403625E-09
   187.01707      0.56979978     -0.43174896      2.44319409E-09
   188.03914      0.66331315     -0.49974266     -3.94242763E-11
   189.02660      0.75035208     -0.56233448      9.49649692E-10
   190.01340      0.82266843     -0.61405337     -3.88808513E-10
   191.03340      0.86901921     -0.64761692     -1.32900357E-09
   192.01848      0.87668467     -0.65468746     -1.77678816E-09
   193.03645      0.84335369     -0.63402146     -4.60595839E-10
   194.01923      0.77698040     -0.59069651     -8.11931078E-10
   195.03436      0.68616009     -0.53015751     -2.28392283E-09
   196.01395      0.59217852     -0.46637249     -1.75065029E-08
   197.02522      0.50255013     -0.40435204     -9.56512536E-10
   198.03394      0.42970592     -0.35276046     -6.98445835E-09
   199.00615      0.37806040     -0.31510228     -1.99307182E-10
   200.00842      0.34168887     -0.28757313     -2.53532084E-10
   201.00665      0.31673300     -0.26795429      6.37686037E-09
   202.03336      0.29522762     -0.25097090      3.73748255E-12
   203.02191      0.27208683     -0.23340191     -3.62871122E-11
   204.03815      0.24178985     -0.21131667      1.01234104E-10
   205.01680      0.20574287     -0.18560065      7.59670826E-10
   206.02393      0.16383478     -0.15587290      4.99835728E-09
   207.02812      0.12111408     -0.12541290      5.05202546E-10
   208.03108      8.16295296E-02 -9.68755111E-02  8.31670399E-10
   209.03389      4.83457819E-02 -7.22882450E-02  8.38624392E-10
   210.03714      2.25057676E-02 -5.25879450E-02  6.54255261E-10
   211.00806      4.08647861E-03 -3.79530899E-02 -1.91892308E-10
   212.01134     -9.91309248E-03 -2.63183918E-02  5.03636077E-10
   213.01462     -2.11001895E-02 -1.67521834E-02  4.66856553E-10
   214.01790     -3.14775556E-02 -7.94179086E-03  6.71703138E-10
   215.02118     -4.20702212E-02  8.10223632E-04  3.83617083E-10
   216.02446     -5.26525863E-02  9.40133259E-03  3.02798453E-10
   217.02777     -6.19364791E-02  1.70473028E-02  1.32415434E-09
   218.03152     -6.81514144E-02  2.26548482E-02  5.18399546E-10
   219.03528     -6.98132738E-02  2.53119618E-02  1.31225597E-09
   220.00665     -6.65749237E-02  2.47833226E-02  7.92220844E-10
   221.01041     -5.89568838E-02  2.15118118E-02  2.73808864E-10
   222.01416     -4.88328561E-02  1.66335087E-02  1.22505495E-09
   223.01791     -3.85654718E-02  1.16197523E-02  4.54060595E-10
   224.02167     -3.01720798E-02  7.71777332E-03  4.54119464E-10
   225.02542     -2.46098079E-02  5.52476663E-03  5.10790188E-10
   226.02922     -2.15523690E-02  4.86022420E-03  3.54885732E-10
   227.03345     -1.97665971E-02  4.99726180E-03  2.38050191E-10
   228.03767     -1.79210324E-02  5.13335643E-03  2.63722544E-10
   229.00951     -1.54481288E-02  4.86155739E-03  1.32939826E-10
   230.01373     -1.25135044E-02  4.30839323E-03  4.66509886E-10
   231.01796     -1.02511412E-02  4.04684013E-03  3.28741145E-10
   232.02219     -9.74831730E-03  4.67197411E-03  2.40597209E-10
   233.02641     -1.13406777E-02  6.37348602E-03  4.76000073E-10
   234.03064     -1.43055916E-02  8.75416491E-03  1.93033867E-10
   235.03487     -1.71691645E-02  1.10013196E-02  1.86399632E-10
   236.00670     -1.84859931E-02  1.22974943E-02 -2.01335865E-10
   237.01109     -1.77293755E-02  1.23893302E-02  1.52266838E-10
   238.01579     -1.53403040E-02  1.14938188E-02  1.37765396E-10
   239.02049     -1.26565965E-02  1.03478814E-02  1.68639061E-10
   240.02519     -1.10545047E-02  9.71343368E-03  1.68027703E-10
   241.02989     -1.11653237E-02  9.94295441E-03  1.53518809E-10
   242.03459     -1.25317434E-02  1.08102290E-02  1.41415019E-10
   243.00688     -1.39717609E-02  1.16835758E-02  1.18411253E-10
   244.01158     -1.45257544E-02  1.20594855E-02  1.12468118E-10
   245.01628     -1.38214985E-02  1.17318332E-02  1.30828709E-10
   246.02098     -1.24693261E-02  1.10283829E-02  5.75831383E-10
   247.02568     -1.15712192E-02  1.05378097E-02  4.43009129E-10
   248.03038     -1.19446432E-02  1.06976377E-02  1.77750675E-10
   249.03523     -1.35333892E-02  1.14903087E-02  1.65046754E-10
   250.00798     -1.54003743E-02  1.24313775E-02  1.65909980E-10
   251.01315     -1.65823735E-02  1.30158467E-02  1.17535481E-10
   252.01833     -1.64075289E-02  1.28946984E-02  1.24364297E-10
   253.02350     -1.52163673E-02  1.22317346E-02  4.11720658E-11
   254.02867     -1.40254954E-02  1.15470141E-02  1.07953958E-10
   255.03384     -1.38269160E-02  1.13495439E-02  7.30536603E-11
   256.00659     -1.48268752E-02  1.17615135E-02  8.89109689E-11
   257.01224     -1.64987594E-02  1.25237862E-02  1.34839667E-10
   258.01788     -1.78074986E-02  1.31330630E-02  1.38716455E-10
   259.02353     -1.80874318E-02  1.32638002E-02  1.43794435E-10
   260.02917     -1.75405256E-02  1.30131496E-02  1.68872527E-10
   261.03482     -1.70716252E-02  1.28211249E-02  1.35797595E-10
   262.00803     -1.75630283E-02  1.31098721E-02 -1.56210045E-10
   263.01367     -1.92748345E-02  1.39998375E-02  9.75661704E-11
   264.01932     -2.15745494E-02  1.51716648E-02  1.14778881E-10
   265.02496     -2.34143417E-02  1.61094666E-02 -4.14282497E-10
   266.03061     -2.41292808E-02  1.64871998E-02  1.10372489E-10
   267.03625     -2.39458289E-02  1.64095014E-02 -3.49755891E-10
   268.00946     -2.37716790E-02  1.63152087E-02  4.69551828E-11
   269.01511     -2.44645178E-02  1.66178700E-02  6.32636790E-11
   270.02075     -2.62056030E-02  1.74173322E-02  5.37823466E-11
   271.02640     -2.83232220E-02  1.84052214E-02  6.08516640E-11
   272.03204     -2.98326779E-02  1.91215593E-02  6.65201089E-11
   273.03769     -3.02123781E-02  1.93184465E-02 -3.60741992E-12
   274.01089     -2.98201814E-02  1.91506930E-02  7.85091853E-11
   275.01654     -2.94742156E-02  1.89936962E-02  9.55682339E-11
   276.02219     -2.98579186E-02  1.91652402E-02  5.25933630E-10
   277.02783     -3.08889616E-02  1.96422618E-02  1.10611638E-10
   278.03348     -3.18116546E-02  2.00958811E-02  1.42148848E-10
   279.00668     -3.18530314E-02  2.01863814E-02  5.37977385E-10
   280.01233     -3.08770929E-02  1.98610947E-02  1.28416500E-10
   281.01797     -2.94766091E-02  1.93907861E-02  7.64831198E-10
   282.02362     -2.85428073E-02  1.91773176E-02  2.62456473E-10
   283.02927     -2.84954775E-02  1.94137692E-02 -1.74252751E-10
   284.03516     -2.89608352E-02  1.99340396E-02 -2.05587519E-10
   285.00928     -2.91231237E-02  2.03562286E-02 -7.28616500E-10
   286.01587     -2.84442008E-02  2.04483960E-02  2.55905824E-10
   287.02246     -2.70889513E-02  2.02406459E-02 -1.85080451E-10
   288.02905     -2.58015767E-02  2.00302042E-02  1.74462611E-10
   289.03564     -2.52521411E-02  2.00822838E-02 -4.31254088E-10
   290.00977     -2.54271887E-02  2.03703437E-02  5.17798859E-11
   291.01636     -2.57332139E-02  2.06367392E-02 -3.34523353E-10
   292.02295     -2.54853666E-02  2.05639526E-02  6.36943165E-10
   293.02954     -2.45639589E-02  2.00852118E-02  1.55470428E-10
   294.03613     -2.35344283E-02  1.94330532E-02  6.91417479E-11
   295.01025     -2.31564958E-02  1.89445298E-02  1.50717855E-10
   296.01685     -2.37120669E-02  1.87202245E-02  1.47058976E-10
   297.02344     -2.47875676E-02  1.86177157E-02  1.49916635E-10
   298.03003     -2.56087109E-02  1.83297768E-02 -4.07180123E-10
   299.03662     -2.57247798E-02  1.76895801E-02 -3.81357834E-10
   300.01074     -2.53825877E-02  1.68544594E-02  1.82025270E-10
   301.01733     -2.52068806E-02  1.60763990E-02  8.47393336E-11
   302.02393     -2.56649032E-02  1.56198274E-02  6.29963651E-11
   303.03052     -2.65524238E-02  1.54569792E-02 -2.52695781E-11
   304.03711     -2.71810666E-02  1.53536685E-02  1.78293852E-10
   305.01123     -2.70005856E-02  1.51270274E-02  6.13877213E-11
   306.01782     -2.60527544E-02  1.48052145E-02  4.27146152E-10
   307.02441     -2.49149911E-02  1.46426428E-02 -5.29214561E-10
   308.03101     -2.41706390E-02  1.48674697E-02  5.45417989E-10
   309.03760     -2.38343216E-02  1.54642249E-02  1.15534943E-11
   310.01172     -2.33873110E-02  1.61518529E-02 -5.62080382E-10
   311.01831     -2.22384930E-02  1.66950505E-02 -5.49536527E-10
   312.02490     -2.03451291E-02  1.69844981E-02  8.65499200E-11
   313.03149     -1.83047596E-02  1.71770900E-02  4.87419216E-10
   314.00616     -1.68763082E-02  1.74663849E-02  1.49114637E-10
   315.01370     -1.61839146E-02  1.78923290E-02  1.59647184E-10
   316.02124     -1.59046315E-02  1.82294212E-02 -8.55457982E-10
   317.02878     -1.54278977E-02  1.81883760E-02  1.07474259E-10
   318.03632     -1.45486901E-02  1.76576786E-02  1.06206322E-10
   319.01135     -1.36865713E-02  1.68198291E-02  1.05001535E-10
   320.01889     -1.33850444E-02  1.58770550E-02  1.06701648E-10
   321.02643     -1.39007466E-02  1.49941379E-02 -3.57125191E-10
   322.03397     -1.48060387E-02  1.40838306E-02  9.74812106E-11
   323.00900     -1.53677966E-02  1.30018350E-02  9.84598791E-11
   324.01654     -1.52329113E-02  1.16239730E-02  3.68790998E-10
   325.02408     -1.45996036E-02  1.01639051E-02  6.30116584E-11
   326.03162     -1.40204951E-02  8.91597569E-03  4.39258768E-11
   327.03915     -1.37633905E-02  8.04511365E-03  7.33309732E-11
   328.01419     -1.34990234E-02  7.47737754E-03  1.28819511E-10
   329.02173     -1.25870295E-02  6.94691390E-03  2.31817510E-10
   330.02927     -1.07312091E-02  6.32697763E-03  1.06890365E-10
   331.03680     -8.25193152E-03  5.67991380E-03 -3.12368187E-13
   332.01184     -5.92956087E-03  5.19878557E-03  1.00366535E-10
   333.01938     -4.08047764E-03  4.92933858E-03 -4.94482649E-11
   334.02692     -2.65040365E-03  4.74470714E-03  7.12969336E-11
   335.03445     -1.14660803E-03  4.37113084E-03  5.64801886E-11
   336.00949      6.32471987E-04  3.66855110E-03  2.01985373E-10
   337.01703      2.50949804E-03  2.65861256E-03  5.98861585E-11
   338.02457      3.79130128E-03  1.58845948E-03  6.10750964E-11
   339.03210      4.10530111E-03  6.31074887E-04  6.86004864E-11
   340.00714      3.73511994E-03 -2.08989295E-04  6.58895369E-11
   341.01468      3.30072199E-03 -1.12647470E-03  6.58992444E-11
   342.02222      3.26480903E-03 -2.15093209E-03  7.00100672E-11
   343.02975      3.50149209E-03 -3.13387881E-03  6.70597744E-11
   344.03729      3.52345780E-03 -3.81244766E-03  8.20254975E-11
   345.01233      3.08816787E-03 -4.03029099E-03 -3.67264795E-11
   346.01987      2.45912420E-03 -3.87779321E-03  3.76521730E-11
   347.02740      2.23985221E-03 -3.56819108E-03 -9.08127532E-11
   348.03494      2.77649891E-03 -3.27278208E-03  2.90159563E-12
   349.00998      3.71304294E-03 -2.98675592E-03  5.40051892E-11
   350.01752      4.49560210E-03 -2.57786550E-03  5.62800397E-11
   351.02505      4.71641868E-03 -2.02672835E-03 -1.58432607E-11
   352.03259      4.54764953E-03 -1.49045233E-03  9.49855125E-11
   353.00763      4.47510742E-03 -1.21267943E-03  4.87890492E-11
   354.01517      4.73293383E-03 -1.29038538E-03  1.03843600E-11
   355.02271      5.03230002E-03 -1.63330347E-03  3.23141722E-11
   356.03024      4.84777614E-03 -2.01082346E-03  5.97495248E-11
   357.00528      3.99409235E-03 -2.26408360E-03  5.69097339E-11
   358.01282      2.80154380E-03 -2.43801391E-03 -1.17264129E-10
   359.02036      1.91813800E-03 -2.63718213E-03  5.35723167E-11
   360.02789      1.63983670E-03 -2.88498960E-03  5.61329455E-12
   361.03543      1.72981212E-03 -3.04455264E-03  1.21322785E-10
   362.01047      1.71372388E-03 -2.94291787E-03  9.25517996E-11
   363.01801      1.41083414E-03 -2.53101392E-03  2.13568802E-10
   364.02621      1.11835345E-03 -1.96193159E-03  3.62245442E-11
   365.03470      1.28263910E-03 -1.46723038E-03  6.79920009E-11
   366.01065      1.95547286E-03 -1.17083639E-03  3.10087060E-11
   367.01920      2.72878609E-03 -9.92993941E-04  1.37444015E-11
   368.02863      2.99999537E-03 -8.23113893E-04  2.58353061E-11
   369.00595      2.65181996E-03 -6.45719003E-04  3.69459845E-11
   370.01675      1.99821312E-03 -5.58848202E-04  4.43918860E-11
   371.02875      1.54099218E-03 -6.90642686E-04  6.85535795E-11
   372.00970      1.39843638E-03 -1.00223324E-03  3.27489667E-11
   373.02542      1.24677364E-03 -1.33156590E-03  6.70327960E-11
   374.01059      7.50022882E-04 -1.46858301E-03  5.60005028E-11
   375.03122     -6.01681459E-05 -1.37399160E-03  3.00498723E-11
   376.02115     -6.78042066E-04 -1.16376556E-03  2.70211978E-12
   377.01242     -6.98420976E-04 -9.68267443E-04  2.57599359E-11
   378.03598     -1.70228624E-04 -7.96589709E-04  1.19280714E-11
   379.02438      3.99612152E-04 -5.66601928E-04  1.04874893E-11
   380.01004      6.08162722E-04 -2.09779842E-04  1.63643907E-11
   381.02570      4.41537879E-04  2.17306413E-04  2.19812675E-11
   382.00616      2.67135270E-04  5.16126049E-04  3.65285406E-12
   383.01727      3.59555590E-04  5.79308602E-04 -1.00150617E-12
   384.02695      5.92351891E-04  4.29939566E-04  1.11857450E-11
   385.03552      5.58339409E-04  2.24801712E-04  9.75748822E-12
   386.01144      4.55499430E-05  8.89709918E-05  1.88600351E-12
   387.01920     -6.95206691E-04 -1.19624747E-06  1.35320019E-11
   388.02768     -1.13399513E-03 -1.35979935E-04  1.27291042E-11
   389.03616     -9.95813403E-04 -3.53329728E-04  2.29622293E-11
   390.01212     -4.88857622E-04 -5.60459855E-04  1.57202810E-11
   391.02045     -1.38209434E-05 -6.40256447E-04  1.50025218E-11
   392.02798      2.04556447E-04 -5.47075470E-04  1.43706427E-11
   393.03473      3.58145509E-04 -3.93332972E-04  7.66435179E-12
   394.00858      7.67875405E-04 -3.43240827E-04  1.39880269E-11
   395.01422      1.49612362E-03 -4.63061122E-04  1.98304359E-11
   396.02045      2.18996219E-03 -6.90123474E-04  8.62561585E-12
   397.02728      2.42639752E-03 -9.08486196E-04 -1.32086165E-11
   398.03503      2.17125146E-03 -1.08302524E-03 -4.23647610E-11
   399.01099      1.80175260E-03 -1.27079757E-03  1.31652579E-11
   400.01947      1.68811914E-03 -1.54223258E-03  1.29917804E-11
