  3.24155502E-02  4.31105627E-06  3.14541398E-06 -2.47856302E-20
   1.0055733      5.47710306E-06  3.90264859E-06 -8.64079485E-19
   2.0111277      6.98155054E-06  4.89814693E-06 -1.94693170E-18
   3.0166252      8.87277929E-06  6.16450552E-06 -3.30821291E-18
   4.0220795      1.12547195E-05  7.77120295E-06 -5.02274656E-18
   5.0275183      1.42569079E-05  9.80547611E-06 -7.18543343E-18
   6.0005326      1.79037143E-05  1.22831652E-05  2.21986287E-15
   7.0060029      2.26296543E-05  1.54987101E-05  7.73355735E-15
   8.0114956      2.85655278E-05  1.95398625E-05 -1.07118599E-14
   9.0170097      3.57331883E-05  2.46051077E-05 -9.15065956E-15
   10.022537      4.48589672E-05  3.10084943E-05 -8.62099969E-14
   11.028074      5.70025695E-05  3.91812246E-05 -5.58083920E-14
   12.001194      7.21453762E-05  4.92305044E-05 -4.72822411E-13
   13.006751      9.10364179E-05  6.23416781E-05 -1.68126973E-13
   14.012308      1.14896153E-04  7.88920443E-05 -1.26774405E-13
   15.017865      1.45265702E-04  9.97598108E-05  2.94417875E-12
   16.023422      1.83691824E-04  1.26076775E-04  6.07381170E-14
   17.029009      2.32127029E-04  1.59285803E-04 -1.16977486E-13
   18.002157      2.90996715E-04  1.99705872E-04  5.62627939E-12
   19.007744      3.67543718E-04  2.52277125E-04 -3.84046283E-13
   20.013330      4.64309880E-04  3.18708451E-04 -2.14268620E-12
   21.018917      5.86643815E-04  4.02661361E-04 -1.14426680E-11
   22.024504      7.41245749E-04  5.08746132E-04 -1.36121548E-11
   23.030090      9.36555152E-04  6.42766769E-04  2.42602882E-11
   24.003239      1.17434119E-03  8.05941818E-04  2.20214298E-12
   25.008825      1.48350676E-03  1.01809739E-03  2.98860416E-11
   26.014412      1.87387678E-03  1.28596381E-03 -1.08604521E-12
   27.020041      2.36671022E-03  1.62411365E-03 -1.44912190E-11
   28.025686      2.98878248E-03  2.05090083E-03  3.62328154E-11
   29.031332      3.77377775E-03  2.58940319E-03 -2.45458471E-12
   30.004538      4.72834939E-03  3.24414065E-03 -2.42639567E-12
   31.010183      5.96759375E-03  4.09397949E-03 -7.28161715E-12
   32.015827      7.52920564E-03  5.16464794E-03  1.79053800E-10
   33.021473      9.49560106E-03  6.51247753E-03 -1.15432412E-11
   34.027119      1.19695012E-02  8.20760895E-03  4.41216768E-12
   35.000324      1.49667813E-02  1.02605522E-02 -3.69905162E-10
   36.005970      1.88403744E-02  1.29124224E-02  1.51956139E-11
   37.011616      2.36943513E-02  1.62334554E-02  2.43121304E-11
   38.017262      2.97648646E-02  2.03837696E-02  5.75375081E-10
   39.022907      3.73385921E-02  2.55572181E-02  9.28829513E-11
   40.028553      4.67603207E-02  3.19861136E-02 -5.79931658E-10
   41.001759      5.80231249E-02  3.96615788E-02  1.09253562E-09
   42.007404      7.23435655E-02  4.94060479E-02  1.92449556E-10
   43.013138      8.99331868E-02  6.13531321E-02 -1.38334644E-09
   44.018902      0.11140566      7.59056658E-02  2.24078880E-10
   45.024666      0.13742343      9.34930444E-02  8.44343706E-10
   46.030430      0.16866511      0.11454734      2.35101189E-10
   47.003750      0.20447662      0.13859682      3.55773133E-10
   48.009514      0.24775144      0.16754064      2.67950218E-10
   49.015278      0.29767811      0.20077640      6.74199452E-09
   50.021042      0.35414985      0.23816994      1.55696345E-09
   51.026806      0.41648707      0.27920541     -3.89854204E-10
   52.000126      0.48104936      0.32144144      4.98797892E-10
   53.005890      0.54987204      0.36617136      1.22257415E-09
   54.011654      0.61759514      0.40989223     -8.06466716E-09
   55.017418      0.68011457      0.44999212      1.18546293E-08
   56.023182      0.73283827      0.48360735     -7.98339284E-10
   57.028946      0.77126145      0.50797361     -9.97061100E-10
   58.002266      0.79133189      0.52062917      1.88390276E-11
   59.008030      0.79220068      0.52110791      1.00234987E-09
   60.013794      0.77257931      0.50860304      6.92926772E-10
   61.019608      0.73415321      0.48413175      2.76626111E-10
   62.025490      0.68030608      0.44974115      3.47673623E-09
   63.031372      0.61548376      0.40814966      6.07753181E-10
   64.004807      0.54680300      0.36383647     -1.13296981E-08
   65.010689      0.47403884      0.31659880      5.97821037E-09
   66.016571      0.40314478      0.27027500      5.94547078E-10
   67.022453      0.33690742      0.22671200      5.18650234E-10
   68.028336      0.27714407      0.18715620     -6.13279916E-09
   69.001770      0.22638106      0.15335143     -2.72863954E-09
   70.007652      0.18150559      0.12328618      3.38835138E-09
   71.013535      0.14411013      9.80744511E-02  1.92132060E-10
   72.019508      0.11362677      7.73836002E-02 -2.65025024E-09
   73.025627      8.92789215E-02  6.07300699E-02  7.21806392E-10
   74.031746      7.01887682E-02  4.75517027E-02 -2.57437582E-09
   75.005424      5.58743551E-02  3.75561193E-02  3.64128672E-10
   76.012154      4.45397720E-02  2.95216031E-02 -6.05608008E-10
   77.020569      3.59426960E-02  2.33007781E-02 -5.97602912E-10
   78.031807      2.94129848E-02  1.84405688E-02  3.97191557E-10
   79.013992      2.45494768E-02  1.46803539E-02  9.04416056E-11
   80.000313      2.07343232E-02  1.15783494E-02  1.71182443E-10
   81.024246      1.76060311E-02  8.85488372E-03 -5.18788068E-11
   82.019806      1.51865324E-02  6.54621841E-03  1.15328996E-11
   83.019913      1.32661574E-02  4.47351299E-03 -1.07485562E-10
   84.024300      1.18019246E-02  2.58990703E-03 -1.10756349E-10
   85.032570      1.07810860E-02  8.72205885E-04 -1.08213494E-10
   86.010506      1.02114584E-02 -6.41990744E-04 -1.05854173E-10
   87.025085      1.00406371E-02 -2.06761784E-03 -7.30488725E-11
   88.008240      1.02497740E-02 -3.32359411E-03 -2.91705965E-11
   89.027306      1.08003672E-02 -4.51660808E-03 -1.16979912E-10
   90.013977      1.15880910E-02 -5.58963697E-03  7.31199823E-11
   91.001846      1.25510972E-02 -6.60542259E-03 -1.18418372E-10
   92.024765      1.36514157E-02 -7.61372223E-03  7.88017915E-11
   93.014282      1.47460597E-02 -8.55632313E-03 -1.02289024E-10
   94.004295      1.58166662E-02 -9.46690142E-03 -1.15156627E-10
   95.028542      1.68590099E-02 -1.03654880E-02  5.07327930E-11
   96.018646      1.77817848E-02 -1.11773107E-02 -4.39203146E-10
   97.008751      1.86130144E-02 -1.19172586E-02 -9.22763116E-11
   98.032997      1.93772130E-02 -1.25928987E-02  8.26590185E-12
   99.023102      2.00285073E-02 -1.31513802E-02 -1.69015246E-10
   100.01309      2.05998830E-02 -1.36165833E-02 -5.36074962E-10
   101.00298      2.10966542E-02 -1.39954025E-02  2.90036939E-10
   102.02699      2.15366371E-02 -1.43094733E-02 -9.27914481E-11
   103.01688      2.18946096E-02 -1.45533131E-02  1.84530918E-10
   104.00676      2.21912116E-02 -1.47535214E-02  2.42425136E-10
   105.03078      2.24403329E-02 -1.49281258E-02 -1.40649117E-10
   106.02066      2.26340983E-02 -1.50747942E-02  2.04962686E-10
   107.01054      2.27918494E-02 -1.52051663E-02 -1.35384426E-10
   108.00043      2.29243133E-02 -1.53217800E-02 -1.32009667E-10
   109.02444      2.30453201E-02 -1.54289408E-02  2.85469121E-10
   110.01433      2.31548846E-02 -1.55201843E-02  2.68190581E-10
   111.00421      2.32621506E-02 -1.56005463E-02 -5.21873600E-10
   112.02823      2.33727600E-02 -1.56745389E-02 -1.38126510E-10
   113.01811      2.34789178E-02 -1.57401375E-02 -1.28993149E-10
   114.00800      2.35826932E-02 -1.58028100E-02 -9.18555162E-11
   115.03201      2.36856900E-02 -1.58669576E-02  4.07757272E-10
   116.02190      2.37800553E-02 -1.59295276E-02 -4.21331442E-11
   117.01178      2.38694400E-02 -1.59927569E-02 -3.75776160E-10
   118.00166      2.39549167E-02 -1.60559267E-02 -5.09015191E-11
   119.02568      2.40409859E-02 -1.61201339E-02 -8.78680392E-11
   120.01556      2.41235439E-02 -1.61802080E-02  3.60539432E-10
   121.00545      2.42066383E-02 -1.62379332E-02 -3.77234438E-10
   122.02946      2.42935661E-02 -1.62953604E-02 -1.02930629E-10
   123.01935      2.43781414E-02 -1.63492896E-02 -9.60347010E-11
   124.00923      2.44623274E-02 -1.64024681E-02 -1.18220767E-10
   125.03325      2.45479606E-02 -1.64574645E-02 -1.08345041E-10
   126.02313      2.46286597E-02 -1.65110547E-02 -1.08500250E-10
   127.01302      2.47072503E-02 -1.65650602E-02 -7.97391181E-11
   128.00290      2.47841794E-02 -1.66190788E-02 -5.24083610E-10
   129.02692      2.48627141E-02 -1.66742615E-02 -7.74644932E-11
   130.01680      2.49380544E-02 -1.67261939E-02  1.99188277E-10
   131.00668      2.50126794E-02 -1.67761408E-02 -9.40103204E-11
   132.03070      2.50882655E-02 -1.68252997E-02 -8.73357164E-10
   133.02058      2.51583159E-02 -1.68701224E-02 -1.34037476E-10
   134.01047      2.52236947E-02 -1.69119742E-02 -6.04074346E-10
   135.03448      2.52845678E-02 -1.69515740E-02 -9.73228581E-11
   136.02437      2.53352076E-02 -1.69853680E-02 -9.96079885E-11
   137.01425      2.53762845E-02 -1.70134827E-02 -7.59806454E-11
   138.00414      2.54062787E-02 -1.70342997E-02 -6.07830591E-11
   139.02815      2.54236571E-02 -1.70461610E-02 -5.45409620E-11
   140.01804      2.54244488E-02 -1.70460772E-02 -5.38907863E-10
   141.00792      2.54067276E-02 -1.70323309E-02 -9.47536424E-11
   142.03194      2.53636800E-02 -1.70009546E-02 -8.48388998E-11
   143.02182      2.52931323E-02 -1.69510823E-02  3.83628518E-10
   144.01170      2.51885168E-02 -1.68787055E-02  6.90631330E-10
   145.03572      2.50382461E-02 -1.67762637E-02 -2.76559678E-11
   146.02560      2.48462223E-02 -1.66463815E-02 -3.38591266E-10
   147.01549      2.46021748E-02 -1.64817665E-02 -1.04988775E-10
   148.00537      2.43000835E-02 -1.62780397E-02 -5.50762005E-11
   149.02939      2.39202864E-02 -1.60218030E-02  2.16014401E-10
   150.01927      2.34826393E-02 -1.57266594E-02 -9.85626650E-11
   151.00916      2.29714103E-02 -1.53824640E-02 -9.65622929E-11
   152.03317      2.23625284E-02 -1.49736032E-02 -3.91786673E-11
   153.02306      2.16965415E-02 -1.45277558E-02  3.73303444E-10
   154.01294      2.09574755E-02 -1.40343439E-02 -9.39157779E-11
   155.03696      2.01228857E-02 -1.34783685E-02 -7.20327825E-11
   156.02684      1.92588232E-02 -1.29035665E-02  3.23161609E-10
   157.01672      1.83522925E-02 -1.23009793E-02  1.69415523E-11
   158.00661      1.74201708E-02 -1.16816349E-02  1.78351361E-11
   159.03062      1.64495818E-02 -1.10369232E-02  1.70121695E-10
   160.02051      1.55267036E-02 -1.04240896E-02 -6.08480002E-11
   161.01039      1.46403946E-02 -9.83567722E-03 -2.01612643E-10
   162.03441      1.37835369E-02 -9.26674064E-03 -4.17211488E-10
   163.02429      1.30315144E-02 -8.76691286E-03 -5.22160995E-11
   164.01418      1.23683764E-02 -8.32514744E-03 -5.69808853E-11
   165.03819      1.17849261E-02 -7.93487020E-03  1.02239037E-10
   166.02808      1.13226492E-02 -7.62374094E-03 -2.40474168E-10
   167.01796      1.09569505E-02 -7.37559469E-03  3.43907625E-10
   168.00784      1.06792841E-02 -7.18526077E-03 -8.51995488E-11
   169.03186      1.04715675E-02 -7.04112928E-03 -7.62485144E-11
   170.02174      1.03328135E-02 -6.94355136E-03 -8.22341362E-11
   171.01163      1.02401851E-02 -6.87756669E-03 -7.46638307E-11
   172.03564      1.01787597E-02 -6.83337683E-03 -7.83135640E-11
   173.02553      1.01417545E-02 -6.80669537E-03 -8.26083923E-11
   174.01541      1.01195443E-02 -6.79082703E-03 -8.74812028E-11
   175.00529      1.01085380E-02 -6.78313943E-03 -8.76915207E-11
   176.02931      1.01083135E-02 -6.78308075E-03  1.21892801E-10
   177.01920      1.01193395E-02 -6.79117441E-03 -1.12453089E-10
   178.00908      1.01446826E-02 -6.80845277E-03 -1.01321576E-10
   179.03310      1.01866918E-02 -6.83711190E-03 -2.38708303E-10
   180.02298      1.02438033E-02 -6.87586889E-03  8.97120295E-11
   181.01286      1.03177493E-02 -6.92578172E-03  1.08162014E-10
   182.03688      1.04124518E-02 -6.98956428E-03 -6.52341375E-11
   183.02676      1.05227437E-02 -7.06404168E-03 -2.87315921E-10
   184.01624      1.06541682E-02 -7.15337088E-03 -6.13423756E-11
   185.03963      1.08178388E-02 -7.26549607E-03 -6.20389504E-11
   186.02856      1.10112652E-02 -7.39874225E-03 -2.87228907E-10
   187.01707      1.12508032E-02 -7.56398449E-03  1.39243797E-10
   188.03914      1.15623223E-02 -7.77845597E-03 -1.02222661E-10
   189.02660      1.19423009E-02 -8.03915504E-03 -2.90819840E-10
   190.01340      1.24189500E-02 -8.36519618E-03 -8.01124167E-11
   191.03340      1.30365491E-02 -8.78685340E-03  5.28406555E-11
   192.01848      1.37792844E-02 -9.29357950E-03 -8.50007148E-11
   193.03645      1.47297960E-02 -9.94202401E-03 -4.72681561E-10
   194.01923      1.58609021E-02 -1.07137598E-02 -7.36142744E-11
   195.03436      1.72964055E-02 -1.16930790E-02  3.70484254E-10
   196.01395      1.89929865E-02 -1.28499586E-02  3.84751869E-10
   197.02522      2.11320333E-02 -1.43073192E-02 -4.67601347E-10
   198.03394      2.37368047E-02 -1.60800461E-02 -9.68127453E-11
   199.00615      2.67778523E-02 -1.81473475E-02 -4.80596396E-11
   200.00842      3.05568725E-02 -2.07137037E-02  9.77518511E-10
   201.00665      3.50824222E-02 -2.37844028E-02 -7.15966939E-11
   202.03336      4.06645089E-02 -2.75694486E-02 -2.28830871E-10
   203.02191      4.70739342E-02 -3.19132619E-02 -5.31746383E-11
   204.03815      5.48938662E-02 -3.72109376E-02 -9.93862659E-10
   205.01680      6.37944639E-02 -4.32391763E-02 -1.32248518E-10
   206.02393      7.45887905E-02 -5.05492873E-02 -2.01051689E-10
   207.02812      8.72836486E-02 -5.91470152E-02 -3.08847864E-10
   208.03108      0.10223319     -6.92735165E-02 -2.30151592E-10
   209.03389      0.11987354     -8.12245533E-02 -2.08362952E-10
   210.03714      0.14072797     -9.53522548E-02 -2.49358034E-10
   211.00806      0.16456750     -0.11149398     -3.86837762E-09
   212.01134      0.19371110     -0.13120316     -2.95701519E-10
   213.01462      0.22827317     -0.15452555     -2.35656772E-10
   214.01790      0.26913118     -0.18200420      3.40191963E-09
   215.02118      0.31707609     -0.21409915      5.96625993E-09
   216.02446      0.37261182     -0.25105149     -8.28386959E-09
   217.02777      0.43566534     -0.29269543     -5.00965880E-10
   218.03152      0.50521988     -0.33823472     -8.86600127E-10
   219.03528      0.57892883     -0.38602290      1.36722775E-08
   220.00665      0.65048945     -0.43193442      1.38289007E-08
   221.01041      0.71922362     -0.47554633      8.37707415E-09
   222.01416      0.77590156     -0.51107818      6.84583223E-10
   223.01791      0.81340337     -0.53423715      9.00771369E-09
   224.02167      0.82571638     -0.54149264      1.34912055E-08
   225.02542      0.80949402     -0.53092945      2.38492746E-08
   226.02922      0.76506746     -0.50283122     -1.01985407E-08
   227.03345      0.69670057     -0.45978749      1.57160152E-08
   228.03767      0.61179864     -0.40626967      1.20993802E-08
   229.00951      0.52244288     -0.34971306      1.46475387E-10
   230.01373      0.43156111     -0.29183817      7.29702521E-09
   231.01796      0.34987983     -0.23939790      5.38050049E-09
   232.02219      0.28297463     -0.19596764     -8.23779933E-10
   233.02641      0.23371761     -0.16344178     -4.13602397E-09
   234.03064      0.20218937     -0.14194424      3.23211968E-09
   235.03487      0.18588254     -0.12995429      3.59999541E-09
   236.00670      0.18026039     -0.12473466      2.10210904E-10
   237.01109      0.17916374     -0.12239586     -1.22313548E-10
   238.01579      0.17671832     -0.11942848      3.24815885E-09
   239.02049      0.16766912     -0.11266030      2.20970714E-10
   240.02519      0.14884150     -0.10017686      6.14980844E-11
   241.02989      0.11984617     -8.17102268E-02  3.13064374E-09
   242.03459      8.30697641E-02 -5.86289540E-02  5.31321653E-11
   243.00688      4.42418978E-02 -3.43328230E-02  6.19934104E-10
   244.01158      5.91145176E-03 -1.02349687E-02  1.96591909E-10
   245.01628     -2.58258674E-02  9.98556428E-03  3.96360639E-10
   246.02098     -4.76726033E-02  2.43229158E-02  8.33902891E-10
   247.02568     -5.84928840E-02  3.20440382E-02  9.70627134E-10
   248.03038     -5.93884252E-02  3.37508656E-02  7.85975729E-11
   249.03523     -5.32783791E-02  3.11266221E-02  9.51001777E-11
   250.00798     -4.43365611E-02  2.65894327E-02  1.24444302E-10
   251.01315     -3.56615596E-02  2.20030248E-02  1.98887184E-10
   252.01833     -3.02770678E-02  1.91297308E-02  1.69867884E-10
   253.02350     -2.92410702E-02  1.86287072E-02 -6.04335137E-10
   254.02867     -3.17863971E-02  2.01144610E-02  1.53392923E-10
   255.03384     -3.57910097E-02  2.24108417E-02  8.69526395E-10
   256.00659     -3.85706685E-02  2.40003355E-02  9.79779868E-11
   257.01224     -3.81552465E-02  2.37524733E-02  2.57642935E-11
   258.01788     -3.33758406E-02  2.09739432E-02  2.59060939E-10
   259.02353     -2.46962383E-02  1.59006435E-02 -4.18319102E-10
   260.02917     -1.39482776E-02  9.54797305E-03 -4.33454939E-10
   261.03482     -3.73830949E-03  3.37986229E-03 -5.47522166E-11
   262.00803      3.22795776E-03 -1.05309556E-03  1.02654038E-10
   263.01367      5.76806953E-03 -3.09838122E-03  7.90641302E-11
   264.01932      3.25705879E-03 -2.35537393E-03  2.94594071E-11
   265.02496     -3.19751841E-03  5.96374739E-04  7.09007852E-11
   266.03061     -1.14767272E-02  4.60460642E-03 -4.19080048E-12
   267.03625     -1.91644430E-02  8.34145956E-03  3.79673376E-10
   268.00946     -2.41991915E-02  1.06817521E-02 -1.13294790E-11
   269.01511     -2.59866230E-02  1.12722721E-02 -3.87399890E-10
   270.02075     -2.45445333E-02  1.01445559E-02  8.43124182E-12
   271.02640     -2.10566372E-02  7.98378047E-03  1.07710368E-11
   272.03204     -1.71705466E-02  5.73562924E-03 -2.10092291E-10
   273.03769     -1.43551463E-02  4.25519655E-03 -1.77459297E-11
   274.01089     -1.34017263E-02  4.00741864E-03 -2.20804347E-11
   275.01654     -1.41495187E-02  4.95930854E-03 -7.82796050E-12
   276.02219     -1.58445947E-02  6.69623632E-03  1.35918984E-11
   277.02783     -1.73247755E-02  8.55831243E-03  1.77706044E-11
   278.03348     -1.76111646E-02  9.94896702E-03  2.55752003E-10
   279.00668     -1.63731761E-02  1.05535155E-02  2.01425432E-10
   280.01233     -1.38433073E-02  1.04749082E-02  3.42808698E-10
   281.01797     -1.09170880E-02  1.00460825E-02 -4.33612798E-11
   282.02362     -8.67126323E-03  9.74955596E-03 -2.22641211E-11
   283.02927     -7.93154445E-03  9.95486695E-03 -9.29439165E-12
   284.03516     -8.93792789E-03  1.07487869E-02 -3.87850474E-10
   285.00928     -1.11885853E-02  1.18598929E-02  6.14744922E-11
   286.01587     -1.39810611E-02  1.29263559E-02 -4.84685347E-10
   287.02246     -1.62894670E-02  1.34470155E-02 -2.35221079E-11
   288.02905     -1.74466707E-02  1.31418612E-02  3.94400818E-10
   289.03564     -1.73518024E-02  1.20522613E-02  3.22785521E-10
   290.00977     -1.65130906E-02  1.05892196E-02 -2.77652401E-10
   291.01636     -1.56707149E-02  9.18421429E-03  9.46499545E-11
   292.02295     -1.56301185E-02  8.39888677E-03 -3.69516050E-11
   293.02954     -1.67829562E-02  8.52166116E-03 -2.49197260E-11
   294.03613     -1.89342406E-02  9.50522255E-03  3.40929562E-10
   295.01025     -2.13109050E-02  1.09519567E-02  1.73150869E-10
   296.01685     -2.32061557E-02  1.24891214E-02 -4.65884165E-10
   297.02344     -2.38663722E-02  1.36671765E-02 -6.70362099E-11
   298.03003     -2.31546499E-02  1.43246232E-02 -7.09611675E-11
   299.03662     -2.15583704E-02  1.45953884E-02 -1.05993006E-10
   300.01074     -2.00126115E-02  1.48026692E-02 -4.79204065E-10
   301.01733     -1.92980878E-02  1.52921034E-02 -7.48841059E-11
   302.02393     -1.99644919E-02  1.62150431E-02 -4.72803463E-11
   303.03052     -2.18775738E-02  1.74445324E-02 -5.99582536E-12
   304.03711     -2.43390203E-02  1.86187439E-02 -1.62916174E-11
   305.01123     -2.63897534E-02  1.93078667E-02  1.29118993E-10
   306.01782     -2.75148656E-02  1.93046145E-02 -3.55855317E-10
   307.02441     -2.75203828E-02  1.86176039E-02 -1.30133612E-10
   308.03101     -2.68770941E-02  1.75902620E-02  1.83045260E-10
   309.03760     -2.63610519E-02  1.67109910E-02 -3.80507070E-10
   310.01172     -2.65835132E-02  1.63783431E-02 -5.47790480E-10
   311.01831     -2.76747663E-02  1.66881755E-02 -8.94337174E-11
   312.02490     -2.91699711E-02  1.74569059E-02 -5.66649470E-11
   313.03149     -3.02307457E-02  1.82651356E-02  2.21436758E-10
   314.00616     -3.01479995E-02  1.86990276E-02 -4.91036448E-11
   315.01370     -2.86954790E-02  1.86041482E-02 -2.52237294E-12
   316.02124     -2.63190065E-02  1.80754866E-02 -2.78626955E-10
   317.02878     -2.39517819E-02  1.74569096E-02 -1.75207071E-15
   318.03632     -2.25383770E-02  1.71121825E-02  3.01731390E-10
   319.01135     -2.25370713E-02  1.72001906E-02 -1.56382095E-11
   320.01889     -2.37142202E-02  1.76075045E-02 -1.02346603E-12
   321.02643     -2.53135636E-02  1.79959238E-02 -2.35821536E-11
   322.03397     -2.64201369E-02  1.79990958E-02 -5.10542095E-11
   323.00900     -2.65047029E-02  1.74730942E-02 -4.42046504E-11
   324.01654     -2.56469063E-02  1.65107828E-02 -6.68248512E-11
   325.02408     -2.44358610E-02  1.54918833E-02 -7.41104816E-11
   326.03162     -2.36221999E-02  1.48315737E-02 -8.79315717E-12
   327.03915     -2.36296561E-02  1.47604402E-02  4.65523398E-10
   328.01419     -2.42638029E-02  1.51812043E-02  1.75183340E-11
   329.02173     -2.49487385E-02  1.57997143E-02  5.72650087E-12
   330.02927     -2.49598622E-02  1.62141826E-02  3.94706490E-11
   331.03680     -2.39665695E-02  1.61870997E-02 -7.10360104E-10
   332.01184     -2.23212112E-02  1.57794263E-02 -4.48771603E-10
   333.01938     -2.06587315E-02  1.52304024E-02 -3.17189296E-11
   334.02692     -1.98360290E-02  1.48716057E-02 -3.81438936E-10
   335.03445     -2.02427618E-02  1.48691982E-02  9.97525500E-12
   336.00949     -2.15269532E-02  1.51162092E-02 -3.54659010E-12
   337.01703     -2.30009928E-02  1.53434863E-02 -1.53841748E-11
   338.02457     -2.37737112E-02  1.52435433E-02 -1.19966467E-10
   339.03210     -2.34168377E-02  1.47064766E-02 -5.34113656E-11
   340.00714     -2.22041197E-02  1.39260385E-02 -1.69177710E-11
   341.01468     -2.07513086E-02  1.31945983E-02 -4.85805007E-10
   342.02222     -1.98444333E-02  1.28704756E-02 -3.23782216E-11
   343.02975     -1.98155064E-02  1.30650001E-02 -3.34970551E-10
   344.03729     -2.03822572E-02  1.35907615E-02  4.19996191E-11
   345.01233     -2.08488815E-02  1.40575133E-02  4.95954444E-10
   346.01987     -2.06244905E-02  1.41526330E-02  4.62546307E-10
   347.02740     -1.95291843E-02  1.37299169E-02 -8.36651193E-10
   348.03494     -1.79916341E-02  1.29503608E-02  4.93707089E-11
   349.00998     -1.67921036E-02  1.21717099E-02  4.41952114E-10
   350.01752     -1.64198764E-02  1.16294008E-02  3.32966321E-10
   351.02505     -1.69654451E-02  1.14292111E-02  1.98091404E-10
   352.03259     -1.78484581E-02  1.13972360E-02 -3.48911768E-11
   353.00763     -1.82438940E-02  1.12504996E-02  1.46883283E-10
   354.01517     -1.76236201E-02  1.07779466E-02  8.68430241E-12
   355.02271     -1.59857161E-02  1.00005008E-02 -9.33236474E-12
   356.03024     -1.39431227E-02  9.15378239E-03  3.23692440E-12
   357.00528     -1.23368800E-02  8.54136609E-03  1.26014033E-10
   358.01282     -1.15342457E-02  8.25986266E-03  8.05524310E-12
   359.02036     -1.14738895E-02  8.22011940E-03 -5.22470522E-12
   360.02789     -1.15288161E-02  8.10998399E-03  3.76638554E-10
   361.03543     -1.09978206E-02  7.61551643E-03 -6.03858456E-12
   362.01047     -9.64630954E-03  6.66401163E-03 -1.80951559E-10
   363.01801     -7.67170824E-03  5.35212411E-03 -1.21061897E-10
   364.02621     -5.78738376E-03  4.04796191E-03 -4.18500477E-12
   365.03470     -4.59681265E-03  3.06679937E-03 -1.94056632E-10
   366.01065     -4.20771353E-03  2.51681497E-03  3.04890314E-11
   367.01920     -4.13638726E-03  2.20009591E-03  4.24189781E-11
   368.02863     -3.67623800E-03  1.83914660E-03 -2.91889464E-11
   369.00595     -2.39830324E-03  1.22897374E-03 -2.63955229E-11
   370.01675     -3.02584056E-04  3.21545143E-04 -3.95608407E-11
   371.02875      1.94130687E-03 -6.52522780E-04 -2.14616380E-11
   372.00970      3.49985156E-03 -1.38529146E-03 -2.28806835E-11
   373.02542      4.03755717E-03 -1.76445313E-03 -7.71876035E-11
   374.01059      3.69682605E-03 -1.82965549E-03 -8.68268096E-11
   375.03122      3.11065954E-03 -1.82718306E-03 -8.89081794E-11
   376.02115      2.98873940E-03 -1.98904960E-03 -3.09850964E-11
   377.01242      3.56053538E-03 -2.37308396E-03  3.01243162E-11
   378.03598      4.56934096E-03 -2.83741881E-03 -1.25519886E-10
   379.02438      5.32848202E-03 -3.07977060E-03 -4.76403361E-11
   380.01004      5.39904181E-03 -2.92899343E-03 -2.87282264E-11
   381.02570      4.75538289E-03 -2.38734367E-03 -3.08514360E-11
   382.00616      3.91428685E-03 -1.72176771E-03 -3.22348016E-11
   383.01727      3.46238399E-03 -1.19441701E-03 -3.12727101E-11
   384.02695      3.77861783E-03 -1.01117254E-03 -6.35531974E-11
   385.03552      4.66517638E-03 -1.11688441E-03 -8.25355617E-11
   386.01144      5.50683262E-03 -1.26906438E-03 -2.63854147E-11
   387.01920      5.80633106E-03 -1.23169005E-03 -2.47781205E-11
   388.02768      5.39981201E-03 -9.01347899E-04 -2.60339250E-11
   389.03616      4.69058659E-03 -3.89462512E-04 -4.18608620E-11
   390.01212      4.34449874E-03  6.86824060E-05 -3.43767549E-11
   391.02045      4.78930445E-03  3.47347872E-04 -2.42100281E-11
   392.02798      5.98124973E-03  4.54841269E-04 -3.10120679E-11
   393.03473      7.37478305E-03  5.88634517E-04 -4.56044508E-11
   394.00858      8.29805993E-03  9.56093776E-04 -2.71790455E-11
   395.01422      8.51222593E-03  1.66790618E-03 -6.63411687E-11
   396.02045      8.20347946E-03  2.60035205E-03 -1.57774540E-11
   397.02728      7.97504093E-03  3.50439781E-03 -2.13038850E-10
   398.03503      8.37078970E-03  4.17021383E-03 -2.55208198E-11
   399.01099      9.45926178E-03  4.56344848E-03 -6.04900505E-12
   400.01947      1.09374281E-02  4.88208886E-03  9.28217225E-11
