  3.24155502E-02  1.22838512E-12  8.53244613E-13 -2.36893420E-26
   1.0055733      1.43168854E-12  1.04416812E-12 -8.14970821E-25
   2.0111277      1.68656343E-12  1.26557629E-12 -1.80930613E-24
   3.0166252      1.99023437E-12  1.52215295E-12 -3.00864765E-24
   4.0220795      2.35141724E-12  1.82644893E-12 -4.44932697E-24
   5.0275183      2.78288178E-12  2.19045030E-12 -6.17810617E-24
   6.0005326      3.28197755E-12  2.61021846E-12 -8.17719330E-24
   7.0060029      3.89968786E-12  3.12550398E-12  4.06215353E-22
   8.0114956      4.64291019E-12  3.73779480E-12  4.97228364E-21
   9.0170097      5.53912385E-12  4.46443056E-12  2.39681399E-20
   10.022537      6.62169798E-12  5.32681494E-12  2.44557596E-20
   11.028074      7.92898212E-12  6.35243420E-12  1.33724635E-20
   12.001194      9.44771171E-12  7.53444616E-12  3.20761061E-20
   13.006751      1.13243876E-11  8.99700800E-12 -3.91389580E-19
   14.012308      1.35677901E-11  1.07607803E-11 -2.57526605E-19
   15.017865      1.62483083E-11  1.28908551E-11  1.49064877E-20
   16.023422      1.94587159E-11  1.54602251E-11  3.39635810E-19
   17.029009      2.33173862E-11  1.85530653E-11 -3.57665762E-19
   18.002157      2.78036379E-11  2.21410407E-11 -3.80008147E-21
   19.007744      3.33797399E-11  2.65892256E-11  1.20218992E-19
   20.013330      4.01067235E-11  3.19517711E-11 -7.34084950E-19
   21.018917      4.82236265E-11  3.84314351E-11  8.19934821E-19
   22.024504      5.80280095E-11  4.62770967E-11 -7.06581104E-20
   23.030090      6.98930566E-11  5.57946883E-11  1.42852355E-18
   24.003239      8.37755768E-11  6.69540395E-11 -1.28531111E-19
   25.008825      1.01163342E-10  8.09593226E-11  1.25501228E-18
   26.014412      1.22353488E-10  9.80638834E-11 -1.45602529E-21
   27.020041      1.48240073E-10  1.19005528E-10 -2.24852030E-18
   28.025686      1.79938578E-10  1.44704498E-10 -5.00227963E-18
   29.031332      2.18837892E-10  1.76306900E-10 -1.13857340E-20
   30.004538      2.64960498E-10  2.13852297E-10  4.96570667E-18
   31.010183      3.23459259E-10  2.61566602E-10  5.74972996E-18
   32.015827      3.95596444E-10  3.20523580E-10 -2.18402488E-19
   33.021473      4.84671248E-10  3.93468896E-10  8.73740128E-18
   34.027119      5.94810756E-10  4.83841578E-10  5.50698553E-18
   35.000324      7.26320115E-10  5.91954430E-10 -5.32514683E-19
   36.005970      8.94279872E-10  7.30293381E-10  2.73550117E-18
   37.011616      1.10290421E-09  9.02451835E-10 -4.25373163E-18
   38.017262      1.36247658E-09  1.11705667E-09 -2.67509251E-17
   39.022907      1.68599534E-09  1.38502798E-09 -1.26424217E-18
   40.028553      2.08990247E-09  1.72019865E-09  2.79533049E-17
   41.001759      2.57689892E-09  2.12502949E-09  2.62934760E-17
   42.007404      3.20505089E-09  2.64809730E-09 -1.91713479E-18
   43.013138      3.99313738E-09  3.30545435E-09  1.56131638E-16
   44.018902      4.98343411E-09  4.13282120E-09  1.25223134E-17
   45.024666      6.22971053E-09  5.17566878E-09 -9.66663282E-18
   46.030430      7.80039056E-09  6.49189813E-09  1.48059334E-16
   47.003750      9.71113945E-09  8.09528267E-09 -4.00587441E-18
   48.009514      1.21967840E-08  1.01837321E-08 -4.71102785E-17
   49.015278      1.53406727E-08  1.28283730E-08 -8.49817965E-17
   50.021042      1.93206660E-08  1.61799587E-08 -3.13812803E-17
   51.026806      2.43626594E-08  2.04299795E-08 -6.01677413E-16
   52.000126      3.05225356E-08  2.56266404E-08  3.34653122E-18
   53.005890      3.85628915E-08  3.24146683E-08  5.60604455E-18
   54.011654      4.87575669E-08  4.10267873E-08 -8.00171974E-17
   55.017418      6.16823428E-08  5.19506713E-08  1.52602028E-15
   56.023182      7.80634366E-08  6.58009895E-08 -2.81093998E-16
   57.028946      9.88153204E-08  8.33513809E-08 -4.35046339E-16
   58.002266      1.24140001E-07  1.04772056E-07 -2.14493372E-16
   59.008030      1.57124390E-07  1.32672270E-07  1.84776968E-16
   60.013794      1.98813140E-07  1.67931887E-07  2.14197030E-17
   61.019608      2.51446778E-07  2.12438593E-07 -1.95600342E-16
   62.025490      3.17816017E-07  2.68540475E-07 -7.43731985E-16
   63.031372      4.01384796E-07  3.39146141E-07 -1.16983737E-14
   64.004807      5.02657940E-07  4.24655241E-07 -5.21718827E-17
   65.010689      6.33488469E-07  5.35031006E-07  1.35031096E-14
   66.016571      7.97251346E-07  6.73048135E-07 -8.34578969E-16
   67.022453      1.00167506E-06  8.45115437E-07 -2.34318062E-14
   68.028336      1.25603015E-06  1.05887977E-06  3.03812727E-14
   69.001770      1.56004057E-06  1.31388958E-06 -2.35550816E-14
   70.007652      1.94626250E-06  1.63702680E-06  5.63433780E-15
   71.013535      2.41912676E-06  2.03183527E-06 -3.53721382E-15
   72.019508      3.03297065E-06  2.54297015E-06 -3.33016043E-15
   73.025627      3.82680992E-06  3.20799177E-06 -7.36429621E-14
   74.031746      4.84192697E-06  4.05940136E-06  2.48352898E-15
   75.005424      6.08291339E-06  5.10026166E-06 -1.49242868E-13
   76.012154      7.69385770E-06  6.45075443E-06 -2.29168931E-14
   77.020569      9.71720965E-06  8.14544092E-06  1.69897869E-16
   78.031807      1.22519832E-05  1.02656895E-05  3.87642338E-13
   79.013992      1.53067813E-05  1.28167540E-05  4.37148317E-14
   80.000313      1.90884130E-05  1.59688152E-05  7.77468367E-14
   81.024246      2.39281198E-05  1.99944589E-05  3.44687759E-14
   82.019806      2.93377961E-05  2.48194447E-05  9.08934603E-13
   83.019913      3.68428955E-05  3.10124997E-05  8.16143052E-13
   84.024300      4.64679324E-05  3.89139168E-05 -9.62839942E-13
   85.032570      5.85677590E-05  4.91213650E-05 -1.97183415E-13
   86.010506      7.33694396E-05  6.18629638E-05  1.15298345E-14
   87.025085      9.31412651E-05  7.86343298E-05 -4.98117986E-14
   88.008240      1.17556003E-04  9.90884073E-05 -2.68675110E-13
   89.027306      1.49271727E-04  1.25831386E-04 -5.06413596E-13
   90.013977      1.87848447E-04  1.58564973E-04 -1.98726344E-12
   91.001846      2.36564883E-04  1.99830989E-04 -1.11872989E-12
   92.024765      3.00417189E-04  2.53794453E-04 -7.91379982E-12
   93.014282      3.78360652E-04  3.19678569E-04 -8.80877402E-13
   94.004295      4.76437912E-04  4.02602629E-04  2.36264133E-11
   95.028542      6.04718050E-04  5.11029561E-04 -2.59095870E-11
   96.018646      7.61377160E-04  6.43427309E-04  5.68704459E-12
   97.008751      9.58427554E-04  8.09969380E-04  7.55307015E-12
   98.032997      1.21586141E-03  1.02754915E-03  3.38237251E-11
   99.023102      1.53003563E-03  1.29311986E-03 -9.74230766E-12
   100.01309      1.92511361E-03  1.62717467E-03 -3.00971262E-11
   101.00298      2.42185174E-03  2.04730197E-03  2.31547941E-11
   102.02699      3.07053840E-03  2.59602093E-03 -1.04901671E-10
   103.01688      3.86180100E-03  3.26535106E-03 -8.36517314E-11
   104.00676      4.85634059E-03  4.10650903E-03 -2.55092249E-11
   105.03078      6.15451951E-03  5.20411553E-03 -1.17060597E-10
   106.02066      7.73703866E-03  6.54148776E-03 -1.36603350E-11
   107.01054      9.72450338E-03  8.22018925E-03 -1.63646770E-11
   108.00043      1.22195808E-02  1.03265643E-02 -4.89803059E-11
   109.02444      1.54716875E-02  1.30707817E-02  3.06940667E-10
   110.01433      1.94295309E-02  1.64091587E-02 -2.77387644E-11
   111.00421      2.43913997E-02  2.05925796E-02  6.98231362E-10
   112.02823      3.08495350E-02  2.60344483E-02  3.00173150E-11
   113.01811      3.86976376E-02  3.26427594E-02  3.53688745E-10
   114.00800      4.85207587E-02  4.09067981E-02  7.24427740E-10
   115.03201      6.12804070E-02  5.16295731E-02  1.96634353E-09
   116.02190      7.67463744E-02  6.46089390E-02  5.06808373E-10
   117.01178      9.60387886E-02  8.07714015E-02  1.36318978E-09
   118.00166      0.12005307      0.10084379      1.26518969E-11
   119.02568      0.15099636      0.12662812      4.48453968E-10
   120.01556      0.18806595      0.15739061      2.16525770E-10
   121.00545      0.23352766      0.19491309      1.13074239E-09
   122.02946      0.29081362      0.24184434     -2.64671896E-10
   123.01935      0.35724467      0.29572707      3.70743630E-10
   124.00923      0.43503755      0.35799962      1.25678756E-09
   125.03325      0.52671504      0.43007571      1.08226136E-10
   126.02313      0.62352037      0.50434309      1.18196031E-09
   127.01302      0.72333801      0.57837534      1.80012749E-09
   128.00290      0.81880200      0.64566833     -5.29404742E-09
   129.02692      0.90369117      0.70037377      1.83960651E-08
   130.01680      0.96413589      0.73218679     -2.53924615E-09
   131.00668      0.99838722      0.73947704      8.98670749E-10
   132.03070       1.0063733      0.72124803      2.10536761E-08
   133.02058      0.99165553      0.68215811      6.61860167E-09
   134.01047      0.96145159      0.62715310     -1.22813439E-08
   135.03448      0.92114103      0.55901551      2.54110866E-09
   136.02437      0.87911224      0.48637369      3.33190853E-09
   137.01425      0.83809364      0.40945226     -1.04048459E-08
   138.00414      0.80095589      0.32917944      1.91775307E-09
   139.02815      0.76911807      0.24247506      6.11164364E-09
   140.01804      0.74707174      0.15420531     -2.02122763E-09
   141.00792      0.73623925      6.01009950E-02  1.19282598E-10
   142.03194      0.73999971     -4.52490486E-02  1.85525861E-09
   143.02182      0.76106465     -0.15644039      2.19864615E-09
   144.01170      0.80099052     -0.27720046     -5.70173508E-09
   145.03572      0.86034238     -0.40943247     -1.27881323E-08
   146.02560      0.92723334     -0.53657299      1.35944171E-08
   147.01549      0.98819703     -0.64989436      1.78667801E-08
   148.00537       1.0240848     -0.73413622      4.10033474E-09
   149.02939       1.0202971     -0.77957487      2.92846405E-08
   150.01927      0.97792250     -0.78378826     -1.97842684E-08
   151.00916      0.91214252     -0.75982916      8.71843575E-09
   152.03317      0.83729982     -0.71948218     -1.19103323E-08
   153.02306      0.76728427     -0.67407209      5.09859843E-09
   154.01294      0.69927895     -0.62473524     -3.50986373E-09
   155.03696      0.62858915     -0.56976175      7.23360594E-10
   156.02684      0.56092393     -0.51440710     -5.04987385E-10
   157.01672      0.49699306     -0.45965850      1.06758415E-08
   158.00661      0.43797624     -0.40734497     -1.11844809E-08
   159.03062      0.38038623     -0.35585830     -4.70050110E-10
   160.02051      0.32622713     -0.30809292      9.90075383E-11
   161.01039      0.27376503     -0.26249072      4.31381236E-10
   162.03441      0.22281823     -0.21844277      3.51467966E-10
   163.02429      0.17748286     -0.17936389      1.49938173E-09
   164.01418      0.13550916     -0.14352983      6.65276667E-10
   165.03819      9.52643082E-02 -0.10958172      1.16610499E-10
   166.02808      6.01211973E-02 -7.99762234E-02 -7.10008607E-10
   167.01796      2.97022369E-02 -5.39987013E-02 -1.83833049E-09
   168.00784      4.30764491E-03 -3.18720862E-02 -2.03725287E-10
   169.03186     -1.71317570E-02 -1.28819607E-02  1.21541902E-10
   170.02174     -3.35285664E-02  1.88495812E-03 -5.01587868E-11
   171.01163     -4.55214903E-02  1.30942874E-02  1.56811092E-11
   172.03564     -5.31823039E-02  2.09046993E-02  3.61789348E-10
   173.02553     -5.65377772E-02  2.50563361E-02 -9.13996032E-11
   174.01541     -5.69044277E-02  2.64122486E-02  7.02576997E-10
   175.00529     -5.51115610E-02  2.55421549E-02 -7.10899881E-11
   176.02931     -5.14732338E-02  2.27903277E-02 -2.27770927E-10
   177.01920     -4.67528552E-02  1.88310817E-02 -4.81354234E-10
   178.00908     -4.16467637E-02  1.42072197E-02  3.30099170E-10
   179.03310     -3.67492735E-02  9.39096324E-03 -2.82399548E-10
   180.02298     -3.27222459E-02  5.17349131E-03  2.58956225E-11
   181.01286     -2.94155031E-02  1.65420165E-03  3.70713078E-11
   182.03688     -2.68470980E-02 -1.05831167E-03  3.75014603E-11
   183.02676     -2.53815390E-02 -2.65751779E-03  3.56575117E-11
   184.01624     -2.48953588E-02 -3.29728751E-03  4.27913954E-11
   185.03963     -2.50441656E-02 -3.22630326E-03 -9.22283569E-11
   186.02856     -2.54218522E-02 -2.79228878E-03  1.61732589E-11
   187.01707     -2.58930288E-02 -2.24366784E-03 -2.71370027E-11
   188.03914     -2.65032351E-02 -1.68964569E-03 -4.70297690E-11
   189.02660     -2.71633137E-02 -1.26226817E-03 -8.44236694E-11
   190.01340     -2.77472325E-02 -1.03633443E-03 -2.13557626E-11
   191.03340     -2.82057654E-02 -1.06518890E-03 -5.03019848E-11
   192.01848     -2.85827629E-02 -1.31976861E-03 -4.73380744E-11
   193.03645     -2.89803445E-02 -1.75645528E-03 -7.24823326E-11
   194.01923     -2.93576736E-02 -2.30465736E-03 -7.63294636E-11
   195.03436     -2.97282673E-02 -2.96656159E-03 -1.00425376E-10
   196.01395     -3.01481485E-02 -3.64292436E-03 -8.17127824E-11
   197.02522     -3.07703987E-02 -4.31526639E-03 -5.98765759E-11
   198.03394     -3.16300765E-02 -4.93058097E-03 -1.66688982E-10
   199.00615     -3.26566473E-02 -5.48796635E-03 -6.60332899E-13
   200.00842     -3.38920504E-02 -6.05882704E-03  6.23427282E-11
   201.00665     -3.52945141E-02 -6.64769951E-03  8.72996259E-11
   202.03336     -3.68649699E-02 -7.29426509E-03  4.85106538E-11
   203.02191     -3.83869559E-02 -7.97540694E-03  3.59083735E-11
   204.03815     -3.98393571E-02 -8.74206331E-03 -2.31761155E-11
   205.01680     -4.10622433E-02 -9.52050742E-03 -5.14087661E-10
   206.02393     -4.21140157E-02 -1.03094988E-02  3.71494446E-10
   207.02812     -4.29518893E-02 -1.10193118E-02 -2.36247466E-10
   208.03108     -4.36114818E-02 -1.15932217E-02 -7.88153987E-11
   209.03389     -4.41683680E-02 -1.19927023E-02 -3.37531669E-10
   210.03714     -4.47059348E-02 -1.22054955E-02 -2.23572397E-10
   211.00806     -4.52581607E-02 -1.22466171E-02 -2.96802027E-11
   212.01134     -4.58880104E-02 -1.21442806E-02 -3.32663445E-11
   213.01462     -4.66004461E-02 -1.19182048E-02  4.13028257E-11
   214.01790     -4.74010371E-02 -1.15868691E-02 -2.58316674E-10
   215.02118     -4.82554585E-02 -1.11661172E-02 -5.39829126E-10
   216.02446     -4.91055176E-02 -1.06646046E-02 -1.89818751E-11
   217.02777     -4.99195158E-02 -1.00757685E-02 -1.06735194E-11
   218.03152     -5.07090278E-02 -9.38323513E-03 -3.17099541E-11
   219.03528     -5.14931045E-02 -8.57935939E-03 -2.23036770E-10
   220.00665     -5.22473156E-02 -7.70537462E-03 -7.36356670E-11
   221.01041     -5.30244894E-02 -6.72156271E-03 -1.78117451E-10
   222.01416     -5.38262725E-02 -5.67061175E-03  1.81468590E-10
   223.01791     -5.46785332E-02 -4.56671976E-03 -4.96578993E-12
   224.02167     -5.55641614E-02 -3.43507901E-03 -1.53387886E-10
   225.02542     -5.64258471E-02 -2.31340481E-03 -2.74054199E-11
   226.02922     -5.72069250E-02 -1.24190038E-03 -1.67693151E-11
   227.03345     -5.78710735E-02 -2.56583764E-04  8.51572979E-11
   228.03767     -5.83877452E-02  6.09386130E-04  1.06475509E-10
   229.00951     -5.87188341E-02  1.30695011E-03  3.89912304E-11
   230.01373     -5.88785000E-02  1.86929456E-03 -1.01708711E-10
   231.01796     -5.88816628E-02  2.27988488E-03  7.37694628E-12
   232.02219     -5.87760434E-02  2.56800395E-03  9.18601792E-11
   233.02641     -5.86057231E-02  2.77196546E-03  2.18954091E-11
   234.03064     -5.84060438E-02  2.92893383E-03 -1.40510228E-10
   235.03487     -5.82058690E-02  3.06720496E-03  1.22370655E-10
   236.00670     -5.80232479E-02  3.19576124E-03 -7.46686740E-11
   237.01109     -5.78340925E-02  3.32021923E-03  1.04927463E-10
   238.01579     -5.76185398E-02  3.42276273E-03 -2.23388780E-10
   239.02049     -5.73553666E-02  3.48837860E-03  5.53184096E-11
   240.02519     -5.70326708E-02  3.50670167E-03 -8.91094282E-11
   241.02989     -5.66440895E-02  3.47536663E-03  3.28292081E-11
   242.03459     -5.61934486E-02  3.40293301E-03  6.49419060E-11
   243.00688     -5.57191148E-02  3.31204617E-03 -5.41389503E-11
   244.01158     -5.52199930E-02  3.21962172E-03  1.58263985E-10
   245.01628     -5.47310859E-02  3.14614293E-03  6.42489673E-11
   246.02098     -5.42523600E-02  3.09880148E-03 -7.82271262E-11
   247.02568     -5.37776873E-02  3.07803880E-03  2.68523759E-10
   248.03038     -5.33044226E-02  3.08236759E-03 -1.81194684E-10
   249.03523     -5.28271198E-02  3.10879783E-03  1.00488021E-10
   250.00798     -5.23469076E-02  3.15163354E-03  2.56785843E-11
   251.01315     -5.18166982E-02  3.21321934E-03 -4.08519052E-12
   252.01833     -5.12531027E-02  3.29998182E-03  1.78304038E-11
   253.02350     -5.06696329E-02  3.42520908E-03 -9.71872166E-11
   254.02867     -5.00713140E-02  3.59960529E-03 -1.69860334E-10
   255.03384     -4.94457036E-02  3.82724078E-03  6.54164223E-13
   256.00659     -4.87983450E-02  4.09973506E-03 -5.34041943E-11
   257.01224     -4.80773859E-02  4.43932507E-03 -1.01771522E-10
   258.01788     -4.72958572E-02  4.84322989E-03 -4.15677909E-11
   259.02353     -4.64356840E-02  5.31411823E-03  3.27604666E-10
   260.02917     -4.54744026E-02  5.85293630E-03  4.13737350E-10
   261.03482     -4.44020778E-02  6.46364316E-03  1.07475723E-10
   262.00803     -4.32617925E-02  7.12959282E-03 -4.18168208E-11
   263.01367     -4.19773497E-02  7.89867248E-03 -1.28824923E-10
   264.01932     -4.05735858E-02  8.74639675E-03  6.80810755E-11
   265.02496     -3.90422270E-02  9.66507569E-03  2.60945765E-10
   266.03061     -3.73936743E-02  1.06467539E-02 -1.42082901E-10
   267.03625     -3.56502160E-02  1.16800964E-02  1.28273281E-10
   268.00946     -3.38895693E-02  1.27098653E-02  3.51986801E-10
   269.01511     -3.20090055E-02  1.37757733E-02  8.62095464E-11
   270.02075     -3.00935172E-02  1.48110250E-02 -3.90653287E-10
   271.02640     -2.81853676E-02  1.57829057E-02 -8.05614742E-11
   272.03204     -2.63241380E-02  1.66567117E-02  4.70067651E-10
   273.03769     -2.45348625E-02  1.73957311E-02  5.03793840E-10
   274.01089     -2.28895955E-02  1.79522317E-02  2.36090480E-10
   275.01654     -2.13000271E-02  1.83430891E-02 -1.15456915E-11
   276.02219     -1.98377613E-02  1.85377393E-02  7.97622857E-10
   277.02783     -1.84954815E-02  1.85353048E-02  1.24139754E-10
   278.03348     -1.72440968E-02  1.83432288E-02 -1.65680091E-11
   279.00668     -1.60889123E-02  1.79934818E-02  2.94811120E-11
   280.01233     -1.49239451E-02  1.74880270E-02  2.62983968E-10
   281.01797     -1.37529336E-02  1.68622248E-02  5.56555878E-11
   282.02362     -1.25337671E-02  1.61367320E-02 -1.63762250E-11
   283.02927     -1.12339621E-02  1.53267635E-02  1.32067066E-10
   284.03516     -9.84405540E-03  1.44438725E-02  1.00153566E-10
   285.00928     -8.42086598E-03  1.35255782E-02  7.46565365E-10
   286.01587     -6.88369991E-03  1.25084538E-02  3.56779578E-10
   287.02246     -5.30071789E-03  1.14150662E-02 -5.49432340E-11
   288.02905     -3.70797724E-03  1.02419639E-02  3.21388582E-10
   289.03564     -2.14977469E-03  8.99520237E-03 -1.53273401E-11
   290.00977     -7.09822751E-04  7.73400953E-03  6.82161966E-11
   291.01636      6.83306949E-04  6.40032813E-03 -5.14320184E-12
   292.02295      1.95829850E-03  5.07326797E-03 -1.03746914E-10
   293.02954      3.09183612E-03  3.80015071E-03 -8.84802925E-11
   294.03613      4.06779395E-03  2.63013877E-03  4.18060309E-11
   295.01025      4.86019440E-03  1.63520966E-03  4.45401979E-11
   296.01685      5.52613568E-03  7.76377448E-04  4.14168960E-12
   297.02344      6.03699312E-03  1.01809565E-04  3.49251322E-11
   298.03003      6.39151596E-03 -3.93254333E-04 -5.29168723E-13
   299.03662      6.59804139E-03 -7.30945787E-04 -3.85888023E-12
   300.01074      6.67617517E-03 -9.41166130E-04  2.40010112E-11
   301.01733      6.65602926E-03 -1.07761601E-03  4.49288176E-12
   302.02393      6.55728299E-03 -1.17056491E-03  2.19062112E-11
   303.03052      6.40851771E-03 -1.25334610E-03  2.35218303E-11
   304.03711      6.24196464E-03 -1.35035696E-03 -7.08040987E-11
   305.01123      6.08807895E-03 -1.46974355E-03 -1.83130525E-11
   306.01782      5.94638521E-03 -1.61981361E-03  2.49335066E-11
   307.02441      5.81824407E-03 -1.78807951E-03 -5.77746323E-11
   308.03101      5.69191063E-03 -1.96082587E-03  2.34770276E-11
   309.03760      5.55007625E-03 -2.12334376E-03  2.13695381E-13
   310.01172      5.37695084E-03 -2.25829240E-03 -1.89395635E-12
   311.01831      5.14038745E-03 -2.36528087E-03  1.00597274E-11
   312.02490      4.83543659E-03 -2.43573869E-03 -4.51845332E-11
   313.03149      4.46750736E-03 -2.47284235E-03  2.14528464E-11
   314.00616      4.06688452E-03 -2.48488644E-03  2.40998731E-11
   315.01370      3.63073265E-03 -2.48365058E-03  2.26849373E-11
   316.02124      3.19805276E-03 -2.47924845E-03  3.02147578E-11
   317.02878      2.79973284E-03 -2.47946498E-03  1.79163871E-11
   318.03632      2.45707342E-03 -2.48607295E-03  8.90122438E-12
   319.01135      2.19086604E-03 -2.49382295E-03  9.80962273E-12
   320.01889      1.98355364E-03 -2.49216706E-03  1.78524764E-11
   321.02643      1.83609012E-03 -2.46578967E-03 -2.09486681E-12
   322.03397      1.73950847E-03 -2.39880290E-03 -5.68977018E-11
   323.00900      1.68481737E-03 -2.28268607E-03 -3.37488093E-11
   324.01654      1.65948877E-03 -2.10134545E-03  4.54800000E-12
   325.02408      1.66171649E-03 -1.85537431E-03  5.33261369E-12
   326.03162      1.69408228E-03 -1.54874055E-03  5.30568471E-12
   327.03915      1.76256348E-03 -1.19012652E-03  4.93136851E-11
   328.01419      1.86739920E-03 -8.04326206E-04 -7.19894630E-13
   329.02173      2.01537227E-03 -3.77635326E-04 -9.00172645E-12
   330.02927      2.19710078E-03  6.54159958E-05  1.38890635E-14
   331.03680      2.39807041E-03  5.12878003E-04  2.54999841E-12
   332.01184      2.59039551E-03  9.38541838E-04  7.27217852E-12
   333.01938      2.76279822E-03  1.35732279E-03  1.22382156E-11
   334.02692      2.88582593E-03  1.73860090E-03  1.42988321E-11
   335.03445      2.94051948E-03  2.06399523E-03 -2.44635961E-11
   336.00949      2.91463593E-03  2.30756192E-03 -4.01801942E-12
   337.01703      2.79631792E-03  2.46735616E-03  1.40449093E-11
   338.02457      2.58237310E-03  2.51681916E-03  3.39495723E-11
   339.03210      2.27797311E-03  2.44224118E-03  1.04506178E-11
   340.00714      1.90661196E-03  2.24444736E-03  9.87011167E-11
   341.01468      1.45546487E-03  1.91015541E-03  1.19854326E-11
   342.02222      9.51551425E-04  1.45266973E-03  1.48230213E-11
   343.02975      4.17169853E-04  8.89759685E-04  1.72308556E-11
   344.03729     -1.18545897E-04  2.47286400E-04  1.57454431E-11
   345.01233     -6.06435351E-04 -4.19238204E-04  1.13181131E-11
   346.01987     -1.04377826E-03 -1.11688790E-03 -2.07488974E-12
   347.02740     -1.37613295E-03 -1.78248447E-03  6.37638900E-11
   348.03494     -1.56628480E-03 -2.37408653E-03  1.24880028E-11
   349.00998     -1.58327131E-03 -2.83879368E-03 -7.88330651E-11
   350.01752     -1.40289334E-03 -3.17382207E-03  1.31099940E-11
   351.02505     -1.00768229E-03 -3.33405845E-03  1.13467506E-10
   352.03259     -3.98703356E-04 -3.30129708E-03  7.45945753E-12
   353.00763      3.75940028E-04 -3.07897595E-03  8.58083604E-11
   354.01517      1.33345486E-03 -2.65605748E-03  1.29879926E-11
   355.02271      2.40017357E-03 -2.05260352E-03  9.84314366E-12
   356.03024      3.51163372E-03 -1.29726971E-03  3.19959510E-12
   357.00528      4.55870572E-03 -4.60346986E-04  1.56927735E-11
   358.01282      5.53114805E-03  4.63789940E-04 -7.31016463E-12
   359.02036      6.31153584E-03  1.39037543E-03 -3.43664767E-12
   360.02789      6.82750344E-03  2.25881184E-03  1.23029998E-11
   361.03543      7.02260341E-03  3.01171280E-03  1.31474874E-11
   362.01047      6.87246630E-03  3.58413672E-03  1.21382654E-10
   363.01801      6.35448983E-03  3.97896627E-03 -3.34675603E-12
   364.02621      5.48478635E-03  4.15359763E-03  4.77584465E-11
   365.03470      4.31053620E-03  4.10491368E-03 -1.38721978E-10
   366.01065      2.96112848E-03  3.85868922E-03  7.73091834E-12
   367.01920      1.44589832E-03  3.42651363E-03  2.61413790E-11
   368.02863     -7.45892321E-05  2.85373721E-03  2.20434938E-11
   369.00595     -1.43062545E-03  2.21101823E-03  5.32778648E-11
   370.01675     -2.58874986E-03  1.50574278E-03  2.74990274E-11
   371.02875     -3.38715455E-03  8.08151264E-04 -1.21812664E-11
   372.00970     -3.73432878E-03  1.81577794E-04  1.67154051E-11
   373.02542     -3.60161508E-03 -3.83036589E-04  2.20105097E-11
   374.01059     -2.98535358E-03 -8.29687750E-04  1.16347643E-11
   375.03122     -1.87570939E-03 -1.18141249E-03 -1.94198841E-11
   376.02115     -4.20200580E-04 -1.42267998E-03 -2.11994380E-11
   377.01242      1.29409204E-03 -1.58539927E-03  1.45582435E-11
   378.03598      3.17912805E-03 -1.69943948E-03 -7.58579588E-11
   379.02438      4.94534522E-03 -1.78680418E-03  1.07584289E-11
   380.01004      6.49381801E-03 -1.87650532E-03  3.99801676E-12
   381.02570      7.71190878E-03 -1.98998163E-03 -4.39744040E-11
   382.00616      8.40708613E-03 -2.12707347E-03 -4.16756039E-12
   383.01727      8.55320692E-03 -2.28933757E-03  5.46823350E-11
   384.02695      8.10322817E-03 -2.44952017E-03 -8.62082628E-12
   385.03552      7.10168015E-03 -2.57342122E-03 -7.40224132E-11
   386.01144      5.69779146E-03 -2.62203300E-03 -4.73078868E-11
   387.01920      3.94003605E-03 -2.56234338E-03 -1.01843629E-11
   388.02768      2.03880249E-03 -2.36024288E-03 -8.02235847E-11
   389.03616      1.80611562E-04 -1.99900544E-03  3.42264966E-11
   390.01212     -1.40574039E-03 -1.50196196E-03 -1.07533600E-11
   391.02045     -2.67986860E-03 -8.62486544E-04  2.97971058E-11
   392.02798     -3.47862556E-03 -1.44192512E-04  5.66894578E-12
   393.03473     -3.74749093E-03  5.83625108E-04  3.40319717E-11
   394.00858     -3.50643741E-03  1.21991476E-03 -1.76152738E-11
   395.01422     -2.80079246E-03  1.72613515E-03  2.55307355E-11
   396.02045     -1.74339558E-03  2.00692215E-03  3.06252940E-11
   397.02728     -4.81012336E-04  2.01064791E-03  9.88588031E-11
   398.03503      8.22048751E-04  1.71581213E-03  1.59757867E-11
   399.01099      1.96638424E-03  1.16177613E-03  4.32560897E-11
   400.01947      2.88658193E-03  3.68750305E-04 -2.16669044E-12
