  3.24155502E-02  1.16995136E-10  8.38715347E-11 -1.69066598E-24
   1.0055733      1.37676440E-10  1.03601058E-10 -5.86619688E-23
   2.0111277      1.64170191E-10  1.28233715E-10 -1.31418320E-22
   3.0166252      1.97102945E-10  1.58161040E-10 -2.21309588E-22
   4.0220795      2.37954906E-10  1.94604013E-10 -3.31990231E-22
   5.0275183      2.88537888E-10  2.39113618E-10 -4.68119603E-22
   6.0005326      3.48879647E-10  2.91722008E-10 -6.29326119E-22
   7.0060029      4.25761065E-10  3.58344132E-10 -2.90599535E-19
   8.0114956      5.20930021E-10  4.40479181E-10 -5.49431457E-20
   9.0170097      6.38850417E-10  5.41972633E-10  1.60204999E-17
   10.022537      7.85128185E-10  6.67641331E-10  2.10004730E-17
   11.028074      9.66813740E-10  8.23540902E-10  1.72595950E-17
   12.001194      1.18470322E-09  1.01036901E-09 -2.14307062E-17
   13.006751      1.46419499E-09  1.24991706E-09  2.58303773E-18
   14.012308      1.81285986E-09  1.54868962E-09  3.47593288E-18
   15.017865      2.24850671E-09  1.92197258E-09  2.76234277E-18
   16.023422      2.79371326E-09  2.38914599E-09 -4.30916696E-17
   17.029009      3.47714302E-09  2.97481506E-09  7.79827997E-18
   18.002157      4.30438618E-09  3.68382524E-09 -5.29867945E-17
   19.007744      5.37556000E-09  4.60205341E-09  1.27185200E-16
   20.013330      6.72476652E-09  5.75882497E-09 -6.27910156E-18
   21.018917      8.42680326E-09  7.21836280E-09 -1.40077915E-16
   22.024504      1.05770868E-08  9.06259245E-09  2.27713294E-17
   23.030090      1.32973401E-08  1.13960077E-08  5.83562396E-16
   24.003239      1.66183955E-08  1.42451180E-08 -2.78615394E-16
   25.008825      2.09532551E-08  1.79642807E-08  6.22965022E-19
   26.014412      2.64532716E-08  2.26832988E-08 -5.93107875E-16
   27.020041      3.34351924E-08  2.86738402E-08  4.42156889E-17
   28.025686      4.23004280E-08  3.62800350E-08 -6.62923189E-17
   29.031332      5.35566329E-08  4.59369680E-08  4.67864505E-17
   30.004538      6.73285925E-08  5.77511656E-08 -7.98923461E-17
   31.010183      8.53173177E-08  7.31810559E-08  1.96821936E-17
   32.015827      1.08125036E-07  9.27421127E-08  2.12486812E-15
   33.021473      1.37020038E-07  1.17520919E-07  3.37572191E-15
   34.027119      1.73595623E-07  1.48882293E-07  9.34955814E-15
   35.000324      2.18184354E-07  1.87109563E-07 -4.71496390E-16
   36.005970      2.76189780E-07  2.36832491E-07  1.10488375E-14
   37.011616      3.49408026E-07  2.99586048E-07  8.14718323E-16
   38.017262      4.41727877E-07  3.78695290E-07  5.18198769E-16
   39.022907      5.57984265E-07  4.78290815E-07  1.03481227E-14
   40.028553      7.04157230E-07  6.03476053E-07 -2.05523329E-14
   41.001759      8.81005519E-07  7.54871223E-07 -4.21227526E-16
   42.007404      1.10898725E-06  9.49940727E-07  1.90084070E-14
   43.013138      1.39352528E-06  1.19324307E-06 -1.44124911E-15
   44.018902      1.74724960E-06  1.49545838E-06 -3.31942590E-14
   45.024666      2.18446849E-06  1.86889883E-06 -2.32775818E-14
   46.030430      2.73911883E-06  2.34069557E-06  4.52702349E-15
   47.003750      3.43377860E-06  2.93211588E-06 -4.67689877E-16
   48.009514      4.34920094E-06  3.71199553E-06 -6.45805634E-14
   49.015278      5.51048106E-06  4.70173200E-06 -1.77640292E-13
   50.021042      6.97618634E-06  5.95107213E-06 -9.87418812E-16
   51.026806      8.82041059E-06  7.52288634E-06 -3.00576418E-14
   52.000126      1.10522697E-05  9.42457700E-06 -3.32605579E-13
   53.005890      1.39303575E-05  1.18758981E-05 -4.55444872E-14
   54.011654      1.75242876E-05  1.49350744E-05 -2.57520090E-14
   55.017418      2.19946414E-05  1.87368660E-05 -4.34336744E-14
   56.023182      2.73434707E-05  2.34353429E-05 -1.10468363E-13
   57.028946      3.40263796E-05  2.93660960E-05  2.61495469E-13
   58.002266      4.28832573E-05  3.66466484E-05 -7.57492485E-14
   59.008030      5.40554283E-05  4.61590462E-05 -2.65972259E-14
   60.013794      6.80928497E-05  5.83172477E-05  1.12352358E-12
   61.019608      8.59526554E-05  7.38095914E-05 -6.07865673E-14
   62.025490      1.08847657E-04  9.34336058E-05  2.75550849E-13
   63.031372      1.37946554E-04  1.18253687E-04  3.76153275E-12
   64.004807      1.73293956E-04  1.48517400E-04  5.53753918E-12
   65.010689      2.19159658E-04  1.87907353E-04 -8.40812825E-13
   66.016571      2.77139159E-04  2.37664019E-04 -4.47822118E-13
   67.022453      3.50462855E-04  3.00500455E-04 -6.28550272E-13
   68.028336      4.43066208E-04  3.79853707E-04 -2.03538575E-12
   69.001770      5.55728679E-04  4.76441055E-04  7.63155598E-12
   70.007652      7.02154066E-04  6.01989683E-04  2.49790310E-11
   71.013535      8.87033180E-04  7.60487572E-04  7.44875407E-13
   72.019508      1.12046488E-03  9.60592006E-04  2.63402798E-13
   73.025627      1.41517492E-03  1.21322135E-03 -2.72161243E-12
   74.031746      1.78721617E-03  1.53212948E-03  3.12483611E-12
   75.005424      2.23990204E-03  1.92014012E-03 -5.58960968E-11
   76.012154      2.82840640E-03  2.42452463E-03  4.59970473E-12
   77.020569      3.57228331E-03  3.06200329E-03  6.71922656E-11
   78.031807      4.51370189E-03  3.86866229E-03 -3.37875561E-11
   79.013992      5.66341914E-03  4.85365745E-03  4.96637453E-13
   80.000313      7.11033307E-03  6.09306106E-03 -1.13121925E-12
   81.024246      9.00074840E-03  7.71202892E-03 -1.25365163E-10
   82.019806      1.13139730E-02  9.69259907E-03 -3.21592725E-10
   83.019913      1.42281214E-02  1.21869324E-02 -2.13536602E-11
   84.024300      1.78979095E-02  1.53269377E-02  8.41918549E-13
   85.032570      2.25157775E-02  1.92764606E-02 -5.08305446E-11
   86.010506      2.81044692E-02  2.40538530E-02  2.75151733E-12
   87.025085      3.53336483E-02  3.02297547E-02 -4.88674309E-11
   88.008240      4.40526344E-02  3.76727991E-02 -1.15798993E-09
   89.027306      5.52820563E-02  4.72500920E-02 -1.61953825E-10
   90.013977      6.87533319E-02  5.87265976E-02 -1.71758135E-10
   91.001846      8.53537545E-02  7.28499293E-02 -2.88375712E-10
   92.024765      0.10650113      9.08116400E-02 -2.23412427E-10
   93.014282      0.13153231      0.11202873      2.76584267E-09
   94.004295      0.16187856      0.13768794      4.96788062E-11
   95.028542      0.19973379      0.16959929     -1.14040222E-09
   96.018646      0.24337515      0.20625366     -4.40067649E-10
   97.008751      0.29457945      0.24907526      3.92059540E-09
   98.032997      0.35581994      0.30002624      5.17522292E-09
   99.023102      0.42272913      0.35536247     -5.81232562E-10
   100.01309      0.49607420      0.41562137     -2.92693647E-11
   101.00298      0.57359493      0.47885168     -2.78172241E-09
   102.02699      0.65439534      0.54424489     -1.11297438E-09
   103.01688      0.72817844      0.60347927     -2.09625135E-08
   104.00676      0.79212260      0.65439308      1.71679648E-08
   105.03078      0.84215009      0.69383216     -2.10890985E-08
   106.02066      0.87055409      0.71581441     -3.60428061E-08
   107.01054      0.87712938      0.72024393      2.61295385E-09
   108.00043      0.86219537      0.70734763      2.73174861E-09
   109.02444      0.82671285      0.67777896      1.19773729E-08
   110.01433      0.77703285      0.63659561     -6.21556140E-11
   111.00421      0.71665859      0.58651602     -1.78621899E-08
   112.02823      0.64738590      0.52890849     -1.53389013E-09
   113.01811      0.57749468      0.47060341     -1.11438441E-08
   114.00800      0.50757742      0.41209528      4.75853468E-10
   115.03201      0.43747878      0.35326308      1.62825842E-09
   116.02190      0.37346572      0.29939380      9.99225680E-09
   117.01178      0.31424987      0.24943873      1.03801545E-08
   118.00166      0.26057607      0.20405163      1.64632841E-09
   119.02568      0.21136728      0.16234148      1.57819635E-09
   120.01556      0.17011940      0.12729329      1.80795867E-09
   121.00545      0.13507804      9.74393785E-02  1.74641968E-09
   122.02946      0.10514320      7.18542114E-02  1.29817312E-09
   123.01935      8.19206759E-02  5.19274399E-02  9.63229052E-10
   124.00923      6.37813658E-02  3.62855904E-02  7.30937144E-10
   125.03325      4.96808067E-02  2.40460597E-02  3.25728722E-10
   126.02313      3.98237407E-02  1.54120466E-02  7.01284864E-12
   127.01302      3.29282098E-02  9.29595437E-03  6.90200841E-10
   128.00290      2.82765403E-02  5.09635871E-03  2.63748801E-10
   129.02692      2.51310728E-02  2.18418171E-03  1.76486437E-10
   130.01680      2.31311359E-02  2.69729702E-04  2.03147665E-10
   131.00668      2.17117928E-02 -1.13918760E-03  1.47764384E-10
   132.03070      2.05181763E-02 -2.35814159E-03  1.89948716E-11
   133.02058      1.94204822E-02 -3.49340681E-03  4.98386922E-11
   134.01047      1.82712916E-02 -4.68858145E-03 -2.33780356E-11
   135.03448      1.70020182E-02 -6.02518348E-03  2.30967967E-10
   136.02437      1.57341659E-02 -7.39962514E-03  3.84507481E-10
   137.01425      1.45038459E-02 -8.80810060E-03 -3.34394429E-10
   138.00414      1.34104127E-02 -1.01883709E-02 -2.87271429E-10
   139.02815      1.25343697E-02 -1.15208765E-02  1.73657980E-11
   140.01804      1.20294578E-02 -1.26693947E-02  5.48897039E-11
   141.00792      1.19282352E-02 -1.36625888E-02  8.34621955E-11
   142.03194      1.22805368E-02 -1.45465843E-02  8.22394583E-11
   143.02182      1.30598694E-02 -1.53208822E-02  1.05765716E-10
   144.01170      1.42398151E-02 -1.61074866E-02 -5.07511089E-10
   145.03572      1.58393309E-02 -1.70546304E-02  1.05826015E-10
   146.02560      1.77201405E-02 -1.82256140E-02 -4.22128270E-11
   147.01549      1.99259818E-02 -1.97693333E-02 -1.65720597E-11
   148.00537      2.24922001E-02 -2.17947997E-02  4.21248064E-10
   149.02939      2.56105028E-02 -2.44971700E-02 -1.04614550E-09
   150.01927      2.91956719E-02 -2.77788825E-02  8.11546830E-10
   151.00916      3.34917195E-02 -3.17903310E-02  4.25464941E-10
   152.03317      3.88560370E-02 -3.67790610E-02  1.99422579E-11
   153.02306      4.50947247E-02 -4.24813516E-02 -7.31620736E-11
   154.01294      5.25129512E-02 -4.91181761E-02 -3.85869059E-10
   155.03696      6.15511462E-02 -5.70425466E-02 -5.68847851E-11
   156.02684      7.16938972E-02 -6.58008903E-02 -1.09185230E-10
   157.01672      8.32788423E-02 -7.57175535E-02 -1.96713951E-10
   158.00661      9.63591188E-02 -8.68860930E-02 -2.08835699E-10
   159.03062      0.11155158     -9.98953208E-02 -2.56891153E-09
   160.02051      0.12801260     -0.11408414     -1.12650722E-10
   161.01039      0.14653911     -0.13018221      1.28746486E-10
   162.03441      0.16846877     -0.14938003      1.06531020E-10
   163.02429      0.19324350     -0.17117342      9.41528810E-09
   164.01418      0.22282547     -0.19722563      2.78507425E-11
   165.03819      0.26031369     -0.23015651      4.63537919E-09
   166.02808      0.30537456     -0.26951575      5.84285509E-09
   167.01796      0.36141613     -0.31807801      1.05402381E-10
   168.00784      0.43040362     -0.37727347     -1.72401808E-08
   169.03186      0.51617223     -0.45002025     -3.08416515E-10
   170.02174      0.61107111     -0.52950287     -7.39525663E-10
   171.01163      0.71161556     -0.61269879      6.12428441E-11
   172.03564      0.80961633     -0.69306004     -2.50422225E-08
   173.02553      0.88293856     -0.75328201     -1.81252013E-09
   174.01541      0.92022938     -0.78527272     -2.79600396E-08
   175.00529      0.91319942     -0.78307575     -1.95975822E-08
   176.02931      0.86232924     -0.74694961      2.58340060E-09
   177.01920      0.78420842     -0.68882740      3.39497519E-09
   178.00908      0.69512928     -0.62081611      1.97975361E-08
   179.03310      0.60756844     -0.55241555     -1.21533841E-08
   180.02298      0.53661621     -0.49570811     -1.10880958E-08
   181.01286      0.48125181     -0.45043311     -3.01772074E-09
   182.03688      0.43686438     -0.41339812     -8.92867469E-09
   183.02676      0.40014264     -0.38254330      3.27664729E-10
   184.01624      0.36329234     -0.35190445      3.37912420E-10
   185.03963      0.32084811     -0.31720072      1.94887111E-08
   186.02856      0.27497277     -0.28009892      6.11460660E-10
   187.01707      0.22666165     -0.24110211     -2.95046543E-10
   188.03914      0.17815897     -0.20169744      3.38050254E-10
   189.02660      0.13624233     -0.16716573     -4.21289847E-09
   190.01340      0.10097162     -0.13753286     -2.85731572E-09
   191.03340      7.10541829E-02 -0.11185276     -1.02854947E-11
   192.01848      4.64653745E-02 -9.04660821E-02  2.50268961E-09
   193.03645      2.29848139E-02 -7.01231286E-02  2.15835683E-10
   194.01923      6.46550441E-04 -5.10851070E-02  1.17350296E-09
   195.03436     -2.20116917E-02 -3.20817493E-02  4.15621454E-10
   196.01395     -4.19554673E-02 -1.54573703E-02  3.32248395E-10
   197.02522     -5.83983846E-02 -1.60691724E-03  1.94974564E-10
   198.03394     -6.90255389E-02  7.72098359E-03  4.65288308E-10
   199.00615     -7.36766458E-02  1.23571903E-02  4.61072763E-10
   200.00842     -7.40368739E-02  1.35788061E-02 -4.48873022E-10
   201.00665     -7.20056295E-02  1.26742497E-02 -7.44497936E-11
   202.03336     -6.92870766E-02  1.08844778E-02 -2.16703544E-10
   203.02191     -6.67186528E-02  8.87866132E-03 -1.00403658E-10
   204.03815     -6.36019260E-02  6.28769584E-03  3.13498616E-10
   205.01680     -5.92537038E-02  2.79364898E-03  2.05925929E-10
   206.02393     -5.30860238E-02 -1.93985528E-03 -8.69937455E-12
   207.02812     -4.60819714E-02 -7.16501661E-03  2.74906486E-12
   208.03108     -3.99552658E-02 -1.16962008E-02 -4.00574018E-11
   209.03389     -3.62703130E-02 -1.44694522E-02 -8.92337038E-11
   210.03714     -3.54568884E-02 -1.51818339E-02 -1.00824279E-10
   211.00806     -3.64988782E-02 -1.44884447E-02  2.04401829E-10
   212.01134     -3.78711000E-02 -1.33899637E-02 -5.73940062E-11
   213.01462     -3.83548774E-02 -1.27109895E-02  4.81815282E-12
   214.01790     -3.79210599E-02 -1.25418995E-02  2.07432987E-10
   215.02118     -3.74905914E-02 -1.23648578E-02  2.62858790E-10
   216.02446     -3.79937142E-02 -1.16358092E-02  3.25821758E-10
   217.02777     -3.94931957E-02 -1.03325583E-02  1.47814302E-10
   218.03152     -4.10631038E-02 -9.02156066E-03 -1.04459025E-10
   219.03528     -4.15504724E-02 -8.40090401E-03  1.67270336E-10
   220.00665     -4.06074375E-02 -8.68524611E-03  1.67912226E-10
   221.01041     -3.88439894E-02 -9.47574154E-03  4.16141704E-11
   222.01416     -3.75011750E-02 -1.00134267E-02 -6.41695586E-11
   223.01791     -3.73772532E-02 -9.79884248E-03  2.78968570E-10
   224.02167     -3.81834507E-02 -8.97112861E-03  3.33366890E-10
   225.02542     -3.88993286E-02 -8.12182948E-03 -4.38406741E-11
   226.02922     -3.86870168E-02 -7.74129247E-03  1.57708457E-10
   227.03345     -3.76470648E-02 -7.78222084E-03  3.37263342E-11
   228.03767     -3.66550609E-02 -7.73501908E-03 -5.10205211E-11
   229.00951     -3.65212932E-02 -7.14871148E-03  2.70378719E-11
   230.01373     -3.72301191E-02 -5.97383268E-03  2.48660093E-10
   231.01796     -3.79783399E-02 -4.68082773E-03  1.41643933E-10
   232.02219     -3.78656462E-02 -3.78176756E-03  1.96273456E-10
   233.02641     -3.67230065E-02 -3.37128248E-03  1.43152469E-11
   234.03064     -3.52410674E-02 -3.06165288E-03  8.34243785E-12
   235.03487     -3.42480652E-02 -2.36953655E-03 -1.10422185E-10
   236.00670     -3.39358039E-02 -1.20755355E-03 -1.12809692E-11
   237.01109     -3.37140150E-02  2.10894883E-04  7.23349505E-11
   238.01579     -3.28641012E-02  1.46030227E-03  2.54127899E-11
   239.02049     -3.12607959E-02  2.46930635E-03  9.14818360E-11
   240.02519     -2.95487102E-02  3.57247284E-03 -2.55605814E-11
   241.02989     -2.85100751E-02  5.16783446E-03  1.20355101E-10
   242.03459     -2.82990336E-02  7.29877735E-03 -4.59491195E-11
   243.00688     -2.83106472E-02  9.51118767E-03 -1.10660002E-10
   244.01158     -2.78187338E-02  1.14998836E-02 -6.48938403E-11
   245.01628     -2.66867485E-02  1.30537963E-02  1.80927884E-10
   246.02098     -2.55352817E-02  1.44484118E-02  5.76372283E-10
   247.02568     -2.51102243E-02  1.60431731E-02  2.45366477E-10
   248.03038     -2.55401377E-02  1.78871509E-02 -2.20923793E-10
   249.03523     -2.62360964E-02  1.96648892E-02  9.68684022E-11
   250.00798     -2.65184864E-02  2.09918302E-02  9.64614222E-11
   251.01315     -2.63351817E-02  2.19342019E-02 -6.20961282E-10
   252.01833     -2.62205638E-02  2.27605682E-02 -5.10667730E-10
   253.02350     -2.67371871E-02  2.38003358E-02  1.77437162E-11
   254.02867     -2.78052371E-02  2.50469912E-02  6.49983400E-11
   255.03384     -2.87371837E-02  2.61673629E-02  2.03249709E-10
   256.00659     -2.89279204E-02  2.68369298E-02 -9.62359359E-12
   257.01224     -2.84458138E-02  2.71238554E-02 -6.55380472E-11
   258.01788     -2.79161092E-02  2.73120068E-02  4.27594904E-11
   259.02353     -2.78661400E-02  2.76621375E-02  1.54447941E-10
   260.02917     -2.81918533E-02  2.81084664E-02 -1.00001318E-09
   261.03482     -2.83099078E-02  2.83486005E-02  8.13030199E-11
   262.00803     -2.78658196E-02  2.82040611E-02 -5.37228484E-10
   263.01367     -2.70974785E-02  2.78058108E-02  5.56924507E-11
   264.01932     -2.66436934E-02  2.74939649E-02 -5.73140368E-10
   265.02496     -2.68455483E-02  2.74616294E-02  8.00150501E-10
   266.03061     -2.73492839E-02  2.75640283E-02  2.00875497E-10
   267.03625     -2.75181867E-02  2.74981987E-02  1.15476399E-10
   268.00946     -2.71233395E-02  2.71553081E-02  1.76630863E-10
   269.01511     -2.64856070E-02  2.66814493E-02  1.81616500E-10
   270.02075     -2.61657052E-02  2.63520367E-02  1.20833704E-10
   271.02640     -2.62873899E-02  2.62284800E-02 -4.40162518E-10
   272.03204     -2.64277272E-02  2.61059254E-02  1.92422245E-10
   273.03769     -2.61337310E-02  2.57633105E-02  2.17493273E-10
   274.01089     -2.54774243E-02  2.52428129E-02  7.14565074E-11
   275.01654     -2.49124765E-02  2.47522611E-02 -6.44897802E-10
   276.02219     -2.48721652E-02  2.45117266E-02  6.83793577E-10
   277.02783     -2.52034180E-02  2.44552027E-02 -4.16245843E-10
   278.03348     -2.53749378E-02  2.43280772E-02 -4.63177219E-10
   279.00668     -2.50949729E-02  2.39897724E-02  5.90596905E-10
   280.01233     -2.45711990E-02  2.35179830E-02  2.50109135E-12
   281.01797     -2.43044794E-02  2.31515523E-02  9.20641563E-10
   282.02362     -2.44845748E-02  2.29793694E-02 -4.40003117E-10
   283.02927     -2.47796830E-02  2.28486545E-02 -4.38019815E-10
   284.03516     -2.47518457E-02  2.25542020E-02  8.84978646E-10
   285.00928     -2.43949126E-02  2.20976006E-02 -3.64567487E-10
   286.01587     -2.40755789E-02  2.16307025E-02 -5.91427796E-10
   287.02246     -2.41640583E-02  2.13383604E-02  8.82580606E-11
   288.02905     -2.45367941E-02  2.11746152E-02  4.63745736E-10
   289.03564     -2.47316640E-02  2.09347848E-02  2.92215627E-11
   290.00977     -2.44996510E-02  2.05177031E-02  3.58861690E-11
   291.01636     -2.40271278E-02  1.99954025E-02  6.04603145E-10
   292.02295     -2.37456299E-02  1.95837524E-02  2.36602595E-11
   293.02954     -2.37933490E-02  1.93544142E-02 -5.64693792E-10
   294.03613     -2.38392428E-02  1.91698615E-02  7.64000946E-11
   295.01025     -2.35254057E-02  1.88739970E-02  3.34081963E-11
   296.01685     -2.28289962E-02  1.84473358E-02 -1.82918236E-10
   297.02344     -2.21181251E-02  1.80628020E-02  4.60358487E-12
   298.03003     -2.16794051E-02  1.78515241E-02 -1.28021760E-11
   299.03662     -2.13614721E-02  1.77491009E-02 -2.32985610E-11
   300.01074     -2.07893215E-02  1.75841413E-02 -1.96599334E-11
   301.01733     -1.97717883E-02  1.72660481E-02 -3.87145628E-11
   302.02393     -1.85730122E-02  1.68988574E-02  4.06204737E-10
   303.03052     -1.75694823E-02  1.66328885E-02  7.35768044E-11
   304.03711     -1.67989545E-02  1.64683983E-02 -3.55544649E-10
   305.01123     -1.59699973E-02  1.62507445E-02 -2.61771854E-12
   306.01782     -1.47619117E-02  1.58220734E-02  7.89299251E-11
   307.02441     -1.33091919E-02  1.52086029E-02  6.87741253E-11
   308.03101     -1.19909197E-02  1.45490272E-02  3.79698023E-10
   309.03760     -1.09997904E-02  1.39044458E-02  3.59430645E-11
   310.01172     -1.01544615E-02  1.31916134E-02  3.52334384E-10
   311.01831     -9.07921512E-03  1.22079859E-02  1.88084465E-10
   312.02490     -7.76943099E-03  1.09483954E-02  9.23587734E-11
   313.03149     -6.53827749E-03  9.54504311E-03  7.14924231E-11
   314.00616     -5.68448659E-03  8.17276537E-03  7.46407242E-11
   315.01370     -5.06127439E-03  6.72540860E-03  2.20104629E-10
   316.02124     -4.36723232E-03  5.14066825E-03  8.47886900E-11
   317.02878     -3.44211096E-03  3.39475181E-03 -1.46641276E-11
   318.03632     -2.49586836E-03  1.63083430E-03  5.22971805E-11
   319.01135     -1.84829137E-03  8.76829799E-05  5.49541489E-11
   320.01889     -1.46276958E-03 -1.26881152E-03  8.34395539E-11
   321.02643     -1.05707033E-03 -2.44757743E-03  4.25025674E-11
   322.03397     -3.79535661E-04 -3.49668576E-03  3.58322885E-11
   323.00900      4.41259966E-04 -4.30542696E-03  3.49967069E-11
   324.01654      1.16625649E-03 -4.77264170E-03  3.80845980E-11
   325.02408      1.66209252E-03 -4.80700424E-03  2.45756158E-11
   326.03162      2.17174273E-03 -4.51420294E-03  1.36898930E-11
   327.03915      2.97836075E-03 -4.04425431E-03  2.78068662E-11
   328.01419      4.01951466E-03 -3.46408179E-03  2.15170243E-11
   329.02173      5.06011443E-03 -2.68608169E-03  1.84115639E-11
   330.02927      5.85766463E-03 -1.72890804E-03  1.00757874E-11
   331.03680      6.53020386E-03 -7.36126618E-04 -1.02220316E-13
   332.01184      7.28979567E-03  7.24706188E-05  2.31075679E-11
   333.01938      8.18135217E-03  6.60136226E-04  8.22871285E-12
   334.02692      8.87644663E-03  1.04077463E-03  2.47535655E-11
   335.03445      9.09235235E-03  1.27505453E-03  2.52105663E-11
   336.00949      8.87750089E-03  1.32748298E-03  7.29386621E-11
   337.01703      8.46844539E-03  1.10586570E-03  3.16787499E-11
   338.02457      7.99138099E-03  5.86491195E-04  1.25832331E-11
   339.03210      7.29205180E-03 -1.08446664E-04  2.28204608E-11
   340.00714      6.22328138E-03 -7.95700471E-04  3.06134146E-11
   341.01468      4.80597373E-03 -1.45696383E-03  2.58030576E-12
   342.02222      3.42342840E-03 -2.10007350E-03 -3.47499633E-12
   343.02975      2.35235761E-03 -2.73039169E-03  1.08865313E-11
   344.03729      1.56643079E-03 -3.24524916E-03  1.88298710E-10
   345.01233      9.17772355E-04 -3.50168324E-03 -4.85326293E-11
   346.01987      3.73647752E-04 -3.47436755E-03  2.10738059E-11
   347.02740      1.89865619E-04 -3.22772353E-03  2.12610762E-11
   348.03494      5.45761432E-04 -2.85259751E-03  2.49901367E-11
   349.00998      1.25458185E-03 -2.36830278E-03 -4.66101983E-11
   350.01752      2.03308510E-03 -1.69844774E-03 -5.11118821E-11
   351.02505      2.67594191E-03 -8.85833288E-04 -5.13656825E-12
   352.03259      3.25119705E-03 -7.22082332E-05  1.63410604E-12
   353.00763      3.83225991E-03  5.68838208E-04 -3.41550573E-12
   354.01517      4.33595944E-03  1.02366589E-03  2.37458109E-11
   355.02271      4.47185989E-03  1.29901979E-03  2.21954677E-11
   356.03024      4.11188137E-03  1.41322019E-03  1.64806606E-11
   357.00528      3.44323204E-03  1.32354104E-03  5.79559664E-11
   358.01282      2.67627742E-03  9.75942996E-04 -3.01051024E-11
   359.02036      1.91949029E-03  4.22696496E-04 -1.01914579E-11
   360.02789      1.06784957E-03 -1.81896423E-04  8.90549440E-12
   361.03543      8.05354211E-05 -6.94993534E-04  5.94421127E-12
   362.01047     -8.18775152E-04 -1.06046139E-03  8.55681064E-12
   363.01801     -1.41945085E-03 -1.31267495E-03  1.41799818E-11
   364.02621     -1.59592438E-03 -1.41222635E-03 -6.21939132E-13
   365.03470     -1.50639610E-03 -1.28615741E-03  2.41523555E-12
   366.01065     -1.32478436E-03 -9.19269514E-04  2.10856263E-11
   367.01920     -1.01876410E-03 -3.68005538E-04  1.43656771E-11
   368.02863     -4.68212529E-04  2.05941033E-04  6.99054183E-12
   369.00595      2.69725599E-04  6.76029944E-04  8.21916493E-12
   370.01675      9.96572664E-04  1.04583160E-03  6.82006812E-11
   371.02875      1.44451286E-03  1.28821004E-03  1.18505431E-11
   372.00970      1.59339164E-03  1.34378555E-03 -3.70014019E-11
   373.02542      1.61421893E-03  1.13447534E-03  1.34443385E-11
   374.01059      1.59267057E-03  6.63972634E-04  1.07067940E-11
   375.03122      1.43648265E-03 -1.99875467E-06  1.94170305E-11
   376.02115      1.06710230E-03 -6.93031994E-04  4.37809251E-12
   377.01242      5.95767051E-04 -1.35672395E-03  1.73581011E-11
   378.03598      2.71378929E-04 -1.99159095E-03  1.61465095E-11
   379.02438      2.65218521E-04 -2.51620449E-03 -7.77519438E-11
   380.01004      4.84901568E-04 -2.86542065E-03  1.13920800E-11
   381.02570      7.88179983E-04 -2.96459859E-03  7.76768580E-12
   382.00616      1.13037170E-03 -2.82134581E-03  9.89226496E-12
   383.01727      1.62025890E-03 -2.52203108E-03 -8.57355367E-11
   384.02695      2.24308483E-03 -2.16034101E-03  8.40704763E-12
   385.03552      2.78979773E-03 -1.76627957E-03  5.63522562E-11
   386.01144      3.01744021E-03 -1.36108964E-03  9.48382692E-12
   387.01920      2.88009667E-03 -9.65491752E-04 -1.30517749E-11
   388.02768      2.48475769E-03 -6.74290408E-04 -1.30792764E-11
   389.03616      1.93920126E-03 -5.24464296E-04 -5.44495872E-13
   390.01212      1.24107441E-03 -4.64653131E-04  1.80260442E-11
   391.02045      2.92772835E-04 -4.02025122E-04  1.99622437E-13
   392.02798     -7.70406798E-04 -2.89871299E-04  1.11541228E-11
   393.03473     -1.70914549E-03 -1.33297421E-04  9.20979092E-12
   394.00858     -2.31018662E-03  5.36856314E-05  6.96774366E-12
   395.01422     -2.62702815E-03  3.12743883E-04  1.39601473E-11
   396.02045     -2.73189344E-03  6.62010454E-04  3.14968060E-12
   397.02728     -2.64410954E-03  1.05483062E-03 -5.08104800E-12
   398.03503     -2.27929978E-03  1.37655647E-03  8.83545737E-11
   399.01099     -1.63884636E-03  1.51675858E-03  2.93897788E-11
   400.01947     -8.16873391E-04  1.44034135E-03 -2.61464947E-11
