  1.92343034E-02  4.49116531E-23  7.50767948E-23 -3.28237955E-37
   1.0171033      1.67469086E-22  1.65997754E-22 -2.79086236E-35
   2.0060124      4.71731147E-22  4.35748690E-22 -9.63875980E-35
   3.0117693      1.30974437E-21  1.19775086E-21 -2.85004483E-34
   4.0182076      3.62287822E-21  3.30864268E-21 -8.05805786E-34
   5.0047288      9.81577186E-21  8.96283798E-21 -2.19977311E-33
   6.0103312      2.71099528E-20  2.47534154E-20 -6.09564351E-33
   7.0153880      7.48294659E-20  6.83224626E-20 -2.50585002E-30
   8.0003624      2.02379198E-19  1.84768057E-19 -1.16739596E-26
   9.0047703      5.58089867E-19  5.09457696E-19  1.11942198E-28
   10.008998      1.53820759E-18  1.40384689E-18 -6.64942179E-29
   11.013110      4.23666524E-18  3.86516933E-18  3.97276953E-28
   12.017157      1.16575573E-17  1.06293809E-17 -2.17057043E-27
   13.001484      3.14041138E-17  2.86118068E-17 -5.24965189E-25
   14.005486      8.61292879E-17  7.83854348E-17 -5.89415520E-25
   15.009503      2.35618731E-16  2.14128950E-16 -4.31965519E-24
   16.013540      6.42465438E-16  5.82826007E-16  8.98584673E-24
   17.017611      1.74474186E-15  1.57935667E-15  7.08460991E-25
   18.002016      4.62443186E-15  4.17567041E-15 -2.89873487E-24
   19.006180      1.24285365E-14  1.11899422E-14  5.04198397E-24
   20.010357      3.31886584E-14  2.97844093E-14  1.41162809E-23
   21.014601      8.79940787E-14  7.86882698E-14  1.02493383E-21
   22.018871      2.31487491E-13  2.06216446E-13 -2.35931036E-23
   23.003508      5.92698200E-13  5.25901317E-13 -8.62985901E-21
   24.007872      1.53283820E-12  1.35433722E-12  1.23829917E-21
   25.012276      3.92772273E-12  3.45516064E-12  2.08925343E-22
   26.016735      9.96859886E-12  8.73000110E-12 -1.31841319E-19
   27.001514      2.46078730E-11  2.14545395E-11 -2.73881103E-19
   28.006052      6.12493112E-11  5.31573327E-11 -4.09709989E-20
   29.010609      1.50939261E-10  1.30403008E-10  2.30492714E-20
   30.015188      3.68288927E-10  3.16751680E-10  1.12051118E-17
   31.000134      8.74646910E-10  7.49000029E-10  4.29253592E-19
   32.004787      2.09331197E-09  1.78489989E-09  1.17710624E-18
   33.009441      4.96296737E-09  4.21419966E-09 -3.75895789E-19
   34.014095      1.16596910E-08  9.86117676E-09 -1.27241413E-17
   35.018791      2.71536607E-08  2.28782717E-08  9.62403715E-18
   36.003887      6.16952818E-08  5.17994252E-08 -8.00165886E-18
   37.008736      1.41388981E-07  1.18314610E-07 -2.97893447E-17
   38.013584      3.21640982E-07  2.68317393E-07 -5.99278325E-17
   39.018433      7.26795292E-07  6.04870479E-07  2.50151090E-16
   40.003578      1.62688934E-06  1.35008827E-06  9.23645066E-16
   41.008427      3.69948111E-06  3.06284642E-06  9.15029229E-14
   42.013275      8.37830157E-06  6.92256390E-06  2.25606263E-13
   43.018124      1.84335240E-05  1.56232509E-05  3.70426834E-13
   44.003269      4.15135983E-05  3.48096437E-05 -1.46780331E-12
   45.008137      9.42132028E-05  7.87864046E-05 -2.87459813E-12
   46.013035      2.12869854E-04  1.78023591E-04 -3.39238186E-12
   47.017971      4.80290095E-04  4.01485217E-04  1.58049748E-13
   48.003265      1.06496294E-03  8.89656425E-04  2.57076062E-11
   49.008308      2.39586364E-03  2.00024433E-03 -3.50589002E-11
   50.013351      5.38350642E-03  4.49197134E-03 -1.87548921E-10
   51.018394      1.20850494E-02  1.00772269E-02  6.47704373E-12
   52.003731      2.66818814E-02  2.22285353E-02  1.22393118E-09
   53.008774      5.98101541E-02  4.97426949E-02  1.49666857E-09
   54.013817      0.13397862      0.11103502     -1.02379855E-10
   55.018860      0.29983580      0.24660164      1.50036394E-09
   56.004196      0.65933168      0.53355879     -9.19590448E-09
   57.009239       1.4663074       1.1453730      1.19685561E-09
   58.014282       3.2162504       2.3362215     -5.62291049E-08
   59.019344       6.7109585       4.2756839      9.16746501E-09
   60.004913       11.574639       6.2942224      1.41385188E-08
   61.010746       12.723034       6.6696744      2.16312813E-07
   62.018478       8.1836290       4.8970118      3.56631027E-08
   63.008171       4.1552577       2.8138518      7.69136932E-08
   64.018677       1.9609441       1.3801092      3.45316553E-09
   65.009735      0.95345008      0.62145036      3.58619943E-08
   66.000786      0.49302903      0.24775603      3.55587062E-08
   67.011108      0.27484652      7.21671879E-02  2.61890563E-08
   68.000626      0.16933537     -3.06825992E-03  2.29858852E-08
   69.008476      0.11798938     -3.70109640E-02  2.14629896E-08
   70.014420      9.87860858E-02 -5.46159297E-02  1.77528463E-08
   71.018005      9.92725790E-02 -6.58290163E-02  1.29666899E-08
   72.018829      0.10213530     -7.21320733E-02  1.00064259E-08
   73.017937      9.82665420E-02 -7.35538527E-02  7.60919949E-09
   74.003441      8.91281664E-02 -7.18007237E-02  5.87960214E-09
   75.001305      8.54357779E-02 -6.96183220E-02  5.15618748E-09
   76.001213      9.01127905E-02 -6.86828494E-02  8.11598611E-09
   77.001472      0.10151304     -6.84223026E-02  9.48592138E-09
   78.017197      0.11061929     -6.68092519E-02  4.38703474E-09
   79.004951      0.11460668     -6.27835318E-02  3.84383325E-09
   80.005020      0.11516380     -5.68558425E-02  5.70307535E-09
   81.017532      0.11859605     -5.08437604E-02  5.98056049E-09
   82.000961      0.12574488     -4.62742560E-02  2.61007527E-09
   83.017578      0.13271347     -4.26079743E-02  2.54598898E-09
   84.019455      0.13100022     -3.87784205E-02  3.25940430E-09
   85.004845      0.11829114     -3.38898972E-02  3.15036219E-09
   86.016182      9.40284505E-02 -2.77907550E-02  2.48587972E-09
   87.012878      6.31360114E-02 -2.16161553E-02  1.04754827E-09
   88.002716      2.85599008E-02 -1.61374826E-02  2.34221043E-09
   89.021187     -1.02071464E-02 -1.14898216E-02  1.84051030E-09
   90.019638     -4.94701266E-02 -8.22934229E-03  1.28988187E-09
   91.007751     -8.33360776E-02 -7.34514045E-03  8.71381023E-10
   92.008453     -0.10329858     -1.07572172E-02  1.25569766E-09
   93.010330     -9.83973444E-02 -2.03451812E-02  1.58680036E-09
   94.007034     -6.47885948E-02 -3.60944048E-02  1.39982781E-09
   95.003204     -6.43350556E-03 -5.53291440E-02  4.08472411E-09
   96.020721      6.57226667E-02 -7.30961785E-02  1.94210736E-09
   97.010124      0.13157466     -8.24229866E-02 -9.57506185E-10
   98.019066      0.17932035     -7.93913975E-02  1.94310701E-09
   99.008659      0.19743958     -6.36652336E-02  2.56611377E-09
   100.00291      0.18489178     -3.94375250E-02  7.58524132E-10
   101.00727      0.14722264     -1.46884313E-02  4.88705743E-10
   102.01633      9.80906859E-02  5.79230720E-04  8.80882423E-10
   103.01662      5.55863678E-02 -1.43879151E-03  9.00909514E-10
   104.00332      3.35522369E-02 -2.22535860E-02  5.57924817E-10
   105.02572      3.62360962E-02 -5.81878051E-02  4.88150631E-10
   106.00047      5.53188547E-02 -9.48339850E-02 -3.26100347E-09
   107.00325      7.54639134E-02 -0.12106851     -3.31781425E-09
   108.02891      8.10975134E-02 -0.12503959      9.47881107E-10
   109.01936      6.96324557E-02 -0.10528586     -6.51801457E-09
   110.00072      5.31661585E-02 -7.08609894E-02  1.44640888E-09
   111.01113      4.90067825E-02 -3.44390124E-02  8.56251292E-10
   112.02331      6.98891729E-02 -1.11118481E-02  5.36090838E-10
   113.00665      0.11096353     -7.92781450E-03  2.70506478E-10
   114.00080      0.15533659     -2.18230747E-02  6.69357014E-10
   115.01926      0.17842227     -4.39373143E-02  1.30192301E-09
   116.02573      0.16087529     -6.20025508E-02  3.97997590E-09
   117.01189      0.10536379     -6.91594630E-02  1.78603576E-09
   118.01517      3.04349586E-02 -6.58948720E-02  6.24643781E-10
   119.00095     -3.10634784E-02 -5.75889945E-02  5.65844149E-10
   120.00449     -5.55814654E-02 -4.97754142E-02  5.48718959E-10
   121.01967     -3.26530524E-02 -4.45001721E-02 -3.35284356E-10
   122.00299      1.99965239E-02 -3.89320888E-02 -1.59964952E-09
   123.02724      7.67802969E-02 -2.76448801E-02  1.12026843E-09
   124.01588      0.10541207     -9.79437120E-03 -2.81714652E-11
   125.02636      9.63959247E-02  1.06178960E-02  4.06457173E-10
   126.00907      6.08876422E-02  2.28720214E-02  1.45195495E-10
   127.01514      2.17287429E-02  1.81887653E-02  4.09453582E-11
   128.01059      2.35400535E-03 -6.03402965E-03  4.24138474E-10
   129.02415      9.59520042E-03 -4.28492911E-02  3.44539230E-10
   130.00444      3.17809135E-02 -7.53912926E-02  3.36947442E-10
   131.01224      5.12332842E-02 -9.07450765E-02  2.94419239E-10
   132.01828      5.57307564E-02 -8.13433379E-02  3.62545716E-10
   133.01703      5.04274443E-02 -5.34982756E-02  4.86484186E-10
   134.01305      5.02042659E-02 -2.18913779E-02  1.77091591E-10
   135.00836      6.51083961E-02 -1.16035435E-03  3.97609751E-10
   136.00362      8.98671448E-02  1.57773297E-03  4.69826511E-10
   137.00179      0.10587496     -1.08158225E-02  3.85322219E-10
   138.01884      9.41829756E-02 -2.94089112E-02  1.10360276E-09
   139.02533      5.33705279E-02 -4.48906198E-02  2.58160882E-10
   140.02541      5.33104222E-03 -5.47539070E-02  2.39384429E-10
   141.02570     -1.67323537E-02 -6.23503551E-02  2.11017842E-10
   142.00157      9.05325823E-03 -7.15840906E-02  1.94378180E-10
   143.00375      8.06168169E-02 -8.30998048E-02  1.28433930E-10
   144.00369      0.16685545     -9.17183906E-02  2.85683477E-10
   145.02559      0.22531161     -9.07773748E-02  1.91855865E-10
   146.01816      0.22414270     -7.78486431E-02  1.54467006E-09
   147.00917      0.16631462     -5.69199212E-02 -1.35285616E-10
   148.02541      7.61851519E-02 -3.48262675E-02  1.53517921E-09
   149.01591     -7.36001041E-03 -1.81696918E-02 -2.59986477E-12
   150.00461     -6.46326989E-02 -6.15090458E-03 -1.49678492E-10
   151.01587     -9.23641920E-02  5.96688036E-03  3.53396562E-10
   152.02521     -9.60018933E-02  2.13206895E-02  1.45120804E-10
   153.00890     -8.24277923E-02  3.66151519E-02  1.01580133E-10
   154.01776     -4.98308986E-02  4.33526151E-02  1.08052323E-09
   155.00056      3.00167827E-03  3.15390378E-02  3.02101399E-11
   156.00740      7.28639364E-02 -2.32331688E-03  4.36241904E-10
   157.01430      0.13887410     -5.03463745E-02  4.65613159E-10
   158.02084      0.17654520     -9.85906497E-02  1.75550546E-10
   159.00244      0.18046036     -0.13916065      2.17872220E-10
   160.00615      0.18659511     -0.18825577      9.10879427E-11
   161.00751      0.28125447     -0.28934726      3.07155051E-10
   162.00838      0.59269392     -0.51677042      5.32195510E-10
   163.00670       1.2755656     -0.95881248      7.00141001E-10
   164.00073       2.4730453      -1.6719887     -4.71160444E-09
   165.01695       4.2161317      -2.6079459      5.48869039E-08
   166.00746       5.8569984      -3.3975749     -4.36253567E-09
   167.02122       6.2736397      -3.5984886     -5.04695619E-09
   168.00909       5.0395727      -3.0560746      1.08406681E-07
   169.02165       3.1360440      -2.1111574     -6.13804030E-09
   170.01070       1.6284893      -1.2564325     -2.38815865E-08
   171.00130      0.75234944     -0.69283670     -4.87639085E-09
   172.01819      0.46366957     -0.46040180     -1.75770278E-08
   173.01233      0.67504889     -0.53873932      2.25998704E-08
   174.00815       1.2707388     -0.85638016     -4.02451711E-10
   175.00424       2.0952737      -1.3046268      5.27979105E-10
   176.00098       2.8524241      -1.7097520     -3.14054871E-09
   177.02382       3.1475611      -1.8761137      6.52363408E-09
   178.02280       2.7582676      -1.6948669     -6.82034207E-10
   179.02307       1.8999941      -1.2510492     -4.75419064E-08
   180.00027      0.99527884     -0.74550301      2.34385233E-10
   181.00441      0.30626857     -0.33196965      1.39099532E-09
   182.00983      1.46543905E-02 -0.14200032     -7.18256921E-09
   183.01645      0.17703944     -0.22395542     -6.46160991E-09
   184.02353      0.77444750     -0.55344224     -1.35770719E-08
   185.00543       1.6250708     -0.99970186      2.62689532E-08
   186.01274       2.3806415      -1.3763973      3.57777563E-09
   187.02043       2.5130396      -1.4573020     -2.70793468E-08
   188.00293       1.9261520      -1.1976506      3.50721807E-09
   189.01086      0.99756932     -0.72949719      5.44915668E-09
   190.01923      0.21876283     -0.27559316      8.90636986E-09
   191.00299     -0.17956883      5.06014749E-03  3.85301568E-09
   192.01273     -0.20625575      7.47692436E-02  1.08811293E-09
   193.02286      6.18622452E-02 -4.79065180E-02  1.80195814E-09
   194.00813      0.46531236     -0.26999244      2.30558839E-09
   195.01888      0.83575809     -0.48473498      1.32937272E-09
   196.00397      0.97443306     -0.57439280      1.59103717E-08
   197.01408      0.80395484     -0.49255639      1.07574016E-09
   198.02350      0.39883742     -0.27027613      8.61822258E-09
   199.00706     -4.35273089E-02 -1.15036797E-02 -5.52755230E-10
   200.01524     -0.37499619      0.19380067     -4.88448482E-09
   201.02283     -0.48285466      0.26761365      1.32531124E-08
   202.00473     -0.35039198      0.19396293     -3.92375643E-09
   203.01152     -1.77409276E-02  2.31686328E-03  8.81592410E-10
   204.01799      0.38823456     -0.22675064     -5.33988764E-09
   205.02446      0.68109071     -0.38994196      1.28659874E-08
   206.00577      0.70819801     -0.40927061      2.73419509E-09
   207.01247      0.45876357     -0.27383679      4.06642497E-09
   208.01955      5.85292168E-02 -4.03714366E-02  1.42719836E-10
   209.00145     -0.31779450      0.19306855     -1.61710242E-10
   210.00909     -0.57902938      0.36022341      1.22255628E-08
   211.01678     -0.66841108      0.41291761      5.92061622E-10
   212.02484     -0.58723503      0.35173291     -3.67275765E-09
   213.00793     -0.37758309      0.21678500     -7.89311105E-09
   214.01627     -0.10206665      5.92832714E-02  2.69711165E-09
   215.02518      0.12748356     -5.38721904E-02  4.67692662E-10
   216.00887      0.20884582     -7.92176723E-02 -4.13931245E-09
   217.01790      0.11219562     -1.53553374E-02 -1.56205937E-10
   218.00200     -0.10194167      9.66872275E-02 -1.75920845E-09
   219.01091     -0.32891977      0.20325801     -2.59522161E-11
   220.01941     -0.45421761      0.25102520      4.68455885E-10
   221.00177     -0.42455184      0.22187242     -3.55660362E-11
   222.00824     -0.25459415      0.12967958     -2.33621122E-09
   223.01361     -2.10648756E-02  1.60542186E-02 -3.00697661E-11
   224.01811      0.16721414     -7.00637028E-02 -9.78472969E-10
   225.02220      0.22866766     -9.62909311E-02  2.58210942E-09
   226.00192      0.15974644     -6.37842715E-02  6.15458795E-10
   227.00813      1.64780207E-02  1.30476989E-03 -4.74910056E-10
   228.01630     -0.11832321      6.00161292E-02  2.65665906E-10
   229.00114     -0.18338546      8.36087763E-02  1.59605218E-10
   230.01219     -0.16175398      6.63432106E-02  1.67922801E-10
   231.02272     -6.95389286E-02  2.17023361E-02 -9.86843052E-10
   232.00665      4.08600420E-02 -2.13755816E-02 -2.25073377E-10
   233.01451      0.11315908     -3.71970274E-02 -1.47060186E-09
   234.02196      9.38259363E-02 -9.04075988E-03 -8.73448092E-10
   235.00548     -2.22002007E-02  5.46920709E-02 -1.52176027E-09
   236.01677     -0.19556192      0.13052318     -1.46296544E-10
   237.00519     -0.33635360      0.17981967      1.39204692E-09
   238.01959     -0.36936975      0.17683822      9.22520220E-12
   239.00745     -0.25968492      0.11692920      7.32427452E-10
   240.01837     -4.06143814E-02  2.14226656E-02 -8.52084403E-10
   241.00279      0.17149130     -6.07393235E-02 -2.19938290E-10
   242.01357      0.25976983     -8.90722051E-02  1.69424119E-09
   243.00156      0.16267622     -4.60566692E-02  3.19401311E-11
   244.01694     -6.65333271E-02  4.64886390E-02  1.55410063E-09
   245.00639     -0.28502065      0.13527334      9.20826332E-11
   246.01857     -0.38483533      0.17942779      3.11111337E-09
   247.00343     -0.32469815      0.16088416     -6.09334694E-10
   248.01396     -0.14913154      9.54259038E-02  2.38566322E-09
   249.00157      3.14210542E-02  2.27506608E-02  5.03053876E-10
   250.01645      0.12415715     -2.38143802E-02  1.17685661E-09
   251.00504      9.39609855E-02 -2.69913338E-02  7.91718469E-10
   252.01611     -1.22887567E-02  1.73459342E-03  5.16291121E-10
   253.00040     -0.11143110      3.77011001E-02  6.13857853E-10
   254.01144     -0.15685390      6.50900230E-02 -7.23105326E-11
   254.99983     -0.14953583      8.06160197E-02 -7.64034558E-10
   256.01401     -0.12952287      9.44425091E-02  2.99140712E-09
   257.00058     -0.13656090      0.11410554     -3.64018482E-09
   258.01028     -0.17996247      0.13868815     -2.66179606E-10
   259.02106     -0.23255302      0.15550815     -2.94074165E-09
   260.00940     -0.25295758      0.15128689     -6.67467992E-09
   261.02380     -0.21676639      0.12167805     -4.35987380E-09
   262.01083     -0.13298427      7.80331194E-02 -1.56518243E-09
   263.02158     -3.48979458E-02  3.79925780E-02  2.69306966E-10
   264.00827      2.80127525E-02  2.15824861E-02  5.29794750E-11
   265.02328      3.08010597E-02  3.49416360E-02 -2.62170147E-10
   266.01315     -2.08770707E-02  6.88838139E-02 -2.46300064E-10
   267.00061     -9.21419710E-02  0.10568618     -2.86607099E-10
   268.01257     -0.14356077      0.13010532     -1.36612527E-10
   269.00137     -0.14751995      0.13568965     -3.69305342E-09
   270.01801     -0.10752022      0.12969463     -2.23775332E-09
   271.00815     -5.35957292E-02  0.12506834      3.30530603E-10
   272.02155     -1.77742969E-02  0.13067110     -2.01812966E-09
   273.01016     -1.78323500E-02  0.14492157      1.63583147E-10
   274.00110     -4.13799956E-02  0.15820873      7.78564505E-11
   275.01736     -6.12424426E-02  0.16038509      1.61570757E-11
   276.00653     -5.50711453E-02  0.14950861      1.56622493E-10
   277.02155     -2.69369353E-02  0.13382898      1.58592736E-10
   278.01367     -4.50839056E-03  0.12627517      1.17277216E-10
   279.00562     -1.32525358E-02  0.13130367      2.45015164E-09
   280.02042     -5.42831570E-02  0.14053558      2.08847023E-10
   281.00967     -9.55087468E-02  0.13606781     -3.52023966E-09
   282.00122     -0.10118464      0.10555681      3.25201699E-10
   283.01926     -5.97069561E-02  5.20633273E-02  1.94676408E-09
   284.01068     -7.68375862E-03  2.20853672E-03  2.07150991E-10
   285.00235     -5.28976461E-03 -1.65577941E-02 -4.74175921E-10
   286.02042     -9.71387923E-02  1.00219101E-02  5.42759948E-10
   287.01178     -0.25228351      6.44137263E-02  1.41207335E-09
   288.00031     -0.39387798      0.10937776      1.34144067E-11
   289.01456     -0.44118947      0.10876174      2.84284436E-11
   290.00479     -0.35988772      5.17790467E-02  1.85301019E-09
   291.02005     -0.18710515     -3.91204841E-02  1.80597337E-09
   292.00925     -3.03778630E-02 -0.11112011      1.93273661E-11
   293.00012      1.91799402E-02 -0.12404983      2.38394349E-09
   294.01639     -6.20852076E-02 -6.62229508E-02 -1.73160464E-09
   295.00461     -0.19907069      2.85387021E-02 -1.48210028E-10
   296.01700     -0.29203883      0.11421755     -2.52768362E-11
   297.00485     -0.27110147      0.15026850      1.72201142E-11
   298.01797     -0.14179829      0.13496940     -5.46862555E-12
   299.00534      2.21162736E-02  9.72202420E-02 -1.16704391E-09
   300.02072      0.13764727      7.55014867E-02  5.89519406E-11
   301.01306      0.14596215      9.40190703E-02 -1.91332195E-09
   302.00458      6.82725981E-02  0.14246783     -1.31892719E-10
   303.02142     -2.95982361E-02  0.18750364     -3.78742815E-09
   304.01266     -7.36814290E-02  0.19123740      5.83004667E-09
   305.00153     -4.30893861E-02  0.14337166     -2.39896325E-10
   306.01382      3.34958285E-02  6.09408431E-02 -5.41521605E-10
   307.00168      8.27868283E-02 -1.29096396E-02 -3.44644840E-10
   308.01486      4.44535092E-02 -4.71557751E-02 -1.68999190E-10
   309.00314     -8.30077454E-02 -3.44642624E-02 -9.41291600E-10
   310.01947     -0.24267909     -1.03503466E-04 -1.97927716E-11
   311.01208     -0.34071735      1.73104517E-02  4.67515610E-11
   312.00470     -0.32828814     -2.76923017E-03  2.81607487E-10
   313.02277     -0.21404715     -5.30439578E-02  8.66573688E-11
   314.01477     -7.43715167E-02 -9.73302498E-02  1.01399514E-10
   315.00507      1.08457049E-02 -0.10293326      4.07857081E-11
   316.02176      9.90121905E-03 -5.88185191E-02  1.59689162E-09
   317.01624     -3.23541760E-02  1.03372233E-02  2.97771752E-10
   318.01804     -3.60191688E-02  6.80544153E-02  1.35033995E-09
   319.01144      4.25644442E-02  8.90151262E-02  2.06425788E-09
   320.00690      0.17222811      7.85394236E-02  3.24823668E-10
   320.99954      0.26570091      6.34333044E-02  1.72316517E-09
   322.00763      0.24319279      6.82833046E-02 -1.07196460E-10
   323.01190      0.10617825      9.18951184E-02 -1.07257168E-10
   324.02164     -5.72024323E-02  0.10524378      1.25557204E-11
   325.02066     -0.13540770      7.53023028E-02  2.00424832E-09
   326.01492     -8.88827592E-02 -4.16931324E-03  4.91288010E-10
   327.00763      2.84868702E-02 -0.10304298      2.02526232E-10
   328.00024      9.57199559E-02 -0.17040990      3.82398291E-09
   329.01941      1.89893395E-02 -0.16897593      1.57290361E-10
   330.01831     -0.16644952     -0.10584223      6.17771256E-09
   330.99991     -0.32121128     -2.93315463E-02 -7.98813182E-10
   332.01923     -0.32021025      1.49415648E-02 -1.62981906E-10
   333.02124     -0.13544905      7.37938518E-03  2.96960734E-10
   334.02167      0.12996700     -2.36385893E-02  2.28113112E-10
   335.01288      0.31092334     -3.16059478E-02 -2.27249686E-09
   336.01926      0.30593464      9.85448994E-03 -2.20748836E-10
   337.01791      0.15761720      8.17373171E-02  1.89450677E-11
   338.01190      9.67857987E-03  0.13441874      6.61961597E-11
   339.00470     -2.03778967E-02  0.12694210      3.27741306E-13
   339.99973      7.31747746E-02  5.77879809E-02  1.56377378E-09
   341.02411      0.18665348     -3.49754505E-02  6.25551111E-10
   342.00018      0.17293638     -9.10918713E-02 -1.83125293E-09
   343.00171     -1.03187487E-02 -9.15048495E-02 -4.15046042E-09
   343.99942     -0.25474247     -5.72195649E-02 -1.37653822E-09
   345.01715     -0.39046210     -3.59852649E-02  1.00825882E-10
   346.00412     -0.30731511     -5.82127497E-02  1.34326550E-09
   347.01309     -5.28030843E-02 -0.10832894      6.28580521E-12
   348.02219      0.20195636     -0.13365433     -6.70282094E-11
   349.01022      0.27839804     -9.04627219E-02 -9.03651459E-11
   350.00580      0.15666148      1.62278432E-02 -3.84336701E-10
   351.00720     -3.13068628E-02  0.13178572     -3.37227846E-09
   352.00626     -0.11239728      0.18828422     -3.81146330E-11
   353.02097     -1.07400157E-02  0.15394264     -2.61958077E-09
   354.00061      0.19060488      5.78083359E-02 -4.98708519E-10
   355.00000      0.32806396     -4.18735780E-02  8.32946823E-10
   356.00040      0.25298536     -8.87153894E-02  3.10368997E-09
   357.00763     -1.05753206E-02 -7.60128051E-02 -2.64537576E-11
   358.02310     -0.28323555     -4.45322730E-02 -3.12653792E-09
   359.01538     -0.37493247     -4.22588252E-02 -6.08513073E-10
   360.00290     -0.25111574     -7.73278400E-02 -6.17689233E-10
   361.01071     -1.23738749E-02 -0.11618067      5.97186167E-09
   362.01990      0.15087803     -0.10785738     -1.24852267E-10
   363.01108      0.13655913     -3.63963023E-02 -1.76305331E-10
   364.00800      1.21411532E-02  6.45079613E-02 -1.88174892E-10
   365.00180     -6.51178956E-02  0.13408512     -2.54210764E-10
   366.01407      9.30291321E-03  0.13191770      3.48219409E-09
   366.99860      0.19330221      6.84495196E-02  1.27028765E-09
   368.01224      0.34062293     -8.78942572E-03 -7.93849542E-10
   369.00461      0.28809136     -4.53122668E-02 -1.20969368E-09
   370.01962      3.27007659E-02 -3.25523689E-02 -4.54222021E-10
   371.00134     -0.25085217     -6.89263875E-03 -4.42827691E-10
   372.00385     -0.38517410     -1.27089750E-02 -6.84379109E-10
   373.00946     -0.29018125     -6.37453273E-02  1.54578017E-09
   374.02066     -4.81010266E-02 -0.12589103      4.70202544E-10
   375.00574      0.14662050     -0.14265722     -1.60590832E-10
   376.00992      0.17325689     -8.60899091E-02 -4.05308009E-09
   377.01257      6.40781447E-02  1.99301951E-02 -3.43275186E-10
   378.02151     -3.44035104E-02  0.11527248     -2.71215850E-09
   379.01288     -1.15154497E-02  0.14766550      2.48585208E-10
   380.00323      0.11557781      0.11231717     -3.68871322E-11
   381.01367      0.23358370      4.11607549E-02  2.31256986E-10
   381.99997      0.21283677     -1.76247824E-02  9.65104385E-11
   383.01904      4.05449197E-02 -4.55061905E-02 -1.42870360E-09
   384.01395     -0.16162743     -5.34290001E-02 -1.44990586E-09
   385.00128     -0.25240546     -6.68844357E-02  3.13128501E-09
   386.01001     -0.19133048     -9.23914984E-02 -1.19222604E-10
   387.02341     -4.53681052E-02 -0.10807376      3.68472364E-09
   388.01419      5.38882650E-02 -8.50530937E-02 -1.84106130E-09
   388.99887      5.63250706E-02 -1.93985291E-02 -3.87587129E-10
   390.00378      1.15205664E-02  6.29832223E-02  5.67377464E-11
   391.01102      1.43097583E-02  0.11692607      1.31401820E-10
   392.02051      0.10460413      0.11501049      3.84227183E-09
   393.00226      0.21613654      6.76109791E-02  2.92985325E-09
   394.00781      0.25009027      6.49899896E-03  5.54691792E-10
   395.01755      0.13421547     -3.48716192E-02 -4.33057090E-10
   396.00418     -6.08742088E-02 -4.89827991E-02  2.00227790E-09
   397.01385     -0.21682841     -5.22555038E-02  3.60436986E-10
   397.99875     -0.23075888     -6.05455413E-02  2.21735963E-09
   399.01489     -0.11742172     -7.20259771E-02  2.46791587E-10
   400.00848      2.77268216E-02 -6.76950365E-02 -1.74379811E-09
