  1.92343034E-02  1.77321045E-32  2.04665733E-32   0.0000000    
   1.0171033      3.75938522E-32  3.75117380E-32 -1.68155816E-44
   2.0060124      7.55784504E-32  7.29425572E-32 -4.90454463E-44
   3.0117693      1.53666076E-31  1.47508672E-31 -1.20511668E-43
   4.0182076      3.16062948E-31  3.04060328E-31 -2.59240216E-43
   5.0047288      6.50281547E-31  6.28376868E-31 -5.39499909E-43
   6.0103312      1.38020603E-30  1.34130808E-30 -1.13785435E-42
   7.0153880      2.98592981E-30  2.92092968E-30 -2.43405543E-42
   8.0003624      6.49704191E-30  6.40207401E-30 -5.31051480E-40
   9.0047703      1.47029103E-29  1.46073300E-29  1.45174815E-38
   10.008998      3.41507553E-29  3.42272990E-29 -7.33394775E-38
   11.013110      8.15195469E-29  8.24350257E-29 -8.83787843E-38
   12.017157      1.99978996E-28  2.03971774E-28 -2.46680456E-37
   13.001484      4.94257083E-28  5.07995319E-28 -1.49045075E-37
   14.005486      1.27254290E-27  1.31663870E-27 -3.96881984E-37
   15.009503      3.34019307E-27  3.47438455E-27 -2.03667795E-36
   16.013540      8.90218746E-27  9.29715872E-27 -2.20994867E-34
   17.017611      2.39984214E-26  2.51354411E-26  2.47061993E-35
   18.002016      6.39521894E-26  6.71109857E-26  4.04646453E-35
   19.006180      1.74748566E-25  1.83611147E-25 -3.90660716E-34
   20.010357      4.79189070E-25  5.03866957E-25  8.71554564E-33
   21.014601      1.31675893E-24  1.38509559E-24  1.18313598E-33
   22.018871      3.62212979E-24  3.81055632E-24  7.64697338E-32
   23.003508      9.77096370E-24  1.02784789E-23 -2.02823087E-32
   24.007872      2.68796402E-23  2.82691019E-23 -1.94767703E-32
   25.012276      7.38921592E-23  7.76819985E-23  1.89093670E-30
   26.016735      2.02896539E-22  2.13190202E-22  1.89708610E-32
   27.001514      5.45361531E-22  5.72649101E-22  1.51498434E-29
   28.006052      1.49215315E-21  1.56550535E-21 -8.37284596E-31
   29.010609      4.07250177E-21  4.26841594E-21  7.74554255E-29
   30.015188      1.10818873E-20  1.16013454E-20  2.40516607E-28
   31.000134      2.94693271E-20  3.08098573E-20  1.01553053E-27
   32.004787      7.95977163E-20  8.30918629E-20 -2.46642446E-27
   33.009441      2.14028809E-19  2.23046228E-19 -1.24778281E-28
   34.014095      5.72623947E-19  5.95644539E-19 -2.02141771E-26
   35.018791      1.52365625E-18  1.58173901E-18 -1.04745783E-27
   36.003887      3.95436297E-18  4.09651355E-18 -4.29193334E-26
   37.008736      1.03952135E-17  1.07446262E-17  7.19673509E-28
   38.013584      2.71451395E-17  2.79914081E-17  1.96951266E-26
   39.018433      7.03906945E-17  7.24076851E-17 -5.03775449E-25
   40.003578      1.77895487E-16  1.82541662E-16  1.03235977E-25
   41.008427      4.54623547E-16  4.65298650E-16 -6.09945043E-24
   42.013275      1.15296357E-15  1.17695959E-15 -3.56167985E-23
   43.018124      2.90133814E-15  2.95393021E-15  1.40346885E-24
   44.003269      7.11547147E-15  7.22570773E-15 -7.43268374E-24
   45.008137      1.76277026E-14  1.78536368E-14  4.93536979E-22
   46.013035      4.33256912E-14  4.37661721E-14 -1.04651939E-21
   47.017971      1.05649166E-13  1.06447200E-13 -2.68065349E-23
   48.003265      2.51242983E-13  2.52508734E-13  2.78179911E-21
   49.008308      6.03281151E-13  6.04806353E-13  1.56753780E-20
   50.013351      1.43760795E-12  1.43772711E-12 -3.51759008E-20
   51.018394      3.40033383E-12  3.39254232E-12  6.89420725E-20
   52.003731      7.85232816E-12  7.81663102E-12  2.71441851E-19
   53.008774      1.83100965E-11  1.81861644E-11 -9.65270499E-21
   54.013817      4.24017765E-11  4.20238844E-11 -2.18821170E-19
   55.018860      9.75364720E-11  9.64656896E-11  2.17509913E-18
   56.004196      2.19338894E-10  2.16502441E-10  4.37989694E-18
   57.009239      4.98185937E-10  4.90784746E-10  6.32386527E-18
   58.014282      1.12462928E-09  1.10582710E-09  3.74157978E-17
   59.019344      2.52377252E-09  2.47701104E-09  1.41356193E-16
   60.004913      5.54373392E-09  5.43140199E-09  2.59120407E-18
   61.010746      1.23059376E-08  1.20351649E-08  1.04543136E-16
   62.018478      2.72019562E-08  2.65563092E-08  1.52579817E-17
   63.008171      5.89535567E-08  5.74538248E-08  2.16210920E-15
   64.018677      1.29122199E-07  1.25609546E-07  3.22398739E-16
   65.009735      2.76998549E-07  2.68973821E-07  2.80585741E-15
   66.000786      5.90502850E-07  5.72546924E-07 -2.18272547E-14
   67.011108      1.29123669E-06  1.24903625E-06  1.05684513E-14
   68.000626      2.81334087E-06  2.71725980E-06  1.33442132E-15
   69.008476      6.21382742E-06  5.99533905E-06  7.84858357E-15
   70.014420      1.32988962E-05  1.32454079E-05 -2.82199340E-13
   71.018005      3.00544907E-05  2.96490543E-05 -5.61276286E-13
   72.018829      6.76165291E-05  6.67453060E-05  2.32252043E-13
   73.017937      1.52335517E-04  1.50983687E-04 -2.36756036E-12
   74.003441      3.42333224E-04  3.40599858E-04  8.95721811E-13
   75.001305      7.87251978E-04  7.88578414E-04 -2.05712600E-11
   76.001213      1.85898854E-03  1.88813161E-03 -1.66710083E-11
   77.001472      4.61365888E-03  4.81369533E-03  1.19108499E-12
   78.017197      1.27366213E-02  1.38894636E-02  3.44266698E-11
   79.004951      3.90848927E-02  4.48850244E-02 -1.51592006E-09
   80.005020      0.14195117      0.16996673     -4.73582018E-09
   81.017532      0.60458332      0.73289120     -1.84514022E-08
   82.000961       2.8077745       2.9998670      2.46792187E-08
   83.017578       10.057354       7.5485210      3.96421651E-09
   84.019455       7.0903196       5.6502314     -1.41269510E-07
   85.004845       6.6460943       5.1154642      1.86013565E-07
   86.016182       6.2469797       4.7693987     -2.89350943E-08
   87.012878       5.3086882       4.1344318     -3.21671649E-08
   88.002716       4.2721286       3.4001775     -7.05872125E-08
   89.021187       3.4183362       2.7519507     -6.95923319E-10
   90.019638       2.7803164       2.2511497     -1.42885703E-10
   91.007751       2.2665920       1.8429571      7.79917464E-10
   92.008453       1.8239038       1.4817628     -3.67362603E-08
   93.010330       1.4475011       1.1601214     -2.30358719E-08
   94.007034       1.1384045      0.88297141     -2.19865690E-08
   95.003204      0.89502919      0.65591413     -5.84037663E-09
   96.020721      0.71398240      0.47849473     -3.78347700E-08
   97.010124      0.59651154      0.35382268     -4.91796071E-09
   98.019066      0.51297963      0.26376218     -1.27509114E-08
   99.008659      0.42995450      0.19833842     -1.00442374E-08
   100.00291      0.31311944      0.14321072     -6.38005870E-09
   101.00727      0.15448719      8.84787291E-02 -3.41840378E-09
   102.01633     -2.13951692E-02  2.67256554E-02 -1.86294136E-09
   103.01662     -0.17050616     -4.69861999E-02 -2.71455480E-09
   104.00332     -0.25291872     -0.13371830     -7.54038165E-10
   105.02572     -0.24092297     -0.23043117     -5.87935389E-09
   106.00047     -0.13104001     -0.30710310     -9.75345404E-09
   107.00325      5.37992641E-02 -0.33499074     -1.03978381E-09
   108.02891      0.24925700     -0.27969873     -1.51054280E-09
   109.01936      0.36572599     -0.15272839     -7.95437494E-10
   110.00072      0.36272162     -8.40520393E-03 -1.41628398E-09
   111.01113      0.24093300      8.69358853E-02  1.98875982E-09
   112.02331      6.03066273E-02  8.85540023E-02  9.86990933E-10
   113.00665     -8.69961381E-02  1.94309577E-02 -3.25668603E-10
   114.00080     -0.14784759     -6.41613156E-02 -1.12899290E-09
   115.01926     -0.11026160     -0.10756584     -4.23876934E-09
   116.02573     -1.02930907E-02 -8.91612247E-02  1.40128376E-09
   117.01189      9.61456001E-02 -3.62405963E-02 -1.09923182E-09
   118.01517      0.16509545      8.60704854E-03 -7.45644213E-10
   119.00095      0.16698128      1.82015952E-02 -9.33459754E-10
   120.00449      0.10235977      4.98636253E-03 -7.01974923E-10
   121.01967     -4.07753745E-03  2.31335219E-03 -3.49474893E-10
   122.00299     -0.10245787      2.67625134E-02 -2.90832802E-10
   123.02724     -0.15102568      5.95771894E-02  6.31158459E-11
   124.01588     -0.12352572      5.81366718E-02 -6.06621753E-10
   125.02636     -4.17180657E-02  1.49748567E-03 -7.21067539E-10
   126.00907      3.29254232E-02 -8.39886069E-02  2.51730348E-09
   127.01514      5.04420772E-02 -0.15080149     -5.85513527E-10
   128.01059      1.51483864E-02 -0.16674821      3.89108346E-09
   129.02415      6.48768013E-03 -0.15787692      5.98883299E-09
   130.00444      0.10972270     -0.18226206      4.62152050E-09
   131.01224      0.33150458     -0.27476159     -7.34971639E-10
   132.01828      0.56450635     -0.41298679      8.23087021E-09
   133.01703      0.70056254     -0.56318086     -1.82502706E-08
   134.01305      0.83193874     -0.79340768      1.54726241E-08
   135.00836       1.3756570      -1.3568077     -1.72785375E-09
   136.00362       3.0488129      -2.6054440     -1.33385103E-09
   137.00179       6.1119862      -4.3276358     -1.34333220E-07
   138.01884       6.9730082      -4.8345356     -4.12248280E-09
   139.02533       4.5888290      -3.6216333     -2.36529143E-08
   140.02541       2.8596435      -2.4643273      6.74650735E-09
   141.02570       2.2036667      -2.0912013     -9.42815381E-10
   142.00157       2.4808311      -2.4032073     -3.63299679E-09
   143.00375       3.5143292      -3.0131979      3.77366760E-09
   144.00369       3.8768497      -3.1105380      7.67665709E-10
   145.02559       2.6228392      -2.3457296     -3.88321197E-08
   146.01816       1.3928313      -1.4606137      1.45703787E-08
   147.00917      0.88042128     -0.99863094     -3.69434305E-09
   148.02541      0.91969955      -1.0116843      2.83738704E-08
   149.01591       1.3113477      -1.3320780      2.92153923E-09
   150.00461       1.8967571      -1.7213485      3.93153670E-08
   151.01587       2.3063641      -1.8944603     -2.78619883E-09
   152.02521       2.0493629      -1.6708937      6.85017341E-08
   153.00890       1.4049164      -1.2641432     -4.04427674E-08
   154.01776      0.94621933      -1.0060078      3.60311248E-09
   155.00056      0.93054968      -1.0619125     -3.21545848E-08
   156.00740       1.2412333      -1.3285716      1.61135194E-09
   157.01430       1.5347866      -1.5378754     -7.01249832E-08
   158.02084       1.4604727      -1.4504269      1.03923785E-08
   159.00244      0.98933846      -1.0758249     -1.72975445E-09
   160.00615      0.37478715     -0.60621005      2.00713846E-09
   161.00751     -7.00589418E-02 -0.26258394      6.11861761E-09
   162.00838     -0.20860338     -0.12852122     -4.69968997E-09
   163.00670     -6.36210740E-02 -0.17777592     -1.15135812E-09
   164.00073      0.23435980     -0.32941362      1.05279199E-08
   165.01695      0.49556518     -0.48734069     -1.56707680E-09
   166.00746      0.55268288     -0.55701876     -1.22149233E-08
   167.02122      0.38408357     -0.50944042     -4.08486445E-09
   168.00909      0.10229436     -0.38854626     -3.26359828E-09
   169.02165     -0.12982082     -0.27554262     -2.93434099E-09
   170.01070     -0.16341479     -0.24401501     -2.66327849E-09
   171.00130     -7.93495402E-03 -0.28647614     -1.21956685E-08
   172.01819      0.15988027     -0.31808990     -2.50184851E-09
   173.01233      9.62217152E-02 -0.24099913      2.18234342E-09
   174.00815     -0.18913996     -6.00602552E-02 -3.16858118E-09
   175.00424     -0.45315605      0.11860238      5.54004798E-09
   176.00098     -0.48459840      0.18664779     -1.23900967E-09
   177.02382     -0.29420865      0.12188378     -1.87406801E-09
   178.02280     -0.10600837      9.11233202E-03 -1.44212076E-09
   179.02307     -0.14387892     -4.26081792E-02 -2.03951322E-09
   180.00027     -0.37024051     -2.37993803E-03 -1.67099679E-09
   181.00441     -0.56626332      7.05321282E-02 -2.32661224E-09
   182.00983     -0.53737974      9.42897797E-02 -4.31759606E-09
   183.01645     -0.32529402      4.88710552E-02 -9.00251707E-10
   184.02353     -0.11851372     -1.45525374E-02 -1.11086651E-09
   185.00543     -9.14181471E-02 -2.54620034E-02 -4.24238533E-10
   186.01274     -0.22782892      3.71526778E-02 -1.19778498E-09
   187.02043     -0.38955966      0.12924062     -4.85254281E-10
   188.00293     -0.45003295      0.17226356      2.14984475E-10
   189.01086     -0.36906457      0.10564779     -7.74782072E-10
   190.01923     -0.16352458     -7.98846483E-02 -1.84445825E-09
   191.00299      8.02627504E-02 -0.29705736     -1.80930493E-10
   192.01273      0.21681382     -0.41109306      7.87380328E-10
   193.02286      9.41171572E-02 -0.31310812     -8.55249205E-09
   194.00813     -0.20405987     -6.81629404E-02  3.06902104E-09
   195.01888     -0.44646502      0.15959422      8.88998031E-09
   196.00397     -0.45655781      0.21454728      5.47460854E-10
   197.01408     -0.24429002      8.76959935E-02  2.41465181E-11
   198.02350      1.22989547E-02 -9.35973153E-02  3.05577119E-09
   199.00706      6.36782944E-02 -0.16134050      3.52037288E-10
   200.01524     -0.13277030     -7.40112886E-02  2.19731178E-10
   201.02283     -0.36400047      5.98701090E-02  1.65555480E-09
   202.00473     -0.41135266      9.97536331E-02 -1.47803259E-09
   203.01152     -0.24363925      1.48038864E-02  1.37776313E-09
   204.01799      2.99986778E-03 -0.10526349      5.62085312E-09
   205.02446      0.12036663     -0.13215847      1.59016023E-10
   206.00577      3.86129357E-02 -3.09932977E-02 -1.88115146E-09
   207.01247     -0.15061167      0.12534641     -1.29386968E-09
   208.01955     -0.31121278      0.22504911     -1.87765381E-09
   209.00145     -0.36941695      0.22043747      2.78330958E-09
   210.00909     -0.31677967      0.13665742      2.98755509E-09
   211.01678     -0.18428694      3.03087831E-02 -2.42615195E-09
   212.02484     -3.37366350E-02 -5.19640259E-02  1.02879272E-09
   213.00793      6.72795698E-02 -8.85947049E-02  1.74002768E-09
   214.01627      8.31925869E-02 -7.79927969E-02 -8.62935168E-10
   215.02518      2.30671614E-02 -2.48460434E-02 -1.41348322E-10
   216.00887     -6.60719946E-02  5.26663847E-02 -1.42499801E-09
   217.01790     -0.14525819      0.13027705     -2.01850842E-10
   218.00200     -0.19400939      0.17250802     -7.28372418E-10
   219.01091     -0.21631187      0.16448072     -5.23105737E-09
   220.01941     -0.21412674      0.12035735     -4.76138995E-09
   221.00177     -0.19302866      8.31623301E-02  2.97908920E-11
   222.00824     -0.16704029      8.69067013E-02 -3.79645293E-09
   223.01361     -0.15162048      0.13072453     -7.79999787E-10
   224.01811     -0.14428635      0.17303550      1.07957854E-09
   225.02220     -0.12749143      0.17210093      3.49309248E-09
   226.00192     -9.59359109E-02  0.13048063     -1.34475964E-09
   227.00813     -7.70511478E-02  9.08741206E-02 -3.39848594E-09
   228.01630     -0.11371049      9.79071259E-02 -3.82475696E-09
   229.00114     -0.19505975      0.14103176     -6.89332036E-10
   230.01219     -0.24724838      0.16467847     -9.68521374E-10
   231.02272     -0.18799716      0.12111662      6.41746878E-10
   232.00665     -3.18917409E-02  3.60983387E-02 -1.55738433E-09
   233.01451      0.10559450     -1.25601012E-02 -1.03159703E-09
   234.02196      7.53516704E-02  4.22851145E-02 -2.05312034E-09
   235.00548     -0.10909891      0.16930112     -1.72609005E-09
   236.01677     -0.31395638      0.27849320     -1.80828053E-09
   237.00519     -0.38935214      0.28859839     -5.85177062E-09
   238.01959     -0.29988080      0.20210034     -9.69007319E-10
   239.00745     -0.12628892      9.22144651E-02  2.48217868E-09
   240.01837      1.96201564E-03  3.30901034E-02 -6.12692397E-11
   241.00279      7.53739942E-03  5.35755120E-02 -7.41396555E-10
   242.01357     -7.15851337E-02  0.11829831     -5.76765213E-09
   243.00156     -0.14669847      0.16816373     -4.68179495E-10
   244.01694     -0.16544907      0.17145544      3.93744060E-09
   245.00639     -0.12360978      0.13006818     -9.43554568E-10
   246.01857     -5.75868301E-02  7.11812377E-02 -3.21903038E-09
   247.00343     -2.55874954E-02  3.84130217E-02 -4.43117210E-10
   248.01396     -6.98592290E-02  6.30861744E-02 -4.01054634E-10
   249.00157     -0.17680216      0.13986866     -4.97226882E-09
   250.01645     -0.27033776      0.22154021      1.56717389E-10
   251.00504     -0.25867313      0.24022061      1.40760836E-09
   252.01611     -0.12743589      0.17431027     -3.85803473E-10
   253.00040      2.08171196E-02  7.66881481E-02  5.30307631E-10
   254.01144      4.71702293E-02  2.95140669E-02 -1.46288134E-10
   254.99983     -8.82809460E-02  6.92662001E-02  3.70733388E-10
   256.01401     -0.24384972      0.13764438      1.64317204E-09
   257.00058     -0.24023251      0.14424849     -1.26593303E-09
   258.01028     -6.29134253E-02  7.45503455E-02  1.23373955E-09
   259.02106      0.11153448      1.27683263E-02 -1.49836712E-10
   260.00940      6.78793639E-02  5.28665259E-02 -1.56748625E-09
   261.02380     -0.16912116      0.18063131     -8.13391132E-10
   262.01083     -0.35563624      0.27049053      1.64793151E-10
   263.02158     -0.31007418      0.22586477      4.31352110E-09
   264.00827     -7.12461770E-02  7.58255422E-02 -1.63526526E-10
   265.02328      0.13408333     -4.45345044E-02 -6.15752838E-10
   266.01315      6.97585344E-02 -1.32141914E-02  7.63220209E-10
   267.00061     -0.16089179      0.12267689      2.36974329E-09
   268.01257     -0.28695729      0.21387216      5.12338971E-09
   269.00137     -0.15789056      0.15880714      1.02427506E-08
   270.01801      0.10862687      1.49024287E-02  1.28345645E-09
   271.00815      0.20160510     -5.15128411E-02 -1.69166792E-10
   272.02155     -1.61228143E-02  4.08126451E-02 -3.33089112E-12
   273.01016     -0.31758216      0.19566616     -1.53087221E-09
   274.00110     -0.41057676      0.25580463      4.48859971E-09
   275.01736     -0.20030756      0.15248528     -1.72027947E-10
   276.00653      0.13276508     -1.81343127E-02  2.37321007E-09
   277.02155      0.27835399     -9.74936634E-02  2.49559956E-10
   278.01367      0.10988498     -1.94715876E-02  1.84711757E-09
   279.00562     -0.14804332      0.10923166      4.55898919E-09
   280.02042     -0.23232675      0.14663298     -3.00693070E-09
   281.00967     -9.22272801E-02  6.05315417E-02  4.59314098E-09
   282.00122      0.10166773     -4.96825911E-02  1.21597110E-09
   283.01926      0.13332419     -6.50498718E-02  4.66139571E-09
   284.01068     -8.13011266E-03  2.34435555E-02  3.78306025E-10
   285.00235     -0.13675591      0.11199260      9.11295761E-11
   286.02042     -0.10749424      0.10548523     -8.20317647E-10
   287.01178      4.19130847E-02  1.28623433E-02  4.55256888E-10
   288.00031      0.15484831     -7.36826509E-02 -2.63914474E-10
   289.01456      0.11411157     -7.87892193E-02  1.25981725E-09
   290.00479     -1.31466184E-02 -1.66771039E-02 -4.63919458E-10
   291.02005     -8.72226059E-02  4.16727327E-02 -5.59785329E-10
   292.00925     -5.17433435E-02  5.04659191E-02  2.05980566E-09
   293.00012      2.60998085E-02  3.07059046E-02  9.80026060E-10
   294.01639      5.31779826E-02  2.28728000E-02  9.30419630E-12
   295.00461      1.77362096E-02  3.47976536E-02 -9.65071911E-11
   296.01700     -1.27344709E-02  3.61731276E-02  6.28609220E-10
   297.00485      1.51626877E-02  4.11511585E-03 -1.93931121E-10
   298.01797      8.54034498E-02 -4.33222502E-02  3.36153605E-11
   299.00534      0.12663291     -5.78189939E-02 -7.14634629E-10
   300.02072      0.10321812     -1.47787137E-02 -9.69647695E-10
   301.01306      4.31877784E-02  5.91481440E-02 -6.52484455E-11
   302.00458      2.02401355E-03  0.11289672      6.50219101E-10
   303.02142      1.37588652E-02  0.11188778      2.01893036E-09
   304.01266      7.25086927E-02  6.55265450E-02 -1.99027417E-09
   305.00153      0.14012221      1.67402513E-02 -1.21688370E-09
   306.01382      0.16955292      6.26810547E-03 -7.15693449E-10
   307.00168      0.14109588      4.08099517E-02 -3.03967518E-10
   308.01486      8.94097388E-02  8.81874561E-02  4.65464417E-10
   309.00314      7.88588449E-02  0.10502357      2.99969782E-09
   310.01947      0.13416120      8.18463266E-02 -2.59591931E-10
   311.01208      0.19796510      5.11437505E-02 -1.52871149E-09
   312.00470      0.18117212      5.19644283E-02  1.18023230E-11
   313.02277      6.44167736E-02  8.55978653E-02  6.35350106E-10
   314.01477     -4.79400083E-02  0.10417538      2.95644009E-10
   315.00507     -4.00577448E-02  6.52177781E-02  1.17767573E-09
   316.02176      9.43081826E-02 -2.17066202E-02  1.21725685E-09
   317.01624      0.20964155     -8.53842422E-02  5.56962809E-12
   318.01804      0.15121575     -7.33941197E-02 -8.12612422E-10
   319.01144     -4.43529338E-02 -1.24688623E-02 -3.17330467E-11
   320.00690     -0.19734070      1.66148748E-02  3.81246312E-10
   320.99954     -0.18022226     -3.27991135E-02  9.46664191E-10
   322.00763     -4.84562293E-02 -0.12352040      5.39791600E-10
   323.01190      1.33369872E-02 -0.16933501      3.19615445E-10
   324.02164     -7.92691112E-02 -0.13722046      6.68255035E-11
   325.02066     -0.20268103     -8.45825151E-02 -4.76627893E-09
   326.01492     -0.19107041     -8.29344615E-02 -2.34223752E-09
   327.00763     -5.13348207E-02 -0.13021459     -4.61679939E-09
   328.00024      5.52696399E-02 -0.15624984      7.04433525E-11
   329.01941     -4.64741001E-03 -0.10591123      3.21026761E-10
   330.01831     -0.14069565     -1.39128771E-02 -1.31028910E-09
   330.99991     -0.16428958      4.28790413E-02  1.68246264E-10
   332.01923     -1.27633912E-02  3.68828662E-02 -2.15931995E-11
   333.02124      0.18595588      1.26361270E-02  5.40410383E-10
   334.02167      0.25099543      3.08550242E-02  2.68411904E-10
   335.01288      0.17349711      8.92040133E-02 -4.76149051E-11
   336.01926      9.04932544E-02  0.13254401     -1.34617192E-10
   337.01791      0.10988907      0.12113514     -1.17154522E-10
   338.01190      0.18124026      7.96626285E-02 -5.59945379E-09
   339.00470      0.17915288      5.83721921E-02 -1.31222899E-09
   339.99973      7.43502229E-02  6.75460920E-02  9.69947594E-11
   341.02411     -3.46454047E-02  6.45901859E-02 -1.86144364E-10
   342.00018     -4.13300022E-02  1.17128845E-02 -6.03978367E-10
   343.00171      2.07788981E-02 -7.61902407E-02 -9.51048684E-11
   343.99942      2.77285464E-02 -0.13989566     -2.91529079E-10
   345.01715     -8.01845789E-02 -0.14674564     -3.56075863E-11
   346.00412     -0.20355088     -0.12433832     -1.84463222E-09
   347.01309     -0.22342604     -0.11723964     -1.50198254E-09
   348.02219     -0.14078753     -0.12952593     -1.66164937E-09
   349.01022     -6.19741194E-02 -0.12534973     -9.37983136E-10
   350.00580     -5.45828193E-02 -8.28747377E-02 -2.81320878E-09
   351.00720     -7.46279061E-02 -2.42130905E-02 -1.23443544E-09
   352.00626     -3.06454971E-02  1.12404833E-02 -5.17449528E-10
   353.02097      9.05120373E-02  1.83383022E-02 -1.03812769E-09
   354.00061      0.19770190      3.07892747E-02 -7.07271464E-10
   355.00000      0.21549204      7.73609877E-02  1.17328647E-10
   356.00040      0.15312754      0.14095743      2.63317961E-11
   357.00763      9.39367265E-02  0.17200351      8.09258910E-11
   358.02310      8.97051245E-02  0.13725086      9.15950475E-13
   359.01538      0.11244689      5.55400439E-02 -1.56326752E-09
   360.00290      9.69163924E-02 -2.71080658E-02 -1.13997667E-09
   361.01071      1.70966797E-02 -7.86470771E-02 -2.65083022E-09
   362.01990     -8.26741531E-02 -9.93968248E-02 -4.97426045E-10
   363.01108     -0.14424211     -0.11225092     -5.89841420E-09
   364.00800     -0.15124029     -0.13061367      2.26637348E-10
   365.00180     -0.12784094     -0.14626871     -2.99264125E-09
   366.01407     -0.10612434     -0.14253837     -2.57348765E-09
   366.99860     -9.57537591E-02 -0.11397392      1.69014996E-10
   368.01224     -7.59252235E-02 -6.98609799E-02  2.04067374E-10
   369.00461     -1.92013942E-02 -2.88855061E-02 -6.53369858E-10
   370.01962      8.33420306E-02  3.31307948E-03 -2.73955442E-10
   371.00134      0.19423807      3.18188742E-02  6.18233242E-10
   372.00385      0.25927415      6.72907382E-02 -1.10765264E-09
   373.00946      0.24254930      0.10247690     -1.84715465E-09
   374.02066      0.17039119      0.11237472      2.22476437E-09
   375.00574      0.10759746      7.57895112E-02  2.96940722E-10
   376.00992      8.52530450E-02 -4.46755113E-03 -3.39641815E-10
   377.01257      8.03005546E-02 -9.53022540E-02  4.88705687E-10
   378.02151      4.36831675E-02 -0.16034757      2.96871028E-10
   379.01288     -2.96076536E-02 -0.18751830      1.24552729E-10
   380.00323     -8.82821754E-02 -0.19457836      1.39952072E-09
   381.01367     -9.08561647E-02 -0.19749360     -1.07094375E-10
   381.99997     -5.36823124E-02 -0.19155993     -1.94136152E-10
   383.01904     -1.95342395E-02 -0.16093791      6.15231821E-09
   384.01395      4.38181311E-03 -0.10597906      2.32421415E-10
   385.00128      5.35493568E-02 -4.36136872E-02  8.21701263E-10
   386.01001      0.14769579      1.15377046E-02  2.72471157E-10
   387.02341      0.23746233      5.62032871E-02 -1.99561728E-10
   388.01419      0.25677100      9.16779637E-02  4.11414636E-09
   388.99887      0.19585271      0.11118522     -2.39455178E-10
   390.00378      9.97471511E-02  0.10111885     -5.40362061E-11
   391.01102      1.78593881E-02  5.96369170E-02  2.62549260E-10
   392.02051     -4.89583984E-02  5.95224975E-03  8.47823145E-10
   393.00226     -0.12399077     -3.52954641E-02  1.32047306E-09
   394.00781     -0.20430058     -5.96665442E-02 -1.83428231E-10
   395.01755     -0.24179940     -7.32441470E-02  7.58696661E-10
   396.00418     -0.22340855     -7.46338293E-02  2.80557050E-10
   397.01385     -0.18467370     -4.73944210E-02  2.46131338E-09
   397.99875     -0.17183612      1.74289644E-02  4.86307550E-10
   399.01489     -0.17001642      0.10599206     -4.80379114E-09
   400.00848     -0.12448905      0.17722185      3.22268462E-10
