  1.92343034E-02  1.07535186E-21  1.80268424E-21 -7.86554164E-36
   1.0171033      4.00443628E-21  3.98527582E-21 -6.68818082E-34
   2.0060124      1.12762828E-20  1.04606327E-20 -2.30979938E-33
   3.0117693      3.13080462E-20  2.87523748E-20 -6.82941059E-33
   4.0182076      8.66036776E-20  7.94232910E-20 -1.93059431E-32
   5.0047288      2.34643584E-19  2.15144895E-19 -5.27148091E-32
   6.0103312      6.48033196E-19  5.94144809E-19 -1.45991508E-31
   7.0153880      1.78853530E-18  1.63967267E-18 -3.72311003E-28
   8.0003624      4.83613048E-18  4.43295768E-18 -6.74581522E-26
   9.0047703      1.33306996E-17  1.22161375E-17 -9.44738202E-27
   10.008998      3.67144049E-17  3.36302322E-17  1.18980362E-26
   11.013110      1.00996198E-16  9.24513367E-17  2.62693009E-24
   12.017157      2.77365597E-16  2.53659924E-16  8.52194788E-26
   13.001484      7.45147272E-16  6.80611831E-16 -3.38116765E-23
   14.005486      2.03578651E-15  1.85641670E-15  2.06204710E-24
   15.009503      5.54085840E-15  5.04234436E-15 -9.98519560E-23
   16.013540      1.50108096E-14  1.36268230E-14 -3.25639510E-22
   17.017611      4.04422657E-14  3.66090045E-14  4.34697353E-23
   18.002016      1.06205091E-13  9.58352321E-14  7.95468530E-23
   19.006180      2.82335028E-13  2.53861548E-13  1.21226944E-22
   20.010357      7.44668433E-13  6.66984209E-13  2.34496212E-22
   21.014601      1.94742876E-12  1.73709051E-12  1.06503412E-21
   22.018871      5.04688392E-12  4.48229995E-12  4.85450976E-21
   23.003508      1.27193854E-11  1.12467865E-11 -2.38418478E-20
   24.007872      3.23369109E-11  2.84614502E-11  8.22354272E-19
   25.012276      8.13843715E-11  7.12958720E-11  2.83443963E-18
   26.016735      2.02733441E-10  1.76767115E-10 -2.21926313E-18
   27.001514      4.91112928E-10  4.26241625E-10  1.39975090E-17
   28.006052      1.19863885E-09  1.03548559E-09  2.40651294E-19
   29.010609      2.89575963E-09  2.49022380E-09  3.93195548E-18
   30.015188      6.92602509E-09  5.92972471E-09 -1.78407294E-16
   31.000134      1.61310663E-08  1.37528637E-08 -3.44626737E-16
   32.004787      3.78554574E-08  3.21427009E-08  1.49620992E-17
   33.009441      8.80375097E-08  7.44628110E-08 -6.25241870E-17
   34.014095      2.02992481E-07  1.71069061E-07 -3.71049305E-15
   35.018791      4.64290167E-07  3.89953271E-07 -1.42071526E-16
   36.003887      1.04221476E-06  8.72843145E-07 -3.75527981E-16
   37.008736      2.38906068E-06  1.99488045E-06 -9.74213928E-15
   38.013584      5.45535795E-06  4.54370274E-06  2.46704063E-15
   39.018433      1.22993506E-05  1.02992071E-05  2.33625185E-13
   40.003578      2.72286488E-05  2.29791040E-05  7.39345759E-13
   41.008427      6.20990249E-05  5.22609116E-05  3.83884649E-16
   42.013275      1.40899356E-04  1.18578537E-04  2.89156850E-12
   43.018124      3.19133047E-04  2.68291915E-04 -3.36668952E-13
   44.003269      7.09655287E-04  5.96015307E-04 -1.53014146E-11
   45.008137      1.60011044E-03  1.34278066E-03 -9.35410169E-13
   46.013035      3.60171893E-03  3.02035874E-03  9.50752810E-11
   47.017971      8.09610076E-03  6.78463001E-03 -2.30432173E-10
   48.003265      1.78929865E-02  1.49823437E-02 -3.72628095E-10
   49.008308      4.01413888E-02  3.35679166E-02 -8.98899177E-10
   50.013351      8.99819583E-02  7.50596374E-02 -1.80905091E-09
   51.018394      0.20152876      0.16722986     -2.01094835E-10
   52.003731      0.44369555      0.36413321     -4.65173100E-09
   53.008774      0.98959267      0.79262275      3.07332542E-08
   54.013817       2.1898568       1.6661193      3.62431130E-09
   55.018860       4.7198725       3.2482004      9.50199919E-09
   56.004196       9.1167898       5.3810182      1.14805871E-08
   57.009239       13.055375       6.8318305      6.13780671E-08
   58.014282       10.621834       5.9774079      2.22152945E-08
   59.019344       5.7624817       3.8137910      1.67273342E-08
   60.004913       2.7589016       2.0467482     -3.87299224E-08
   61.010746       1.2545817      0.98616922      1.82788429E-09
   62.018478      0.56727123      0.44955167     -7.20849469E-09
   63.008171      0.26602033      0.19664210     -5.03927788E-10
   64.018677      0.13372102      7.28475377E-02 -7.26434912E-10
   65.009735      8.34939629E-02  1.18500097E-02 -1.22710719E-09
   66.000786      6.96969032E-02 -2.22510267E-02 -8.05187805E-10
   67.011108      7.22088069E-02 -4.39837985E-02 -6.64340583E-10
   68.000626      8.02600086E-02 -5.81240319E-02  6.69725830E-10
   69.008476      8.82870331E-02 -6.71719536E-02 -6.12425555E-10
   70.014420      9.34657305E-02 -7.15080574E-02  2.79633072E-09
   71.018005      9.56521705E-02 -7.18578398E-02 -1.72367010E-10
   72.018829      9.64483172E-02 -6.93083182E-02 -1.09766995E-09
   73.017937      9.80834886E-02 -6.51256964E-02 -2.46256171E-09
   74.003441      0.10215195     -6.04629666E-02  1.21172905E-10
   75.001305      0.10911142     -5.58773205E-02 -4.42587134E-10
   76.001213      0.11793152     -5.17088287E-02 -2.59446686E-10
   77.001472      0.12675458     -4.80954126E-02  1.16247734E-09
   78.017197      0.13378571     -4.52578776E-02  1.74305315E-09
   79.004951      0.13742569     -4.38209660E-02 -4.17262114E-10
   80.005020      0.13716273     -4.43903618E-02  6.79884982E-10
   81.017532      0.13247764     -4.76613492E-02 -1.31635758E-09
   82.000961      0.12350303     -5.36708981E-02 -2.70592904E-09
   83.017578      0.10979761     -6.25229925E-02  2.43802023E-09
   84.019455      9.27173048E-02 -7.30239451E-02 -1.12149345E-09
   85.004845      7.41164088E-02 -8.37765262E-02 -1.35483114E-09
   86.016182      5.55302426E-02 -9.35020149E-02  5.14979437E-09
   87.012878      4.00555246E-02 -9.97612998E-02  4.39868364E-09
   88.002716      2.91147344E-02 -0.10064382     -1.71894188E-09
   89.021187      2.31128726E-02 -9.41846445E-02 -2.54444510E-09
   90.019638      2.21275277E-02 -7.96639770E-02  1.04880327E-09
   91.007751      2.50503011E-02 -5.76974228E-02  9.41232647E-10
   92.008453      3.05807032E-02 -2.96725016E-02  1.01185338E-09
   93.010330      3.67137678E-02  8.17846623E-04  4.03638734E-10
   94.007034      4.08921652E-02  2.91338637E-02  1.05153886E-09
   95.003204      4.08098623E-02  5.05608283E-02 -5.99109706E-10
   96.020721      3.53759862E-02  6.06319271E-02  5.03661890E-10
   97.010124      2.65587028E-02  5.56426868E-02  7.26551430E-10
   98.019066      1.83266550E-02  3.44437659E-02 -8.37127367E-10
   99.008659      1.62872374E-02 -1.18734781E-04  4.54248306E-10
   100.00291      2.39402838E-02 -4.30818163E-02  1.50238710E-09
   101.00727      4.14924249E-02 -8.63089263E-02 -1.83162452E-09
   102.01633      6.44330680E-02 -0.11957230      5.49719326E-10
   103.01662      8.53231549E-02 -0.13406338      3.59657609E-10
   104.00332      9.83127207E-02 -0.12641415     -8.10573297E-09
   105.02572      0.10181978     -9.78209302E-02  3.12651793E-10
   106.00047      9.83457565E-02 -5.90397716E-02  3.48169105E-10
   107.00325      9.26852077E-02 -1.94390379E-02  5.19136012E-10
   108.02891      8.95866677E-02  8.00780393E-03  3.34403255E-10
   109.01936      9.12738740E-02  1.35255437E-02  5.27724420E-10
   110.00072      9.71781909E-02 -3.02094989E-03  3.82184062E-10
   111.01113      0.10414982     -3.71219739E-02  1.35140332E-09
   112.02331      0.10649823     -7.66536966E-02  3.42624284E-09
   113.00665      9.91331786E-02 -0.10680460      4.05493683E-09
   114.00080      8.02783147E-02 -0.11866646      4.05040695E-10
   115.01926      5.40039688E-02 -0.10802790      1.16566445E-09
   116.02573      3.27900276E-02 -8.02778453E-02  3.71413733E-10
   117.01189      2.95945778E-02 -4.78742756E-02  3.29817007E-10
   118.01517      5.15580550E-02 -2.23750304E-02  4.12808066E-10
   119.00095      9.34857726E-02 -1.29940035E-02  4.78218798E-10
   120.00449      0.13980258     -2.03045234E-02  1.35840908E-10
   121.01967      0.16634747     -3.82082723E-02 -1.66192199E-11
   122.00299      0.15475644     -5.54574430E-02 -1.49025048E-09
   123.02724      0.10207206     -6.43900931E-02  1.74341111E-10
   124.01588      2.99051553E-02 -6.13601841E-02  1.81525928E-09
   125.02636     -3.47254947E-02 -4.95753773E-02 -1.16849030E-09
   126.00907     -6.23147488E-02 -3.55830453E-02  3.43875428E-10
   127.01514     -4.38261554E-02 -2.37104464E-02 -6.10293482E-11
   128.01059      9.84048843E-03 -1.60029326E-02 -7.09388243E-11
   129.02415      7.19080493E-02 -1.08586475E-02  2.08727202E-10
   130.00444      0.11043876     -6.65683066E-03  4.52285570E-10
   131.01224      0.11073284     -3.26596014E-03  1.96526420E-10
   132.01828      7.46107399E-02 -3.64616886E-03  1.51373525E-10
   133.01703      2.42473893E-02 -1.14120189E-02  4.16438772E-10
   134.01305     -1.29860882E-02 -2.78091710E-02  2.45930359E-10
   135.00836     -1.81775764E-02 -4.94958460E-02 -1.32178102E-09
   136.00362      1.05622020E-02 -6.87081814E-02  3.15657722E-09
   137.00179      5.80561012E-02 -7.64436796E-02  1.63687480E-10
   138.01884      0.10074965     -6.69729710E-02  8.04065911E-11
   139.02533      0.11726689     -4.29372974E-02  6.78683221E-11
   140.02541      0.10354623     -1.51218846E-02  1.17186122E-11
   141.02570      7.08584487E-02  3.04923370E-03 -7.72209172E-11
   142.00157      3.88284437E-02  2.29608687E-03 -6.80613968E-11
   143.00375      2.13146266E-02 -1.78257283E-02 -6.37152830E-10
   144.00369      2.42962204E-02 -4.82307747E-02  1.21488236E-10
   145.02559      4.19202484E-02 -7.54318312E-02 -1.07998133E-09
   146.01816      6.30821437E-02 -8.71655047E-02  1.86679824E-10
   147.00917      8.32458586E-02 -8.26614499E-02 -1.61933733E-09
   148.02541      0.10549261     -6.91120774E-02  2.12813808E-10
   149.01591      0.13242470     -5.87548763E-02  1.76264892E-10
   150.00461      0.16052186     -5.85652441E-02  1.70847309E-10
   151.01587      0.17524156     -6.69457018E-02 -1.24677291E-09
   152.02521      0.15631936     -7.35507384E-02 -1.69256262E-10
   153.00890      9.71417874E-02 -6.69101775E-02 -3.45570905E-10
   154.01776      7.47945160E-03 -4.16904427E-02  1.16460885E-09
   155.00056     -7.71583989E-02 -4.33759810E-03 -2.12631454E-10
   156.00740     -0.12650803      3.40734646E-02 -1.40604445E-10
   157.01430     -0.11983766      5.85902929E-02 -5.19002896E-10
   158.02084     -6.51180595E-02  6.06172122E-02 -2.32745531E-10
   159.00244      6.76601799E-03  4.06966172E-02 -2.21494129E-10
   160.00615      6.79647401E-02  4.07108385E-03  2.79156351E-11
   161.00751      0.10127793     -4.11025211E-02 -1.32489131E-10
   162.00838      0.11780094     -9.09185633E-02 -2.52981525E-11
   163.00670      0.15063664     -0.14938153     -7.11225800E-11
   164.00073      0.24288557     -0.23175335     -2.12025605E-11
   165.01695      0.44939035     -0.37318119     -6.99429681E-11
   166.00746      0.82493848     -0.61864185      2.06346884E-10
   167.02122       1.4907057      -1.0517453     -1.31544597E-09
   168.00909       2.5433974      -1.7068914      8.27466629E-09
   169.02165       4.0811563      -2.5702727      3.61223407E-08
   170.01070       5.6402698      -3.3341050     -8.11371326E-09
   171.00130       6.2173452      -3.5872698      2.28296901E-08
   172.01819       5.1436591      -3.1044936     -2.58810973E-09
   173.01233       3.3120935      -2.1992278     -7.32320338E-09
   174.00815       1.7504212      -1.3118391     -6.91153668E-09
   175.00424      0.80456746     -0.69375974     -1.93538856E-08
   176.00098      0.42674625     -0.39927903     -1.79217494E-08
   177.02382      0.50514597     -0.40304732     -2.31570674E-09
   178.02280      0.93885434     -0.65151650     -1.78298762E-08
   179.02307       1.6300758      -1.0633098     -1.08251086E-09
   180.00027       2.3882871      -1.4992714      7.64851027E-09
   181.00441       2.9523096      -1.8065935      1.04917405E-07
   182.00983       2.9767864      -1.8182204     -4.44544002E-09
   183.01645       2.4057937      -1.5126613      5.42176082E-08
   184.02353       1.5334927      -1.0244688      1.54642521E-08
   185.00543      0.74736476     -0.55655301     -6.95550550E-09
   186.01274      0.22678994     -0.23103535      2.04335815E-09
   187.02043      7.76803195E-02 -0.13746658     -3.55773189E-09
   188.00293      0.30038220     -0.28146088     -9.88856463E-09
   189.01086      0.86459094     -0.62325889     -1.80782067E-09
   190.01923       1.6164863      -1.0427907     -1.70561665E-09
   191.00299       2.2242885      -1.3521804     -2.92985014E-08
   192.01273       2.3536179      -1.4001194      1.59072355E-09
   193.02286       1.8755649      -1.1342490      1.68525083E-09
   194.00813       1.0772381     -0.68867254     -2.25296120E-08
   195.01888      0.28171843     -0.22784075     -9.17897314E-09
   196.00397     -0.24484411      8.23158026E-02 -5.67505598E-10
   197.01408     -0.43941629      0.19007973      1.25217070E-09
   198.02350     -0.28450859      9.04397964E-02  9.13871423E-10
   199.00706      0.13380672     -0.14324366      8.67408478E-10
   200.01524      0.66350436     -0.41024086      5.26248489E-10
   201.02283       1.0286949     -0.57310516      5.31018340E-10
   202.00473       1.0150006     -0.54737920      2.61466582E-09
   203.01152      0.63040096     -0.34380677      2.68655178E-08
   204.01799      8.95727873E-02 -6.19183928E-02  5.98277339E-09
   205.02446     -0.35995197      0.17461604      3.40342332E-09
   206.00577     -0.56688273      0.28076482     -6.21637231E-09
   207.01247     -0.49978593      0.23808387     -9.87326776E-10
   208.01955     -0.19279985      7.21291006E-02  1.41341094E-09
   209.00145      0.22288430     -0.14012717      3.28822924E-09
   210.00909      0.59301609     -0.31932914      1.26844819E-08
   211.01678      0.73548645     -0.38142669     -1.97416528E-11
   212.02484      0.58411258     -0.29817092      7.95085864E-09
   213.00793      0.22383329     -0.11003156     -9.09483600E-11
   214.01627     -0.21254593      0.12064306     -8.78196849E-10
   215.02518     -0.57189506      0.31554493     -7.57325580E-09
   216.00887     -0.75865680      0.42216441      8.69634675E-09
   217.01790     -0.74658364      0.42507160     -4.13026235E-09
   218.00200     -0.55176395      0.33141762     -9.72202985E-10
   219.01091     -0.23155130      0.17138323     -9.02024788E-10
   220.01941      9.24337730E-02  5.33771468E-03  4.06796929E-10
   221.00177      0.28065130     -9.99853462E-02  2.62023025E-09
   222.00824      0.25888985     -0.10912713      2.72566325E-09
   223.01361      4.81190011E-02 -2.35320628E-02 -4.94704278E-11
   224.01811     -0.22798340      0.10791750     -2.03301598E-10
   225.02220     -0.43117478      0.22024919     -3.60229624E-10
   226.00192     -0.47808510      0.26304844     -1.85769955E-10
   227.00813     -0.36208999      0.22088337     -7.46296092E-09
   228.01630     -0.13526332      0.11015080     -8.65673866E-10
   229.00114      9.73036140E-02 -1.85307395E-02 -1.61955449E-09
   230.01219      0.24620789     -0.11656518     -7.02261915E-10
   231.02272      0.25007021     -0.14231549     -4.23887769E-09
   232.00665      0.13600674     -9.62480381E-02 -1.89508165E-09
   233.01451     -2.63312552E-02 -7.56603992E-03 -5.66637903E-10
   234.02196     -0.15514383      7.74548799E-02 -4.68933725E-10
   235.00548     -0.20324373      0.12110466      1.81389648E-09
   236.01677     -0.16776544      0.11158228     -4.29015401E-09
   237.00519     -7.79377967E-02  6.13890924E-02 -4.83175278E-10
   238.01959      1.95925441E-02  7.02493591E-04 -6.84639734E-10
   239.00745      6.66584671E-02 -3.13208289E-02 -1.18242804E-10
   240.01837      3.26678120E-02 -1.39941843E-02 -2.73586542E-10
   241.00279     -7.16807842E-02  4.68913577E-02 -1.17807952E-09
   242.01357     -0.20226230      0.12409487     -9.39468059E-10
   243.00156     -0.28916636      0.17437729     -1.56503976E-10
   244.01694     -0.28634283      0.16967432      5.18403498E-09
   245.00639     -0.18371791      0.10673112     -7.84069809E-10
   246.01857     -1.61470175E-02  1.01559060E-02 -1.55961266E-09
   247.00343      0.13029008     -6.95246607E-02 -6.22808582E-10
   248.01396      0.18038794     -9.35220793E-02 -5.59373770E-10
   249.00157      0.10055688     -4.65437770E-02  1.35956579E-09
   250.01645     -7.19599128E-02  5.04385531E-02 -1.26848354E-09
   251.00504     -0.24269028      0.14546810      2.46946297E-10
   252.01611     -0.33922890      0.19683522      2.31129171E-10
   253.00040     -0.31882286      0.18085036      1.77490578E-10
   254.01144     -0.19307183      0.10691657      3.11848491E-10
   254.99983     -2.30668560E-02  1.39281210E-02  9.89552884E-10
   256.01401      0.11866152     -5.67219742E-02 -1.15189414E-09
   257.00058      0.16158479     -6.98206574E-02  1.49486867E-10
   258.01028      9.42571461E-02 -2.30932254E-02  7.52795493E-10
   259.02106     -4.48687561E-02  5.90133816E-02 -3.04730641E-09
   260.00940     -0.18438147      0.13669319     -1.60132185E-10
   261.02380     -0.27215141      0.18406594      6.52188881E-09
   262.01083     -0.27751389      0.19008476     -6.66530164E-09
   263.02158     -0.21308815      0.16721030      1.42654777E-11
   264.00827     -0.12212314      0.13850194      3.50103280E-11
   265.02328     -4.90132943E-02  0.12204973      3.61849839E-09
   266.01315     -2.54296288E-02  0.12413077     -6.32517816E-10
   267.00061     -3.98571528E-02  0.13452020     -2.69216593E-11
   268.01257     -5.72754815E-02  0.13754024      5.96547256E-09
   269.00137     -4.18935902E-02  0.12380679     -6.22805940E-09
   270.01801      1.38239898E-02  9.83028188E-02 -2.87251778E-10
   271.00815      7.58331642E-02  8.01946968E-02 -1.66232833E-10
   272.02155      9.68848765E-02  8.65818709E-02 -8.20008506E-11
   273.01016      4.86044101E-02  0.12008978      3.33299210E-09
   274.00110     -5.09395599E-02  0.16474810     -2.85675483E-10
   275.01736     -0.15086630      0.19492832     -3.59760721E-10
   276.00653     -0.19227231      0.18923682      3.92672872E-09
   277.02155     -0.16019678      0.14716250     -6.30006713E-10
   278.01367     -8.63738209E-02  9.05777365E-02 -2.19777863E-09
   279.00562     -3.19488756E-02  4.63177115E-02 -1.12853260E-09
   280.02042     -4.73234616E-02  3.18550020E-02 -1.42341555E-10
   281.00967     -0.12998646      4.37351465E-02 -2.16366661E-10
   282.00122     -0.23157379      6.01845570E-02 -2.64622463E-10
   283.01926     -0.29420394      5.85093498E-02 -1.75427906E-09
   284.01068     -0.28762284      3.12650204E-02 -7.49414308E-10
   285.00235     -0.23316509     -9.38984007E-03 -3.23755189E-11
   286.02042     -0.17735869     -4.22546826E-02  1.01670028E-09
   287.01178     -0.16215479     -4.93222326E-02  1.77838877E-09
   288.00031     -0.18394239     -3.21823470E-02  2.04702644E-10
   289.01456     -0.20947276     -3.50463460E-03  9.26696497E-11
   290.00479     -0.20369764      2.13772804E-02  7.37246042E-10
   291.02005     -0.16409644      4.09928896E-02  1.50243618E-09
   292.00925     -0.12000223      6.33129179E-02 -3.38548217E-11
   293.00012     -0.10245858      9.83251184E-02  4.73062312E-10
   294.01639     -0.11345161      0.14496869      9.77568859E-11
   295.00461     -0.12109269      0.18379484      6.82399554E-11
   296.01700     -8.30381215E-02  0.19475003     -7.19421767E-09
   297.00485      1.34569425E-02  0.16757454      2.42574627E-09
   298.01797      0.13914314      0.11353839      3.14537862E-09
   299.00534      0.21892184      6.50637299E-02 -1.62821367E-09
   300.02072      0.19202565      4.92397621E-02  1.52701699E-10
   301.01306      5.39441332E-02  7.38487318E-02  1.95759908E-10
   302.00458     -0.13419491      0.11660425      2.55016203E-10
   303.02142     -0.28787410      0.14159080      6.13253781E-10
   304.01266     -0.33685338      0.11948682      9.11620918E-11
   305.00153     -0.28231651      5.05985431E-02  1.83764004E-09
   306.01382     -0.17243332     -3.98274139E-02 -2.63023103E-10
   307.00168     -9.06580240E-02 -0.10558312     -3.07772835E-10
   308.01486     -8.91527385E-02 -0.11783215      2.78651502E-09
   309.00314     -0.15934558     -7.47707412E-02 -2.97664698E-10
   310.01947     -0.23994187     -3.10408371E-03 -6.22854102E-10
   311.01208     -0.25567153      5.53013943E-02  1.29783317E-09
   312.00470     -0.17691651      7.83188418E-02 -1.17200333E-10
   313.02277     -2.35918891E-02  6.85654208E-02  1.50167923E-09
   314.01477      0.12739010      5.23831733E-02 -7.22654436E-11
   315.00507      0.20598894      5.80612496E-02 -2.07529147E-10
   316.02176      0.17855155      9.63947624E-02 -3.68390096E-09
   317.01624      7.66148195E-02  0.14708538     -1.30493019E-10
   318.01804     -2.93414146E-02  0.17542028     -2.40321052E-09
   319.01144     -7.38954023E-02  0.15202193     -2.79454238E-10
   320.00690     -4.02082168E-02  7.44111389E-02 -1.35783351E-09
   320.99954      3.53542343E-02 -2.93313358E-02 -1.04197193E-10
   322.00763      8.02901238E-02 -0.11661850      6.43816445E-10
   323.01190      3.44812758E-02 -0.15028583      1.46700707E-12
   324.02164     -9.52498913E-02 -0.12708481     -1.43299456E-10
   325.02066     -0.23141107     -7.57569075E-02 -2.16812679E-10
   326.01492     -0.28888714     -3.32568809E-02  1.92471580E-10
   327.00763     -0.22915706     -1.93381682E-02  5.72631609E-10
   328.00024     -8.30217600E-02 -2.63584740E-02  4.36522818E-10
   329.01941      7.49726743E-02 -2.81978063E-02  1.33769565E-10
   330.01831      0.15994957     -2.06644717E-03  1.75985476E-11
   330.99991      0.15909438      4.90919016E-02  9.13604886E-11
   332.01923      0.11652588      0.10218494     -2.67822386E-09
   333.02124      9.72460359E-02  0.12205110      4.33637154E-10
   334.02167      0.12523824      9.59732905E-02 -2.67128852E-09
   335.01288      0.16648251      3.91287543E-02  1.92407063E-10
   336.01926      0.15559758     -1.77393071E-02 -1.56288774E-10
   337.01791      5.11662588E-02 -4.71007749E-02 -2.51289078E-09
   338.01190     -0.11434373     -4.84520793E-02 -1.62894670E-10
   339.00470     -0.25377399     -4.38840277E-02  1.11938858E-09
   339.99973     -0.28396511     -5.77221848E-02 -2.23801075E-10
   341.02411     -0.18188550     -9.52801332E-02 -2.10265791E-10
   342.00018     -1.84530281E-02 -0.13012576     -3.37554429E-11
   343.00171      0.11225720     -0.12965770     -5.41124576E-11
   343.99942      0.13613915     -7.38453791E-02 -1.10733223E-09
   345.01715      7.08006024E-02  2.32818276E-02  5.67857872E-10
   346.00412      4.82142903E-03  0.11283437      4.89454866E-11
   347.01309      1.09974314E-02  0.15566675      3.70791930E-09
   348.02219      9.89731923E-02  0.13298257     -3.94263996E-11
   349.01022      0.20208758      6.65863231E-02 -1.89430338E-09
   350.00580      0.23174284     -4.91089281E-03 -1.66993849E-10
   351.00720      0.13662469     -4.88015711E-02  5.04214281E-10
   352.00626     -4.25843224E-02 -6.01260327E-02  1.47394552E-09
   353.02097     -0.20456633     -6.01079091E-02  2.85699991E-10
   354.00061     -0.25222492     -7.20100328E-02  1.80107951E-09
   355.00000     -0.17720659     -9.87112150E-02 -2.14324496E-11
   356.00040     -4.20960411E-02 -0.11770824     -1.43037075E-11
   357.00763      5.47644347E-02 -9.89596620E-02 -6.04142986E-11
   358.02310      5.93771338E-02 -3.19423154E-02  6.57528310E-10
   359.01538      8.18995014E-03  5.59910424E-02  2.88442048E-10
   360.00290     -1.50659261E-02  0.12213986     -3.36924412E-11
   361.01071      4.84638885E-02  0.13252753      1.02616964E-10
   362.01990      0.18133971      8.31449553E-02 -1.79845894E-09
   363.01108      0.28892681      9.15144477E-03  5.71284353E-10
   364.00800      0.27131611     -4.59162891E-02  4.49542001E-11
   365.00180      9.66116637E-02 -5.69311790E-02  1.28844602E-09
   366.01407     -0.15498291     -3.57763171E-02 -6.81270762E-10
   366.99860     -0.33233932     -1.94402970E-02  5.67800140E-10
   368.01224     -0.34006512     -3.58097963E-02 -1.06579551E-10
   369.00461     -0.17977753     -7.98817948E-02  2.38742359E-10
   370.01962      4.80208620E-02 -0.11633644      1.01360031E-09
   371.00134      0.19025314     -0.10319243      2.46849846E-10
   372.00385      0.18578707     -3.01758405E-02  1.85039345E-10
   373.00946      8.14150721E-02  7.00290054E-02  2.72366241E-10
   374.02066     -3.05868709E-03  0.14111269      3.67127800E-10
   375.00574      1.40010091E-02  0.14305222      3.56889851E-10
   376.00992      0.11544785      7.95477480E-02  2.21175922E-09
   377.01257      0.19965826     -8.31598230E-03  4.93501795E-10
   378.02151      0.15729041     -7.05946386E-02  2.29134808E-10
   379.01288     -2.35743225E-02 -8.39339793E-02  2.14893742E-10
   380.00323     -0.23289227     -6.68639392E-02  3.20538318E-10
   381.01367     -0.32766497     -5.39728403E-02  1.71102066E-09
   381.99997     -0.23169878     -6.43124208E-02  1.41588141E-09
   383.01904      4.54775174E-04 -8.22867826E-02 -2.05570627E-09
   384.01395      0.20515981     -7.03006312E-02 -2.69435652E-09
   385.00128      0.25259954     -8.45138170E-03 -1.08756504E-10
   386.01001      0.14107314      8.54622722E-02  5.73335324E-10
   387.02341     -1.04765417E-02  0.15618590     -4.98711697E-11
   388.01419     -6.31479546E-02  0.15414748     -3.73318532E-09
   388.99887      1.71351060E-02  7.56409466E-02  9.86797200E-10
   390.00378      0.15654856     -4.06698771E-02  5.44523315E-10
   391.01102      0.20471518     -0.12672126      5.86284687E-10
   392.02051      6.93255961E-02 -0.13723341     -3.63388564E-09
   393.00226     -0.16496220     -8.37496147E-02  6.59075364E-11
   394.00781     -0.33427894     -1.32337548E-02  2.21300173E-10
   395.01755     -0.29400009      2.56142430E-02 -1.70019429E-10
   396.00418     -5.90376221E-02  2.28984915E-02 -2.79178181E-10
   397.01385      0.23716784      7.43475556E-03 -1.02186731E-11
   397.99875      0.39531127      1.68290641E-02  1.52661950E-09
   399.01489      0.33732119      6.17043488E-02 -1.42948176E-09
   400.00848      0.14028993      0.11074916      2.50637200E-09
