  1.92343034E-02  8.57688687E-39  9.09485303E-39   0.0000000    
   1.0171033      1.61215955E-38  1.59196922E-38   0.0000000    
   2.0060124      2.93639571E-38  2.83678357E-38  -0.0000000    
   3.0117693      5.36418734E-38  5.15674864E-38   0.0000000    
   4.0182076      9.80722160E-38  9.43027007E-38   0.0000000    
   5.0047288      1.77675442E-37  1.71049407E-37   0.0000000    
   6.0103312      3.26714306E-37  3.14896181E-37   0.0000000    
   7.0153880      6.02636140E-37  5.81443350E-37   0.0000000    
   8.0003624      1.10172937E-36  1.06402884E-36  -0.0000000    
   9.0047703      2.04532484E-36  1.97732693E-36   0.0000000    
   10.008998      3.81029133E-36  3.68746171E-36  1.90576591E-43
   11.013110      7.12442775E-36  6.90240898E-36 -2.80259693E-45
   12.017157      1.33740090E-35  1.29729577E-35 -2.14398665E-43
   13.001484      2.49031233E-35  2.41887522E-35  4.77842776E-43
   14.005486      4.71826242E-35  4.59019983E-35 -7.42688186E-44
   15.009503      8.99139360E-35  8.76390330E-35 -7.70714155E-44
   16.013540      1.72533034E-34  1.68552126E-34 -1.22893875E-42
   17.017611      3.33839592E-34  3.27042457E-34 -9.33264777E-43
   18.002016      6.43921571E-34  6.32890658E-34 -9.10844002E-43
   19.006180      1.27368799E-33  1.25693737E-33  4.01794309E-41
   20.010357      2.55631193E-33  2.53489810E-33 -5.98494574E-42
   21.014601      5.21983409E-33  5.20566571E-33 -2.32531467E-41
   22.018871      1.08756458E-32  1.09180474E-32  2.81506848E-40
   23.003508      2.28426588E-32  2.31009267E-32  1.46743975E-40
   24.007872      4.99589860E-32  5.09435859E-32 -1.07326851E-40
   25.012276      1.12380105E-31  1.15609282E-31  1.84034349E-39
   26.016735      2.60339884E-31  2.70239333E-31  9.16557236E-39
   27.001514      6.10457350E-31  6.39123426E-31 -1.13807296E-39
   28.006052      1.49712456E-30  1.58014577E-30 -3.30903965E-38
   29.010609      3.76653668E-30  4.00371345E-30 -6.98565501E-38
   30.015188      9.68719741E-30  1.03584637E-29  2.66829144E-38
   31.000134      2.48930372E-29  2.67421993E-29 -5.11705658E-38
   32.004787      6.61206176E-29  7.12916613E-29 -3.13224398E-38
   33.009441      1.77554515E-28  1.91952623E-28 -6.40320217E-37
   34.014095      4.80580140E-28  5.20522868E-28 -2.64846217E-37
   35.018791      1.30791568E-27  1.41836064E-27 -7.87650666E-36
   36.003887      3.50242224E-27  3.80089786E-27  4.41857055E-36
   37.008736      9.58515535E-27  1.04055561E-26 -6.47242156E-36
   38.013584      2.62553617E-26  2.85035506E-26  3.70564722E-35
   39.018433      7.19155368E-26  7.80568868E-26  8.62888710E-34
   40.003578      1.92983357E-25  2.09377859E-25  1.20823393E-34
   41.008427      5.27459223E-25  5.71928840E-25  1.74751694E-32
   42.013275      1.43884482E-24  1.55897709E-24  3.52325074E-32
   43.018124      3.91542867E-24  4.23851060E-24 -7.49302784E-33
   44.003269      1.04183250E-23  1.12664870E-23 -1.00496127E-32
   45.008137      2.81762751E-23  3.04343799E-23 -5.10572327E-32
   46.013035      7.59174492E-23  8.18950521E-23 -1.67475548E-31
   47.017971      2.03703740E-22  2.19430812E-22  4.74661092E-31
   48.003265      5.33757980E-22  5.74103078E-22  1.02636700E-30
   49.008308      1.41892494E-21  1.52367921E-21 -3.76308866E-29
   50.013351      3.75243619E-21  4.02248158E-21 -1.59044450E-28
   51.018394      9.86900626E-21  1.05599824E-20  3.28538070E-29
   52.003731      2.53255723E-20  2.70483731E-20  5.74041664E-30
   53.008774      6.58319704E-20  7.01722840E-20 -6.76037642E-29
   54.013817      1.70059791E-19  1.80906003E-19  3.35106341E-27
   55.018860      4.36488734E-19  4.63368226E-19 -2.68029282E-27
   56.004196      1.09280020E-18  1.15770544E-18  6.17527959E-26
   57.009239      2.76818060E-18  2.92634973E-18  7.43105987E-26
   58.014282      6.96459441E-18  7.34672538E-18 -2.67766200E-26
   59.019344      1.74031389E-17  1.83184044E-17 -6.31861906E-25
   60.004913      4.24332371E-17  4.45703079E-17  2.14009782E-26
   61.010746      1.04655255E-16  1.09689205E-16 -6.09811272E-25
   62.018478      2.56761018E-16  2.68533717E-16 -7.08470457E-24
   63.008171      6.15726461E-16  6.42612769E-16 -6.86208960E-24
   64.018677      1.49368183E-15  1.55561815E-15  4.68983725E-24
   65.009735      3.53877258E-15  3.67799832E-15 -2.24351884E-23
   66.000786      8.32892240E-15  8.63925325E-15  3.59364386E-23
   67.011108      1.98006589E-14  2.04972080E-14  2.60679149E-22
   68.000626      4.59473700E-14  4.74721343E-14  1.52934830E-21
   69.008476      1.07609654E-13  1.10967266E-13 -1.58305047E-22
   70.014420      2.50041361E-13  2.57360024E-13 -8.99437242E-22
   71.018005      5.76309400E-13  5.92094082E-13  2.69274249E-21
   72.018829      1.31734662E-12  1.35101728E-12 -2.36948342E-20
   73.017937      2.98950946E-12  3.06058369E-12 -6.42357703E-20
   74.003441      6.67146720E-12  6.81858389E-12 -3.08569026E-19
   75.001305      1.49551569E-11  1.52593702E-11 -3.36486061E-19
   76.001213      3.33956057E-11  3.40187149E-11 -4.16750621E-20
   77.001472      7.41872674E-11  7.54485988E-11  1.47152571E-20
   78.017197      1.65933017E-10  1.68479564E-10 -2.08433074E-18
   79.004951      3.61091768E-10  3.66061903E-10 -1.87426264E-18
   80.005020      7.89309285E-10  7.98937527E-10  2.95624880E-18
   81.017532      1.73311254E-09  1.75160364E-09  4.32821759E-17
   82.000961      3.70238507E-09  3.73673803E-09 -1.47613573E-17
   83.017578      8.07690093E-09  8.14171663E-09 -6.70472768E-17
   84.019455      1.73530736E-08  1.74772499E-08  8.06538420E-16
   85.004845      3.67274708E-08  3.69861652E-08 -1.37149373E-15
   86.016182      7.93302632E-08  8.00103521E-08 -1.77404566E-17
   87.012878      1.70661764E-07  1.72977565E-07 -3.14186093E-17
   88.002716      3.72776526E-07  3.82329233E-07 -1.06566952E-15
   89.021187      8.80142466E-07  9.26005555E-07 -2.28537248E-14
   90.019638      2.31653257E-06  2.53677217E-06 -3.09204498E-14
   91.007751      6.79458662E-06  7.97024586E-06  5.17853481E-14
   92.008453      2.39560595E-05  2.96857961E-05  1.27519566E-12
   93.010330      9.62718623E-05  1.21663921E-04  3.09731971E-12
   94.007034      4.00605670E-04  5.06702694E-04  7.91445902E-12
   95.003204      1.64938951E-03  2.06154771E-03  3.19399021E-11
   96.020721      6.72905007E-03  8.26520845E-03  3.02085891E-11
   97.010124      2.52167527E-02  3.04472707E-02  9.00526528E-11
   98.019066      9.31276828E-02  0.11054072      3.30302063E-10
   99.008659      0.33394536      0.39691556     -1.00921733E-08
   100.00291       1.3749779       1.6118486      6.11027140E-09
   101.00727       7.5802698       6.5709896     -1.56982722E-07
   102.01633       6.4041309       5.0299144     -1.02152221E-07
   103.01662       5.0222068       3.7530322     -4.11026129E-08
   104.00332       4.1698651       3.1057405     -2.22875940E-08
   105.02572       4.2063847       3.2036984      1.05088887E-07
   106.00047       5.7482181       4.0856848     -9.80900481E-08
   107.00325       6.6424065       4.3362250      4.79139821E-08
   108.02891       4.3463697       2.8250792      4.87584586E-08
   109.01936       2.3398299       1.3173169      2.87776771E-08
   110.00072       1.6900632      0.76590049      1.02312185E-08
   111.01113       2.2273407       1.1354415      7.22336413E-09
   112.02331       3.5857899       1.8803061      8.99521027E-08
   113.00665       4.1547031       1.7972200      2.12063895E-08
   114.00080       4.0481253      7.95967430E-02  8.34408365E-09
   115.01926       5.7007256      -2.1977952      5.46016965E-09
   116.02573       6.5364389      -3.2070775     -8.35506386E-10
   117.01189       4.5504093      -2.5200133      1.08999387E-07
   118.01517       5.7825069      -2.5908060      1.78156689E-08
   119.00095       6.7471590      -3.1862638     -9.39581213E-08
   120.00449       6.1211905      -3.3837402      3.07245642E-08
   121.01967       5.2770004      -3.1523671      3.40887247E-08
   122.00299       3.7599628      -2.6057808      7.08600751E-08
   123.02724       3.2846961      -2.2363205      8.66894823E-09
   124.01588       3.2955303      -1.9792140      7.62073160E-09
   125.02636       2.5947165      -1.5692817     -3.95214599E-08
   126.00907       2.0425463      -1.3270972     -9.17880882E-09
   127.01514       1.9227015      -1.3665789     -9.44301437E-09
   128.01059       1.5651784      -1.4565880      1.41814169E-08
   129.02415       1.3008711      -1.5790193      9.75571623E-09
   130.00444       1.7634096      -1.8245118      5.04683833E-08
   131.01224       2.3845606      -1.9393061      1.16974803E-07
   132.01828       2.0561328      -1.6136721      5.17329575E-08
   133.01703       1.2487836      -1.1565588     -5.45233636E-09
   134.01305      0.52577239     -0.95955241     -6.87636081E-09
   135.00836      0.11148109      -1.0129219      4.31872778E-08
   136.00362      0.13899463      -1.0602518      5.31473070E-08
   137.00179      0.44406867     -0.86435902      5.61560931E-09
   138.01884      0.61405987     -0.42487085      6.36570796E-09
   139.02533      0.45618653     -9.19513404E-02  8.69783534E-09
   140.02541      0.20068462     -0.14726941     -1.58998703E-09
   141.02570      0.23430061     -0.45828930      2.53838230E-08
   142.00157      0.53590465     -0.62377548      1.20955264E-08
   143.00375      0.67969751     -0.41123050      1.71615611E-08
   144.00369      0.47738886     -3.71424332E-02  2.14180873E-09
   145.02559      5.24212867E-02  9.48444083E-02  1.51559676E-09
   146.01816     -0.33881357     -7.03049898E-02  8.41299919E-10
   147.00917     -0.54081339     -0.23186064     -9.40107725E-09
   148.02541     -0.52569139     -0.15396388      9.95034899E-09
   149.01591     -0.25117961      7.96499401E-02  1.65244107E-09
   150.00461      0.14499453      0.21050246      4.45665993E-09
   151.01587      0.29835761      0.12152055     -1.44718904E-10
   152.02521      1.33220628E-02 -7.37079047E-03 -2.42060594E-10
   153.00890     -0.43237573      4.37090397E-02  6.38301678E-09
   154.01776     -0.63534343      0.23747808      7.05376824E-09
   155.00056     -0.49970672      0.34419972      1.43872860E-08
   156.00740     -0.30049980      0.22131918      3.58980623E-10
   157.01430     -0.29179561     -3.18284743E-02  3.19623883E-10
   158.02084     -0.41222140     -0.16593118      3.31959216E-09
   159.00244     -0.39882705     -7.43552297E-02  4.54902027E-09
   160.00615     -0.14626336      0.13792700     -2.86284996E-10
   161.00751      6.99216649E-02  0.25562203      1.81057871E-08
   162.00838      4.94864304E-03  0.14566001      2.13131113E-09
   163.00670     -0.14980328     -0.11891282      2.07015849E-09
   164.00073     -6.59082159E-02 -0.33610645      2.31578867E-09
   165.01695      0.20339558     -0.31902933     -4.14323376E-09
   166.00746      0.20405807     -5.32244407E-02  2.39521070E-10
   167.02122     -0.17443563      0.23748392     -4.80628382E-09
   168.00909     -0.52374482      0.29434904      7.56707852E-09
   169.02165     -0.46835774      0.10402016      5.27955946E-09
   170.01070     -5.64487018E-02 -0.13946953      8.68324435E-09
   171.00130      0.16342801     -0.22169414      4.50089610E-09
   172.01819     -0.11300182     -0.11609756      1.19797616E-10
   173.01233     -0.48691028     -1.92140229E-02  2.77814349E-09
   174.00815     -0.49989760     -6.85879216E-02  1.43509393E-09
   175.00424     -0.13885368     -0.20058551      2.91096924E-09
   176.00098      0.16322681     -0.24062845      1.74488868E-10
   177.02382      3.83963212E-02 -0.10349348      6.67856570E-09
   178.02280     -0.35923654      0.10034130      4.02042533E-09
   179.02307     -0.62851828      0.23097314      9.61343893E-09
   180.00027     -0.56663537      0.23401891      8.43799697E-09
   181.00441     -0.23894480      0.11712839      6.82784274E-10
   182.00983      8.02272856E-02 -6.39828742E-02  2.11411488E-09
   183.01645      0.13073201     -0.19866906      6.33797193E-09
   184.02353     -0.10322003     -0.20764337     -2.86843327E-10
   185.00543     -0.34495634     -0.13284311      7.27607574E-09
   186.01274     -0.40214521     -7.29995817E-02  3.15233084E-09
   187.02043     -0.29634663     -8.62905532E-02 -4.94527530E-10
   188.00293     -0.18231508     -0.12875007      5.30697886E-09
   189.01086     -0.15986416     -0.11576109     -1.01647357E-10
   190.01923     -0.21687974     -2.32795961E-02  2.30981190E-09
   191.00299     -0.28991267      6.72823563E-02  1.01404563E-09
   192.01273     -0.32820565      6.62189946E-02  6.46528830E-10
   193.02286     -0.27648813     -2.25726794E-02  1.98997419E-09
   194.00813     -0.15773050     -7.69212618E-02  8.25028046E-10
   195.01888     -0.12215310      4.33300342E-03  1.41561762E-09
   196.00397     -0.28168035      0.16324885      1.04494691E-09
   197.01408     -0.52303761      0.23066555      8.23235080E-09
   198.02350     -0.57738650      9.72081795E-02  6.76170897E-09
   199.00706     -0.34247810     -0.13994214     -7.78230813E-11
   200.01524     -5.07485904E-02 -0.27564377      4.02622913E-09
   201.02283     -8.08177292E-02 -0.17161049     -3.12771786E-09
   202.00473     -0.32997406      3.80840525E-02  4.24106705E-09
   203.01152     -0.43216884      0.14276695      5.05902786E-09
   204.01799     -0.25078598      7.53654838E-02  5.00980812E-10
   205.02446     -1.12805897E-02 -3.77008021E-02  1.80653292E-09
   206.00577     -6.32922649E-02 -5.11591621E-02  1.06675224E-09
   207.01247     -0.34491152      3.01269926E-02  2.97282110E-09
   208.01955     -0.51876020      9.76876095E-02  3.54625573E-09
   209.00145     -0.44189388      8.98607671E-02  2.17316809E-09
   210.00909     -0.25070921      3.35822776E-02 -6.62850885E-11
   211.01678     -0.19562714     -1.38126574E-02  1.05444864E-09
   212.02484     -0.30188677     -2.86629703E-02  4.07657685E-10
   213.00793     -0.38537443     -2.30163820E-02  1.91447302E-09
   214.01627     -0.31256837     -1.07840169E-02  1.82824178E-09
   215.02518     -0.13445631      2.61182804E-03  1.55684643E-09
   216.00887     -3.22781056E-02  1.40144583E-02  5.30415600E-10
   217.01790     -0.10846902      2.42697261E-02  7.66824382E-11
   218.00200     -0.28324425      3.57443988E-02  1.37054201E-09
   219.01091     -0.40087703      4.22995947E-02  1.56693902E-09
   220.01941     -0.37202585      2.60227285E-02  1.52259227E-09
   221.00177     -0.26996303     -1.08762830E-02  1.08815024E-09
   222.00824     -0.21756026     -3.11853569E-02  1.56846158E-09
   223.01361     -0.27580684      8.11308436E-03  1.48210710E-09
   224.01811     -0.34393573      8.54050443E-02  1.55907798E-09
   225.02220     -0.30989939      0.12088118     -3.81431242E-09
   226.00192     -0.17464881      6.47921264E-02 -2.15348095E-09
   227.00813     -4.60247211E-02 -3.66795026E-02  4.96604091E-10
   228.01630     -3.89372632E-02 -7.22071305E-02  5.37221156E-10
   229.00114     -0.14636225     -4.96258261E-03  1.67902892E-09
   230.01219     -0.26174009      8.82597342E-02 -1.31998501E-09
   231.02272     -0.31034601      0.10975920      2.99667580E-09
   232.00665     -0.29663941      6.68833256E-02  2.33081976E-09
   233.01451     -0.24618647      4.27893326E-02  3.29659033E-09
   234.02196     -0.17935583      8.49492103E-02  1.91209804E-09
   235.00548     -0.10675178      0.13825148      1.61511626E-09
   236.01677     -5.30973189E-02  0.13041994     -7.77298004E-10
   237.00519     -5.08820713E-02  6.99724257E-02 -1.21617605E-10
   238.01959     -0.10349498      3.03814188E-02  1.37815370E-09
   239.00745     -0.15842400      4.66545522E-02 -1.52432267E-09
   240.01837     -0.15716824      7.16057494E-02  1.78063719E-09
   241.00279     -0.11043970      5.79336882E-02  1.40910261E-09
   242.01357     -9.12071913E-02  3.16855907E-02  1.10778919E-09
   243.00156     -0.14346406      5.37406765E-02 -3.74197673E-10
   244.01694     -0.20578423      0.12704761      3.63311936E-09
   245.00639     -0.19010624      0.18027373     -1.13550724E-08
   246.01857     -8.59453827E-02  0.15897031     -6.97624125E-10
   247.00343      1.92134604E-02  8.47325549E-02 -3.47551654E-10
   248.01396      3.98867130E-02  1.97811201E-02 -2.80628243E-10
   249.00157     -2.60837488E-02 -1.06469728E-03  5.14673859E-11
   250.01645     -9.60210711E-02  2.87942286E-03  2.86110968E-10
   251.00504     -0.11100122      1.45241162E-02  7.27014893E-10
   252.01611     -8.04906338E-02  4.30336185E-02  2.30285846E-10
   253.00040     -4.23337817E-02  8.68491754E-02  3.46986107E-09
   254.01144     -1.39219947E-02  0.11393820     -1.65474756E-09
   254.99983      2.73309182E-03  9.04313400E-02 -1.96475303E-09
   256.01401      1.30024999E-02  3.17705646E-02 -9.09941011E-11
   257.00058      1.46137783E-02 -8.20538215E-03  3.88603649E-10
   258.01028      1.31011698E-02 -8.86477716E-03  7.76353870E-10
   259.02106      2.22284738E-02  4.17000032E-04  8.91198670E-10
   260.00940      3.47114094E-02 -1.23145580E-02  7.19806881E-10
   261.02380      2.27048490E-02 -2.91145910E-02  1.02986253E-09
   262.01083     -1.98253281E-02 -5.63650765E-03  7.90516264E-10
   263.02158     -5.34577221E-02  6.09677471E-02 -1.58531022E-10
   264.00827     -3.39310654E-02  0.11226295     -2.11952011E-09
   265.02328      3.01882233E-02  9.48908255E-02  1.33260758E-09
   266.01315      8.16824660E-02  1.94412284E-02  1.35261591E-09
   267.00061      7.39799291E-02 -4.95976955E-02  8.59547877E-10
   268.01257      1.67933665E-02 -6.45841956E-02  1.61368718E-09
   269.00137     -2.05785297E-02 -3.62365730E-02  1.07267151E-09
   270.01801      4.86338045E-03 -4.12272057E-03  3.05644760E-10
   271.00815      5.41558266E-02  1.40529526E-02  7.39762140E-11
   272.02155      6.15635850E-02  3.00148074E-02  3.29151623E-10
   273.01016      2.24667192E-02  4.64133099E-02  4.53321547E-10
   274.00110     -9.11951624E-03  4.84602749E-02 -1.43687684E-09
   275.01736      9.82735865E-03  2.41540633E-02  5.41446055E-10
   276.00653      5.40955588E-02 -1.21861147E-02  7.65976726E-10
   277.02155      6.57837540E-02 -3.86818200E-02  3.22850024E-10
   278.01367      3.75302508E-02 -4.75979559E-02  7.24639349E-10
   279.00562      1.81206539E-02 -4.55129072E-02  4.31523456E-10
   280.02042      3.03317420E-02 -2.66054310E-02 -5.24310817E-10
   281.00967      4.12623473E-02  1.76608171E-02 -8.29638025E-10
   282.00122      2.18143854E-02  6.91820681E-02  1.94843558E-10
   283.01926     -2.10627052E-03  8.06761980E-02  5.63944003E-10
   284.01068      1.53351268E-02  2.67144553E-02 -1.75776740E-10
   285.00235      6.36031255E-02 -5.20827733E-02  1.89102733E-09
   286.02042      7.44792372E-02 -8.42598155E-02 -2.36495246E-09
   287.01178      2.40665264E-02 -4.55201492E-02 -3.43213846E-10
   288.00031     -1.62770897E-02  1.07128257E-02  4.99632558E-10
   289.01456      1.48499059E-02  2.67818011E-02 -7.61408214E-10
   290.00479      7.42577836E-02  6.58273557E-03  8.28042246E-10
   291.02005      7.45673627E-02 -7.34087313E-04  3.75099451E-10
   292.00925      1.56925209E-02  2.31510233E-02  8.09155243E-10
   293.00012     -2.25229450E-02  4.21425030E-02  4.63726779E-10
   294.01639      7.75063690E-03  1.75315607E-02  4.41198578E-10
   295.00461      6.07661121E-02 -3.60514633E-02  1.79076998E-09
   296.01700      6.68587685E-02 -6.92025349E-02  1.11838061E-09
   297.00485      2.90538073E-02 -5.15089557E-02  1.52046098E-09
   298.01797      9.99339577E-03 -1.27489516E-03  8.06344103E-10
   299.00534      3.22290659E-02  4.20667604E-02  5.81970472E-10
   300.02072      4.74686213E-02  5.86537793E-02  1.64387101E-10
   301.01306      2.44077500E-02  4.45731170E-02  1.83062732E-09
   302.00458     -6.55027572E-03  7.76685402E-03  7.03476777E-10
   303.02142      1.45813439E-03 -3.59335020E-02  6.72485123E-11
   304.01266      4.27960232E-02 -5.75587004E-02 -1.60786096E-09
   305.00153      6.21106066E-02 -4.12736014E-02  1.06265907E-09
   306.01382      3.85900587E-02 -9.34210373E-04  1.85471347E-10
   307.00168      1.13611249E-02  2.57046465E-02  5.73412484E-10
   308.01486      1.74903348E-02  2.22052857E-02  7.24110161E-10
   309.00314      4.09640670E-02  7.45900115E-03  1.59958671E-10
   310.01947      3.67688909E-02  6.98738080E-03  4.09963286E-10
   311.01208      3.42001952E-03  1.56120686E-02  1.44098233E-10
   312.00470     -1.43696498E-02  5.30671421E-03  6.72387146E-11
   313.02277      1.23270201E-02 -3.19390483E-02 -8.14412204E-10
   314.01477      5.52391149E-02 -6.08754456E-02 -1.41810996E-09
   315.00507      6.52705505E-02 -4.49650735E-02  5.92834115E-11
   316.02176      3.68431360E-02  1.09700561E-02  1.15405396E-09
   317.01624      8.60376656E-03  5.57500273E-02  1.48809354E-10
   318.01804      4.76105465E-03  5.20542711E-02  1.50921511E-10
   319.01144      1.59003697E-02  9.84266773E-03 -1.57184016E-10
   320.00690      2.07088329E-02 -2.90660169E-02  7.80067066E-10
   320.99954      1.90048516E-02 -3.57556716E-02  1.18799970E-11
   322.00763      2.88241357E-02 -1.62453353E-02  1.86903479E-10
   323.01190      5.34958690E-02  5.93840657E-03  3.23737648E-10
   324.02164      7.02061877E-02  1.93718802E-02  5.03606767E-10
   325.02066      6.38108253E-02  2.91990004E-02  1.52654689E-09
   326.01492      4.61454615E-02  4.16851304E-02 -9.13688680E-10
   327.00763      3.91736403E-02  5.31141423E-02  2.71233175E-10
   328.00024      4.87206951E-02  5.53680882E-02  1.97384498E-10
   329.01941      6.26373813E-02  4.62495945E-02 -5.70063441E-11
   330.01831      7.64172375E-02  3.38727273E-02 -3.43906348E-10
   330.99991      9.98176336E-02  3.09080854E-02  1.01200637E-09
   332.01923      0.13380402      4.73729633E-02 -7.72348019E-10
   333.02124      0.15434620      8.08127299E-02 -1.52204638E-11
   334.02167      0.13982938      0.11358012     -5.12088727E-09
   335.01288      0.10093731      0.12304074      3.47964879E-09
   336.01926      7.51481205E-02  0.10124093      3.55538798E-09
   337.01791      8.97044837E-02  6.47247955E-02 -1.56237079E-09
   338.01190      0.12741016      4.06023189E-02  1.83589810E-09
   339.00470      0.14847857      4.09854837E-02  9.61008606E-10
   339.99973      0.13483256      5.22749834E-02  4.06122275E-10
   341.02411      0.10182305      5.05575649E-02 -7.80309595E-10
   342.00018      7.62052014E-02  2.84175221E-02  1.59615265E-09
   343.00171      5.88663667E-02 -2.60740239E-03  7.41143036E-10
   343.99942      3.62757668E-02 -2.77207270E-02 -8.61463012E-10
   345.01715      3.52029526E-03 -4.90169711E-02  1.83589788E-09
   346.00412     -2.22700257E-02 -7.73352310E-02  3.03177394E-09
   347.01309     -2.54791100E-02 -0.11697829      2.99029934E-09
   348.02219     -8.88733100E-03 -0.15312813     -5.24615018E-09
   349.01022      3.34346853E-03 -0.16863759      8.42337589E-11
   350.00580     -8.50949250E-03 -0.16448839      2.21371046E-10
   351.00720     -4.40954641E-02 -0.15842502      5.23453170E-10
   352.00626     -7.89675862E-02 -0.16848628      1.01968767E-09
   353.02097     -8.48138481E-02 -0.19463268      1.98172012E-09
   354.00061     -5.37336618E-02 -0.21621658      5.29008837E-10
   355.00000     -2.53251218E-03 -0.21288365      1.84293761E-10
   356.00040      4.12002355E-02 -0.17733335     -4.26884750E-10
   357.00763      6.48256540E-02 -0.12196040     -1.22367755E-10
   358.02310      7.73536861E-02 -6.64224625E-02 -2.97984482E-09
   359.01538      9.42293704E-02 -2.22991817E-02 -5.65899105E-10
   360.00290      0.11981826      1.48785003E-02  1.03366260E-10
   361.01071      0.14586256      5.23052216E-02  3.77232717E-10
   362.01990      0.16087949      8.82211775E-02 -5.78323361E-11
   363.01108      0.16295856      0.11430635      1.72595849E-09
   364.00800      0.15651476      0.12658714     -1.52458357E-09
   365.00180      0.14062496      0.12877026     -8.24913610E-11
   366.01407      0.10309867      0.12812923     -8.12119372E-10
   366.99860      3.67256254E-02  0.12539788      2.41088793E-09
   368.01224     -5.45874238E-02  0.11267750      1.96292804E-09
   369.00461     -0.13989280      8.40733945E-02  1.67220282E-09
   370.01962     -0.19614524      4.30830084E-02 -5.62278002E-10
   371.00134     -0.21580872      6.72657415E-03 -1.86097882E-09
   372.00385     -0.21912193     -1.39498338E-02 -7.03573311E-10
   373.00946     -0.22836322     -1.78269986E-02 -2.07727682E-10
   374.02066     -0.24802919     -1.62094459E-02 -4.99489339E-11
   375.00574     -0.26171502     -1.91907566E-02 -8.67367622E-10
   376.00992     -0.25014973     -2.60366984E-02 -1.18599086E-09
   377.01257     -0.20343468     -2.83015352E-02 -1.05522568E-09
   378.02151     -0.12438895     -2.08691396E-02 -1.06186615E-10
   379.01288     -2.32221335E-02 -7.96630513E-03 -1.52376251E-10
   380.00323      9.16330069E-02  2.59140087E-03  2.23751101E-10
   381.01367      0.20827258      7.25364778E-03  1.99154304E-10
   381.99997      0.30055022      8.54440033E-03  8.20434276E-10
   383.01904      0.34975696      9.47848149E-03  1.51882895E-10
   384.01395      0.33749002      7.16919173E-03 -4.19339875E-11
   385.00128      0.27486145     -4.77881916E-03 -6.61640021E-10
   386.01001      0.18832865     -2.99773887E-02 -4.97135388E-10
   387.02341      0.10978892     -6.20807223E-02  2.08160336E-10
   388.01419      4.86518145E-02 -8.70638937E-02  7.91200438E-13
   388.99887     -1.49668539E-02 -9.51951444E-02  1.28718369E-10
   390.00378     -0.10118908     -8.60275030E-02 -2.43442910E-09
   391.01102     -0.20050789     -6.86790869E-02  8.62057814E-10
   392.02051     -0.27803859     -5.24962544E-02  7.92357624E-10
   393.00226     -0.30439767     -3.66565585E-02 -8.08746459E-10
   394.00781     -0.28336564     -9.17899050E-03 -1.37744305E-09
   395.01755     -0.23464707      3.86069193E-02  6.92327362E-10
   396.00418     -0.17849323      9.93156433E-02  3.06546094E-10
   397.01385     -0.11138220      0.15679175      5.76739234E-09
   397.99875     -2.77864914E-02  0.18990801     -1.37197476E-11
   399.01489      7.16881305E-02  0.19215801     -4.42001635E-09
   400.00848      0.15696433      0.16489202      2.99412806E-09
