  1.92343034E-02  8.30350615E-40  8.58633022E-40   0.0000000    
   1.0171033      1.40341162E-39  1.50182762E-39   0.0000000    
   2.0060124      2.43119118E-39  2.67063385E-39   0.0000000    
   3.0117693      4.35385255E-39  4.85127426E-39   0.0000000    
   4.0182076      7.90288613E-39  8.85768747E-39   0.0000000    
   5.0047288      1.42431437E-38  1.59915130E-38   0.0000000    
   6.0103312      2.59914885E-38  2.91955294E-38  -0.0000000    
   7.0153880      4.74468225E-38  5.33262897E-38  -0.0000000    
   8.0003624      8.57190862E-38  9.64357348E-38  -0.0000000    
   9.0047703      1.57110535E-37  1.76967494E-37   0.0000000    
   10.008998      2.88893933E-37  3.25792117E-37  -0.0000000    
   11.013110      5.33055999E-37  6.01781594E-37  5.60519386E-45
   12.017157      9.87042532E-37  1.11540057E-36 -2.52233724E-44
   13.001484      1.81204348E-36  2.04963249E-36  -0.0000000    
   14.005486      3.37979307E-36  3.82675392E-36 -1.40129846E-45
   15.009503      6.32917182E-36  7.17381444E-36 -1.12103877E-44
   16.013540      1.19042078E-35  1.35087489E-35  2.38220739E-44
   17.017611      2.25000955E-35  2.55670739E-35 -2.25609053E-43
   18.002016      4.22308284E-35  4.80607810E-35  1.26957641E-42
   19.006180      8.07995959E-35  9.21242097E-35  1.21772837E-42
   20.010357      1.55831131E-34  1.78067121E-34 -3.13890856E-43
   21.014601      3.03452627E-34  3.47684711E-34 -4.71536933E-42
   22.018871      5.97869835E-34  6.87238170E-34 -8.16256355E-42
   23.003508      1.17839525E-33  1.35969661E-33  3.69116028E-41
   24.007872      2.39394347E-33  2.77498143E-33  6.30878582E-41
   25.012276      4.96094616E-33  5.78150586E-33 -5.18592536E-41
   26.016735      1.05198046E-32  1.23351763E-32  2.51810531E-40
   27.001514      2.25421128E-32  2.66085695E-32 -2.35624133E-40
   28.006052      5.04425844E-32  5.99749443E-32 -1.52026030E-39
   29.010609      1.16288776E-31  1.39291884E-31  8.05902161E-40
   30.015188      2.76228806E-31  3.33262828E-31 -4.84480167E-39
   31.000134      6.63271089E-31  8.05470640E-31 -1.80028737E-39
   32.004787      1.66305800E-30  2.03150570E-30 -1.60803483E-39
   33.009441      4.26488610E-30  5.23549348E-30  1.70691762E-37
   34.014095      1.11426731E-29  1.37326313E-29  2.46442297E-38
   35.018791      2.95435667E-29  3.65211327E-29  2.28282618E-37
   36.003887      7.76876626E-29  9.62470670E-29  2.52127324E-36
   37.008736      2.09967675E-28  2.60540549E-28 -1.48770365E-36
   38.013584      5.70720932E-28  7.08928409E-28  5.98027011E-37
   39.018433      1.55704772E-27  1.93532540E-27  5.39549841E-35
   40.003578      4.17387692E-27  5.18945406E-27  1.11002253E-34
   41.008427      1.14220912E-26  1.42019831E-26  3.21442173E-35
   42.013275      3.12567306E-26  3.88578183E-26  3.09772522E-35
   43.018124      8.54664169E-26  1.06215449E-25 -5.86913713E-33
   44.003269      2.28809747E-25  2.84226954E-25  1.05958245E-32
   45.008137      6.23517139E-25  7.74066411E-25  7.85147795E-33
   46.013035      1.69488323E-24  2.10260382E-24  4.63242899E-32
   47.017971      4.59355441E-24  5.69386312E-24  1.20153111E-32
   48.003265      1.21686693E-23  1.50697298E-23  6.86060116E-32
   49.008308      3.27471182E-23  4.05126144E-23  6.76795104E-32
   50.013351      8.77597912E-23  1.08449656E-22 -3.16807727E-30
   51.018394      2.34128237E-22  2.88978177E-22  1.72164520E-30
   52.003731      6.09827799E-22  7.51751323E-22  1.42761272E-29
   53.008774      1.61083852E-21  1.98304798E-21  2.38826635E-30
   54.013817      4.23182047E-21  5.20229276E-21 -1.04765509E-28
   55.018860      1.10540152E-20  1.35690385E-20 -5.05748421E-29
   56.004196      2.81727635E-20  3.45312137E-20  8.32402233E-28
   57.009239      7.27146688E-20  8.89870046E-20 -1.18164378E-30
   58.014282      1.86497614E-19  2.27868872E-19 -2.80192416E-27
   59.019344      4.75262049E-19  5.79748764E-19 -1.15045094E-26
   60.004913      1.18172025E-18  1.43920069E-18  2.69233112E-26
   61.010746      2.97412913E-18  3.61614578E-18  9.12448662E-26
   62.018478      7.44761329E-18  9.04019570E-18 -1.84313394E-25
   63.008171      1.82245872E-17  2.20853782E-17 -8.82277505E-26
   64.018677      4.51355204E-17  5.46057822E-17 -1.39611469E-25
   65.009735      1.09126199E-16  1.31807313E-16 -6.47971373E-24
   66.000786      2.62092111E-16  3.16053192E-16 -1.23926045E-24
   67.011108      6.35995641E-16  7.65684644E-16 -1.08775241E-23
   68.000626      1.50554029E-15  1.80967594E-15 -5.64917115E-23
   69.008476      3.59759795E-15  4.31748956E-15 -1.15033919E-22
   70.014420      8.52675203E-15  1.02170385E-14 -4.72890085E-24
   71.018005      2.00403049E-14  2.39763010E-14 -1.00646194E-22
   72.018829      4.66962826E-14  5.57841872E-14 -1.48085121E-22
   73.017937      1.07989030E-13  1.28817015E-13  3.15826403E-21
   74.003441      2.45453289E-13  2.92380432E-13  6.15143364E-21
   75.001305      5.60392715E-13  6.66595631E-13  6.20050023E-22
   76.001213      1.27425479E-12  1.51365552E-12 -2.76286532E-20
   77.001472      2.88184580E-12  3.41863734E-12  4.83178685E-20
   78.017197      6.56274861E-12  7.77464725E-12 -2.12882039E-19
   79.004951      1.45309945E-11  1.71920533E-11  4.70312504E-20
   80.005020      3.23201049E-11  3.81894898E-11 -7.92355120E-19
   81.017532      7.22111676E-11  8.52149046E-11  2.16224350E-18
   82.000961      1.56841429E-10  1.84857740E-10  4.30709305E-18
   83.017578      3.47870399E-10  4.09501794E-10  5.78896975E-18
   84.019455      7.58833163E-10  8.92230179E-10  2.06402491E-18
   85.004845      1.62656666E-09  1.91048777E-09 -3.10738297E-18
   86.016182      3.54197671E-09  4.15655466E-09  5.31731136E-18
   87.012878      7.60153895E-09  8.91635210E-09  1.90746427E-17
   88.002716      1.62094871E-08  1.90207636E-08  1.09273140E-16
   89.021187      3.54546543E-08  4.17004529E-08  2.44889878E-16
   90.019638      7.73649873E-08  9.15417786E-08  5.49210234E-16
   91.007751      1.72594298E-07  2.06714418E-07  3.90484391E-15
   92.008453      4.12390534E-07  5.04158265E-07 -1.56973569E-14
   93.010330      1.11411703E-06  1.40240741E-06 -2.34651462E-15
   94.007034      3.53453606E-06  4.58441082E-06 -1.56293994E-14
   95.003204      1.22190359E-05  1.68222541E-05 -7.54533426E-14
   96.020721      4.93263651E-05  6.84502957E-05  3.86801377E-13
   97.010124      1.94532535E-04  2.69041455E-04  6.06661032E-12
   98.019066      7.74451182E-04  1.06214965E-03  3.94713914E-11
   99.008659      2.92066461E-03  3.97827523E-03  7.17278459E-11
   100.00291      1.09725259E-02  1.50183234E-02  7.74026676E-11
   101.00727      4.37247306E-02  6.14578761E-02 -1.54960711E-09
   102.01633      0.19988254      0.28909600      8.19855295E-09
   103.01662       1.1341609       1.6029282     -2.66571973E-08
   104.00332       7.7207761       7.0207839      1.59846874E-08
   105.02572       5.8338308       5.2719150     -6.16238083E-09
   106.00047       4.9272485       4.3665080     -1.54633369E-07
   107.00325       4.5108585       3.8940372     -1.89370972E-08
   108.02891       4.5774665       3.8569179      8.35133385E-09
   109.01936       5.2764969       4.3060889      2.33358683E-08
   110.00072       6.2939162       4.8416266      1.03284016E-07
   111.01113       11.290541     -0.97587353      1.70007652E-08
   112.02331       8.7763424      -1.6486475      2.26068295E-07
   113.00665       7.0335708      -2.1562207      1.16699482E-07
   114.00080       5.9545503      -2.4726563      2.18172911E-08
   115.01926       5.8848119      -2.8012819     -7.67179031E-09
   116.02573       7.6093144      -3.5784471     -1.69195133E-07
   117.01189       8.5959930      -1.7740157      1.16895052E-07
   118.01517       7.2024417      -1.5372607     -8.92909480E-09
   119.00095       5.6203361      -1.4564128     -9.53320711E-09
   120.00449       4.5372601      -1.4929727     -1.43994638E-08
   121.01967       3.3958702      -1.4882922     -3.14999715E-09
   122.00299       2.5820603      -1.4216011      4.78970641E-08
   123.02724       2.1243467      -1.2219278     -9.34451805E-09
   124.01588       2.1288991     -0.95761496      7.94278332E-09
   125.02636       2.7227333     -0.99188489     -2.40760167E-09
   126.00907       3.5026474      -1.5147352     -5.99576788E-09
   127.01514       3.1162148      -1.7804371      5.66377611E-09
   128.01059       1.6459165      -1.4643016     -3.03833971E-08
   129.02415      0.96515775      -1.3227899     -1.35616061E-08
   130.00444       1.1812971      -1.3063840     -2.03097184E-08
   131.01224       1.1881814     -0.86186773      1.24577948E-09
   132.01828      0.80020297     -0.32999018      9.04551634E-09
   133.01703      0.52080369     -0.36314505     -4.27114255E-09
   134.01305      0.30247778     -0.72194022     -1.60462132E-08
   135.00836     -1.77225675E-02 -0.88481677      1.37850815E-08
   136.00362      2.60451734E-02 -0.89216077     -5.56245550E-10
   137.00179      0.50983214     -0.88299745      2.20309531E-08
   138.01884      0.63158441     -0.69373035     -9.10253739E-09
   139.02533      0.13205445     -0.41576737      1.81152948E-09
   140.02541     -0.32353801     -0.32499099      1.53250461E-08
   141.02570     -0.54623955     -0.35639763      5.21784926E-09
   142.00157     -0.64137733     -0.31951690      1.49327626E-08
   143.00375     -0.50947618     -0.19520518     -2.33502373E-09
   144.00369     -7.73770958E-02 -4.69938628E-02  4.72100625E-09
   145.02559      0.32246351      0.11553586      4.76431383E-09
   146.01816      0.25604543      0.24072783      2.38424591E-09
   147.00917     -0.15576479      0.28890988     -3.81665949E-11
   148.02541     -0.50631726      0.30803058     -1.68242353E-09
   149.01591     -0.56515747      0.36259383     -2.01241468E-09
   150.00461     -0.37025481      0.40829855     -1.76300503E-08
   151.01587     -0.10644124      0.30222702      3.91421384E-09
   152.02521     -6.56538755E-02  2.99225543E-02 -2.61664024E-09
   153.00890     -0.32604623     -0.16107351     -2.18169771E-09
   154.01776     -0.64397037     -8.21587145E-02 -5.65695935E-10
   155.00056     -0.61052781      0.19900566      7.65184027E-10
   156.00740     -0.11221226      0.43117169     -2.55273558E-09
   157.01430      0.46814227      0.26519570      3.60214858E-09
   158.02084      0.56397641     -0.25328693     -7.43922257E-09
   159.00244      0.10769264     -0.53831220     -3.58762708E-09
   160.00615     -0.46450183     -0.34753805     -1.09883933E-08
   161.00751     -0.59709859      8.44489131E-03  4.48384663E-10
   162.00838     -0.28302595      0.15847880     -4.28053593E-09
   163.00670      2.86588278E-02  6.32140785E-03 -5.84472115E-09
   164.00073     -4.40103635E-02 -0.18774351     -4.94964247E-09
   165.01695     -0.33072805     -0.14514500     -7.48750284E-10
   166.00746     -0.36159658      8.22042227E-02 -4.06988843E-09
   167.02122     -7.67071322E-02  0.26872879     -4.47782700E-09
   168.00909      0.15545352      0.20478052     -2.07934403E-09
   169.02165      0.12349775     -0.10110938     -1.07188369E-09
   170.01070     -9.99734178E-03 -0.37232339      7.89207866E-11
   171.00130     -0.13439104     -0.33009398     -1.20686239E-09
   172.01819     -0.28450480      7.47194141E-02 -6.12696782E-09
   173.01233     -0.36644006      0.49230590     -6.56397381E-10
   174.00815     -0.36322570      0.53807586      1.04382503E-08
   175.00424     -0.27703160      0.15440395      1.78978654E-09
   176.00098     -0.15278019     -0.30104762      7.24335081E-09
   177.02382     -0.17113182     -0.41440809      8.76595863E-09
   178.02280     -0.26533651     -0.19665611      1.54223745E-09
   179.02307     -0.24981299     -7.78894313E-03  5.87280224E-11
   180.00027     -0.18149979     -5.75390235E-02  1.00053199E-09
   181.00441     -0.13975430     -0.23769620      3.19611337E-09
   182.00983     -0.13389836     -0.27744374      1.65389613E-09
   183.01645     -0.18385237     -6.39889464E-02  1.17172405E-09
   184.02353     -0.26929429      0.20066619      4.81249152E-10
   185.00543     -0.30506915      0.21908289     -3.78435783E-10
   186.01274     -0.19700009     -3.80973220E-02 -1.95778060E-09
   187.02043     -2.41556186E-02 -0.25546828     -2.98379182E-10
   188.00293     -9.11564305E-02 -0.13174930      2.96061198E-09
   189.01086     -0.35049671      0.18054616      2.05909595E-10
   190.01923     -0.53048337      0.28950459      4.22945279E-09
   191.00299     -0.53823102      0.10819602      5.43530110E-09
   192.01273     -0.42503628     -0.14187370      3.75665232E-09
   193.02286     -0.30728552     -0.21222679      1.28903466E-09
   194.00813     -0.21158707     -9.95774567E-02  3.93839272E-09
   195.01888     -0.16923273      4.03481349E-02 -6.15921703E-10
   196.00397     -0.22296910      7.59168640E-02  3.32669031E-10
   197.01408     -0.27447569      6.15572557E-03  2.87319030E-10
   198.02350     -0.21590957     -8.48781019E-02  3.99575206E-10
   199.00706     -0.13017097     -9.10368785E-02 -1.63730451E-09
   200.01524     -0.17817216      1.09006427E-02  2.08425166E-10
   201.02283     -0.32215568      0.11456005     -8.32479807E-10
   202.00473     -0.37859470      0.11203876      1.62892522E-09
   203.01152     -0.32510489      2.42571868E-02  5.17728971E-10
   204.01799     -0.29884985     -4.30844575E-02  2.68963074E-09
   205.02446     -0.38646954     -3.28680091E-02  6.72461309E-10
   206.00577     -0.47925076      7.27797486E-03  2.17222151E-09
   207.01247     -0.42439556      1.58295799E-02  9.52695589E-10
   208.01955     -0.20540023     -9.52820852E-03  2.56370924E-10
   209.00145     -6.07297290E-03 -1.97597574E-02  1.15105370E-09
   210.00909     -2.56600305E-02  1.39147611E-02  1.44338119E-09
   211.01678     -0.23396441      5.56194149E-02  9.16950016E-10
   212.02484     -0.38493156      4.97835539E-02 -1.13292931E-09
   213.00793     -0.35350266     -6.69547264E-03  5.53880775E-10
   214.01627     -0.22920027     -6.39654845E-02  2.65526179E-09
   215.02518     -0.20869985     -5.51224463E-02 -4.39651621E-10
   216.00887     -0.31616434      1.47780050E-02  3.17765969E-09
   217.01790     -0.41647586      8.35614577E-02  6.43175113E-09
   218.00200     -0.39402401      9.40043926E-02 -1.78496073E-09
   219.01091     -0.28497326      4.96959127E-02 -1.86449500E-09
   220.01941     -0.19044986     -3.86208668E-03 -1.03038844E-09
   221.00177     -0.15235005     -2.53232121E-02  2.29035069E-10
   222.00824     -0.12048563     -1.84506197E-02 -8.85064966E-10
   223.01361     -9.80403200E-02 -4.93602548E-03 -1.33483558E-10
   224.01811     -0.16110371      2.25731451E-03 -1.10633214E-09
   225.02220     -0.31267366      3.10339034E-03 -3.28293587E-10
   226.00192     -0.43227977      3.37545155E-03 -3.42916112E-10
   227.00813     -0.41851068      1.06222471E-02  3.70321135E-11
   228.01630     -0.28281280      2.73857266E-02 -2.11818896E-11
   229.00114     -0.15863030      4.42842245E-02  1.35241729E-09
   230.01219     -0.14591458      5.10968491E-02  1.17922949E-09
   231.02272     -0.20359589      5.25598153E-02  1.42409001E-10
   232.00665     -0.21786547      5.56112081E-02 -2.60393346E-10
   233.01451     -0.15369841      4.90002856E-02  2.77766532E-10
   234.02196     -8.61297548E-02  1.94985028E-02 -7.30839833E-10
   235.00548     -0.10677468     -1.21263117E-02 -3.88433008E-10
   236.01677     -0.20090663     -7.53996149E-03 -6.06689698E-10
   237.00519     -0.26474571      4.25800644E-02 -8.99636921E-10
   238.01959     -0.24813491      0.10813750     -6.53659571E-10
   239.00745     -0.19374892      0.14831208     -9.67875557E-10
   240.01837     -0.14910027      0.15511417     -4.02026398E-11
   241.00279     -0.10200369      0.13898486      4.07473916E-11
   242.01357     -2.57200748E-02  0.10251987      1.77336701E-09
   243.00156      3.24409828E-02  4.83282320E-02  1.97759897E-09
   244.01694     -3.69239436E-03  4.28889878E-04  1.84563853E-09
   245.00639     -0.11697291     -6.73001632E-03  4.07544248E-10
   246.01857     -0.18887486      2.16884241E-02  7.35388528E-10
   247.00343     -0.14198390      5.14596812E-02 -7.37479189E-10
   248.01396     -3.83361131E-02  6.20595217E-02 -7.80981169E-10
   249.00157     -5.05310716E-03  6.08980134E-02  3.05299008E-10
   250.01645     -5.59571274E-02  6.48912936E-02 -3.16507986E-10
   251.00504     -7.40900114E-02  6.94917440E-02 -6.23309127E-10
   252.01611      1.51373800E-02  5.24779595E-02 -3.71325082E-10
   253.00040      0.12654082      8.38650670E-03 -7.84883825E-10
   254.01144      0.11593679     -3.66945490E-02 -1.78876636E-11
   254.99983     -1.21789593E-02 -5.06636277E-02  2.82260937E-10
   256.01401     -0.11659294     -3.04133575E-02 -4.43698051E-10
   257.00058     -0.10508639      1.19090779E-02  9.00320096E-11
   258.01028     -2.19226591E-02  6.36617839E-02 -1.34037836E-10
   259.02106      3.33024710E-02  9.91811156E-02  1.67842817E-09
   260.00940      3.73229012E-02  9.31531489E-02  1.40547318E-09
   261.02380      4.24975529E-02  4.27271053E-02 -1.79466397E-09
   262.01083      6.66297302E-02 -2.09850762E-02 -5.66546463E-11
   263.02158      6.77699149E-02 -5.66720366E-02 -9.66374536E-10
   264.00827      2.28399169E-02 -4.52943966E-02  9.48950696E-10
   265.02328     -2.14563999E-02 -1.25540774E-02 -2.06177853E-10
   266.01315     -8.73291120E-03  6.16804464E-03 -1.56489696E-10
   267.00061      3.08313370E-02  1.19448751E-02  2.64775354E-11
   268.01257      3.15799974E-02  2.72592567E-02 -1.54171365E-09
   269.00137     -7.22138956E-03  5.48136570E-02 -1.88078580E-10
   270.01801     -8.00766796E-03  6.56754225E-02 -4.37420128E-10
   271.00815      6.68259561E-02  3.04941144E-02  1.15867638E-09
   272.02155      0.14526378     -3.91478539E-02 -9.06042574E-10
   273.01016      0.11550334     -8.49585831E-02 -5.91126925E-10
   274.00110     -3.37187853E-03 -7.13510364E-02 -1.66178360E-09
   275.01736     -8.65275040E-02 -1.31006809E-02 -6.12977114E-10
   276.00653     -5.15919924E-02  4.25663665E-02 -1.76283299E-09
   277.02155      4.89072017E-02  6.58118278E-02  3.47603890E-10
   278.01367      0.10344089      5.15324287E-02 -5.18046939E-10
   279.00562      7.78297186E-02  1.95833258E-02 -1.04579921E-10
   280.02042      2.86196992E-02 -1.08808782E-02 -3.94110244E-10
   281.00967      2.16046907E-02 -3.09983455E-02 -1.16407758E-10
   282.00122      4.48604748E-02 -4.10902724E-02  6.99840352E-10
   283.01926      4.86144572E-02 -3.86007577E-02  1.36977096E-11
   284.01068      2.05467697E-02 -2.49860287E-02  8.47318493E-10
   285.00235     -4.69535124E-03 -4.90998477E-03  1.12722290E-10
   286.02042      1.55432033E-03  2.07932666E-02 -8.89007618E-13
   287.01178      2.47294623E-02  4.75403182E-02  1.81720611E-11
   288.00031      4.31104861E-02  5.77436760E-02  1.39062706E-09
   289.01456      5.69339022E-02  2.80210227E-02 -1.18177157E-09
   290.00479      7.11291060E-02 -3.38902138E-02 -3.95737637E-10
   291.02005      6.66940659E-02 -8.44957680E-02  3.12283976E-09
   292.00925      2.61230227E-02 -7.65865520E-02 -4.36691863E-11
   293.00012     -2.34966464E-02 -1.59312729E-02  1.58973379E-09
   294.01639     -3.26630697E-02  4.98154461E-02  2.85831608E-10
   295.00461      1.07765831E-02  7.02330619E-02  4.83955542E-10
   296.01700      6.53679669E-02  4.23919931E-02  1.67990344E-09
   297.00485      7.64869153E-02  2.98684742E-03 -1.49033036E-10
   298.01797      4.24964726E-02 -1.66188981E-02 -2.88970625E-10
   299.00534      1.43179968E-02 -1.86217017E-02 -8.17100831E-11
   300.02072      2.24470161E-02 -2.39678044E-02 -4.83663165E-10
   301.01306      4.39551100E-02 -3.48339044E-02 -4.94392915E-10
   302.00458      3.73397954E-02 -3.15029137E-02  8.64506799E-10
   303.02142      2.77175964E-03 -5.50712459E-04 -1.20410945E-10
   304.01266     -1.50220674E-02  4.10838127E-02  1.03662590E-09
   305.00153      1.07130297E-02  6.32120818E-02  7.47157336E-10
   306.01382      5.77280708E-02  4.57333699E-02  9.81912815E-11
   307.00168      7.78152794E-02 -3.04303388E-03 -1.36032907E-10
   308.01486      5.68049327E-02 -5.41786887E-02 -1.92369454E-11
   309.00314      1.81459375E-02 -7.22771585E-02 -2.77034562E-10
   310.01947     -7.75468769E-03 -4.63638194E-02 -1.42600640E-10
   311.01208     -4.70553152E-03  4.08744253E-03 -3.86604811E-11
   312.00470      1.65785011E-02  4.50603813E-02 -1.84324878E-09
   313.02277      3.57428975E-02  5.14758378E-02  4.33171207E-11
   314.01477      4.02709320E-02  2.58717053E-02  3.15689475E-10
   315.00507      3.45717855E-02 -7.03336764E-03  1.01151205E-10
   316.02176      2.72455234E-02 -2.68660523E-02 -3.15357795E-10
   317.01624      2.46344097E-02 -3.13514397E-02 -1.35048674E-11
   318.01804      2.61950605E-02 -3.14399563E-02 -3.31387695E-10
   319.01144      2.47574411E-02 -2.93314494E-02  6.43592180E-10
   320.00690      1.42178014E-02 -1.50803318E-02  6.29805097E-10
   320.99954      1.16237532E-03  1.62550639E-02  3.19579363E-10
   322.00763      9.43672901E-04  4.95761558E-02  9.82381843E-10
   323.01190      2.11730991E-02  5.52977696E-02  7.48842433E-10
   324.02164      4.87211645E-02  2.01421101E-02 -1.04051012E-09
   325.02066      5.92015386E-02 -3.25068310E-02 -4.33367731E-10
   326.01492      4.20254543E-02 -5.99521250E-02  9.82190662E-10
   327.00763      1.27162226E-02 -3.81572768E-02  1.28148825E-09
   328.00024      1.35923317E-03  1.71041638E-02  6.84527990E-10
   329.01941      2.23679207E-02  6.76164702E-02 -1.04666428E-10
   330.01831      5.61954938E-02  8.22521076E-02 -3.98687527E-10
   330.99991      7.54621476E-02  6.62267655E-02  3.16889581E-09
   332.01923      7.42123351E-02  4.30435948E-02 -1.47688251E-09
   333.02124      6.94845170E-02  3.37401591E-02 -1.28099853E-09
   334.02167      7.84675851E-02  3.84230390E-02 -6.77594314E-10
   335.01288      9.98208895E-02  4.79920059E-02  3.08523519E-11
   336.01926      0.11817242      5.97038791E-02 -8.08347611E-10
   337.01791      0.12356427      7.91352987E-02  2.46055798E-09
   338.01190      0.12435926      0.10809725      4.39517756E-09
   339.00470      0.13327685      0.13273554      4.54487914E-09
   339.99973      0.15193394      0.12975010     -2.50595611E-09
   341.02411      0.17076677      8.71459544E-02  3.25766392E-09
   342.00018      0.17849354      2.87475251E-02  1.11933929E-09
   343.00171      0.17301720     -1.15948431E-02  6.70407563E-10
   343.99942      0.15893230     -1.06064864E-02  2.53228494E-10
   345.01715      0.14683524      1.53567567E-02 -1.05399089E-09
   346.00412      0.14357421      2.41237413E-02 -8.16371082E-10
   347.01309      0.14328250     -1.06886476E-02  1.36619049E-10
   348.02219      0.13421786     -7.94854909E-02 -5.18038368E-09
   349.01022      0.11140819     -0.14694308     -1.10569565E-09
   350.00580      8.02407414E-02 -0.19087292     -4.14759826E-09
   351.00720      5.13812453E-02 -0.21115886      7.03771486E-10
   352.00626      2.87469290E-02 -0.22115096     -2.67692174E-10
   353.02097      4.19281842E-03 -0.22772278     -7.66546215E-10
   354.00061     -2.91690230E-02 -0.22642651      3.08769765E-09
   355.00000     -6.67215660E-02 -0.21512523     -4.31871650E-09
   356.00040     -9.27926600E-02 -0.20197701     -6.31530606E-09
   357.00763     -0.10180973     -0.19809170     -3.26225069E-09
   358.02310     -0.10682125     -0.20183307     -3.78107057E-09
   359.01538     -0.12234072     -0.19409463      2.53804711E-09
   360.00290     -0.14560275     -0.15304820      6.38035846E-10
   361.01071     -0.15824229     -6.99308664E-02  1.08343468E-09
   362.01990     -0.14252299      3.70603874E-02  8.45497283E-12
   363.01108     -0.10195131      0.13437223      2.81859691E-09
   364.00800     -5.77682033E-02  0.20164520      1.40060269E-10
   365.00180     -2.75172070E-02  0.23872909      4.28267999E-09
   366.01407     -8.23267363E-03  0.26517975     -3.28005345E-10
   366.99860      1.02768857E-02  0.29509109      8.44403991E-11
   368.01224      2.99165137E-02  0.32565895      5.23215082E-11
   369.00461      3.94523069E-02  0.33711505     -7.48279128E-09
   370.01962      3.32892463E-02  0.31650886      6.90506852E-09
   371.00134      1.67670175E-02  0.26720712      6.97974833E-09
   372.00385     -1.01010222E-03  0.19542083     -3.84529297E-09
   373.00946     -1.32359583E-02  0.10456369     -5.65477332E-10
   374.02066     -1.53827323E-02 -8.28350708E-03 -5.28888267E-10
   375.00574     -4.45106765E-03 -0.13363625      1.65438455E-10
   376.00992      1.49529902E-02 -0.25350907     -3.76815690E-09
   377.01257      2.49594450E-02 -0.33159831     -1.24906946E-10
   378.02151      1.43839149E-02 -0.35281789     -6.51277254E-09
   379.01288     -4.51383600E-03 -0.33777764      1.43461643E-08
   380.00323     -9.58454795E-03 -0.32055843     -7.44757678E-09
   381.01367     -8.47920717E-04 -0.30804020     -6.72387834E-09
   381.99997     -1.01288245E-03 -0.27426171      2.10005097E-10
   383.01904     -1.65855922E-02 -0.18993954      7.30567695E-09
   384.01395     -2.20936183E-02 -6.42571822E-02  3.28045990E-09
   385.00128      3.24671972E-03  7.40182623E-02  7.38319822E-12
   386.01001      4.64323461E-02  0.20027967      2.81497964E-10
   387.02341      7.06796795E-02  0.29431307     -5.40358869E-09
   388.01419      5.86146638E-02  0.34742141      5.52820179E-10
   388.99887      2.32690591E-02  0.36066413     -6.77974565E-09
   390.00378     -1.97675470E-02  0.33488914     -4.48947657E-10
   391.01102     -6.35534003E-02  0.27442378     -1.59099678E-10
   392.02051     -0.10527770      0.18918109     -6.87376336E-11
   393.00226     -0.13594380      9.55095589E-02 -5.49726931E-10
   394.00781     -0.14855260      3.85407766E-04 -1.71718334E-10
   395.01755     -0.13965374     -9.02020782E-02  2.60530097E-10
   396.00418     -0.11059245     -0.18035845      1.58494684E-09
   397.01385     -5.95075190E-02 -0.27968454      1.68670397E-10
   397.99875      2.76124314E-03 -0.36628640     -7.68828556E-09
   399.01489      5.39011434E-02 -0.39991951     -1.48282222E-08
   400.00848      7.22417980E-02 -0.34262311     -1.51299340E-09
