  1.92343034E-02  8.91639312E-28  1.22650807E-27 -8.32091028E-42
   1.0171033      2.52705890E-27  2.49859115E-27 -6.66244552E-40
   2.0060124      6.22910532E-27  5.85915074E-27 -2.12950283E-39
   3.0117693      1.56279123E-26  1.46973954E-26 -5.77039013E-39
   4.0182076      4.01330120E-26  3.80437878E-26 -1.50900787E-38
   5.0047288      1.03441457E-25  9.87909802E-26 -3.87954749E-38
   6.0103312      2.76587600E-25  2.65663454E-25 -1.02858626E-37
   7.0153880      7.49078946E-25  7.22204525E-25 -2.68217046E-37
   8.0003624      2.00556092E-24  1.93789203E-24  1.89302382E-33
   9.0047703      5.50312878E-24  5.32402935E-24  8.10411979E-35
   10.008998      1.51402902E-23  1.46564392E-23  3.10394288E-34
   11.013110      4.17074326E-23  4.03848915E-23  9.56786480E-31
   12.017157      1.14952054E-22  1.11314534E-22  1.50241120E-31
   13.001484      3.10622425E-22  3.00782187E-22 -7.71807623E-30
   14.005486      8.56108306E-22  8.28892024E-22 -2.55288785E-29
   15.009503      2.35878771E-21  2.28335312E-21 -7.01122853E-31
   16.013540      6.49570354E-21  6.28610494E-21 -3.25456544E-30
   17.017611      1.78743601E-20  1.72902639E-20  3.63672172E-28
   18.002016      4.81676576E-20  4.65670696E-20  1.41066597E-27
   19.006180      1.32205951E-19  1.27714476E-19  3.78325711E-27
   20.010357      3.62155078E-19  3.49506194E-19 -3.23304367E-28
   21.014601      9.89581189E-19  9.53847710E-19 -2.92621096E-27
   22.018871      2.69565382E-18  2.59446688E-18 -3.10346335E-27
   23.003508      7.17422348E-18  6.89314006E-18  1.02291285E-26
   24.007872      1.93871184E-17  1.85902837E-17 -4.91046269E-28
   25.012276      5.21292961E-17  4.98739617E-17  1.56605591E-26
   26.016735      1.39383427E-16  1.33020264E-16  1.89078496E-26
   27.001514      3.63371761E-16  3.45859725E-16 -7.81042677E-26
   28.006052      9.59216850E-16  9.10330766E-16 -4.03152789E-25
   29.010609      2.51389723E-15  2.37841642E-15  4.98684795E-23
   30.015188      6.53821174E-15  6.16586241E-15  1.38680185E-23
   31.000134      1.65598821E-14  1.55655281E-14  3.91687804E-23
   32.004787      4.23799044E-14  3.96981642E-14 -6.83325907E-22
   33.009441      1.07537440E-13  1.00379638E-13 -3.52357656E-21
   34.014095      2.70510068E-13  2.51609985E-13  8.33829763E-23
   35.018791      6.74502880E-13  6.25144522E-13  3.37374605E-22
   36.003887      1.63784090E-12  1.51270630E-12 -2.16452982E-22
   37.008736      4.01292541E-12  3.69328613E-12 -1.09273105E-19
   38.013584      9.74617956E-12  8.93875945E-12 -3.86969550E-21
   39.018433      2.34659809E-11  2.14488288E-11  7.92756651E-21
   40.003578      5.50767279E-11  5.01788888E-11  7.27435762E-19
   41.008427      1.30415539E-10  1.18436885E-10 -7.00769734E-19
   42.013275      3.06323245E-10  2.77327494E-10  1.42770580E-17
   43.018124      7.13899495E-10  6.44405529E-10 -1.27604339E-17
   44.003269      1.62448766E-09  1.46226831E-09 -2.59947000E-17
   45.008137      3.73103681E-09  3.34934169E-09 -6.88632227E-17
   46.013035      8.51007531E-09  7.61966223E-09 -2.70496451E-16
   47.017971      1.92820355E-08  1.72217032E-08 -1.01917866E-17
   48.003265      4.27283524E-08  3.80736296E-08 -3.13717975E-17
   49.008308      9.56199102E-08  8.50073363E-08 -1.01138063E-16
   50.013351      2.12713289E-07  1.88683899E-07 -2.54042006E-17
   51.018394      4.70454324E-07  4.16391799E-07  4.22572111E-16
   52.003731      1.02456204E-06  9.05115314E-07  1.10173935E-15
   53.008774      2.29140414E-06  2.02036176E-06 -4.80372239E-14
   54.013817      5.12078350E-06  4.50820835E-06 -1.00774040E-15
   55.018860      1.12836124E-05  1.00292427E-05 -3.94735270E-13
   56.004196      2.46624550E-05  2.20622987E-05 -3.88645632E-13
   57.009239      5.55540719E-05  4.96755347E-05 -1.13866566E-12
   58.014282      1.24874306E-04  1.11808789E-04 -6.35839105E-14
   59.019344      2.80855078E-04  2.51382182E-04 -2.63935629E-13
   60.004913      6.21321262E-04  5.55963081E-04 -5.93704122E-13
   61.010746      1.39642763E-03  1.24948111E-03 -2.74752061E-11
   62.018478      3.14354547E-03  2.81335367E-03 -5.49522094E-11
   63.008171      6.98100496E-03  6.25138823E-03 -9.74399728E-12
   64.018677      1.58021785E-02  1.41668534E-02  3.52615298E-11
   65.009735      3.53691503E-02  3.17645706E-02  8.39257108E-10
   66.000786      7.97517151E-02  7.17770159E-02 -2.14553358E-11
   67.011108      0.18489398      0.16661952      1.08185010E-10
   68.000626      0.42846906      0.38477463     -1.19428005E-08
   69.008476       1.0314349      0.90886390     -1.15077530E-08
   70.014420       2.5390344       2.1074369      1.32613796E-08
   71.018005       6.2286530       4.4672589     -1.68703416E-08
   72.018829       12.665931       7.3240995      1.20386744E-07
   73.017937       11.474562       7.5449591     -2.25257040E-08
   74.003441       6.7913556       4.8914909      5.63564084E-10
   75.001305       3.8082516       2.9465611      4.40096990E-08
   76.001213       2.4762092       1.8073494     -1.78372623E-08
   77.001472       1.8719292       1.2161306     -2.83582207E-08
   78.017197       1.4345363      0.89367259     -5.23723713E-08
   79.004951       1.0215483      0.66954887     -3.41173245E-09
   80.005020      0.66394198      0.45311764     -8.62654037E-09
   81.017532      0.41917026      0.23749560     -8.74210482E-09
   82.000961      0.26391271      5.75775504E-02 -5.23810462E-09
   83.017578      0.12020499     -7.10467100E-02 -9.84417881E-09
   84.019455     -1.59439053E-02 -0.13597378     -3.97155020E-09
   85.004845     -9.39003304E-02 -0.15554936     -5.40410827E-10
   86.016182     -8.25600773E-02 -0.14945409     -8.39919689E-09
   87.012878      7.51455780E-04 -0.12794600     -8.29535907E-09
   88.002716      9.04175639E-02 -9.49778557E-02 -2.09627249E-09
   89.021187      0.13890252     -5.65013215E-02 -2.03886663E-09
   90.019638      0.13981684     -2.88723074E-02 -2.53611199E-09
   91.007751      0.12431733     -2.44595967E-02 -2.16981766E-09
   92.008453      0.10999803     -4.37945649E-02 -2.69601230E-09
   93.010330      9.42946225E-02 -7.33466819E-02 -1.06482645E-09
   94.007034      6.97769821E-02 -9.44176316E-02 -1.67433067E-09
   95.003204      5.00140786E-02 -9.68683362E-02 -4.70059214E-10
   96.020721      5.90765849E-02 -8.24692696E-02  5.85204163E-10
   97.010124      9.96894687E-02 -6.16131052E-02 -9.53368606E-10
   98.019066      0.14655428     -4.28606197E-02  8.48880299E-10
   99.008659      0.16703163     -3.22235562E-02  7.12661319E-10
   100.00291      0.14933646     -3.05547453E-02  1.77781789E-10
   101.00727      0.10882244     -3.64921466E-02  2.07883155E-11
   102.01633      7.19617233E-02 -4.59733196E-02  1.21392185E-09
   103.01662      5.32960296E-02 -5.29046506E-02  1.05210757E-10
   104.00332      4.51090261E-02 -5.25151715E-02 -9.70267200E-10
   105.02572      3.42074484E-02 -4.45671007E-02  9.07690700E-10
   106.00047      1.64227821E-02 -3.55951004E-02  7.77429010E-10
   107.00325     -4.14115330E-03 -3.29650491E-02 -1.09279169E-10
   108.02891     -2.21671145E-02 -4.12930921E-02  1.69941755E-10
   109.01936     -3.45314257E-02 -5.65012731E-02  9.25721000E-10
   110.00072     -4.03060392E-02 -7.04407990E-02  5.70809344E-10
   111.01113     -3.36031653E-02 -7.61651024E-02  6.68414601E-10
   112.02331     -7.25984061E-03 -7.08753392E-02  6.29825303E-10
   113.00665      3.49357761E-02 -5.82163669E-02  4.86547247E-10
   114.00080      8.04717019E-02 -4.31954525E-02  1.57847935E-09
   115.01926      0.11297700     -3.00292075E-02 -9.66574321E-11
   116.02573      0.12364731     -2.09692139E-02  6.02653705E-10
   117.01189      0.11812005     -1.53303258E-02  7.92973465E-10
   118.01517      0.10671873     -1.14610167E-02  3.69574565E-10
   119.00095      9.27017406E-02 -8.63962434E-03  3.73405529E-10
   120.00449      7.18227327E-02 -7.64726894E-03  5.13875109E-10
   121.01967      4.09528390E-02 -1.14894323E-02  9.02293462E-10
   122.00299      5.84888924E-03 -2.33631413E-02  2.59820443E-10
   123.02724     -2.15910319E-02 -4.65471148E-02  5.93375737E-10
   124.01588     -2.29955893E-02 -7.82265961E-02  5.40046619E-10
   125.02636      1.03087742E-02 -0.11458617      4.81540918E-10
   126.00907      7.22627640E-02 -0.14542706      4.09318496E-10
   127.01514      0.14846376     -0.16277321      3.77592801E-09
   128.01059      0.21077672     -0.15799293      7.57194529E-10
   129.02415      0.23432085     -0.12736067      3.97654715E-10
   130.00444      0.20487776     -7.65100420E-02  2.77646173E-09
   131.01224      0.12752363     -1.35491062E-02  8.00667477E-10
   132.01828      2.91484483E-02  4.36145850E-02  6.52681797E-10
   133.01703     -5.53662293E-02  7.78403282E-02  6.08294581E-10
   134.01305     -0.10031576      7.82011971E-02 -1.00055630E-09
   135.00836     -9.71958935E-02  4.37654555E-02  1.22067700E-09
   136.00362     -5.54985106E-02 -1.41214253E-02  7.32471084E-10
   137.00179      2.09263293E-03 -7.40180835E-02  3.76346454E-10
   138.01884      4.94105890E-02 -0.11136864      4.58620586E-10
   139.02533      6.52314276E-02 -0.10731255      4.02750278E-10
   140.02541      4.71258536E-02 -6.24921322E-02  5.21801713E-10
   141.02570      8.09665769E-03  5.18785696E-03 -3.62896435E-10
   142.00157     -2.87478305E-02  6.56678900E-02  5.25527399E-10
   143.00375     -4.30005863E-02  9.42232907E-02 -2.53405075E-09
   144.00369     -1.73689239E-02  7.13821650E-02  2.20587704E-09
   145.02559      5.65887094E-02 -7.95676466E-03  7.56475604E-10
   146.01816      0.17399588     -0.13273849      7.12381043E-10
   147.00917      0.34226555     -0.30426013      2.33681463E-10
   148.02541      0.61397266     -0.56148702     -1.77208630E-08
   149.01591       1.1062127     -0.98167515      6.97173486E-10
   150.00461       2.0762391      -1.7109108      2.63184443E-08
   151.01587       3.8775582      -2.8485072      7.46510409E-09
   152.02521       6.1591635      -3.9994423     -1.12133755E-07
   153.00890       6.7727590      -4.2339001      4.88463225E-09
   154.01776       4.7745328      -3.2667372     -6.79868535E-08
   155.00056       2.5554881      -2.0077183     -7.67152315E-08
   156.00740       1.2804539      -1.1587414     -3.79846341E-08
   157.01430      0.95891851     -0.92456216      2.46797853E-08
   158.02084       1.3699644      -1.2051392     -3.08692236E-08
   159.00244       2.2732081      -1.7753476      3.20598197E-08
   160.00615       3.2363431      -2.3157861     -5.18142542E-08
   161.00751       3.4327540      -2.4094441      2.35129316E-09
   162.00838       2.6010852      -1.9490807      6.42240323E-08
   163.00670       1.4337642      -1.2419779     -3.48613725E-08
   164.00073      0.59176010     -0.66459519      1.97348680E-08
   165.01695      0.26904365     -0.40691751      1.30190996E-08
   166.00746      0.46003929     -0.51090628     -1.56832076E-08
   167.02122       1.0703907     -0.90094769     -1.70710812E-09
   168.00909       1.8339193      -1.3750670      6.04086594E-08
   169.02165       2.3301201      -1.6886739     -7.77059250E-10
   170.01070       2.1651268      -1.6420355     -4.40371561E-09
   171.00130       1.5086615      -1.2994061     -3.76586264E-08
   172.01819      0.80975544     -0.87344718     -1.50905410E-09
   173.01233      0.41766232     -0.58571357     -3.30569563E-08
   174.00815      0.37937424     -0.50263953      1.65556124E-10
   175.00424      0.61194611     -0.59280664      1.23855877E-08
   176.00098      0.93573928     -0.75094157     -3.42125106E-10
   177.02382       1.1147730     -0.84300965     -1.71503989E-09
   178.02280      0.96684116     -0.76987880     -2.51440757E-09
   179.02307      0.54032004     -0.54406673     -1.75219894E-09
   180.00027      5.14666140E-02 -0.26579410     -3.22438276E-09
   181.00441     -0.32488298     -2.77204420E-02 -5.52203527E-09
   182.00983     -0.46687883      9.00587067E-02  2.81145907E-09
   183.01645     -0.35707030      6.37412518E-02 -4.18993773E-09
   184.02353     -4.84542400E-02 -8.46001133E-02  1.27805189E-09
   185.00543      0.33347192     -0.28477958     -2.55945043E-10
   186.01274      0.64223266     -0.45326164     -6.45662079E-10
   187.02043      0.70850754     -0.49687558      5.15731902E-11
   188.00293      0.50020528     -0.39211518     -1.34465887E-08
   189.01086      0.11741476     -0.18329437     -3.56556429E-09
   190.01923     -0.25507855      3.46609317E-02 -1.10926890E-09
   191.00299     -0.46951836      0.17586493     -8.63771721E-09
   192.01273     -0.47636443      0.20860183     -8.06312850E-10
   193.02286     -0.29581076      0.14161353      3.64046993E-09
   194.00813     -4.68077660E-02  3.75234261E-02 -2.29990360E-09
   195.01888      0.12222991     -3.13087590E-02 -1.71040626E-09
   196.00397      8.73416960E-02 -1.18539985E-02 -1.19733135E-09
   197.01408     -0.12953870      8.59403834E-02 -1.98876404E-09
   198.02350     -0.38303521      0.19875515     -1.82362236E-10
   199.00706     -0.51637596      0.25682858     -6.93210711E-10
   200.01524     -0.46645102      0.23334429     -4.04681344E-10
   201.02283     -0.27012289      0.14812249      5.05580111E-09
   202.00473     -5.66622764E-02  6.05111346E-02  6.26264485E-10
   203.01152      5.40955253E-02  1.93962865E-02 -1.90581306E-09
   204.01799      1.33633642E-02  4.15103994E-02 -8.52815485E-10
   205.02446     -0.11040822      9.49378908E-02  8.60197469E-10
   206.00577     -0.20815676      0.13136475     -6.68652356E-10
   207.01247     -0.22434559      0.12514052      3.41071948E-10
   208.01955     -0.16242969      7.94328228E-02 -9.82210757E-10
   209.00145     -7.04660118E-02  2.04817690E-02  3.69559577E-10
   210.00909      1.81521215E-02 -3.12646627E-02  3.48846674E-10
   211.01678      9.10546631E-02 -6.24919757E-02  5.44349288E-10
   212.02484      0.14316237     -6.93958625E-02 -1.53697177E-09
   213.00793      0.15015768     -4.94247600E-02 -6.51937171E-10
   214.01627      7.98331276E-02 -7.35423993E-04 -5.07216269E-10
   215.02518     -6.25177249E-02  6.52017519E-02 -7.42884976E-10
   216.00887     -0.21017575      0.12190748     -6.42070008E-11
   217.01790     -0.28836241      0.14692608     -2.18260757E-10
   218.00200     -0.25270092      0.13185979     -7.41703032E-10
   219.01091     -0.13603365      9.32624415E-02 -4.33212854E-10
   220.01941     -2.37256549E-02  6.01979718E-02 -4.92101249E-10
   221.00177      1.32477107E-02  4.86721992E-02 -9.85220794E-11
   222.00824     -1.14872428E-02  4.78377044E-02  7.03635927E-10
   223.01361     -3.42186540E-02  3.65439802E-02 -1.40535528E-10
   224.01811     -1.39807295E-02  1.09101031E-02  4.75662010E-11
   225.02220      1.69192236E-02 -3.03287827E-03 -6.85182355E-10
   226.00192     -1.91253256E-02  2.67518163E-02 -5.17128007E-10
   227.00813     -0.14970320      0.10390024     -8.74126049E-10
   228.01630     -0.29551443      0.18412854     -8.10393974E-11
   229.00114     -0.33063710      0.20575619      9.76334014E-10
   230.01219     -0.19270211      0.14139436      4.11663859E-09
   231.02272      4.99701574E-02  2.51235124E-02  1.69451131E-09
   232.00665      0.21411510     -5.98849952E-02  1.56699165E-09
   233.01451      0.15881845     -5.64884692E-02  9.67269931E-10
   234.02196     -7.18542933E-02  2.41405182E-02 -1.42054790E-09
   235.00548     -0.26868987      0.10326210     -6.04844397E-10
   236.01677     -0.27196741      0.11672660     -6.49629905E-10
   237.00519     -8.67315233E-02  6.41668439E-02  6.56952687E-11
   238.01959      0.11643726      1.24538541E-02 -7.53975549E-10
   239.00745      0.11370970      3.82288545E-02 -3.73875070E-10
   240.01837     -0.12905526      0.14840938     -3.83174104E-10
   241.00279     -0.42040879      0.26422524      1.80458881E-09
   242.01357     -0.54322672      0.29683354     -1.33136577E-08
   243.00156     -0.39310932      0.20677607      6.47055121E-09
   244.01694     -4.51417044E-02  4.05754298E-02 -1.22846888E-09
   245.00639      0.24103883     -8.18591565E-02  7.40755790E-10
   246.01857      0.24695201     -7.42048547E-02  1.59807001E-10
   247.00343     -8.21291935E-03  5.21507710E-02 -1.33730715E-09
   248.01396     -0.30992901      0.20157407      3.63485131E-10
   249.00157     -0.43425277      0.26236543      5.53835311E-10
   250.01645     -0.32609385      0.19999251     -4.59458427E-09
   251.00504     -8.10741782E-02  6.71165511E-02  3.49255203E-09
   252.01611      0.12258212     -4.25127260E-02  6.28678887E-10
   253.00040      0.13424385     -4.95852455E-02  1.12101040E-09
   254.01144     -2.86060832E-02  4.34706099E-02  1.18613808E-09
   254.99983     -0.22371219      0.16318749      1.09208816E-10
   256.01401     -0.32930323      0.23408890      7.74551978E-09
   257.00058     -0.29872119      0.21826725      3.40988948E-09
   258.01028     -0.17688823      0.14028198      3.46722007E-09
   259.02106     -5.91293797E-02  6.12240061E-02  4.90535612E-10
   260.00940     -2.66194642E-02  3.40118967E-02  1.82521553E-09
   261.02380     -8.45061019E-02  6.39666915E-02  2.32933406E-09
   262.01083     -0.16220385      0.11056016      2.67044875E-09
   263.02158     -0.17871042      0.12559000      2.43521758E-10
   264.00827     -0.10293952      9.03515294E-02  6.35454356E-10
   265.02328      1.40883364E-02  3.26389074E-02  5.23133703E-10
   266.01315      5.98552525E-02  9.44470521E-03  3.52993856E-10
   267.00061     -3.27759348E-02  5.04995659E-02 -2.88242719E-09
   268.01257     -0.22009867      0.13642567      1.96486702E-10
   269.00137     -0.35830891      0.20226850     -3.61497654E-09
   270.01801     -0.33603665      0.19769444     -3.72386066E-10
   271.00815     -0.15460148      0.12294213      1.44629819E-09
   272.02155      6.44544661E-02  3.12808529E-02  3.19745730E-10
   273.01016      0.13659778     -4.48932825E-03  4.27462579E-11
   274.00110      8.69085640E-03  3.55970338E-02  6.27037311E-10
   275.01736     -0.20576040      0.11124959      1.08524856E-11
   276.00653     -0.30878270      0.15024605     -1.73739592E-10
   277.02155     -0.21824530      0.12134787     -1.63528879E-09
   278.01367     -1.37049826E-02  5.54221943E-02  1.56639213E-09
   279.00562      0.12783603      1.60336476E-02  1.40463821E-11
   280.02042      7.78036118E-02  4.47242409E-02 -1.46807511E-09
   281.00967     -0.10274476      0.11928853     -2.54227306E-09
   282.00122     -0.25246835      0.18137707     -5.41550658E-11
   283.01926     -0.24894342      0.18643436     -1.56063829E-10
   284.01068     -0.11371248      0.13977724     -4.12575252E-10
   285.00235      3.90222967E-02  8.50872323E-02 -1.77191817E-09
   286.02042      9.77951586E-02  6.28743917E-02 -3.25479976E-10
   287.01178      6.31929711E-02  7.93709978E-02 -8.62395433E-11
   288.00031      1.56959165E-02  0.10818814     -1.05980516E-10
   289.01456      1.59451496E-02  0.12582929     -6.88057555E-10
   290.00479      4.07779962E-02  0.13049673     -6.11265032E-12
   291.02005      3.17389071E-02  0.13648623     -3.13496007E-09
   292.00925     -1.92187950E-02  0.14829366     -1.01261513E-10
   293.00012     -5.95290549E-02  0.15406068     -4.77109996E-09
   294.01639     -2.58116648E-02  0.13873915      3.09055492E-09
   295.00461      6.23028576E-02  0.10614543     -1.81612045E-10
   296.01700      0.12621261      7.45166242E-02  3.53389007E-09
   297.00485      8.82329643E-02  5.99725284E-02  5.20697985E-10
   298.01797     -1.63434390E-02  5.23052737E-02 -2.30941335E-10
   299.00534     -8.13856348E-02  2.91932952E-02  2.27206573E-10
   300.02072     -4.34490293E-02 -1.81718655E-02  9.16893922E-11
   301.01306      4.78863530E-02 -6.33434132E-02 -1.73564135E-10
   302.00458      6.74505904E-02 -7.20074251E-02  3.75932840E-09
   303.02142     -5.06450869E-02 -3.62811051E-02 -1.89673000E-10
   304.01266     -0.21890078      4.01738985E-03 -4.92625607E-10
   305.00153     -0.29136556     -5.44951879E-04  1.47714549E-10
   306.01382     -0.20081010     -6.57642856E-02 -1.79335391E-09
   307.00168     -2.69936305E-02 -0.14739792      8.84574150E-11
   308.01486      6.48727715E-02 -0.18251064     -3.06965298E-09
   309.00314     -8.67612008E-03 -0.14057609     -6.26673691E-09
   310.01947     -0.15764858     -5.54051138E-02 -4.63662581E-10
   311.01208     -0.21098012      5.40378876E-03 -7.24815763E-10
   312.00470     -0.11219572      1.29250549E-02 -8.00614686E-10
   313.02277      5.79777956E-02 -9.81120020E-03  5.42635714E-10
   314.01477      0.14341260     -1.17600653E-02 -7.34164174E-10
   315.00507      0.10136921      2.83937305E-02  2.34204989E-10
   316.02176      1.81219820E-02  8.64248723E-02  1.70767081E-11
   317.01624      2.85024792E-02  0.11363126      5.75175324E-13
   318.01804      0.15429895      9.33363140E-02  3.33520522E-09
   319.01144      0.29334933      5.16966879E-02  1.41547352E-09
   320.00690      0.30747131      3.09915431E-02 -2.38883108E-10
   320.99954      0.17062467      4.59848568E-02 -1.62666769E-09
   322.00763     -1.59375947E-02  7.01961890E-02 -1.37675760E-10
   323.01190     -0.11040659      6.17853589E-02 -2.03089812E-09
   324.02164     -7.68400580E-02  7.06696836E-03 -3.88297450E-10
   325.02066      6.46347925E-03 -6.57065958E-02 -1.48358603E-10
   326.01492      2.39725709E-02 -0.11509363     -1.84947418E-10
   327.00763     -5.59786968E-02 -0.12416133     -1.21077176E-10
   328.00024     -0.16301486     -0.11172985     -2.15754703E-09
   329.01941     -0.19929735     -0.10843910      1.72959225E-09
   330.01831     -0.13825887     -0.12192842     -9.75114711E-11
   330.99991     -4.32727635E-02 -0.12723388      3.74140319E-09
   332.01923      5.85268810E-03 -9.23978984E-02  1.62019875E-09
   333.02124     -1.55965080E-02 -1.57535151E-02 -5.50002377E-10
   334.02167     -4.82553057E-02  6.69617578E-02 -1.63173519E-09
   335.01288     -1.64682567E-02  0.10961848      4.32542092E-11
   336.01926      0.10355892      9.46326405E-02  6.32960281E-11
   337.01791      0.25207806      4.76089679E-02  1.74274906E-09
   338.01190      0.32531083      1.82064436E-02  2.71347445E-10
   339.00470      0.25948420      3.56692001E-02 -9.42615708E-11
   339.99973      9.15136486E-02  8.18575770E-02  3.27855132E-10
   341.02411     -6.97909668E-02  0.10489577     -1.40986178E-09
   342.00018     -0.11877344      6.40908703E-02  8.07024447E-11
   343.00171     -5.75837158E-02 -3.33277285E-02 -2.91117686E-10
   343.99942      2.45502573E-02 -0.13220809     -1.20930661E-11
   345.01715      1.03809638E-02 -0.17430601     -3.10394999E-09
   346.00412     -0.11778879     -0.14586155      1.94769700E-10
   347.01309     -0.25361848     -8.90901908E-02 -1.86547999E-11
   348.02219     -0.25523835     -5.88898584E-02 -1.57428896E-11
   349.01022     -9.80825201E-02 -6.71952963E-02  1.09331055E-09
   350.00580      0.10733059     -7.50539303E-02  5.25459287E-10
   351.00720      0.19629024     -3.42458189E-02 -2.79108819E-11
   352.00626      0.11975472      5.72690070E-02  3.89012850E-10
   353.02097     -6.55975845E-03  0.14655778      4.88580376E-09
   354.00061     -1.69884600E-02  0.16771816      2.02003025E-10
   355.00000      0.12511699      0.10933681     -2.15834861E-09
   356.00040      0.30256796      1.83511004E-02 -6.04859773E-10
   357.00763      0.31935123     -3.53667811E-02  9.01563268E-11
   358.02310      0.10723439     -2.54460946E-02 -1.23502958E-10
   359.01538     -0.17262092      4.14153095E-03 -1.07252318E-09
   360.00290     -0.31380761     -7.41470791E-03  6.60700439E-10
   361.01071     -0.24159230     -7.74653852E-02  2.24548558E-09
   362.01990     -5.82820177E-02 -0.15790381     -5.12581977E-10
   363.01108      3.38457674E-02 -0.17865339      2.86887558E-09
   364.00800     -3.00861839E-02 -0.11996449     -3.19652471E-10
   365.00180     -0.13415644     -2.66169347E-02 -1.64038227E-09
   366.01407     -0.11266005      3.87791842E-02  1.87022531E-09
   366.99860      5.46861738E-02  5.21238185E-02  1.85758953E-09
   368.01224      0.24866799      4.64517325E-02 -2.81354828E-10
   369.00461      0.29011244      6.43882453E-02 -2.94836378E-10
   370.01962      0.16621596      0.10754564     -1.89191787E-11
   371.00134      1.10083865E-02  0.12996532     -1.58838331E-10
   372.00385     -3.87406424E-02  8.99091512E-02 -7.93140692E-11
   373.00946      2.69395448E-02 -8.56675487E-03  3.05128089E-10
   374.02066      8.75866264E-02 -0.10972702      1.65885705E-09
   375.00574      1.72401704E-02 -0.15266877      5.30582037E-11
   376.00992     -0.15807754     -0.13121705      2.55843818E-10
   377.01257     -0.28482392     -8.54703560E-02  3.99677447E-09
   378.02151     -0.23803702     -5.89541979E-02  1.62338076E-09
   379.01288     -6.32083043E-02 -5.45296557E-02  1.06510656E-09
   380.00323      0.10329612     -4.11097705E-02  8.86170373E-11
   381.01367      0.15722264      5.56722051E-03 -1.24878580E-12
   381.99997      0.11722091      6.86511025E-02  2.76501044E-10
   383.01904      9.03378278E-02  0.10981981     -1.25629795E-09
   384.01395      0.13726591      9.96498391E-02  3.41417644E-10
   385.00128      0.20653442      5.18875197E-02  1.16315757E-09
   386.01001      0.19329654      9.08778515E-04 -2.02166617E-10
   387.02341      5.30189052E-02 -2.87786461E-02 -1.47835388E-09
   388.01419     -0.12360352     -4.77423482E-02 -1.00441788E-09
   388.99887     -0.21075910     -8.17110911E-02 -2.37928588E-09
   390.00378     -0.16145746     -0.13571446      7.51837648E-10
   391.01102     -3.53138708E-02 -0.17796388      7.33387517E-10
   392.02051      4.87464406E-02 -0.16678202      5.11027831E-10
   393.00226      4.72396798E-02 -9.69909355E-02 -1.13948262E-09
   394.00781      2.45207269E-02 -3.03733838E-03  5.39291278E-10
   395.01755      6.68981969E-02  6.09807447E-02  1.14499166E-09
   396.00418      0.18048435      6.97631985E-02  4.10414536E-10
   397.01385      0.28899598      4.02307510E-02  6.03783246E-10
   397.99875      0.29201251      6.89073931E-03  3.03937736E-10
   399.01489      0.17615817     -1.64190419E-02  1.89109550E-09
   400.00848      3.06671001E-02 -4.16798033E-02 -1.01315278E-09
