  1.92343034E-02  1.26361740E-35  1.39401519E-35   0.0000000    
   1.0171033      2.47683289E-35  2.47804110E-35   0.0000000    
   2.0060124      4.66788405E-35  4.54439286E-35   0.0000000    
   3.0117693      8.83293661E-35  8.53695024E-35 -2.80259693E-45
   4.0182076      1.67374439E-34  1.61568875E-34   0.0000000    
   5.0047288      3.14257509E-34  3.03560258E-34   0.0000000    
   6.0103312      6.00238226E-34  5.80671939E-34   0.0000000    
   7.0153880      1.15339359E-33  1.11810176E-33 -2.80259693E-45
   8.0003624      2.20457941E-33  2.14259578E-33 -1.40129846E-45
   9.0047703      4.30963339E-33  4.20174799E-33  1.18982851E-40
   10.008998      8.52331558E-33  8.34107502E-33 -3.58592277E-42
   11.013110      1.70892399E-32  1.67963008E-32 -1.09688039E-40
   12.017157      3.48081275E-32  3.43808999E-32 -1.65025315E-40
   13.001484      7.11404597E-32  7.06548453E-32  3.06884364E-40
   14.005486      1.50456929E-31  1.50381016E-31  8.55212453E-42
   15.009503      3.25439067E-31  3.27598944E-31 -2.91477087E-40
   16.013540      7.21624979E-31  7.32130231E-31 -6.77943993E-40
   17.017611      1.64366742E-30  1.68161087E-30 -9.22763110E-38
   18.002016      3.78578356E-30  3.90587846E-30  1.81848043E-39
   19.006180      9.11763899E-30  9.48595955E-30  2.73470301E-37
   20.010357      2.25599386E-29  2.36537901E-29  3.49636046E-38
   21.014601      5.72061981E-29  6.03882556E-29  2.02236847E-36
   22.018871      1.48156952E-28  1.57281815E-28 -9.98135816E-38
   23.003508      3.83001407E-28  4.08372452E-28  4.03387551E-37
   24.007872      1.02272061E-27  1.09415219E-27 -3.27620435E-35
   25.012276      2.75880182E-27  2.95866231E-27 -8.60194394E-35
   26.016735      7.49608527E-27  8.05250338E-27  2.50829487E-34
   27.001514      2.00688464E-26  2.15811405E-26 -2.85257463E-36
   28.006052      5.49698432E-26  5.91487537E-26 -8.45994330E-35
   29.010609      1.50838537E-25  1.62350286E-25  5.26755549E-33
   30.015188      4.14225537E-25  4.45842884E-25 -5.41796091E-34
   31.000134      1.11519255E-24  1.20007802E-24  3.32569010E-32
   32.004787      3.06041152E-24  3.29211397E-24  6.99247884E-33
   33.009441      8.38847629E-24  9.01867439E-24  1.11301377E-31
   34.014095      2.29531592E-23  2.46603883E-23 -6.69078689E-31
   35.018791      6.26687007E-23  6.72729283E-23 -3.79207013E-32
   36.003887      1.67335119E-22  1.79454055E-22 -3.76549209E-30
   37.008736      4.54271447E-22  4.86615148E-22 -6.31284994E-31
   38.013584      1.22883486E-21  1.31463274E-21 -2.95256759E-30
   39.018433      3.31073547E-21  3.53682962E-21 -2.48017233E-30
   40.003578      8.71034110E-21  9.29091041E-21 -4.58847581E-30
   41.008427      2.32514008E-20  2.47592493E-20 -7.58246323E-28
   42.013275      6.17406963E-20  6.56256599E-20 -3.75772284E-28
   43.018124      1.63020083E-19  1.72945914E-19 -2.02711204E-28
   44.003269      4.19874682E-19  4.44561913E-19 -8.48673818E-27
   45.008137      1.09524855E-18  1.15721947E-18 -1.73302996E-27
   46.013035      2.83831476E-18  2.99242844E-18 -1.03828794E-26
   47.017971      7.30572783E-18  7.68531935E-18  1.76473571E-25
   48.003265      1.83347858E-17  1.92446382E-17  2.97779969E-27
   49.008308      4.65388786E-17  4.87361979E-17  7.70533140E-27
   50.013351      1.17276158E-16  1.22528848E-16 -9.39290887E-26
   51.018394      2.93373355E-16  3.05800414E-16  8.47423730E-24
   52.003731      7.15668937E-16  7.44283933E-16 -1.25797805E-24
   53.008774      1.76428122E-15  1.83057584E-15  7.06519288E-23
   54.013817      4.31732651E-15  4.46927278E-15  2.24427488E-23
   55.018860      1.04874537E-14  1.08319344E-14  2.81404835E-22
   56.004196      2.48596902E-14  2.56200395E-14 -1.35431943E-22
   57.009239      5.95281813E-14  6.12144002E-14 -1.48560487E-21
   58.014282      1.41538040E-13  1.45235020E-13  3.74764314E-21
   59.019344      3.34205618E-13  3.42216571E-13 -2.49705026E-21
   60.004913      7.70934206E-13  7.87833394E-13 -1.89034277E-21
   61.010746      1.79726644E-12  1.83301117E-12  6.55809340E-20
   62.018478      4.16918973E-12  4.24387999E-12  1.36596238E-19
   63.008171      9.46770440E-12  9.61951699E-12  1.52917212E-20
   64.018677      2.17385762E-11  2.20466631E-11 -5.63484636E-19
   65.009735      4.88325456E-11  4.94379190E-11  1.10586727E-18
   66.000786      1.09058637E-10  1.10221977E-10 -3.30422672E-19
   67.011108      2.45963555E-10  2.48163157E-10 -6.75660770E-19
   68.000626      5.42474454E-10  5.46426182E-10 -8.59941463E-19
   69.008476      1.20728794E-09  1.21407007E-09 -1.20734786E-18
   70.014420      2.66775202E-09  2.67834066E-09 -1.20995431E-17
   71.018005      5.85140780E-09  5.86508442E-09  1.11848729E-16
   72.018829      1.27360718E-08  1.27453283E-08 -5.91969039E-16
   73.017937      2.75337744E-08  2.75103194E-08  1.19294998E-15
   74.003441      5.85940256E-08  5.84559885E-08  3.66719341E-17
   75.001305      1.25231395E-07  1.24757349E-07  3.38972395E-16
   76.001213      2.66776766E-07  2.65433300E-07  7.53659688E-16
   77.001472      5.65962068E-07  5.62597450E-07 -1.56367195E-14
   78.017197      1.22981282E-06  1.22165784E-06  2.54175529E-15
   79.004951      2.67171822E-06  2.65580388E-06  7.59782540E-15
   80.005020      5.91111075E-06  5.89517549E-06  1.40035010E-14
   81.017532      1.29598902E-05  1.35247301E-05 -3.24344338E-13
   82.000961      3.08184644E-05  3.22483102E-05  4.30315404E-14
   83.017578      7.94975276E-05  8.62652087E-05  6.69974276E-13
   84.019455      2.26487609E-04  2.57839507E-04  1.45861431E-11
   85.004845      7.34156987E-04  8.82067019E-04 -9.46978498E-13
   86.016182      2.87773786E-03  3.62813519E-03  2.33689401E-10
   87.012878      1.25339814E-02  1.63134541E-02 -4.03809541E-10
   88.002716      5.76178171E-02  7.58272558E-02  2.47609178E-09
   89.021187      0.26509321      0.32079464     -1.53527094E-10
   90.019638       1.1871350       1.4166805     -2.05566542E-09
   91.007751       6.1422625       5.6616917     -3.34327183E-07
   92.008453       6.4325194       4.7448659      2.95385760E-08
   93.010330       4.7961431       3.5632870      5.92853482E-08
   94.007034       5.1499376       3.6837463      2.30482691E-08
   95.003204       6.1771884       4.5437899      1.44550172E-09
   96.020721       6.3019185       4.7265759     -1.81456805E-09
   97.010124       4.2419868       3.7026005      7.67587416E-09
   98.019066       2.7398145       2.6917312      2.72585918E-08
   99.008659       2.8077767       2.3858829      3.39297941E-08
   100.00291       3.3169758       2.3530896      1.00294834E-07
   101.00727       2.8947887       2.0587316      1.30916247E-08
   102.01633       1.9041035       1.6303865      3.13359649E-08
   103.01662       1.4713876       1.4170512     -4.08077616E-09
   104.00332       1.5290926       1.3226689     -8.21881230E-10
   105.02572       1.4490534       1.0982909      2.29719923E-08
   106.00047       1.1081443      0.80571228      8.59216032E-10
   107.00325      0.79044312      0.63518369     -8.87684504E-09
   108.02891      0.60330248      0.61893326     -1.40066723E-08
   109.01936      0.46152940      0.58737308      5.80697668E-09
   110.00072      0.32355258      0.45020527      4.98641572E-09
   111.01113      0.24894978      0.28260970      1.80379605E-08
   112.02331      0.22003114      0.19676919      1.46514463E-08
   113.00665      0.18107735      0.16950279      8.18277179E-09
   114.00080      0.14608170      9.37119052E-02  1.85605264E-09
   115.01926      0.16187334     -7.05934539E-02  2.79424173E-09
   116.02573      0.18779430     -0.23731968     -1.39539502E-09
   117.01189      0.12524542     -0.32349622      3.57998253E-09
   118.01517      1.82150323E-02 -0.35976076      1.25533912E-08
   119.00095      2.84225587E-02 -0.42873675      3.45931594E-09
   120.00449      0.19264700     -0.54519498      3.36011796E-09
   121.01967      0.38600305     -0.62610334      1.72770276E-09
   122.00299      0.50743842     -0.61650515      9.36632372E-09
   123.02724      0.68653059     -0.60714424     -1.95823961E-08
   124.01588       1.1011705     -0.81173503      9.41072775E-10
   125.02636       2.0105739      -1.5344447      8.18567525E-09
   126.00907       3.8466706      -2.9664412     -4.86579621E-09
   127.01514       6.4915819      -4.5550337     -1.90294429E-08
   128.01059       5.8807888      -4.4848170      1.68935070E-08
   129.02415       3.6810334      -3.3774390      1.23418591E-08
   130.00444       3.1547868      -3.0379088      1.85958484E-08
   131.01224       3.9604311      -3.4847610     -8.94353107E-08
   132.01828       4.5429144      -3.6827722      8.65823822E-08
   133.01703       3.4498413      -2.9040909      9.67336717E-08
   134.01305       2.0486274      -1.8301975     -2.11287610E-08
   135.00836       1.4844968      -1.2734632     -2.30219221E-08
   136.00362       1.7307596      -1.3831091      5.06157676E-08
   137.00179       2.3272045      -1.8189579      1.12506049E-08
   138.01884       2.4067197      -2.0010810      8.22282153E-09
   139.02533       1.6839483      -1.6952504      2.28569164E-09
   140.02541       1.0027155      -1.2927371      5.42803029E-08
   141.02570      0.92871749      -1.1976320      6.26592023E-09
   142.00157       1.4339020      -1.4535103      4.26763833E-08
   143.00375       2.0736222      -1.7744015      7.32471106E-09
   144.00369       2.0975101      -1.7443917     -6.42392273E-09
   145.02559       1.4441940      -1.3253231     -3.86182393E-08
   146.01816      0.81409484     -0.89527905      4.18220125E-08
   147.00917      0.53778893     -0.67674291      3.57794327E-09
   148.02541      0.53503668     -0.61667192      1.73363226E-08
   149.01591      0.54871303     -0.54250336      5.21906252E-09
   150.00461      0.41957879     -0.37850520     -9.34817890E-10
   151.01587      0.23992562     -0.22244063     -2.16074270E-10
   152.02521      0.20417865     -0.22938646     -1.90148430E-09
   153.00890      0.36092606     -0.39974061      1.30928424E-08
   154.01776      0.53879023     -0.56881952      1.40395795E-09
   155.00056      0.45875567     -0.54507554      2.91972091E-09
   156.00740      0.13488986     -0.34295130      6.05233152E-09
   157.01430     -0.13005736     -0.16257064      1.00597228E-08
   158.02084     -0.14195092     -0.15924555     -5.11400522E-09
   159.00244      1.91279314E-02 -0.28433213      2.60905519E-09
   160.00615      9.89516377E-02 -0.35794482      1.25780089E-08
   161.00751     -9.02286023E-02 -0.23910050     -2.26840791E-09
   162.00838     -0.40437251      1.75979566E-02  2.10796314E-09
   163.00670     -0.57655054      0.23813042      2.15939755E-09
   164.00073     -0.49727511      0.29288986     -5.31248601E-10
   165.01695     -0.24569841      0.17038995      6.90383084E-09
   166.00746     -2.96150949E-02 -1.67030301E-02  8.13709766E-10
   167.02122     -1.21465912E-02 -0.12855135     -5.91300009E-10
   168.00909     -0.18705967     -9.24091041E-02  4.61680361E-10
   169.02165     -0.39911246      4.28250954E-02  1.37368539E-09
   170.01070     -0.51795971      0.17189747      2.42973552E-09
   171.00130     -0.54180872      0.22485256     -2.43551712E-09
   172.01819     -0.50658333      0.17544766     -1.60858904E-09
   173.01233     -0.42650044      4.57658209E-02  7.54218910E-12
   174.00815     -0.29128081     -0.11278858      4.54548399E-10
   175.00424     -0.12524270     -0.22845130      1.25114819E-09
   176.00098     -1.01337526E-02 -0.23858848     -4.36508207E-09
   177.02382     -1.38812121E-02 -0.13921869      5.02309261E-09
   178.02280     -9.59336162E-02 -2.09213812E-02  2.13274154E-09
   179.02307     -0.14895873      1.22267334E-02  1.74338222E-09
   180.00027     -0.11974925     -6.54995218E-02  1.48442758E-09
   181.00441     -5.76757491E-02 -0.17777777      7.63370789E-09
   182.00983     -9.40886289E-02 -0.20108011      1.14648824E-09
   183.01645     -0.26638541     -9.90543664E-02  6.27542152E-09
   184.02353     -0.43932384      3.60436626E-02  9.49245238E-10
   185.00543     -0.46501392      8.27250555E-02  1.94068406E-09
   186.01274     -0.32694668      9.92129371E-03  2.92860336E-09
   187.02043     -0.13941322     -0.11063007      1.72500836E-09
   188.00293     -5.03900535E-02 -0.17387082      8.20155321E-09
   189.01086     -6.64876923E-02 -0.15140657     -3.05063885E-09
   190.01923     -9.11235362E-02 -8.74426961E-02  2.53075028E-09
   191.00299     -9.06775594E-02 -2.81820148E-02  1.29826438E-09
   192.01273     -0.16448331      3.02282162E-02  2.77305512E-09
   193.02286     -0.34897876      8.71917754E-02  2.42704079E-09
   194.00813     -0.51956570      0.10527999      2.56915844E-09
   195.01888     -0.50499058      4.22088616E-02  1.50163137E-09
   196.00397     -0.28018486     -7.75537118E-02  4.74698836E-10
   197.01408     -3.02350391E-02 -0.16104695      1.45898893E-09
   198.02350     -2.59037726E-02 -0.12431566     -6.97508939E-09
   199.00706     -0.21184824     -2.58998927E-02  1.66764125E-09
   200.01524     -0.30575687      5.26841544E-03  3.88176713E-10
   201.02283     -0.13844010     -8.05571675E-02 -2.80897172E-09
   202.00473      0.10855098     -0.16766980     -2.81483836E-09
   203.01152      7.23811537E-02 -0.11111052      3.47962881E-09
   204.01799     -0.30148968      7.51970634E-02 -2.47006993E-09
   205.02446     -0.65280116      0.20727180      1.35955114E-09
   206.00577     -0.64934397      0.14623895      4.86483787E-09
   207.01247     -0.28658676     -6.33905381E-02  2.61609800E-09
   208.01955      9.32895467E-02 -0.21092907      5.36955858E-09
   209.00145      6.81275427E-02 -0.12857285     -2.18004503E-11
   210.00909     -0.27939501      0.11369344     -3.26330030E-09
   211.01678     -0.55349815      0.28692177     -1.73278714E-09
   212.02484     -0.52265465      0.25598091     -6.91618629E-09
   213.00793     -0.26458269      8.34117979E-02 -1.64173186E-09
   214.01627     -2.69887485E-02 -7.59364069E-02  2.91969315E-09
   215.02518     -2.47158408E-02 -0.10017386      4.73488138E-09
   216.00887     -0.17493939     -2.36989986E-02  7.86385179E-10
   217.01790     -0.28847921      4.91997041E-02  1.00846542E-09
   218.00200     -0.27696601      6.05279021E-02  1.25071065E-09
   219.01091     -0.18190245      4.11040932E-02  9.16498100E-10
   220.01941     -9.10950750E-02  4.96231243E-02  1.04528730E-09
   221.00177     -6.86400831E-02  0.10604341      1.10343001E-09
   222.00824     -0.13711293      0.18234886      9.39808897E-10
   223.01361     -0.26508015      0.22367182      1.66987979E-09
   224.01811     -0.35722935      0.19491735     -2.81136980E-09
   225.02220     -0.31596118      0.10507858      2.20092766E-09
   226.00192     -0.15350783      1.25494879E-02  1.95076177E-09
   227.00813     -7.35042337E-03 -1.15580931E-02  1.68172454E-09
   228.01630     -4.43139933E-02  6.44685626E-02 -1.25643895E-09
   229.00114     -0.20972483      0.16906595      1.20958266E-09
   230.01219     -0.29649308      0.20006445      3.02817416E-09
   231.02272     -0.16257986      0.11756359      2.20025020E-09
   232.00665      7.38635212E-02  8.68008658E-03  1.52924629E-09
   233.01451      0.13048214     -2.89052213E-03 -3.96121469E-10
   234.02196     -0.11243407      0.11337571      4.89308871E-10
   235.00548     -0.40815508      0.23915502      5.51266677E-09
   236.01677     -0.47068080      0.25374675      9.30226829E-09
   237.00519     -0.24118139      0.14857873     -2.48324916E-09
   238.01959      7.06968904E-02  3.49273384E-02  1.09626730E-09
   239.00745      0.13351119      3.80873270E-02  2.72827227E-09
   240.01837     -6.64495006E-02  0.14278609      8.43232595E-09
   241.00279     -0.26098585      0.21776597     -6.98701430E-10
   242.01357     -0.24553947      0.17513131      5.32226752E-09
   243.00156     -6.04609847E-02  5.59920855E-02  8.01645195E-10
   244.01694      7.27559775E-02 -1.99384578E-02  1.37608558E-09
   245.00639     -1.27986597E-03  2.50167102E-02  6.96407154E-10
   246.01857     -0.18557893      0.14106965      8.70031658E-10
   247.00343     -0.27942041      0.21934950      1.10373510E-09
   248.01396     -0.21988060      0.21514623      6.55321264E-09
   249.00157     -8.54993984E-02  0.16041695     -2.59011090E-10
   250.01645     -4.05381108E-03  0.11252545     -3.81781051E-10
   251.00504     -2.95875147E-02  9.60615501E-02  2.39778253E-10
   252.01611     -0.10159349      8.67143869E-02  2.80544432E-09
   253.00040     -0.13000649      6.16942495E-02  1.98614414E-09
   254.01144     -8.80648121E-02  3.24800238E-02  1.28360078E-09
   254.99983     -2.72372551E-02  3.70706841E-02 -3.31492223E-10
   256.01401     -1.90618038E-02  9.26531553E-02 -2.45163712E-09
   257.00058     -8.25654715E-02  0.16464818     -4.43980053E-09
   258.01028     -0.16093321      0.19902495     -8.95779717E-09
   259.02106     -0.16737995      0.16272970      5.85675775E-09
   260.00940     -8.33043531E-02  8.42463076E-02  4.04005807E-09
   261.02380      1.54908020E-02  2.31026784E-02  7.65952912E-10
   262.01083      1.56515017E-02  2.49968767E-02  1.12795884E-09
   263.02158     -8.01464766E-02  6.78767189E-02  4.10947665E-10
   264.00827     -0.14735401      8.85282308E-02  9.21895893E-11
   265.02328     -8.04419667E-02  5.41384816E-02  2.76147327E-10
   266.01315      7.53337070E-02  1.73365790E-03  3.60837915E-10
   267.00061      0.15436384     -3.35307233E-03  1.14185272E-09
   268.01257      5.37181422E-02  5.73620349E-02 -8.01677613E-11
   269.00137     -0.12790558      0.12029361     -2.02596340E-09
   270.01801     -0.20524524      0.11212779      4.99352826E-09
   271.00815     -9.91515592E-02  2.79302038E-02 -7.00335123E-10
   272.02155      9.04862136E-02 -6.26648962E-02 -5.71409697E-10
   273.01016      0.17067599     -7.66260251E-02 -1.05775089E-09
   274.00110      9.73173231E-02 -1.44095682E-02 -7.44540096E-10
   275.01736     -1.98382325E-02  5.56271076E-02 -1.08746900E-10
   276.00653     -5.09650558E-02  6.89462796E-02 -5.60344215E-10
   277.02155      1.70261227E-03  3.45525742E-02 -1.13780763E-10
   278.01367      4.34610806E-02  5.57786506E-03  6.88668456E-10
   279.00562      1.36427237E-02  1.09658847E-02  8.15815082E-10
   280.02042     -5.23200557E-02  3.02601214E-02  5.12715481E-10
   281.00967     -6.35248870E-02  2.49105599E-02  1.67820935E-09
   282.00122      8.89160391E-03 -8.51280242E-03  2.68297690E-10
   283.01926      0.10892295     -3.63952145E-02 -1.14454579E-09
   284.01068      0.13911551     -2.60183103E-02  5.74702619E-10
   285.00235      7.98922181E-02  9.61692445E-03  6.79458267E-10
   286.02042     -6.17311383E-03  3.01539563E-02 -5.95888838E-10
   287.01178     -3.85267101E-02  1.44877881E-02  3.45179718E-11
   288.00031     -1.37072895E-02 -1.20351473E-02  8.42107939E-10
   289.01456      1.32802650E-02 -1.24626914E-02 -2.07547035E-10
   290.00479      6.37654588E-03  1.41666168E-02 -2.64600952E-10
   291.02005     -1.35249738E-03  2.84564886E-02  2.98437802E-10
   292.00925      4.27035689E-02  6.51392620E-04  2.81074608E-10
   293.00012      0.11724550     -4.44523357E-02 -1.75557374E-10
   294.01639      0.13223034     -5.27013615E-02  8.26138713E-10
   295.00461      4.42771986E-02 -8.74822773E-03  1.72909020E-10
   296.01700     -6.80505484E-02  3.92906219E-02 -1.50159507E-09
   297.00485     -8.44625831E-02  3.49780843E-02 -4.36028380E-10
   298.01797      2.14905245E-03 -1.28912786E-02 -1.35970221E-10
   299.00534      8.35091993E-02 -4.08848934E-02  5.05552433E-10
   300.02072      6.89976513E-02 -1.32241528E-02 -3.73618358E-11
   301.01306      7.82000925E-03  2.98657641E-02  3.72610942E-10
   302.00458      6.25751959E-03  2.58288886E-02  7.31430694E-10
   303.02142      7.71091729E-02 -3.02488338E-02  3.15215798E-10
   304.01266      0.11400190     -6.97780997E-02 -1.54078061E-09
   305.00153      3.75462323E-02 -4.17703614E-02  3.50168616E-10
   306.01382     -7.35378116E-02  2.75930725E-02  1.02542774E-09
   307.00168     -8.24303851E-02  6.27262816E-02 -1.20789245E-09
   308.01486      2.32180692E-02  3.56437042E-02 -9.51284829E-10
   309.00314      0.12631790     -1.13598173E-02 -1.84290389E-10
   310.01947      0.11920457     -2.43236609E-02 -2.69151285E-10
   311.01208      4.80390079E-02 -8.36499734E-04 -1.08017345E-10
   312.00470      2.06514914E-02  1.96470320E-02 -4.46129245E-12
   313.02277      5.55923656E-02  1.84294470E-02 -5.26399035E-10
   314.01477      7.84810185E-02  1.71313025E-02  3.58713642E-10
   315.00507      5.09883910E-02  3.80547866E-02  1.73966702E-10
   316.02176      2.32373998E-02  7.14652985E-02  3.19964999E-10
   317.01624      6.58121035E-02  8.69890973E-02  2.79471640E-10
   318.01804      0.14481249      7.80922398E-02  7.57756191E-10
   319.01144      0.17179286      6.32790402E-02  1.45066548E-09
   320.00690      0.12742707      5.74961491E-02 -1.26225741E-09
   320.99954      8.22850764E-02  5.68812862E-02  1.29138933E-09
   322.00763      0.10102203      5.54942042E-02  2.79746282E-10
   323.01190      0.15169668      6.29186854E-02 -9.03569664E-10
   324.02164      0.14987871      8.90430734E-02 -4.31373826E-11
   325.02066      8.66769776E-02  0.11691589      4.67736849E-10
   326.01492      3.77298817E-02  0.11338092      1.26211885E-09
   327.00763      6.06210530E-02  6.59789443E-02 -1.57232782E-09
   328.00024      0.12102558      2.01602513E-03 -9.21436955E-11
   329.01941      0.12406620     -3.59049551E-02  1.08540205E-10
   330.01831      4.54011559E-02 -3.24436352E-02 -1.64998326E-09
   330.99991     -4.12122980E-02 -1.59522556E-02 -9.45312578E-11
   332.01923     -6.72399625E-02 -1.64928120E-02 -7.08758885E-11
   333.02124     -4.32409383E-02 -3.77576165E-02  6.90592250E-10
   334.02167     -3.44043300E-02 -6.35890961E-02 -3.61250185E-09
   335.01288     -6.53252229E-02 -8.55854526E-02  2.19981103E-10
   336.01926     -0.10781235     -0.10895997     -3.18456927E-11
   337.01791     -0.12754332     -0.13484877     -3.47831408E-09
   338.01190     -0.12228620     -0.15289776     -4.79934315E-09
   339.00470     -0.10888300     -0.15094990     -4.40269066E-09
   339.99973     -9.38790739E-02 -0.12822562      4.43476422E-10
   341.02411     -7.88686424E-02 -9.30443183E-02  3.81837839E-10
   342.00018     -7.23325983E-02 -5.82072102E-02  1.57036328E-10
   343.00171     -6.81654960E-02 -2.80667022E-02 -9.66721148E-10
   343.99942     -4.34835553E-02 -8.65156669E-03 -3.48827245E-10
   345.01715      2.36440804E-02  3.81091144E-04 -2.27752539E-11
   346.00412      0.10542293      9.97138955E-03  2.24338742E-11
   347.01309      0.15904748      3.64924371E-02  2.42191822E-10
   348.02219      0.16277467      8.26723576E-02 -3.03443581E-09
   349.01022      0.14451754      0.12867586      3.24303184E-09
   350.00580      0.14178151      0.14935116     -3.07933123E-10
   351.00720      0.15435426      0.13190484     -4.33751896E-10
   352.00626      0.14919057      8.71679336E-02  2.76614925E-10
   353.02097      0.10541735      3.62197235E-02  2.79089030E-10
   354.00061      4.90942597E-02 -5.26665431E-03  6.02460304E-10
   355.00000      1.21760461E-02 -4.03420813E-02  1.33234490E-09
   356.00040      8.55167164E-04 -7.32277259E-02 -1.27525923E-09
   357.00763     -1.31668802E-02 -0.10413589     -5.17358378E-11
   358.02310     -5.25577962E-02 -0.12889203     -6.65629019E-09
   359.01538     -0.10449257     -0.14537065      5.20867882E-09
   360.00290     -0.14063603     -0.15722978      4.85880225E-10
   361.01071     -0.13906749     -0.16868843      6.58752120E-09
   362.01990     -9.49911475E-02 -0.17812926      3.44402395E-10
   363.01108     -2.51157358E-02 -0.17549302      4.79383200E-10
   364.00800      4.42579165E-02 -0.14754066     -1.44314627E-09
   365.00180      9.18764025E-02 -9.07008052E-02  1.42496059E-09
   366.01407      0.12228425     -1.91786718E-02  7.37655048E-10
   366.99860      0.15673140      3.63785587E-02  4.45906617E-10
   368.01224      0.20790154      6.03353977E-02  7.48550999E-10
   369.00461      0.25333714      5.55869378E-02  1.31411410E-11
   370.01962      0.26194802      4.12049480E-02  9.20921672E-10
   371.00134      0.22888429      2.91094575E-02  2.48685450E-09
   372.00385      0.17753121      1.31889116E-02  6.18517015E-10
   373.00946      0.12521195     -1.58181731E-02  2.21370006E-10
   374.02066      6.37079477E-02 -5.59968017E-02 -1.46202495E-10
   375.00574     -1.81699488E-02 -9.28145498E-02  3.34087624E-09
   376.00992     -0.11148701     -0.11752194      2.92132563E-09
   377.01257     -0.17663628     -0.12919413     -1.97802386E-10
   378.02151     -0.19359255     -0.13103147     -4.99544239E-10
   379.01288     -0.17489813     -0.12119069     -2.08045275E-10
   380.00323     -0.14829794     -9.34260860E-02  8.13512480E-10
   381.01367     -0.12528458     -4.23912592E-02 -8.97658559E-10
   381.99997     -0.10157630      2.70266701E-02  7.93145605E-10
   383.01904     -7.21316114E-02  0.10916391     -4.63261518E-09
   384.01395     -4.21474911E-02  0.18351880      3.56574548E-10
   385.00128     -1.09426137E-02  0.23371083     -9.95945326E-10
   386.01001      2.58720443E-02  0.24975722      5.02427683E-11
   387.02341      5.84466234E-02  0.23372675      4.86221285E-09
   388.01419      5.98005652E-02  0.19989923     -3.40151268E-10
   388.99887      1.09959003E-02  0.15668321     -3.36755823E-09
   390.00378     -7.17121810E-02  9.86638516E-02 -2.56934231E-11
   391.01102     -0.13790730      2.03459058E-02 -3.95636524E-10
   392.02051     -0.15674590     -6.92337379E-02  5.52441703E-10
   393.00226     -0.14193566     -0.14363052     -8.27075561E-12
   394.00781     -0.12014726     -0.18848994     -4.34226344E-09
   395.01755     -8.65085050E-02 -0.20607084      3.23109678E-10
   396.00418     -1.34036904E-02 -0.21248633      1.08358447E-10
   397.01385      9.54709202E-02 -0.20842735      6.14270856E-09
   397.99875      0.18705434     -0.17560928      4.54107685E-09
   399.01489      0.22226655     -0.10030979     -3.22268345E-09
   400.00848      0.21282592     -5.37296757E-03 -8.32281022E-10
