  2.53029466E-02  5.03345796E-24  4.47704793E-24 -6.99040317E-38
   1.0011063      7.94264445E-24  7.07819489E-24 -3.57016805E-36
   2.0000608      1.27348719E-23  1.14013270E-23 -9.29558892E-36
   3.0231161      2.07990782E-23  1.86899450E-23 -1.88338072E-35
   4.0209274      3.37899323E-23  3.04399367E-23 -3.40323982E-35
   5.0193563      5.52699111E-23  4.98880969E-23 -5.88658184E-35
   6.0180593      9.10070267E-23  8.22904355E-23 -9.97406957E-35
   7.0168557      1.50857317E-22  1.36644706E-22 -1.67531455E-34
   8.0157156      2.51793319E-22  2.28473909E-22 -2.80390668E-34
   9.0146446      4.23264518E-22  3.84765354E-22 -4.69892112E-34
   10.013657      7.16776437E-22  6.52817311E-22 -7.90425911E-34
   11.012769      1.22315021E-21  1.11621178E-21 -1.33678393E-33
   12.011990      2.10386967E-21  1.92388034E-21  3.16668586E-31
   13.011331      3.64845054E-21  3.34340244E-21 -3.93697546E-29
   14.010797      6.38015756E-21  5.85935972E-21 -2.36946465E-30
   15.010389      1.12519795E-20  1.03559240E-20 -6.73370861E-30
   16.010118      2.00117188E-20  1.84572881E-20 -2.99507595E-29
   17.009983      3.58846233E-20  3.31646790E-20  6.07235648E-28
   18.009989      6.48532735E-20  6.00510894E-20  1.19576537E-28
   19.010126      1.18060956E-19  1.09505220E-19  1.92413690E-27
   20.010403      2.16329159E-19  2.00949429E-19 -3.97171898E-27
   21.010811      3.98651399E-19  3.70769648E-19  9.56959229E-27
   22.011356      7.38161813E-19  6.87222635E-19 -9.28780101E-28
   23.012037      1.37215243E-18  1.27845499E-18 -1.73984486E-27
   24.012850      2.55847708E-18  2.38514697E-18  6.19245411E-27
   25.013788      4.78151836E-18  4.45941092E-18 -3.84597548E-26
   26.014851      8.95122912E-18  8.35053883E-18 -2.34296323E-25
   27.016045      1.67769434E-17  1.56538538E-17 -5.02056965E-25
   28.017353      3.14694511E-17  2.93658514E-17  9.88390452E-25
   29.018784      5.90593325E-17  5.51145148E-17 -9.50046635E-26
   30.020336      1.10872933E-16  1.03469548E-16 -5.33402205E-25
   31.021997      2.08181428E-16  1.94280691E-16 -3.16386175E-25
   32.023777      3.90930375E-16  3.64822120E-16 -1.08349858E-24
   33.025650      7.34126526E-16  6.85081095E-16 -1.18840909E-24
   34.001945      1.35649637E-15  1.26582827E-15  7.28396736E-23
   35.004051      2.54716995E-15  2.37680219E-15 -7.10177158E-24
   36.006233      4.78244416E-15  4.46228349E-15  2.32587394E-24
   37.008518      8.97778691E-15  8.37606911E-15  2.80125707E-23
   38.010921      1.68494267E-14  1.57184412E-14  1.66028920E-23
   39.013390      3.16125605E-14  2.94866128E-14 -2.53549992E-23
   40.015972      5.92854623E-14  5.52891879E-14  6.34507357E-22
   41.018639      1.11121764E-13  1.03609958E-13 -2.60304126E-21
   42.021370      2.08139102E-13  1.94020933E-13 -1.35072589E-22
   43.024227      3.89535409E-13  3.63006988E-13  3.59899398E-22
   44.001396      7.16714177E-13  6.67683302E-13 -1.51676389E-21
   45.004425      1.33848824E-12  1.24643796E-12  9.23138309E-22
   46.007473      2.49631912E-12  2.32362588E-12  1.09433402E-20
   47.010651      4.64860702E-12  4.32490979E-12  6.01970068E-21
   48.013851      8.64176352E-12  8.03569624E-12  1.75135707E-19
   49.017178      1.60346389E-11  1.49013857E-11 -2.29278207E-19
   50.020515      2.96903821E-11  2.75746509E-11  1.04188600E-19
   51.023991      5.48526329E-11  5.09096064E-11 -7.48084245E-20
   52.001736      9.95263039E-11  9.23078905E-11 -2.10304426E-18
   53.005325      1.82973400E-10  1.69575520E-10 -4.44721290E-18
   54.008949      3.35474759E-10  3.10665799E-10  1.85378488E-17
   55.012634      6.13323836E-10  5.67500325E-10 -1.15589524E-17
   56.016407      1.11792997E-09  1.03351705E-09 -1.34715925E-17
   57.020180      2.03128003E-09  1.87621474E-09 -1.26376364E-17
   58.024090      3.67863562E-09  3.39461637E-09 -6.67268137E-17
   59.002270      6.53936905E-09  6.02866868E-09  1.27164593E-16
   60.006214      1.17593952E-08  1.08297336E-08  2.71729334E-16
   61.010284      2.10641531E-08  1.93774241E-08 -3.89751226E-17
   62.014355      3.75752407E-08  3.45255629E-08  1.34197332E-17
   63.018471      6.67312463E-08  6.12374578E-08  1.25533629E-15
   64.022690      1.17943713E-07  1.08085345E-07 -1.81663664E-15
   65.001160      2.04412430E-07  1.87054169E-07  2.32082316E-16
   66.005424      3.57430679E-07  3.26543471E-07 -3.14877219E-18
   67.009941      6.21122695E-07  5.66438246E-07 -1.72401195E-16
   68.014633      1.07405936E-06  9.77315835E-07  1.29413082E-15
   69.020271      1.88250317E-06  1.70904673E-06 -3.84081245E-15
   70.003403      3.26862005E-06  2.96206213E-06  6.55900640E-14
   71.015938      5.74719297E-06  5.19929290E-06 -7.06883384E-15
   72.005890      9.92019432E-06  8.95930225E-06 -1.81249838E-14
   73.025284      1.69189843E-05  1.56305705E-05  3.47866945E-13
   74.021767      2.98337691E-05  2.72407360E-05  5.14409804E-13
   75.021347      5.21114634E-05  4.77782669E-05 -5.49689688E-14
   76.023941      9.12805845E-05  8.36868858E-05  1.73597356E-12
   77.002983      1.57517585E-04  1.44184989E-04 -2.24608350E-13
   78.011261      2.75216124E-04  2.51708552E-04 -1.85228850E-12
   79.022293      4.80014714E-04  4.38759598E-04  1.60211276E-12
   80.009247      8.24021990E-04  7.52752239E-04 -2.32802146E-11
   81.025375      1.43387332E-03  1.30918098E-03 -2.61893241E-12
   82.017059      2.45745690E-03  2.24306504E-03 -9.65894378E-12
   83.010902      4.21196595E-03  3.84428026E-03 -1.30130030E-11
   84.006783      7.22619751E-03  6.59705838E-03  4.15247420E-11
   85.004539      1.24256909E-02  1.13513852E-02 -4.01213056E-11
   86.004028      2.14532260E-02  1.96215250E-02 -6.16463963E-11
   87.005089      3.72804515E-02  3.41582112E-02 -1.36537989E-10
   88.007538      6.54149354E-02  6.00793436E-02 -1.42815726E-09
   89.011185      0.11636601      0.10716473     -4.16130685E-09
   90.015823      0.21083488      0.19457561      8.35424230E-11
   91.021240      0.39080435      0.36035538     -9.17398157E-09
   92.000000      0.72967291      0.66692573     -1.91916758E-08
   93.006256       1.4131567       1.2566419      4.47543425E-09
   94.012527       2.7157180       2.2723837      1.03706044E-09
   95.018448       4.7428017       3.6155591      1.74027850E-08
   96.023560       6.2090430       4.4707484     -8.20739698E-10
   97.026604       5.3743467       4.0571361      9.08610787E-09
   98.026321       3.7654603       3.0323639      3.00559648E-08
   99.022690       2.7150497       2.2269850      2.16254641E-08
   100.01576       2.1528077       1.7528268      2.15116600E-08
   101.00555       1.8113643       1.4606141      1.12480336E-08
   102.01873       1.5419478       1.2331730     -6.01759993E-08
   103.00201       1.3058320       1.0364575      9.64032054E-09
   104.00859       1.0755298      0.84767598      1.16066392E-08
   105.01189      0.85813642      0.67130613      2.82718737E-08
   106.01195      0.65927672      0.50828671      2.79219869E-10
   107.00880      0.48279405      0.35982060     -4.42357173E-09
   108.00250      0.32793465      0.22756894      6.16117601E-09
   109.01911      0.18895325      0.11045528      2.79554380E-09
   110.00653      7.36211315E-02  1.52949803E-02  1.39499590E-09
   111.01675     -2.04614215E-02 -6.30515292E-02  2.29816011E-09
   112.02383     -8.82051736E-02 -0.12199180      7.37324424E-09
   113.00207     -0.13134891     -0.16060759      9.65377445E-10
   114.00299     -0.15583992     -0.18149318     -3.20370885E-09
   115.00092     -0.16194947     -0.18582116      7.05534020E-10
   116.02185     -0.15104872     -0.17740987      1.29215638E-09
   117.01743     -0.12897897     -0.16141431     -4.77887685E-09
   118.00507     -0.10415944     -0.14244224      2.52280058E-10
   119.00356     -8.27997699E-02 -0.12427390      9.54650581E-10
   120.01613     -6.73509985E-02 -0.11005682      1.13471510E-09
   121.02409     -5.71942553E-02 -0.10093474     -1.82317073E-09
   122.02558     -5.01488894E-02 -9.47871581E-02  1.13139942E-09
   123.02342     -4.29904610E-02 -8.77704620E-02 -1.95767291E-09
   124.02189     -3.13581452E-02 -7.63941705E-02  9.41603684E-10
   125.02416     -1.13859018E-02 -5.90963289E-02  9.16743903E-10
   126.02668      1.66298822E-02 -3.69532481E-02  4.47492321E-10
   127.02055      4.71131206E-02 -1.35041308E-02  8.47521830E-10
   128.00168      7.26081058E-02  6.53927075E-03  7.98076272E-10
   129.01584      8.80564004E-02  1.92787517E-02  7.58688612E-10
   130.02733      8.98814052E-02  2.10910384E-02  8.11747225E-10
   131.02190      7.95300454E-02  1.28008686E-02  8.56842819E-10
   132.00946      6.12440296E-02 -1.83985278E-03  7.49211970E-10
   133.02090      4.01278138E-02 -1.85921099E-02  1.11319931E-09
   134.02724      2.26279013E-02 -3.29437517E-02  2.42926984E-10
   135.00145      1.24151800E-02 -4.27049436E-02  7.03530012E-10
   136.00337      8.88313912E-03 -4.85978164E-02  1.73936698E-09
   137.00652      1.00808945E-02 -5.18462658E-02  4.60942867E-10
   138.01196      1.37731163E-02 -5.45905903E-02  4.09970585E-10
   139.01973      1.96370631E-02 -5.86404651E-02 -6.15213047E-10
   140.02887      2.92693824E-02 -6.48720115E-02  5.75433590E-10
   141.00954      4.45228778E-02 -7.30691180E-02  4.20856516E-10
   142.01979      6.83555230E-02 -8.37814435E-02  4.45918830E-10
   143.00188      0.10038308     -9.73345786E-02  2.69642397E-09
   144.01218      0.14189193     -0.11680886     -2.64570632E-09
   145.02094      0.19035020     -0.14560217     -5.78801851E-09
   146.02869      0.24622484     -0.18992899      1.14297449E-09
   147.00755      0.31727153     -0.26026216     -4.96266672E-09
   148.01532      0.44083342     -0.39112267      1.26514408E-08
   149.02310      0.69834477     -0.65091991      3.89389410E-09
   150.00256       1.2428923      -1.1513253     -3.80092438E-08
   151.01086       2.3853514      -2.0654941     -1.43732248E-09
   152.01878       4.1765490      -3.2387743     -7.29574889E-09
   153.02655       5.1966734      -3.7954819      7.88102739E-09
   154.00443       3.9446783      -3.1006160      5.00668440E-09
   155.00912       2.0800834      -1.8779573     -2.43653400E-08
   156.01215      0.94795835     -0.98803061      5.17026919E-08
   157.01358      0.48073566     -0.57612520     -2.54588706E-08
   158.01343      0.44056070     -0.52256715     -8.64409877E-09
   159.01178      0.69630164     -0.71333152     -3.24430687E-08
   160.00880       1.1505935      -1.0471658      1.54628543E-09
   161.00446       1.6214584      -1.3759607     -3.75612075E-08
   162.02718       1.8215045      -1.5137793      5.93818328E-10
   163.02005       1.5815848      -1.3621457     -3.42264386E-08
   164.01147       1.0917349      -1.0320373     -2.32032065E-08
   165.00143      0.65126812     -0.71808767      2.08746753E-09
   166.01817      0.44087702     -0.56530839      2.25978769E-09
   167.00514      0.53365529     -0.63833994      2.00365360E-08
   168.01875      0.90176594     -0.90284193      4.24550839E-09
   169.00252       1.3523468      -1.1992842      7.26270211E-10
   170.01263       1.5596322      -1.3185401      3.37513910E-08
   171.02098       1.2714379      -1.1203614     -3.48190987E-08
   172.02757      0.67978919     -0.71299899      1.94732119E-09
   173.00443      0.15862677     -0.33031443      1.13833130E-08
   174.00725     -0.12908819     -0.10122849      4.20094759E-09
   175.00818     -0.13898709     -7.48671144E-02  4.00232247E-09
   176.00716      5.51406704E-02 -0.19823618      1.24197830E-09
   177.00414      0.30249029     -0.35840780      1.07437668E-08
   178.02661      0.41186866     -0.42755884      1.93217597E-09
   179.01932      0.27792531     -0.33956295      3.84474313E-10
   180.00998     -3.78673384E-03 -0.14953588     -2.36109376E-09
   181.02596     -0.26069444      3.35260630E-02  3.01251779E-09
   182.01227     -0.35499194      0.10996770      2.94334557E-09
   183.02382     -0.27523637      6.72933459E-02  1.56444191E-09
   184.00632     -0.10336992     -3.56569551E-02  2.01041805E-09
   185.01697      2.32063532E-02 -0.10723113      3.42507356E-09
   186.00163     -1.86136030E-02 -7.41109401E-02  1.69851977E-09
   187.01492     -0.21380849      5.56151234E-02  1.44608903E-09
   188.00198     -0.42385614      0.19715534      8.41770431E-10
   189.01750     -0.52951789      0.27275336      3.55326879E-11
   190.00655     -0.47937757      0.24668860      2.36187137E-09
   191.02408     -0.32703438      0.15448348     -3.71753250E-09
   192.01491     -0.20222756      8.01782161E-02  2.49658050E-09
   193.00659     -0.20820329      8.57808664E-02  8.46527293E-11
   194.02658     -0.34410414      0.17012835      2.43097570E-10
   195.01981     -0.48445010      0.25545660     -1.39990131E-10
   196.01372     -0.50444716      0.26066041     -2.35352204E-09
   197.00829     -0.35467988      0.15458368     -5.41076739E-09
   198.00349     -9.86101627E-02 -1.47884423E-02 -2.01140593E-09
   199.02696      0.10151778     -0.14503066     -4.86419971E-09
   200.02338      8.77133831E-02 -0.14752197      1.16094800E-09
   201.02039     -9.13506746E-02 -5.12911640E-02 -2.06655493E-09
   202.01794     -0.24964714      3.67969163E-02 -1.10549192E-09
   203.01602     -0.23443803      2.47459486E-02 -1.25741684E-09
   204.01462     -4.47940901E-02 -8.59333426E-02 -1.94483007E-09
   205.01366      0.16218567     -0.19868807     -5.13934506E-10
   206.01315      0.18192852     -0.20237672     -1.68750777E-10
   207.01305     -1.73486434E-02 -8.32435265E-02  7.78932807E-10
   208.01335     -0.25397784      5.71546070E-02 -3.17935567E-10
   209.01414     -0.32570720      9.90398377E-02  1.68868508E-09
   210.01526     -0.17723583      9.03417356E-03  2.50955368E-11
   211.01666      6.86277747E-02 -0.13160689     -6.89123703E-10
   212.01859      0.17823035     -0.18853429     -1.15530557E-10
   213.02069      3.42837833E-02 -9.90981907E-02  5.05539566E-09
   214.02319     -0.22769529      6.30323440E-02  1.42032208E-09
   215.02600     -0.37773359      0.16403143      5.31021560E-10
   216.00119     -0.30746886      0.13435936      2.28050201E-09
   217.00458     -8.35745782E-02  1.27446391E-02 -8.41024472E-10
   218.00818      9.63224322E-02 -8.50578845E-02  1.92590985E-10
   219.01205      6.53028041E-02 -7.03527704E-02 -1.18530741E-11
   220.01620     -0.11698934      2.93917954E-02  5.49820467E-11
   221.02051     -0.24808142      0.10555259      1.82506926E-10
   222.02521     -0.19157887      8.12693536E-02 -5.05782471E-10
   223.00214     -3.65858921E-03 -1.38659049E-02 -1.19937726E-09
   224.00739      0.14486548     -8.51750448E-02  1.75117598E-09
   225.01294      9.15083364E-02 -5.24466522E-02  2.63556871E-10
   226.01880     -0.10145916      5.45700863E-02 -1.14474075E-09
   227.02515     -0.24164310      0.13340765     -2.99087355E-09
   228.00388     -0.20794782      0.11731546      2.88563107E-09
   229.01077     -4.95236591E-02  3.24180052E-02 -7.77156228E-10
   230.01767      6.67822212E-02 -2.90092640E-02  9.39110678E-10
   231.02457      1.28641622E-02 -1.69771584E-03 -3.82105958E-10
   232.00349     -0.13747294      8.04247484E-02  1.64312036E-10
   233.01039     -0.22665973      0.13517414     -3.89096588E-10
   234.01729     -0.15988810      0.10873584     -1.04005060E-09
   235.02419     -7.11263949E-03  3.62401158E-02 -1.45868384E-09
   236.00333      6.73606545E-02  6.82053447E-04 -2.57193156E-10
   237.01106     -1.22480001E-02  4.06881683E-02 -8.42674375E-10
   238.01961     -0.15723093      0.11310412      1.86534371E-10
   239.00085     -0.20711693      0.13797358     -3.81305743E-09
   240.01050     -0.11251830      8.92276391E-02 -5.07861253E-10
   241.02010      3.17508839E-02  1.81137249E-02  1.73449560E-10
   242.00107      6.58762008E-02  3.65875941E-03  4.53793947E-10
   243.00951     -4.62661758E-02  6.32890090E-02 -1.11688547E-09
   244.01750     -0.18308057      0.13628384      3.04119813E-10
   245.02591     -0.20086059      0.14819717      8.99156583E-11
   246.00714     -9.19105187E-02  9.32727605E-02  4.22621799E-10
   247.01733      3.05118263E-02  3.03004421E-02  1.53915214E-09
   248.02808      2.70148069E-02  2.79549900E-02  2.93213898E-10
   249.01062     -8.61739665E-02  8.13887343E-02 -1.14393695E-09
   250.02051     -0.18080744      0.12870607      2.62569322E-09
   251.00166     -0.14940435      0.11637530      2.25281438E-09
   252.01082     -2.88799182E-02  5.93858957E-02  2.32819675E-09
   253.02074      4.51528765E-02  2.30587088E-02 -3.62977315E-10
   254.00365     -1.11335954E-02  4.75870594E-02  4.86285318E-11
   255.01494     -0.13414687      0.10460829      4.67646810E-09
   256.02609     -0.18343900      0.12825498      3.19360371E-10
   257.00839     -0.11152312      9.39949453E-02  3.98357763E-10
   258.01804      4.51919995E-03  3.95405255E-02  8.03571765E-10
   259.00024      3.19255926E-02  2.65154243E-02  3.34803657E-10
   260.01151     -5.41516207E-02  6.69339821E-02  1.43002421E-09
   261.02335     -0.15095596      0.11278104      2.50854171E-10
   262.00708     -0.14757261      0.11131008     -9.68157110E-10
   263.01788     -5.34382686E-02  6.50777817E-02 -7.43782536E-10
   264.00055      2.23608576E-02  2.67612301E-02  8.21578139E-10
   265.01151     -8.03275220E-03  3.63782644E-02  1.95303232E-10
   266.02335     -0.10388671      7.93975890E-02  4.96593044E-11
   267.00781     -0.14836349      0.10245150      3.23701344E-11
   268.01965     -9.37808156E-02  8.06451365E-02  2.26176988E-09
   269.00253     -4.40130709E-03  4.21852730E-02 -3.48166801E-10
   270.01364      1.55606586E-02  3.26170810E-02  1.33172584E-10
   271.02573     -5.74171506E-02  6.33439049E-02  1.18768329E-09
   272.01053     -0.13205467      9.45597440E-02  4.57876315E-09
   273.02304     -0.12097690      8.83772448E-02  2.21396168E-09
   274.00677     -4.07452174E-02  5.13975397E-02 -3.31415062E-10
   275.01862      1.73881352E-02  2.51572132E-02 -1.02341996E-10
   276.00296     -1.45883141E-02  3.95544656E-02  1.20727206E-09
   277.01590     -9.29114223E-02  7.58334696E-02  1.09388817E-10
   278.00070     -0.11972097      8.97198021E-02 -3.04100883E-10
   279.01260     -6.66723102E-02  6.63494468E-02 -2.03345030E-09
   280.02469      2.38617463E-03  3.38858627E-02  7.54369484E-11
   281.00949      1.19919865E-03  3.01396772E-02  7.52394258E-11
   282.02243     -6.42971471E-02  5.55599257E-02  1.44193368E-09
   283.00723     -0.11127348      7.56109878E-02 -2.32233743E-09
   284.02017     -8.38286579E-02  6.53528720E-02 -9.25628255E-11
   285.00497     -1.76362321E-02  3.77139263E-02  2.54317928E-10
   286.01868      8.22013058E-03  2.49580983E-02  1.32683087E-10
   287.00409     -3.37977298E-02  3.92671973E-02  8.50532353E-11
   288.01703     -8.71634334E-02  5.75015321E-02  1.16854160E-09
   289.00183     -7.90913701E-02  5.12081049E-02  3.59574565E-10
   290.01556     -1.96020771E-02  2.35717930E-02  1.60340741E-10
   291.00143      1.82081647E-02  5.61338663E-03  3.59396679E-10
   292.01517     -9.62283276E-03  1.53953871E-02  1.57272029E-10
   293.00040     -6.26206622E-02  3.61479037E-02  2.42694004E-10
   294.01443     -6.89239129E-02  3.78840864E-02  3.39717365E-10
   295.00110     -1.65398121E-02  1.43780420E-02  8.47665549E-10
   296.01520      3.67874950E-02 -1.03497850E-02  4.12998691E-10
   297.00107      2.63535362E-02 -1.05456486E-02  1.94452940E-10
   298.01617     -2.45888066E-02  7.00224005E-03 -8.62068195E-11
   299.00311     -4.37396765E-02  1.44466087E-02  3.27499361E-10
   300.01825     -3.79525591E-03  5.62861329E-04  5.07512032E-10
   301.00519      4.69962321E-02 -1.54037280E-02  6.14321427E-10
   302.02042      4.34644520E-02 -9.98175703E-03  1.73226364E-10
   303.00812     -5.12907654E-03  1.27247227E-02  4.51013282E-10
   304.02325     -3.36811841E-02  2.65499465E-02  1.14691534E-10
   305.01019     -2.69301003E-03  1.57638583E-02 -8.32304115E-10
   306.02560      5.25661036E-02 -3.79252248E-03  3.56700974E-10
   307.01318      6.11109324E-02 -4.28618677E-03  4.14910828E-10
   308.00012      1.88098624E-02  1.61391478E-02 -5.11172882E-10
   309.01526     -1.67183317E-02  3.37088890E-02  7.54704632E-11
   310.00317      6.75332919E-03  2.69466490E-02 -6.46212528E-10
   311.01935      6.32138699E-02  5.30267134E-03  4.41486403E-10
   312.00629      8.07738602E-02 -3.43629695E-03  1.68853112E-10
   313.02240      3.88600677E-02  9.05612763E-03 -5.13764253E-10
   314.01041     -8.51302873E-03  2.18408126E-02  7.06911585E-10
   315.02664     -3.51554656E-04  1.26408013E-02  3.15503373E-10
   316.01465      4.72532287E-02 -1.23892110E-02 -2.99406389E-10
   317.00266      6.88347518E-02 -2.75765546E-02  3.12792181E-10
   318.01889      2.86237746E-02 -1.96987540E-02 -7.66089858E-10
   319.00690     -2.87478417E-02 -5.99627523E-03 -1.95658142E-10
   320.02313     -3.94242853E-02 -1.08106323E-02 -7.48806905E-10
   321.01114     -4.27623140E-03 -3.33697759E-02  1.04239750E-09
   322.02737      1.78379454E-02 -5.02670184E-02 -1.54287383E-09
   323.01538     -1.38775380E-02 -4.48962562E-02  7.78168363E-11
   324.00339     -6.31894171E-02 -3.07303891E-02  2.95453939E-10
   325.01962     -6.58832118E-02 -3.12393382E-02 -5.83334603E-10
   326.00684     -1.76374540E-02 -4.80830260E-02  2.23596563E-09
   327.02197      2.42021196E-02 -5.84814027E-02 -6.28629510E-11
   328.00891      8.32933001E-03 -4.39463668E-02  2.18344987E-09
   329.02405     -3.59006152E-02 -1.51827447E-02  2.36560882E-10
   330.01099     -3.99416797E-02  8.42011767E-04  4.60011265E-11
   331.02612      1.11184996E-02 -1.96826318E-03  3.87321064E-10
   332.01306      6.33355677E-02 -4.59138211E-03  1.21707144E-10
   333.02823      6.36613742E-02  1.15092108E-02 -8.76920550E-11
   334.01624      3.02667785E-02  3.72791588E-02  4.46566673E-11
   335.00424      2.25378461E-02  4.94013689E-02  1.18289295E-10
   336.02048      6.15983382E-02  3.86843532E-02 -6.39585940E-10
   337.00848      0.10136949      2.27641035E-02  1.87347110E-10
   338.02527      8.48846287E-02  2.16787215E-02  1.13148081E-10
   339.01514      2.83704214E-02  3.14153917E-02  3.83325316E-10
   340.00815     -7.64761865E-03  2.99306959E-02  2.69203021E-10
   341.00735      5.84145822E-03  6.84581231E-03  3.14193616E-10
   342.01788      3.24256197E-02 -2.25135870E-02 -3.89721783E-10
   343.01553      1.34883653E-02 -3.52422856E-02  2.83840146E-10
   344.02826     -4.46401685E-02 -3.19807716E-02  7.08407222E-10
   345.00989     -7.96900839E-02 -3.29265445E-02  1.04767375E-10
   346.00549     -6.09193631E-02 -4.85933870E-02 -2.14444379E-10
   347.01419     -1.89858079E-02 -6.49537295E-02 -2.05248374E-10
   348.01199     -1.46190850E-02 -5.99977151E-02  2.64154809E-10
   349.00366     -4.53924462E-02 -3.48153338E-02 -1.03191199E-10
   350.02039     -5.82099631E-02 -1.06681613E-02  4.84521590E-10
   351.00732     -1.58352293E-02 -4.11070697E-03 -1.73977374E-10
   352.02246      4.87329476E-02 -4.48171422E-03 -3.31270567E-10
   353.01086      7.15137869E-02  7.68799335E-03 -5.08515563E-10
   354.00266      4.86699156E-02  3.33659165E-02 -6.94330315E-10
   355.02850      2.68492997E-02  5.34423441E-02 -1.11979703E-09
   356.00418      4.52656001E-02  5.09589911E-02  3.34433106E-11
   357.01440      7.99386501E-02  3.37711051E-02  1.58514391E-09
   358.02493      7.41696283E-02  2.13997941E-02  7.98785371E-10
   359.02921      2.19427384E-02  1.85756944E-02  8.87911467E-10
   360.02441     -2.72979159E-02  1.06689231E-02 -2.83326584E-10
   361.01175     -3.34960781E-02 -1.29863508E-02  2.27229485E-10
   362.02158     -1.35788433E-02 -4.28971276E-02  7.89814672E-11
   363.02841     -1.91394035E-02 -5.68847395E-02 -2.20306262E-09
   364.00723     -5.86934388E-02 -4.97813933E-02  7.09231146E-11
   365.01648     -8.99899900E-02 -3.68353501E-02  1.32468070E-09
   366.00208     -6.98583573E-02 -3.34322713E-02  7.63351271E-10
   367.02039     -1.75337605E-02 -3.39675024E-02  1.77178716E-10
   368.01239      1.23979691E-02 -2.20134947E-02  1.88073579E-09
   369.02985      7.13251438E-03  6.07968029E-03  2.77321499E-10
   370.01364      2.13587238E-03  3.23949493E-02 -3.78330978E-10
   371.02060      3.35578136E-02  4.22861502E-02  2.54003013E-10
   372.02585      7.96762034E-02  3.81951183E-02  1.40276402E-10
   373.00473      9.01342630E-02  3.51714641E-02  3.20904997E-10
   374.01697      5.41281775E-02  3.72744985E-02  1.11662868E-09
   375.00717      1.00283381E-02  3.26491147E-02  4.08383716E-10
   376.02759     -2.86159478E-03  9.74583440E-03  1.80579884E-10
   377.01599      7.42515270E-03 -2.26475038E-02  6.46273535E-10
   378.02756     -9.49081441E-05 -4.69851643E-02 -1.15796683E-09
   379.00940     -3.63992229E-02 -5.38082644E-02 -1.13946186E-09
   380.02267     -6.71189725E-02 -5.31538352E-02 -1.23489396E-09
   381.01358     -5.46459556E-02 -5.57727441E-02 -8.15992413E-11
   382.00659     -1.43197067E-02 -5.75478598E-02  9.09384651E-11
   383.02289      1.22766113E-02 -4.55629751E-02  3.41022627E-11
   384.00418      1.15368795E-02 -1.92883871E-02 -7.37541018E-12
   385.01089      1.25427954E-02  8.18541367E-03 -5.22422591E-11
   386.02142      4.48817015E-02  2.18104608E-02  8.42324266E-11
   387.01102      8.72552693E-02  2.35324688E-02  6.20667184E-10
   388.00418      9.68993306E-02  2.52335016E-02  4.88746210E-10
   389.02127      6.33979216E-02  2.99954563E-02  8.35179495E-11
   390.00476      2.00039260E-02  2.80442741E-02  1.24694227E-10
   391.01590     -2.02509714E-03  1.12847462E-02  8.26461261E-11
   392.00305     -7.78501295E-03 -1.25507684E-02 -6.25162866E-10
   393.02231     -2.88866833E-02 -2.86150016E-02  7.30133176E-10
   394.01053     -6.88948855E-02 -2.92558055E-02  2.43071091E-10
   395.02185     -9.82908681E-02 -2.25151200E-02  5.35688854E-11
   396.00394     -8.81256461E-02 -1.70541313E-02 -4.80846023E-11
   397.01791     -5.33583164E-02 -9.19957086E-03  2.84172158E-10
   398.00742     -3.04446202E-02  9.16703232E-03  3.29896499E-10
   399.02325     -2.74484828E-02  3.80191021E-02  2.73321754E-10
   400.00690     -2.27546059E-02  6.26044795E-02 -1.13604204E-09
