  2.53029466E-02  4.26037032E-30  1.09224603E-30 -1.03696086E-43
   1.0011063      8.95160126E-30  8.41686399E-31 -3.48643058E-42
   2.0000608      1.18921307E-29  6.59059857E-31 -7.13260918E-42
   3.0231161      1.64022080E-29  1.06570591E-30 -1.25724498E-41
   4.0209274      2.36036918E-29  1.65348647E-30 -2.09017679E-41
   5.0193563      3.44207436E-29  2.45509293E-30 -3.36591891E-41
   6.0180593      5.09026414E-29  3.74675866E-30 -5.31470469E-41
   7.0168557      7.64340206E-29  5.79864404E-30 -8.31754716E-41
   8.0157156      1.16013458E-28  8.96973660E-30 -1.29603292E-40
   9.0146446      1.77159422E-28  1.38284418E-29 -2.01349774E-40
   10.013657      2.71202979E-28  2.12316112E-29 -3.12007511E-40
   11.012769      4.15236418E-28  3.24853284E-29 -4.82024251E-40
   12.011990      6.35341370E-28  4.96376635E-29 -7.42542451E-40
   13.011331      9.71794783E-28  7.59173237E-29 -1.14108294E-39
   14.010797      1.48717200E-27  1.16378614E-28 -1.28108365E-37
   15.010389      2.27879594E-27  1.78880662E-28  8.32389763E-37
   16.010118      3.49791711E-27  2.75619907E-28  2.89748165E-37
   17.009983      5.37957146E-27  4.25567106E-28  1.15514142E-34
   18.009989      8.28946980E-27  6.58344244E-28  9.47663457E-35
   19.010126      1.27979131E-26  1.02036712E-27  4.79273785E-35
   20.010403      1.97964891E-26  1.58456849E-27  2.35201037E-35
   21.010811      3.06826463E-26  2.46584129E-27  2.45600144E-35
   22.011356      4.76524495E-26  3.84571232E-27 -1.61095550E-33
   23.012037      7.41672848E-26  6.01207883E-27 -7.87830548E-34
   24.012850      1.15701613E-25  9.42353747E-27 -5.10037999E-34
   25.013788      1.80948557E-25  1.48143656E-26 -5.88220036E-34
   26.014851      2.83776564E-25  2.33671308E-26  7.07386786E-34
   27.016045      4.46428219E-25  3.69986735E-26  4.40572895E-34
   28.017353      7.04787561E-25  5.88376282E-26  4.57439953E-34
   29.018784      1.11712486E-24  9.40278997E-26  1.45367362E-33
   30.020336      1.77871864E-24  1.51091219E-25  2.89330890E-33
   31.021997      2.84650301E-24  2.44253005E-25  3.69601211E-33
   32.023777      4.58091962E-24  3.97445701E-25  2.90376070E-33
   33.025650      7.41755181E-24  6.51248163E-25  3.21546451E-33
   34.001945      1.19390793E-23  1.06118032E-24  8.48567184E-33
   35.004051      1.95953459E-23  1.76483725E-24  3.79384924E-33
   36.006233      3.24024522E-23  2.95852106E-24 -8.38915053E-33
   37.008518      5.40002805E-23  5.00036169E-24  1.16975441E-32
   38.010921      9.07272840E-23  8.52255109E-24  2.10813598E-32
   39.013390      1.53713410E-22  1.46501504E-23 -2.35839394E-30
   40.015972      2.62664984E-22  2.54011823E-23  4.58033687E-30
   41.018639      4.52755370E-22  4.44225183E-23  1.35605292E-30
   42.021370      7.87251982E-22  7.83504224E-23  5.32092314E-30
   43.024227      1.38078265E-21  1.39337082E-22 -8.79868317E-30
   44.001396      2.40670582E-21  2.46026329E-22  9.10349288E-29
   45.004425      4.29117310E-21  4.44197504E-22 -8.02375938E-29
   46.007473      7.71070302E-21  8.07492866E-22  8.90618497E-29
   47.010651      1.39553383E-20  1.47699005E-21 -1.85247137E-29
   48.013851      2.54236740E-20  2.71630139E-21  2.63165808E-29
   49.017178      4.65890190E-20  5.01899874E-21 -6.74897552E-29
   50.020515      8.58138881E-20  9.31060765E-21 -2.46894324E-28
   51.023991      1.58760051E-19  1.73284952E-20 -5.55099714E-28
   52.001736      2.90146731E-19  3.18223393E-20 -8.16598245E-28
   53.005325      5.40367522E-19  5.95038901E-20  7.72842898E-28
   54.008949      1.00884447E-18  1.11444092E-19  2.17600347E-27
   55.012634      1.88709718E-18  2.08972706E-19  3.54883060E-27
   56.016407      3.53511848E-18  3.92189670E-19  1.27551702E-27
   57.020180      6.62962844E-18  7.36476381E-19 -1.41393980E-26
   58.024090      1.24427014E-17  1.38351096E-18 -1.38799152E-27
   59.002270      2.29906546E-17  2.55780789E-18 -6.60219509E-26
   60.006214      4.31862428E-17  4.80619191E-18 -1.62365422E-25
   61.010284      8.11352214E-17  9.03040850E-18 -2.81579882E-25
   62.014355      1.52434339E-16  1.69645512E-17 -6.19401454E-25
   63.018471      2.86360981E-16  3.18613395E-17  1.42715942E-24
   64.022690      5.37843634E-16  5.98179630E-17  1.27610637E-24
   65.001160      9.93696702E-16  1.10458265E-16  9.40742267E-25
   66.005424      1.86509582E-15  2.07178555E-16  2.58115288E-24
   67.009941      3.49904228E-15  3.88351451E-16  6.68643047E-23
   68.014633      6.56106935E-15  7.27464612E-16  4.47425750E-23
   69.020271      1.23005752E-14  1.36222306E-15 -6.69746695E-24
   70.003403      2.27188094E-14  2.51262456E-15  1.43796579E-23
   71.015938      4.26946144E-14  4.71446172E-15  7.93082737E-22
   72.005890      7.90230647E-14  8.71080551E-15  7.64999491E-22
   73.025284      1.48768855E-13  1.63661334E-14  6.71592958E-22
   74.021767      2.75720012E-13  3.02661813E-14  4.09812130E-22
   75.021347      5.11180074E-13  5.59784119E-14  3.59960159E-22
   76.023941      9.47843800E-13  1.03523926E-13  1.11428186E-21
   77.002983      1.72904974E-12  1.88322339E-13 -2.07033604E-22
   78.011261      3.20482269E-12  3.47980542E-13 -3.27090701E-21
   79.022293      5.93705553E-12  6.42502924E-13 -2.92749559E-20
   80.009247      1.08137267E-11  1.16619344E-12 -1.47181765E-20
   81.025375      1.99982635E-11  2.14848842E-12 -5.16607816E-21
   82.017059      3.63470053E-11  3.88950721E-12  8.60352655E-21
   83.010902      6.59683974E-11  7.02975742E-12 -3.60887941E-19
   84.006783      1.19533300E-10  1.26812033E-11 -2.57744335E-19
   85.004539      2.16180795E-10  2.28264421E-11 -3.98228115E-19
   86.004028      3.90124655E-10  4.09872171E-11 -3.75181415E-18
   87.005089      7.02301217E-10  7.33934094E-11 -3.07195999E-18
   88.007538      1.26079636E-09  1.31014602E-10 -7.63799470E-18
   89.011185      2.25644659E-09  2.33067066E-10 -3.72928622E-17
   90.015823      4.02450340E-09  4.13024115E-10 -2.64367188E-17
   91.021240      7.15063253E-09  7.28830496E-10 -2.90232597E-17
   92.000000      1.24588500E-08  1.26085387E-09 -1.72871020E-17
   93.006256      2.19447926E-08  2.20355023E-09 -1.33874087E-17
   94.012527      3.84582677E-08  3.82961929E-09  1.37014858E-17
   95.018448      6.70261286E-08  6.61508137E-09  7.57168840E-17
   96.023560      1.16103763E-07  1.13494725E-08 -3.01730288E-15
   97.026604      1.99676364E-07  1.93153973E-08  8.92583626E-16
   98.026321      3.40499071E-07  3.25428786E-08  8.03387510E-16
   99.022690      5.74964247E-07  5.41040137E-08  1.84184943E-15
   100.01576      9.72786097E-07  8.42716545E-08  2.67096339E-15
   101.00555      1.53515839E-06  1.06977339E-07  6.07040392E-15
   102.01873      2.55993132E-06  1.84533675E-07  2.25166557E-15
   103.00201      4.31220951E-06  3.11102951E-07  8.33907833E-15
   104.00859      7.36253787E-06  5.19455284E-07  2.24536872E-15
   105.01189      1.24337575E-05  8.48963339E-07  2.21098266E-14
   106.01195      2.06864715E-05  1.37962047E-06 -9.31974157E-14
   107.00880      3.43604843E-05  2.36534925E-06  3.14164168E-13
   108.00250      5.85303715E-05  4.39324185E-06  1.15775567E-13
   109.01911      1.04112944E-04  7.83170162E-06  4.61337392E-12
   110.00653      1.80025309E-04  1.31925699E-05  1.40809586E-12
   111.01675      3.14784062E-04  2.33811916E-05  1.25266312E-12
   112.02383      5.54030761E-04  4.17408810E-05  1.23083770E-12
   113.00207      9.65495536E-04  7.38026793E-05  1.58155693E-11
   114.00299      1.72412849E-03  1.35828013E-04  1.61931406E-11
   115.00092      3.13943229E-03  2.59603199E-04 -2.45089400E-11
   116.02185      6.00334769E-03  5.34078688E-04 -1.05448546E-10
   117.01743      1.19085517E-02  1.16911263E-03 -2.96134839E-10
   118.00507      2.53420118E-02  2.81819608E-03  1.73747280E-10
   119.00356      6.08359016E-02  7.96357077E-03  1.67606651E-10
   120.01613      0.18259998      3.16854790E-02  1.53608418E-10
   121.02409       1.0179112      0.28600460      1.30934458E-10
   122.02558       17.395092     -1.97734553E-02 -2.30488766E-07
   123.02342       12.709623     -9.57384259E-02 -1.71564395E-07
   124.02189       9.8176594     -9.56969410E-02 -1.60280109E-07
   125.02416       7.6153364     -5.54606020E-02 -2.77697296E-08
   126.02668       5.7591319     -5.59030138E-02  2.64231176E-07
   127.02055       4.3785138     -7.46655762E-02  2.60553232E-08
   128.00168       3.1254072     -9.37561169E-02  7.97640709E-09
   129.01584       2.4198823     -3.71921994E-02  7.32533634E-09
   130.02733       2.0103676     -9.17273946E-03  7.77483500E-09
   131.02190       2.1257243      5.35537116E-02  3.41121553E-09
   132.00946       2.8170691      8.16274285E-02  2.99537528E-09
   133.02090       3.4995146      1.96621846E-02  4.29794866E-09
   134.02724       3.3804994     -3.99401933E-02  3.73753339E-09
   135.00145       2.9787211     -2.73210369E-02  2.78004664E-09
   136.00337       2.7280803     -1.56565756E-02  1.96809014E-09
   137.00652       2.4173734     -3.46691087E-02  2.46899745E-09
   138.01196       1.9101329     -4.79288213E-02  3.38040085E-09
   139.01973       1.3767290     -4.15758081E-02  2.98706437E-09
   140.02887      0.95158029     -2.90487092E-02  3.64889940E-09
   141.00954      0.67036468     -1.49782328E-02 -1.25517445E-08
   142.01979      0.51136065     -4.04207734E-03 -8.62142713E-09
   143.00188      0.43693471     -1.24507654E-03  2.77644441E-09
   144.01218      0.37470114     -6.08800678E-03  1.94733407E-09
   145.02094      0.26127398     -1.71435010E-02 -2.05922723E-10
   146.02869      6.51638508E-02 -2.74000615E-02 -1.17575727E-09
   147.00755     -0.16095877     -2.60472540E-02 -1.55935731E-09
   148.01532     -0.34215772     -1.32877966E-02 -1.40181289E-09
   149.02310     -0.42994440     -1.26641162E-03 -1.15559784E-09
   150.00256     -0.46697778     -2.88121449E-03 -1.78819903E-09
   151.01086     -0.54591942     -1.59855820E-02 -2.06049755E-09
   152.01878     -0.69311875     -2.30405889E-02 -1.80612569E-09
   153.02655     -0.83154535     -1.17192920E-02  3.07181991E-09
   154.00443     -0.86599588      1.09246401E-02  2.35540920E-09
   155.00912     -0.76785660      2.99524441E-02  1.96113148E-09
   156.01215     -0.60722679      2.55546309E-02 -1.09992326E-08
   157.01358     -0.50878412      6.46524923E-03  1.00544666E-08
   158.01343     -0.47642908      5.28014079E-03 -1.24742874E-08
   159.01178     -0.38477778      2.18845475E-02 -7.33701944E-09
   160.00880     -0.20359690      2.72963811E-02  4.70749884E-10
   161.00446     -6.30367473E-02  5.46708377E-03 -4.11042311E-11
   162.02718     -7.32008219E-02 -1.20731499E-02  2.36140885E-10
   163.02005     -0.11087941     -7.72934291E-04  6.77661816E-10
   164.01147     -4.74576242E-02  1.45348068E-02 -1.36368516E-09
   165.00143      5.01298420E-02  7.31115043E-03  7.53235474E-10
   166.01817      5.73535413E-02 -8.18242226E-03  7.15210169E-10
   167.00514      1.25418333E-02 -5.33074187E-03  4.53607096E-10
   168.01875      3.22574377E-02  9.15512349E-03 -2.06382550E-10
   169.00252      0.11404186      1.02992104E-02  4.22422680E-10
   170.01263      0.14915822     -4.30073729E-03 -3.54624441E-10
   171.02098      9.31707174E-02 -1.20204221E-02 -2.60781369E-10
   172.02757      2.83536259E-02 -6.04820158E-03 -4.42600068E-10
   173.00443      8.86280497E-04 -2.42812745E-03 -4.20950663E-10
   174.00725     -3.95333320E-02 -8.45695380E-03  2.46938248E-10
   175.00818     -0.12152235     -1.22472737E-02  3.19211393E-11
   176.00716     -0.19649415     -5.15271258E-03  1.51423252E-09
   177.00414     -0.20755213      5.69533696E-03  1.15939824E-09
   178.02661     -0.16215746      9.19762813E-03 -2.56847232E-09
   179.01932     -0.12004419      4.26147971E-03 -8.42012793E-10
   180.00998     -0.10299061      1.66285387E-03  1.00977804E-09
   181.02596     -8.01170319E-02  4.45608003E-03  3.05453524E-10
   182.01227     -4.49887067E-02  4.17359127E-03  6.22287555E-10
   183.02382     -3.02133262E-02 -1.59956561E-03 -8.24152135E-11
   184.00632     -5.04617430E-02 -4.72645462E-03 -2.68699063E-10
   185.01697     -7.22193718E-02 -1.18813140E-03  2.53215848E-09
   186.00163     -6.75864443E-02  2.16052774E-03  7.27734206E-10
   187.01492     -5.84101640E-02 -2.11350722E-04  6.98265779E-10
   188.00198     -7.22180530E-02 -3.60553246E-03  5.95489102E-10
   189.01750     -9.65290442E-02 -2.56016059E-03  5.67249470E-10
   190.00655     -0.10628320      1.65841793E-05 -7.51922302E-10
   191.02408     -0.11060630     -1.25398533E-03 -5.86590554E-10
   192.01491     -0.13081473     -4.03171079E-03 -5.16562015E-10
   193.00659     -0.16051763     -3.34709650E-03  1.35415956E-10
   194.02658     -0.17471953      5.67043724E-04  2.60580113E-10
   195.01981     -0.16632891      2.80906912E-03  3.03555237E-10
   196.01372     -0.15242562      1.85462926E-03  1.01798681E-09
   197.00829     -0.14470601      8.95144593E-04  1.06527653E-09
   198.00349     -0.13616380      1.59393670E-03 -1.07642284E-09
   199.02696     -0.12442641      1.05144421E-03  2.62134731E-10
   200.02338     -0.12555180     -1.97787257E-03 -7.71331998E-10
   201.02039     -0.14578730     -3.83905345E-03  7.84463383E-10
   202.01794     -0.16836645     -2.11286871E-03  5.29255839E-09
   203.01602     -0.17551400      5.43545641E-04  2.09271533E-09
   204.01462     -0.17192253      9.46761633E-04  2.22407870E-09
   205.01366     -0.17094466     -2.23414841E-04  1.87177429E-09
   206.01315     -0.17423329     -2.21181181E-04  1.20639032E-09
   207.01305     -0.17340620      6.48506742E-04  8.62802052E-10
   208.01335     -0.16962327      4.61716816E-04  5.64765901E-10
   209.01414     -0.16992661     -4.50807769E-04  1.77524229E-09
   210.01526     -0.17355368     -3.93225870E-04  1.89194904E-09
   211.01666     -0.17357992      5.38577791E-04  9.67625091E-10
   212.01859     -0.16858113      9.17189464E-04  9.97321892E-10
   213.02069     -0.16401416      2.95740901E-04 -1.33280924E-08
   214.02319     -0.16392633     -3.29592382E-04 -2.68950417E-11
   215.02600     -0.16589612     -2.99011503E-04 -5.93940785E-10
   216.00119     -0.16724534     -1.98013688E-04 -3.99360850E-10
   217.00458     -0.16966367     -5.23618713E-04 -4.61181815E-10
   218.00818     -0.17406499     -5.89895702E-04 -2.64190024E-11
   219.01205     -0.17626442      2.06948520E-04 -9.93732527E-11
   220.01620     -0.17199565      1.17155525E-03  6.69737182E-11
   221.02051     -0.16330653      1.27728016E-03  4.14634681E-11
   222.02521     -0.15623605      5.42489404E-04  2.38389100E-11
   223.00214     -0.15415335     -1.71484702E-04  5.26521937E-09
   224.00739     -0.15553737     -4.42354154E-04  3.32391270E-09
   225.01294     -0.15741037     -2.23687501E-04  1.46989321E-09
   226.01880     -0.15737163      1.89765051E-04 -1.20125021E-10
   227.02515     -0.15472813      5.37940476E-04 -7.77673537E-10
   228.00388     -0.15052620      5.95924561E-04 -9.66608571E-10
   229.01077     -0.14683448      2.64396309E-04 -1.03931630E-09
   230.01767     -0.14601830     -2.38040637E-04 -1.06514619E-09
   231.02457     -0.14824115     -5.26181189E-04 -1.04604747E-09
   232.00349     -0.15103188     -3.22875858E-04  4.53509141E-09
   233.01039     -0.15155146      2.22708317E-04 -2.23435159E-10
   234.01729     -0.14841966      7.18067982E-04 -2.58385480E-10
   235.02419     -0.14257571      9.02679458E-04 -2.78661788E-10
   236.00333     -0.13640709      7.38062256E-04 -2.21647012E-09
   237.01106     -0.13169450      3.33320902E-04 -6.28077701E-10
   238.01961     -0.13010092     -1.79605093E-04  7.56634255E-10
   239.00085     -0.13214341     -6.68329245E-04  9.89257565E-10
   240.01050     -0.13712087     -8.65093665E-04  1.04094922E-09
   241.02010     -0.14240634     -5.83073939E-04  1.22405897E-09
   242.00107     -0.14479117      5.12261067E-05  5.43104284E-10
   243.00951     -0.14261483      7.47722341E-04 -8.43506820E-10
   244.01750     -0.13645805      1.05890783E-03 -8.89215854E-11
   245.02591     -0.12939157      8.43472895E-04 -3.17777610E-10
   246.00714     -0.12439551      4.03112237E-04 -4.15083690E-10
   247.01733     -0.12180997      1.02944068E-04  4.20684865E-09
   248.02808     -0.12030336      1.45058046E-04  3.98171329E-10
   249.01062     -0.11803190      3.65446263E-04  5.35023692E-10
   250.02051     -0.11431941      5.38317603E-04  4.49058624E-10
   251.00166     -0.10971875      6.37463934E-04  4.37505199E-10
   252.01082     -0.10404654      7.78971880E-04  4.95873398E-10
   253.02074     -9.67712998E-02  1.05511711E-03  2.63670019E-09
   254.00365     -8.71586651E-02  1.44948310E-03 -4.61395228E-10
   255.01494     -7.40037784E-02  1.85225764E-03 -4.69721595E-10
   256.02609     -5.81353530E-02  2.02947785E-03  3.99353467E-11
   257.00839     -4.21315245E-02  1.83290045E-03  5.93998684E-10
   258.01804     -2.78235488E-02  1.28835591E-03  4.96853669E-10
   259.00024     -1.81021634E-02  6.06594433E-04  3.14626908E-10
   260.01151     -1.30179171E-02  6.67541317E-05 -7.57427787E-10
   261.02335     -1.12475138E-02 -8.07724355E-05  6.04258310E-10
   262.00708     -1.01645216E-02  9.98830001E-05  3.11345172E-10
   263.01788     -7.55466893E-03  4.12180263E-04  1.26348515E-10
   264.00055     -3.18664778E-03  6.13221840E-04  1.46207185E-10
   265.01151      1.83402048E-03  4.82865318E-04  1.22496124E-10
   266.02335      4.75594774E-03  1.33692665E-05  1.25164157E-10
   267.00781      3.93880531E-03 -5.39955217E-04  1.09389039E-10
   268.01965     -4.96649882E-04 -8.40565655E-04  1.07159309E-10
   269.00253     -5.60695305E-03 -6.06120040E-04  9.57264823E-11
   270.01364     -8.03726725E-03  6.85989289E-05  9.77904285E-11
   271.02573     -5.32744778E-03  8.39454122E-04  9.88701898E-11
   272.01053      2.11572414E-03  1.32316526E-03 -1.42129364E-13
   273.02304      1.24901999E-02  1.39925058E-03  4.46070854E-11
   274.00677      2.26445273E-02  1.16442272E-03  6.14701623E-11
   275.01862      3.12568471E-02  7.50635867E-04  2.87862151E-10
   276.00296      3.64795737E-02  2.18645000E-04  2.18348867E-10
   277.01590      3.76295149E-02 -3.53771582E-04  2.31204111E-10
   278.00070      3.46226916E-02 -8.26585048E-04  2.34903597E-10
   279.01260      2.87093725E-02 -9.69927816E-04  2.65190592E-10
   280.02469      2.24703625E-02 -7.28198502E-04 -1.82450374E-10
   281.00949      1.84881315E-02 -2.41685746E-04  9.73429781E-10
   282.02243      1.81421973E-02  3.58380144E-04  3.38059081E-10
   283.00723      2.17373874E-02  7.98422727E-04  1.19713933E-10
   284.02017      2.77929269E-02  8.62749992E-04  2.28818131E-10
   285.00497      3.32174264E-02  5.18694578E-04  3.44446860E-10
   286.01868      3.56355086E-02 -9.08863585E-05 -1.35552736E-10
   287.00409      3.36625203E-02 -6.84014754E-04 -1.69207703E-11
   288.01703      2.80888658E-02 -9.30744340E-04  6.99881930E-10
   289.00183      2.20045596E-02 -7.16011506E-04 -1.81222898E-10
   290.01556      1.79438274E-02 -2.06980345E-04  2.54352484E-10
   291.00143      1.75136961E-02  3.05341760E-04 -1.45018691E-10
   292.01517      2.01999359E-02  5.63637412E-04  1.46065215E-10
   293.00040      2.35196296E-02  4.03427664E-04  1.65365721E-10
   294.01443      2.51729470E-02 -4.72328657E-06  2.00049213E-10
   295.00110      2.41057500E-02 -3.69167625E-04 -1.70071943E-10
   296.01520      2.09937096E-02 -4.96290391E-04 -3.09370363E-10
   297.00107      1.77355669E-02 -3.63021943E-04  3.79789367E-10
   298.01617      1.55867003E-02 -1.10141402E-04 -3.26663724E-10
   299.00311      1.51587501E-02  1.14836039E-04 -3.76624565E-10
   300.01825      1.61449872E-02  2.43599177E-04 -3.28360783E-10
   301.00519      1.76080205E-02  2.10181795E-04 -2.55232058E-10
   302.02042      1.85895469E-02  4.85697456E-05 -5.90957838E-12
   303.00812      1.82777792E-02 -1.73609806E-04 -2.20652357E-10
   304.02325      1.63746160E-02 -3.62508785E-04 -2.15847812E-10
   305.01019      1.35425013E-02 -3.95748531E-04  9.75569625E-11
   306.02560      1.08300652E-02 -2.47084245E-04  1.44589382E-10
   307.01318      9.54453833E-03  1.65581987E-05  1.26786776E-10
   308.00012      1.02586495E-02  3.18407139E-04  1.09336831E-10
   309.01526      1.30722318E-02  5.26885386E-04  8.50917808E-11
   310.00317      1.68808978E-02  5.28621604E-04  2.67958516E-10
   311.01935      2.02889368E-02  2.90380209E-04 -2.06794408E-11
   312.00629      2.14878414E-02 -1.16172152E-04  1.05307474E-09
   313.02240      1.95330922E-02 -5.57287422E-04 -2.81530244E-10
   314.01041      1.50894783E-02 -7.35575333E-04 -2.22966007E-10
   315.02664      1.01252459E-02 -5.31984901E-04 -6.29938046E-11
   316.01465      7.39324093E-03 -6.00443382E-05 -2.95416816E-11
   317.00266      8.07253271E-03  4.38092306E-04 -1.14052769E-11
   318.01889      1.17140114E-02  6.42710715E-04  3.18904569E-10
   319.00690      1.55128771E-02  3.94965609E-04 -5.71172137E-11
   320.02313      1.69028193E-02 -1.32352070E-04 -2.06635507E-11
   321.01114      1.46302059E-02 -6.20485051E-04  4.03485856E-11
   322.02737      9.40114819E-03 -8.26452917E-04  8.83780549E-11
   323.01538      3.68287414E-03 -6.77236647E-04  6.13282480E-11
   324.00339     -6.06209505E-04 -3.31578660E-04  2.09901992E-11
   325.01962     -2.47805379E-03  4.00099270E-05 -3.07485704E-11
   326.00684     -1.99709530E-03  2.92199082E-04 -4.37493132E-11
   327.02197     -1.82045929E-04  3.22282576E-04 -8.57647287E-13
   328.00891      1.27820752E-03  1.35693641E-04 -1.07874473E-12
   329.02405      1.20722689E-03 -1.65933205E-04  1.48548882E-11
   330.01099     -8.41123518E-04 -4.16152063E-04  9.50184029E-12
   331.02612     -4.29888582E-03 -4.74289409E-04  2.32819077E-11
   332.01306     -7.45962141E-03 -2.90741766E-04  5.36994650E-11
   333.02823     -8.88335705E-03  6.54695905E-05 -7.70426223E-11
   334.01624     -7.60750566E-03  4.55486239E-04 -5.10029172E-11
   335.00424     -3.81554849E-03  7.05733255E-04  1.04535859E-10
   336.02048      1.55304791E-03  7.48193939E-04  1.16690352E-10
   337.00848      6.84727728E-03  6.17132173E-04  9.20751531E-11
   338.02527      1.12951109E-02  4.02111240E-04  2.93017888E-10
   339.01514      1.43520907E-02  2.46612384E-04 -1.72017942E-10
   340.00815      1.69099253E-02  2.93934456E-04 -4.09360601E-11
   341.00735      2.05534287E-02  5.65607683E-04  3.93557326E-10
   342.01788      2.66199429E-02  9.33461939E-04  8.41967940E-10
   343.01553      3.51664871E-02  1.18680298E-03  4.86235996E-10
   344.02826      4.50167656E-02  1.11759896E-03  9.39579192E-10
   345.00989      5.32146655E-02  7.07298808E-04 -1.13407739E-09
   346.00549      5.80786467E-02  1.43032288E-04 -3.71414177E-10
   347.01419      5.89461736E-02 -3.27104237E-04  4.81022222E-10
   348.01199      5.67055680E-02 -6.02119253E-04  1.65125025E-09
   349.00366      5.30009791E-02 -6.42347964E-04  6.88264779E-10
   350.02039      4.86446396E-02 -6.48158311E-04  1.04671147E-10
   351.00732      4.35317308E-02 -8.03193834E-04  2.66230649E-11
   352.02246      3.61496583E-02 -1.14675355E-03  4.80088608E-11
   353.01086      2.57692449E-02 -1.60098902E-03  4.63880101E-10
   354.00266      1.15746707E-02 -2.06405437E-03  3.79879531E-11
   355.02850     -6.71011955E-03 -2.39088084E-03  1.16969406E-10
   356.00418     -2.61498392E-02 -2.45233811E-03  1.92213079E-10
   357.01440     -4.63377424E-02 -2.22789519E-03  4.07270051E-12
   358.02493     -6.44694865E-02 -1.76182669E-03 -2.22597649E-10
   359.02921     -7.87886158E-02 -1.16066274E-03 -4.10123224E-09
   360.02441     -8.86383206E-02 -6.13090233E-04  1.46581469E-09
   361.01175     -9.44929868E-02 -1.90820836E-04  1.14586785E-09
   362.02158     -9.68496501E-02  2.08584504E-04  2.27093053E-10
   363.02841     -9.52119231E-02  8.16731888E-04 -1.54253943E-10
   364.00723     -8.86689574E-02  1.54839712E-03 -3.15858451E-12
   365.01648     -7.55840391E-02  2.42028479E-03 -8.06049671E-13
   366.00208     -5.55844679E-02  3.31538240E-03 -1.06139320E-09
   367.02039     -2.74081640E-02  4.08262759E-03 -4.33802577E-11
   368.01239      5.79684973E-03  4.45200643E-03  3.40316830E-10
   369.02985      4.25081402E-02  4.28387197E-03  2.87311203E-10
   370.01364      7.63692260E-02  3.57769430E-03  9.54115259E-12
   371.02060      0.10511307      2.38681748E-03  1.53628374E-10
   372.02585      0.12437858      1.01746188E-03 -8.73789513E-11
   373.00473      0.13300735     -1.38295247E-04  9.74558767E-11
   374.01697      0.13238734     -1.29737915E-03 -5.22499488E-10
   375.00717      0.12246456     -2.38140835E-03 -4.59303484E-10
   376.02759      0.10334411     -3.34180123E-03 -5.56120261E-10
   377.01599      7.64722899E-02 -4.21379460E-03 -6.04230166E-10
   378.02756      4.12349328E-02 -4.90595400E-03 -1.07661657E-09
   379.00940      1.97180593E-03 -5.12839807E-03 -6.44854170E-10
   380.02267     -3.97046208E-02 -4.78224223E-03  5.28108224E-10
   381.01358     -7.73288980E-02 -3.94758675E-03  3.21639465E-10
   382.00659     -0.10820821     -2.68082251E-03  4.42577891E-10
   383.02289     -0.12943080     -1.12246792E-03  5.06735820E-10
   384.00418     -0.13830946      3.55444441E-04  5.02988207E-10
   385.01089     -0.13525280      2.09151092E-03  5.38103340E-10
   386.02142     -0.11890882      3.70788923E-03 -1.42592049E-09
   387.01102     -9.13251713E-02  4.90325969E-03  1.03178133E-10
   388.00418     -5.38796447E-02  5.75457653E-03  2.87275426E-10
   389.02127     -7.85358436E-03  6.17687777E-03  1.39312950E-10
   390.00476      4.01244052E-02  5.91239287E-03  7.47546469E-11
   391.01590      8.70072991E-02  4.81338752E-03 -2.60906741E-10
   392.00305      0.12361512      2.87854229E-03 -1.74495451E-09
   393.02231      0.14461100      3.26117850E-04 -4.18511503E-10
   394.01053      0.14544854     -2.22540786E-03 -3.76802678E-09
   395.02185      0.12589805     -4.56613395E-03 -1.73458481E-09
   396.00394      9.10619795E-02 -5.95362438E-03  1.64810088E-09
   397.01791      4.47126850E-02 -6.48424448E-03  2.26481589E-09
   398.00742     -4.50278260E-03 -6.23593619E-03  1.46321943E-09
   399.02325     -5.29185757E-02 -5.30864531E-03 -1.48335699E-09
   400.00690     -9.28519815E-02 -3.89040960E-03 -1.27245076E-10
