  2.53029466E-02  4.34544909E-17  4.52103405E-17 -2.70000990E-31
   1.0011063      9.01894808E-17  7.60435938E-17 -1.44895413E-29
   2.0000608      1.74761823E-16  1.38308225E-16 -4.02346025E-29
   3.0231161      3.35799197E-16  2.60871801E-16 -8.92799492E-29
   4.0209274      6.30666110E-16  4.87480590E-16 -1.79096077E-28
   5.0193563      1.18273000E-15  9.12940899E-16 -3.47353791E-28
   6.0180593      2.21732982E-15  1.71091825E-15 -6.62529145E-28
   7.0168557      4.15667612E-15  3.20703784E-15 -1.25359859E-27
   8.0157156      7.79229993E-15  6.01190316E-15 -2.36115930E-27
   9.0146446      1.46083181E-14  1.12704798E-14 -4.43744120E-27
   10.013657      2.73876787E-14  2.11297790E-14 -1.10981251E-24
   11.012769      5.13492108E-14  3.96160325E-14  8.61029182E-22
   12.011990      9.62800464E-14  7.42795853E-14 -5.15733720E-23
   13.011331      1.80534705E-13  1.39279213E-13  2.43608325E-23
   14.010797      3.38532127E-13  2.61163812E-13  6.58496433E-21
   15.010389      6.34807528E-13  4.89704685E-13  2.21367673E-22
   16.010118      1.19033028E-12  9.18177752E-13 -2.25857175E-20
   17.009983      2.23175731E-12  1.72130127E-12  1.07241478E-20
   18.009989      4.18350510E-12  3.22610797E-12 -5.17087040E-22
   19.010126      7.83959703E-12  6.04412484E-12 -1.92554823E-21
   20.010403      1.46838375E-11  1.13174027E-11 -5.26087637E-21
   21.010811      2.74850004E-11  2.11753861E-11 -4.40396542E-19
   22.011356      5.14004117E-11  3.95810155E-11  8.51653888E-19
   23.012037      9.60163685E-11  7.38929543E-11  1.67452458E-18
   24.012850      1.79108561E-10  1.37740916E-10 -5.56758313E-18
   25.013788      3.33549272E-10  2.56299121E-10  6.58034585E-18
   26.014851      6.19949869E-10  4.75923856E-10 -2.51485736E-18
   27.016045      1.14971477E-09  8.81702544E-10 -5.13310807E-19
   28.017353      2.12692908E-09  1.62928837E-09 -5.72252878E-17
   29.018784      3.92417165E-09  3.00243630E-09 -2.08339541E-18
   30.020336      7.21923143E-09  5.51659074E-09 -1.92860717E-18
   31.021997      1.32406903E-08  1.01046984E-08 -3.11572715E-18
   32.023777      2.42074343E-08  1.84492119E-08 -1.26357629E-17
   33.025650      4.41121131E-08  3.35730270E-08 -1.41825609E-15
   34.001945      7.88992693E-08  5.99672845E-08 -5.87174356E-17
   35.004051      1.42807721E-07  1.08386757E-07  3.01091583E-15
   36.006233      2.57571656E-07  1.95207122E-07  1.33513409E-15
   37.008518      4.62892928E-07  3.50299104E-07  7.64536766E-15
   38.010921      8.28015345E-07  6.26264125E-07  5.12341907E-16
   39.013390      1.48908327E-06  1.12339990E-06 -1.51058554E-15
   40.015972      2.68774556E-06  2.02426736E-06  2.47026741E-15
   41.018639      4.84360044E-06  3.64197945E-06  2.04931744E-15
   42.021370      8.69911310E-06  6.53028110E-06 -4.64836689E-15
   43.024227      1.56037859E-05  1.16632336E-05  1.39237688E-13
   44.001396      2.73522019E-05  2.05454271E-05 -1.07974898E-14
   45.004425      4.82580472E-05  3.67981484E-05 -5.58397187E-14
   46.007473      8.66746268E-05  6.57883429E-05 -6.26752610E-14
   47.010651      1.54995156E-04  1.17209333E-04 -5.90889303E-14
   48.013851      2.75604019E-04  2.07966645E-04 -1.36430092E-12
   49.017178      4.87751735E-04  3.67401430E-04  2.38652882E-11
   50.020515      8.59398860E-04  6.46230998E-04  4.51556815E-13
   51.023991      1.50766456E-03  1.13176729E-03  3.00184736E-13
   52.001736      2.59639579E-03  1.94588222E-03  5.60531829E-11
   53.005325      4.51713195E-03  3.37985996E-03 -6.88106776E-12
   54.008949      7.82708265E-03  5.84702427E-03 -8.73410719E-12
   55.012634      1.35095278E-02  1.00755012E-02  1.54144301E-11
   56.016407      2.32292227E-02  1.72948018E-02  2.44234667E-11
   57.020180      3.97936217E-02  2.95704175E-02  2.42417718E-12
   58.024090      6.79142028E-02  5.03483191E-02 -3.33544303E-10
   59.002270      0.11389104      8.41778368E-02 -3.02018321E-09
   60.006214      0.19273929      0.14182350     -9.15924420E-11
   61.010284      0.32430476      0.23703486      8.93892182E-11
   62.014355      0.54131526      0.39154071     -1.51378998E-08
   63.018471      0.89256454      0.63521826      1.36934624E-08
   64.022690       1.4428103       1.0019003     -1.41072121E-09
   65.001160       2.2308860       1.4973669     -3.19407896E-08
   66.005424       3.2983024       2.1178491      5.31767408E-10
   67.009941       4.4373550       2.7221060     -8.05644051E-10
   68.014633       5.1816616       3.0845065     -2.16290674E-09
   69.020271       5.0739021       3.0215199     -9.13743676E-08
   70.003403       4.2160025       2.5765655      3.12842054E-08
   71.015938       3.0593312       1.9335021     -6.90991842E-09
   72.005890       2.0595784       1.3283499     -6.51047660E-09
   73.025284       1.3022000      0.83546036     -5.46250956E-09
   74.021767      0.80427957      0.49517798     -2.04530934E-08
   75.021347      0.48009014      0.26828483     -5.38038414E-09
   76.023941      0.27339464      0.12205511     -6.60738797E-09
   77.002983      0.14668763      3.06643620E-02  8.81779316E-10
   78.011261      6.57666698E-02 -3.01012974E-02 -2.16507123E-09
   79.022293      1.48326242E-02 -6.95816427E-02 -5.45956169E-10
   80.009247     -1.88767742E-02 -9.44768861E-02  1.66706082E-09
   81.025375     -4.35239077E-02 -0.11038478     -9.67006031E-10
   82.017059     -5.86629733E-02 -0.11918749     -6.74142908E-10
   83.010902     -6.49106354E-02 -0.12316138      2.48662158E-09
   84.006783     -6.28257692E-02 -0.12318285     -4.64451255E-10
   85.004539     -5.45837246E-02 -0.11942059      3.32587158E-09
   86.004028     -4.25779447E-02 -0.11188360     -4.53792587E-10
   87.005089     -2.75614858E-02 -0.10093414     -4.03124556E-09
   88.007538     -8.79400596E-03 -8.74915570E-02  1.53770663E-09
   89.011185      1.39906909E-02 -7.28088692E-02 -1.98031591E-10
   90.015823      3.87865752E-02 -5.81053570E-02 -1.74734074E-10
   91.021240      6.20591864E-02 -4.44138907E-02 -7.71467279E-10
   92.000000      8.02687630E-02 -3.29545699E-02 -2.65455047E-10
   93.006256      9.30461138E-02 -2.40093619E-02 -2.41699188E-10
   94.012527      0.10011035     -1.87629424E-02 -2.18265239E-10
   95.018448      0.10224085     -1.76320374E-02  2.54456012E-10
   96.023560      9.96232182E-02 -2.03270968E-02 -9.92899540E-10
   97.026604      9.22246203E-02 -2.58774944E-02 -5.37847600E-10
   98.026321      8.10197890E-02 -3.29470262E-02 -3.50340146E-10
   99.022690      6.84786886E-02 -4.02491726E-02 -2.90876601E-10
   100.01576      5.75295240E-02 -4.67590578E-02 -5.22407617E-10
   101.00555      5.03083244E-02 -5.17327823E-02 -1.82559926E-10
   102.01873      4.73384783E-02 -5.47154248E-02 -1.79113821E-10
   103.00201      4.79020439E-02 -5.53181469E-02 -1.63353253E-09
   104.00859      5.09478562E-02 -5.37527576E-02 -1.78018725E-10
   105.01189      5.56392781E-02 -5.06112054E-02 -1.99912642E-09
   106.01195      6.15763329E-02 -4.68383282E-02 -2.19035359E-10
   107.00880      6.79679662E-02 -4.33727652E-02 -2.20624977E-10
   108.00250      7.33393729E-02 -4.08729054E-02 -2.91709379E-10
   109.01911      7.63765723E-02 -3.96042503E-02  1.28727473E-09
   110.00653      7.64914081E-02 -3.96050140E-02 -1.06361631E-09
   111.01675      7.43126795E-02 -4.06542569E-02  6.98074099E-10
   112.02383      7.12402686E-02 -4.24320586E-02  7.72424791E-10
   113.00207      6.85427114E-02 -4.44701836E-02  4.99135511E-10
   114.00299      6.65742010E-02 -4.64293398E-02 -1.56785862E-10
   115.00092      6.52685761E-02 -4.78604846E-02 -1.61579083E-10
   116.02185      6.44606501E-02 -4.85661328E-02  1.31766398E-09
   117.01743      6.43891469E-02 -4.85611036E-02  1.33719014E-09
   118.00507      6.53030723E-02 -4.81039956E-02 -2.38913028E-10
   119.00356      6.70607612E-02 -4.74387854E-02 -1.79936399E-09
   120.01613      6.89729378E-02 -4.67273444E-02 -1.83233095E-09
   121.02409      7.03758746E-02 -4.60505001E-02 -2.84227641E-10
   122.02558      7.09413365E-02 -4.54205759E-02  3.39940631E-10
   123.02342      7.07879812E-02 -4.48480509E-02 -1.43072415E-10
   124.02189      7.02984110E-02 -4.43556756E-02 -1.89589094E-10
   125.02416      6.95216060E-02 -4.39280458E-02 -8.55264887E-11
   126.02668      6.80732876E-02 -4.34759185E-02 -9.60428737E-10
   127.02055      6.56001866E-02 -4.28563096E-02  1.46040757E-09
   128.00168      6.20651245E-02 -4.19143289E-02  1.37597778E-09
   129.01584      5.75723238E-02 -4.04392481E-02 -1.00672159E-09
   130.02733      5.28418273E-02 -3.83360013E-02 -6.86179724E-11
   131.02190      4.83754128E-02 -3.55731957E-02 -1.44685708E-10
   132.00946      4.42233458E-02 -3.21481600E-02  7.63662689E-10
   133.02090      4.01894897E-02 -2.80832592E-02  6.95349889E-10
   134.02724      3.63646448E-02 -2.38245074E-02  7.51040841E-10
   135.00145      3.29394825E-02 -1.99811403E-02  6.47824183E-10
   136.00337      2.98153237E-02 -1.68469343E-02  6.98502867E-10
   137.00652      2.70726308E-02 -1.49421683E-02  3.91973398E-10
   138.01196      2.46113241E-02 -1.43963667E-02 -4.91561569E-10
   139.01973      2.24695783E-02 -1.50133315E-02 -9.16000401E-11
   140.02887      2.09831856E-02 -1.63256899E-02  3.71348646E-10
   141.00954      2.06347443E-02 -1.76999159E-02 -9.64097413E-11
   142.01979      2.16766316E-02 -1.86776593E-02  1.70508552E-10
   143.00188      2.38336995E-02 -1.88679062E-02 -9.99574659E-11
   144.01218      2.64697261E-02 -1.82290208E-02 -7.89728977E-11
   145.02094      2.85014436E-02 -1.70136839E-02  6.47588205E-10
   146.02869      2.92123351E-02 -1.57244913E-02 -9.21819357E-11
   147.00755      2.84867082E-02 -1.49227120E-02  1.75631482E-10
   148.01532      2.66592912E-02 -1.49301095E-02 -6.06274586E-10
   149.02310      2.44411863E-02 -1.58199351E-02  6.49860166E-10
   150.00256      2.26843301E-02 -1.72201917E-02 -5.60073758E-11
   151.01086      2.19665579E-02 -1.86674707E-02 -4.40897076E-11
   152.01878      2.27210801E-02 -1.95726939E-02 -3.54104135E-10
   153.02655      2.48292759E-02 -1.96212605E-02 -4.56926511E-11
   154.00443      2.75376476E-02 -1.88933499E-02 -3.75988338E-11
   155.00912      2.99934857E-02 -1.77191123E-02 -2.91793013E-11
   156.01215      3.11341714E-02 -1.66597273E-02 -1.50512450E-11
   157.01358      3.05000842E-02 -1.62096024E-02 -3.07037784E-10
   158.01343      2.83902995E-02 -1.66014992E-02 -8.90140739E-12
   159.01178      2.58404482E-02 -1.77044570E-02 -3.34271291E-11
   160.00880      2.39950698E-02 -1.90741513E-02 -6.59570662E-11
   161.00446      2.36366745E-02 -2.01355424E-02 -3.43860052E-10
   162.02718      2.49081515E-02 -2.04331912E-02 -3.37298939E-11
   163.02005      2.71740779E-02 -1.98439378E-02 -8.93694979E-11
   164.01147      2.95495391E-02 -1.87064111E-02 -1.34243297E-10
   165.00143      3.12168878E-02 -1.76356416E-02 -9.26282176E-11
   166.01817      3.17705125E-02 -1.72923673E-02 -3.08086855E-11
   167.00514      3.13685089E-02 -1.81258935E-02 -1.28783408E-11
   168.01875      3.07395346E-02 -2.02296358E-02  6.51502810E-12
   169.00252      3.10580153E-02 -2.32238565E-02 -6.20987844E-11
   170.01263      3.36858332E-02 -2.69990638E-02 -4.47066967E-11
   171.02098      3.99859399E-02 -3.16408277E-02 -8.99413183E-12
   172.02757      5.13718911E-02 -3.82429920E-02  2.09354911E-09
   173.00443      6.92931265E-02 -4.88928892E-02 -2.82794170E-11
   174.00725      9.86959487E-02 -6.84597567E-02  1.43766665E-10
   175.00818      0.14707759     -0.10369089      2.79926304E-10
   176.00716      0.22892426     -0.16540152     -3.66432884E-09
   177.00414      0.36847919     -0.26978698      1.26608363E-10
   178.02661      0.61092597     -0.44525141      4.76728879E-10
   179.01932      0.99365902     -0.70929658     -1.43463055E-08
   180.00998       1.5715351      -1.0842304      4.92156644E-08
   181.02596       2.3786795      -1.5683081     -4.20677659E-10
   182.01227       3.2542660      -2.0470450     -4.14668744E-10
   183.02382       3.9154072      -2.3739512      1.61722558E-09
   184.00632       3.9378605      -2.3675561      6.44139675E-09
   185.01697       3.2395859      -1.9990474     -1.99206807E-09
   186.00163       2.1905987      -1.4268299      2.85887047E-08
   187.01492       1.1497911     -0.81779861      3.34695027E-09
   188.00198      0.38579994     -0.33766836      7.55133733E-09
   189.01750     -9.71028209E-02 -1.54313156E-02  6.37162234E-09
   190.00655     -0.29632175      0.12607634      6.25402086E-09
   191.02408     -0.25570461      0.10807085      4.06390566E-09
   192.01491     -1.79130165E-03 -4.93290797E-02  1.41980760E-09
   193.00659      0.43399894     -0.31622982      1.56695918E-08
   194.02658       1.0035433     -0.65221733      2.67320015E-08
   195.01981       1.5443909     -0.95780092      2.91953040E-09
   196.01372       1.8876479      -1.1465671      3.32055130E-08
   197.00829       1.8874413      -1.1516184      1.47776080E-09
   198.00349       1.5527053     -0.97767913      7.62124319E-09
   199.02696       1.0312029     -0.69225717      1.20229364E-08
   200.02338      0.55254102     -0.41499382      3.35990324E-09
   201.02039      0.23525563     -0.21986984      9.03795261E-09
   202.01794      0.13025901     -0.14679329      5.03789943E-09
   203.01602      0.22780538     -0.19491321     -4.95982500E-09
   204.01462      0.47311032     -0.32842010      2.53712162E-09
   205.01366      0.76527500     -0.48448306      1.71776051E-08
   206.01315      0.97242785     -0.58954579      2.11608908E-09
   207.01305      0.98239088     -0.58704138      2.67521516E-09
   208.01335      0.76864779     -0.46434861      2.17929808E-09
   209.01414      0.40479124     -0.25757700     -4.47806148E-09
   210.01526      1.34251676E-02 -3.00543066E-02  5.98510930E-09
   211.01666     -0.29866144      0.15741929     -2.25329710E-09
   212.01859     -0.47008964      0.26521227      1.53967306E-09
   213.02069     -0.48354509      0.27937731      6.27409635E-09
   214.02319     -0.35665745      0.20932505     -4.97133978E-09
   215.02600     -0.13526905      8.40159804E-02  1.93454852E-09
   216.00119      0.10329123     -4.95880395E-02  1.56292046E-09
   217.00458      0.29015517     -0.15229648      4.43496351E-09
   218.00818      0.34774199     -0.18306746      6.42604858E-09
   219.01205      0.25321901     -0.13057593     -3.29990346E-09
   220.01620      4.29432727E-02 -1.37693826E-02  2.42152454E-09
   221.02051     -0.20783010      0.12789124      1.79861598E-10
   222.02521     -0.42112195      0.25143987      7.32916394E-09
   223.00214     -0.53999555      0.32335362     -4.59148441E-10
   224.00739     -0.54825640      0.33303168     -7.16827575E-09
   225.01294     -0.44964853      0.28139210     -4.67127059E-10
   226.01880     -0.28152096      0.18960799      8.14606427E-09
   227.02515     -0.10343912      9.12934914E-02 -3.28690319E-09
   228.00388      1.66505482E-02  2.36476362E-02 -3.42219059E-10
   229.01077      4.03280593E-02  6.77477475E-03  1.70287076E-10
   230.01767     -3.93861569E-02  4.48456518E-02  1.48125689E-09
   231.02457     -0.17801668      0.11492339     -5.63294189E-10
   232.00349     -0.30283147      0.17826724      3.16516174E-10
   233.01039     -0.35766816      0.20356357      6.35568154E-10
   234.01729     -0.30211353      0.16884468      1.37530431E-09
   235.02419     -0.14142570      7.86532760E-02  2.15228280E-10
   236.00333      6.76251650E-02 -3.43910009E-02 -6.82057910E-10
   237.01106      0.25417611     -0.13309804      8.49203097E-10
   238.01961      0.32872444     -0.17359708      3.24858096E-09
   239.00085      0.26216844     -0.14239334      5.00233244E-10
   240.01050      9.00734961E-02 -5.65739498E-02  1.50532786E-09
   241.02010     -9.76823270E-02  4.04741466E-02  1.54696633E-09
   242.00107     -0.21230993      0.10298288      2.33848885E-10
   243.00951     -0.21644932      0.11017136     -2.94452041E-09
   244.01750     -0.11681362      6.41710237E-02 -1.58140900E-09
   245.02591      2.64199115E-02 -4.49609803E-03 -2.82729701E-10
   246.00714      0.12860426     -5.40386103E-02 -2.23688013E-11
   247.01733      0.13459849     -5.81826158E-02 -1.13793697E-12
   248.02808      3.79469804E-02 -1.31924562E-02 -1.53100518E-10
   249.01062     -9.95658189E-02  5.24949320E-02  1.26181288E-10
   250.02051     -0.20762461      0.10525682      3.12708553E-10
   251.00166     -0.22717002      0.11573377      3.41469697E-09
   252.01082     -0.15323803      8.10652077E-02  4.41366388E-10
   253.02074     -2.82266978E-02  2.20094100E-02 -1.73567521E-10
   254.00365      7.16199353E-02 -2.54696459E-02 -1.64605246E-10
   255.01494      9.11435336E-02 -3.66132520E-02  1.64667613E-10
   256.02609      1.81897134E-02 -5.78139164E-03  3.48722051E-10
   257.00839     -9.37554687E-02  4.32981327E-02  1.41992057E-10
   258.01804     -0.17819044      8.04079324E-02 -1.70688436E-10
   259.00024     -0.18037476      8.03058222E-02  3.12611881E-11
   260.01151     -9.78428349E-02  4.18902338E-02 -8.72749206E-10
   261.02335      2.16777362E-02 -1.21897738E-02 -1.71337056E-10
   262.00708      0.10089555     -4.68789749E-02 -7.89177668E-10
   263.01788      8.95016640E-02 -4.01374474E-02 -3.25263427E-12
   264.00055     -8.80795438E-03  6.46785228E-03  4.12229612E-10
   265.01151     -0.14160745      7.00325966E-02  1.47733215E-11
   266.02335     -0.23085375      0.11475686      6.54672538E-10
   267.00781     -0.22990710      0.11806372      3.75752451E-09
   268.01965     -0.14338461      8.16138685E-02  1.19338950E-09
   269.00253     -2.59098969E-02  3.04431003E-02  2.02304826E-10
   270.01364      5.84384799E-02 -6.30718376E-03  6.70081768E-11
   271.02573      5.81515245E-02 -5.68310916E-03  1.95790995E-10
   272.01053     -1.52925998E-02  2.80926488E-02  1.66353570E-10
   273.02304     -0.11052436      7.32750669E-02  2.17556112E-10
   274.00677     -0.16153544      0.10021085     -2.25860552E-10
   275.01862     -0.13950098      9.56652984E-02  2.87966517E-09
   276.00296     -6.30143955E-02  6.63663447E-02 -7.37792050E-11
   277.01590      1.88463833E-02  3.34263258E-02  7.35789540E-10
   278.00070      4.71466407E-02  2.13183723E-02  6.34151065E-12
   279.01260      4.46301233E-03  3.74208577E-02  9.50175605E-10
   280.02469     -8.01727027E-02  6.97827861E-02 -1.78401338E-09
   281.00949     -0.14675887      9.36881453E-02  1.71554793E-09
   282.02243     -0.15487152      9.19361785E-02  1.89770888E-09
   283.00723     -0.10240217      6.40206262E-02  2.59632538E-10
   284.02017     -2.73912363E-02  2.59169247E-02 -4.49727311E-10
   285.00497      1.03789084E-02  2.77296966E-03 -4.08897638E-11
   286.01868     -2.08176412E-02  6.92242291E-03  7.40426054E-11
   287.00409     -0.10255230      3.18893529E-02  1.12614820E-10
   288.01703     -0.18398651      5.71940541E-02 -9.35540673E-11
   289.00183     -0.20773834      6.06105104E-02 -2.85777041E-10
   290.01556     -0.15904537      3.65245454E-02 -2.68557065E-10
   291.00143     -7.21609145E-02  4.20380151E-04 -2.68239875E-11
   292.01517     -4.99990489E-03 -2.38896087E-02 -5.51768770E-11
   293.00040     -8.49440135E-03 -1.67438164E-02  1.10176201E-09
   294.01443     -7.90889710E-02  2.02425495E-02 -5.08021236E-10
   295.00110     -0.16067213      6.36340380E-02 -1.81872040E-09
   296.01520     -0.19252533      8.87953043E-02  4.56332194E-12
   297.00107     -0.14188568      8.15795511E-02  1.21362184E-10
   298.01617     -3.19350809E-02  5.12438752E-02  1.20390267E-10
   299.00311      6.69257790E-02  2.45305803E-02  1.15512766E-09
   300.01825      9.48747247E-02  2.38669515E-02 -7.69655117E-10
   301.00519      3.73160169E-02  5.29318564E-02  1.63741010E-09
   302.02042     -6.11161366E-02  9.37493816E-02  1.23923749E-09
   303.00812     -0.12438844      0.11594495     -3.17512283E-09
   304.02325     -0.10983676      0.10300654      8.71839129E-11
   305.01019     -3.26678343E-02  6.18110225E-02  2.77496165E-10
   306.02560      4.75711785E-02  1.62302982E-02  1.03556075E-09
   307.01318      5.80887645E-02 -4.41350508E-03  1.58351401E-10
   308.00012     -1.74492598E-02  6.78764051E-03 -3.34365868E-12
   309.01526     -0.13748285      3.52734774E-02 -7.29478866E-10
   310.00317     -0.21721008      5.17937355E-02  8.27065499E-11
   311.01935     -0.20538753      3.83434147E-02  1.13507856E-10
   312.00629     -0.11384998      1.33178057E-03 -3.42044726E-10
   313.02240     -6.53733313E-03 -3.41829844E-02 -4.16558454E-10
   314.01041      3.26531604E-02 -3.84055823E-02 -1.46318246E-09
   315.02664     -2.02718154E-02 -3.80681828E-03 -2.31641956E-10
   316.01465     -0.11416720      4.81110848E-02  1.24713670E-10
   317.00266     -0.16755839      8.60102251E-02  4.48373977E-11
   318.01889     -0.12489341      8.79570246E-02 -4.60131877E-10
   319.00690     -4.58337646E-03  5.83181754E-02  1.67245356E-10
   320.02313      0.11970778      2.34349705E-02 -5.83207316E-10
   321.01114      0.15375128      1.42349731E-02 -6.20767326E-10
   322.02737      7.36674964E-02  3.79716195E-02  5.76541981E-10
   323.01538     -5.87979667E-02  7.27525651E-02  3.06714210E-09
   324.00339     -0.15078638      8.67112428E-02  3.16957660E-09
   325.01962     -0.13822992      5.92763349E-02 -1.79998272E-09
   326.00684     -3.94692644E-02  1.68083026E-03  2.29443395E-10
   327.02197      6.53294623E-02 -5.46379052E-02 -6.12447523E-11
   328.00891      7.99486935E-02 -7.30893686E-02  1.19437793E-12
   329.02405     -1.42517751E-02 -4.68276776E-02 -5.98607219E-10
   330.01099     -0.14169718     -1.16962497E-03 -3.76617654E-10
   331.02612     -0.20313686      2.89776381E-02 -1.70279568E-09
   332.01306     -0.13916984      2.16489844E-02 -1.12287868E-09
   333.02823      1.66029315E-02 -1.23904059E-02  9.10900938E-11
   334.01624      0.15457213     -3.84364240E-02  1.43778239E-10
   335.00424      0.18442056     -2.95124538E-02  2.64959915E-10
   336.02048      9.31385458E-02  1.55621059E-02  2.25971658E-10
   337.00848     -3.27935591E-02  6.42839149E-02  4.68344669E-11
   338.02527     -9.25192758E-02  8.16373453E-02  2.28133262E-10
   339.01514     -4.10449579E-02  5.22072017E-02 -1.36252742E-09
   340.00815      7.40987509E-02 -4.59443312E-03  7.21934457E-11
   341.00735      0.14982948     -5.11211567E-02 -1.25078436E-09
   342.01788      0.10514006     -5.80964312E-02  3.38753470E-09
   343.01553     -3.67581919E-02 -2.90666521E-02  2.22492269E-09
   344.02826     -0.17351446      4.75308578E-03  6.00108852E-11
   345.00989     -0.19917041      1.03635993E-02 -2.26247479E-10
   346.00549     -9.82476175E-02 -1.72666609E-02  3.98945599E-11
   347.01419      6.03264198E-02 -5.46015054E-02  3.25240390E-10
   348.01199      0.15544385     -6.50441274E-02  1.56496816E-10
   349.00366      0.12593780     -3.31831649E-02  9.24404386E-10
   350.02039      1.13598872E-02  2.45399047E-02  2.11708373E-10
   351.00732     -7.51748532E-02  6.65762052E-02  1.99439310E-09
   352.02246     -5.68242148E-02  6.59216568E-02  6.14940721E-09
   353.01086      5.30558601E-02  2.56725401E-02  5.38802669E-10
   354.00266      0.16340303     -2.28829756E-02  7.83551113E-10
   355.02850      0.16955240     -4.52836826E-02  1.29971436E-10
   356.00418      5.43189086E-02 -3.06173228E-02  6.59082677E-10
   357.01440     -0.10592695     -5.42202964E-04  1.30507327E-09
   358.02493     -0.18756288      1.07588554E-02  6.69855060E-10
   359.02921     -0.13507935     -1.18523994E-02  9.21549559E-10
   360.02441      2.86424602E-03 -5.07916026E-02  3.91767507E-10
   361.01175      0.11506589     -7.15016425E-02 -1.61550384E-09
   362.02158      0.11383531     -5.04075997E-02  1.52283253E-09
   363.02841      1.51602589E-02  3.53427092E-03  4.72681838E-10
   364.00723     -7.82990828E-02  5.27707823E-02  2.10552284E-10
   365.01648     -7.81563222E-02  6.63716644E-02  1.48430310E-10
   366.00208      2.43044961E-02  3.78724746E-02  7.37770955E-10
   367.02039      0.15269071     -8.45406763E-03  6.34947539E-10
   368.01239      0.18734527     -3.42712812E-02  1.45687323E-10
   369.02985      8.68367553E-02 -2.45714784E-02  2.26881930E-10
   370.01364     -7.34231248E-02  3.44503950E-03  5.62247582E-10
   371.02060     -0.18032442      1.82544068E-02  6.88807275E-11
   372.02585     -0.15362802     -3.90979461E-04  5.52134616E-10
   373.00473     -2.91132070E-02 -3.95119488E-02  5.80542225E-10
   374.01697      9.56303626E-02 -6.79643974E-02  3.07723202E-09
   375.00717      0.11481179     -5.67538366E-02 -1.85754490E-09
   376.02759      2.79555172E-02 -8.08080286E-03  1.58401137E-09
   377.01599     -6.96740150E-02  4.31327038E-02  2.19667728E-10
   378.02756     -8.32711905E-02  6.39904365E-02 -1.79318183E-09
   379.00940      5.13085909E-03  4.36990857E-02  2.70499645E-09
   380.02267      0.12819600      1.99251459E-03  9.90848625E-10
   381.01358      0.17138436     -2.58054864E-02  1.05898645E-09
   382.00659      8.85515809E-02 -2.29551699E-02  1.09697706E-09
   383.02289     -6.44894093E-02 -3.80794983E-04  9.25736487E-10
   384.00418     -0.16567147      1.20797399E-02 -1.25117514E-10
   385.01089     -0.14409845     -3.32658715E-03  1.11721091E-10
   386.02142     -2.29384769E-02 -3.77967060E-02  9.30819977E-10
   387.01102      9.30713266E-02 -6.02201559E-02  1.63463876E-09
   388.00418      0.11117972     -4.70488742E-02  1.85192039E-09
   389.02127      2.84946263E-02 -4.87910118E-04  3.53754165E-10
   390.00476     -6.40964136E-02  4.65399064E-02  1.15811039E-09
   391.01590     -7.72858262E-02  6.39031529E-02 -1.40356615E-09
   392.00305      5.89043880E-03  4.18781638E-02 -5.18560972E-10
   393.02231      0.11847505     -1.60163734E-04  8.01142763E-11
   394.01053      0.15051569     -2.76817102E-02 -6.56716417E-11
   395.02185      6.26677871E-02 -2.53589414E-02  2.37959125E-10
   396.00394     -7.72462338E-02 -4.70396644E-03  3.83491461E-10
   397.01791     -0.16550383      8.71945266E-03 -1.17117135E-10
   398.00742     -0.13119572     -1.80833600E-03  2.23936841E-12
   399.02325     -7.34456396E-03 -2.71952841E-02  6.82562951E-10
   400.00690      0.10045537     -3.99511382E-02 -3.66518552E-11
