  2.53029466E-02  1.57096257E-15  1.63996251E-15 -9.77273578E-30
   1.0011063      3.25477386E-15  2.75821075E-15 -5.24629480E-28
   2.0000608      6.30202042E-15  5.01642600E-15 -1.45650840E-27
   3.0231161      1.21073771E-14  9.46152404E-15 -3.23196313E-27
   4.0209274      2.27404816E-14  1.76798036E-14 -6.48433803E-27
   5.0193563      4.26503484E-14  3.31092067E-14 -1.25743689E-26
   6.0180593      7.99629324E-14  6.20475486E-14 -2.39884713E-26
   7.0168557      1.49903636E-13  1.16303221E-13 -4.53758956E-26
   8.0157156      2.81015825E-13  2.18017986E-13 -8.54687403E-26
   9.0146446      5.26814649E-13  4.08705784E-13 -1.60637324E-25
   10.013657      9.87633911E-13  7.66196134E-13  1.33466304E-22
   11.012769      1.85157011E-12  1.43638129E-12  2.78998569E-22
   12.011990      3.47118471E-12  2.69267096E-12  1.99097567E-21
   13.011331      6.50707092E-12  5.04721698E-12  6.83368619E-22
   14.010797      1.21962935E-11  9.45876103E-12  2.12963647E-21
   15.010389      2.28535489E-11  1.77203287E-11  3.16845330E-20
   16.010118      4.28049783E-11  3.31809406E-11  4.60375965E-20
   17.009983      8.01241157E-11  6.20856630E-11  4.79011181E-20
   18.009989      1.49849799E-10  1.16056484E-10 -5.30791879E-20
   19.010126      2.79932882E-10  2.16670293E-10  6.85903954E-18
   20.010403      5.22186960E-10  4.03876377E-10 -1.31864403E-19
   21.010811      9.72380843E-10  7.51417706E-10 -4.57975991E-19
   22.011356      1.80696191E-09  1.39497092E-09  5.51524063E-17
   23.012037      3.34991856E-09  2.58330246E-09 -5.47527027E-17
   24.012850      6.19403551E-09  4.77089834E-09 -1.11698341E-16
   25.013788      1.14199556E-08  8.78505446E-09 -3.68870884E-16
   26.014851      2.09904023E-08  1.61261386E-08 -7.73733164E-18
   27.016045      3.84569958E-08  2.95051361E-08  1.59537041E-16
   28.017353      7.02226544E-08  5.38022462E-08  2.37582021E-17
   29.018784      1.27787672E-07  9.77700694E-08  2.87725848E-15
   30.020336      2.31730084E-07  1.77046303E-07 -5.57685222E-15
   31.021997      4.18730593E-07  3.19463737E-07  7.14483557E-15
   32.023777      7.53905681E-07  5.74358126E-07  1.02076144E-14
   33.025650      1.35979928E-06  1.03439061E-06 -4.47198702E-14
   34.001945      2.42976921E-06  1.84530779E-06  2.88041939E-15
   35.004051      4.40432768E-06  3.33959588E-06 -1.09578348E-13
   36.006233      7.95874712E-06  6.02516320E-06 -3.56059490E-15
   37.008518      1.42999834E-05  1.08285512E-05  1.50102112E-13
   38.010921      2.52011578E-05  1.94402328E-05  7.79295357E-13
   39.013390      4.59554867E-05  3.50386581E-05 -8.45378834E-13
   40.015972      8.26643372E-05  6.30787399E-05 -1.37671103E-12
   41.018639      1.48403997E-04  1.13110975E-04  3.21539670E-12
   42.021370      2.65435985E-04  2.01932213E-04  4.84915233E-12
   43.024227      4.72602609E-04  3.58864432E-04 -4.56286398E-12
   44.001396      8.25408380E-04  6.25646207E-04  1.42400102E-11
   45.004425      1.45622925E-03  1.10180699E-03 -2.33684144E-12
   46.007473      2.55738432E-03  1.93151599E-03 -4.00444304E-12
   47.010651      4.47092950E-03  3.37082893E-03  2.45756779E-12
   48.013851      7.78174214E-03  5.85674727E-03 -4.42941690E-12
   49.017178      1.34859150E-02  1.01319086E-02 -1.42629575E-10
   50.020515      2.32730731E-02  1.74525194E-02  2.74169090E-11
   51.023991      3.99967693E-02  2.99317222E-02 -7.16807447E-10
   52.001736      6.75180182E-02  5.04054204E-02 -1.46135409E-10
   53.005325      0.11505667      8.56171623E-02 -2.13036233E-09
   54.008949      0.19509535      0.14451011     -2.06920453E-10
   55.012634      0.32878140      0.24185877     -6.17602325E-09
   56.016407      0.54940754      0.39987314      1.45782915E-08
   57.020180      0.90647596      0.64896905      1.36830733E-08
   58.024090       1.4652297       1.0232375     -2.20582996E-10
   59.002270       2.2632248       1.5273820     -1.18944552E-08
   60.006214       3.3372378       2.1550491      1.45159995E-10
   61.010284       4.4670358       2.7594934      3.07402601E-08
   62.014355       5.1750479       3.1119077     -1.07743574E-08
   63.018471       5.0171499       3.0340815     -8.53430837E-09
   64.022690       4.0989799       2.5663259     -1.36387399E-08
   65.001160       2.9669943       1.9424621     -7.16477899E-09
   66.005424       1.9525957       1.3331679     -8.28149638E-09
   67.009941       1.2110708      0.85391390     -1.08129816E-08
   68.014633      0.71522284      0.51574534     -1.37733718E-08
   69.020271      0.39780667      0.29092249     -8.23980795E-09
   70.003403      0.20241232      0.14844570     -5.03172659E-09
   71.015938      7.68070891E-02  5.40081337E-02 -6.69509070E-09
   72.005890      8.51260673E-04 -5.84652647E-03 -3.86143562E-09
   73.025284     -4.65536453E-02 -4.65765893E-02 -9.30893307E-10
   74.021767     -7.28713796E-02 -7.33401254E-02 -2.18326823E-09
   75.021347     -8.53502452E-02 -9.14484113E-02 -3.76511000E-09
   76.023941     -8.74378458E-02 -0.10303099     -1.27517241E-09
   77.002983     -8.16389248E-02 -0.10898260     -3.58581986E-09
   78.011261     -6.93005919E-02 -0.11002973     -6.74880707E-10
   79.022293     -5.19486517E-02 -0.10620773     -3.69602260E-09
   80.009247     -3.15500312E-02 -9.82201993E-02 -3.60025254E-09
   81.025375     -8.32824968E-03 -8.64172876E-02 -4.69523220E-09
   82.017059      1.51937548E-02 -7.25749880E-02 -3.37926465E-09
   83.010902      3.82605940E-02 -5.78701682E-02 -1.76038717E-09
   84.006783      5.94325811E-02 -4.38779294E-02 -2.27633046E-09
   85.004539      7.72221982E-02 -3.20657901E-02 -1.61962388E-09
   86.004028      9.02570784E-02 -2.35609002E-02  3.85548538E-10
   87.005089      9.75425988E-02 -1.89801678E-02 -4.60376209E-10
   88.007538      9.87400785E-02 -1.83597542E-02 -4.22598262E-10
   89.011185      9.43625718E-02 -2.11882871E-02 -9.69890279E-11
   90.015823      8.57454389E-02 -2.65324786E-02 -7.88968169E-10
   91.021240      7.48249590E-02 -3.32114249E-02 -5.08591280E-10
   92.000000      6.40252531E-02 -3.98189984E-02 -1.34176159E-09
   93.006256      5.46232425E-02 -4.56516780E-02 -8.11726131E-10
   94.012527      4.82903123E-02 -4.97204550E-02 -1.37841105E-09
   95.018448      4.56499904E-02 -5.16278334E-02 -3.62303798E-10
   96.023560      4.65834066E-02 -5.14147244E-02  3.27810390E-10
   97.026604      5.03376424E-02 -4.95106988E-02 -8.15142398E-12
   98.026321      5.57552464E-02 -4.66020107E-02  9.19309490E-11
   99.022690      6.15381859E-02 -4.34495732E-02  6.24378188E-11
   100.01576      6.65133744E-02 -4.07236144E-02  1.63785741E-09
   101.00555      6.98620379E-02 -3.88874598E-02  7.41096184E-10
   102.01873      7.12730289E-02 -3.81419174E-02  7.99410316E-10
   103.00201      7.08687752E-02 -3.84794883E-02  2.11310025E-10
   104.00859      6.92142397E-02 -3.96631695E-02  2.24623431E-10
   105.01189      6.70395195E-02 -4.13139500E-02 -7.90855936E-10
   106.01195      6.49735779E-02 -4.30230312E-02  1.08753860E-10
   107.00880      6.33913428E-02 -4.44514863E-02  1.30857991E-10
   108.00250      6.24212474E-02 -4.53995652E-02  1.55884128E-09
   109.01911      6.20492958E-02 -4.58352864E-02  6.84149293E-10
   110.00653      6.22491166E-02 -4.58343737E-02  8.80525097E-11
   111.01675      6.29876181E-02 -4.55606580E-02 -8.39935677E-10
   112.02383      6.41848296E-02 -4.51556370E-02  2.23276161E-10
   113.00207      6.56256750E-02 -4.47116941E-02 -7.44213247E-10
   114.00299      6.71288520E-02 -4.42355238E-02  8.18790591E-10
   115.00092      6.83880150E-02 -4.37761173E-02 -1.51845470E-09
   116.02185      6.92354664E-02 -4.34209034E-02 -1.99587985E-11
   117.01743      6.95744678E-02 -4.33376692E-02 -5.00632938E-11
   118.00507      6.94667771E-02 -4.36477102E-02  1.38612810E-09
   119.00356      6.89583346E-02 -4.43924814E-02 -1.58239241E-10
   120.01613      6.80839717E-02 -4.54620309E-02 -1.02659686E-11
   121.02409      6.69761896E-02 -4.65691872E-02  3.40130840E-11
   122.02558      6.59259185E-02 -4.73994277E-02 -1.52490309E-09
   123.02342      6.53738827E-02 -4.77297492E-02  1.87845384E-09
   124.02189      6.57518283E-02 -4.74958941E-02 -1.82405224E-09
   125.02416      6.72234148E-02 -4.67986166E-02 -3.70280889E-11
   126.02668      6.94503561E-02 -4.58699539E-02 -6.05257094E-11
   127.02055      7.16167688E-02 -4.50014845E-02  3.23774757E-11
   128.00168      7.28232935E-02 -4.44445796E-02  1.48326751E-09
   129.01584      7.24623948E-02 -4.43492495E-02 -1.52357726E-09
   130.02733      7.04922080E-02 -4.47413959E-02 -6.13905482E-10
   131.02190      6.75702393E-02 -4.53926884E-02 -1.67084346E-09
   132.00946      6.45425320E-02 -4.59021404E-02 -1.50690571E-10
   133.02090      6.20162040E-02 -4.57727127E-02 -1.33253159E-10
   134.02724      6.03401251E-02 -4.45640534E-02  4.43308362E-10
   135.00145      5.92761002E-02 -4.22305912E-02 -1.01499399E-10
   136.00337      5.81958145E-02 -3.88634354E-02 -4.02820693E-11
   137.00652      5.64544238E-02 -3.50401886E-02  5.00832709E-10
   138.01196      5.34469374E-02 -3.13756801E-02 -1.12889947E-10
   139.01973      4.88065183E-02 -2.83131562E-02 -8.64196562E-11
   140.02887      4.25794162E-02 -2.59501077E-02 -8.34106118E-10
   141.00954      3.55799496E-02 -2.41003744E-02 -8.74250325E-11
   142.01979      2.85048336E-02 -2.22789813E-02 -3.59517222E-10
   143.00188      2.30698716E-02 -2.03173254E-02 -2.93379904E-11
   144.01218      2.00582296E-02 -1.80744939E-02 -4.98627944E-11
   145.02094      1.99667700E-02 -1.58620067E-02 -4.70804784E-11
   146.02869      2.20585316E-02 -1.41070895E-02  2.99205272E-10
   147.00755      2.47934926E-02 -1.32381637E-02 -1.68697528E-10
   148.01532      2.68616192E-02 -1.34384064E-02 -1.84875337E-10
   149.02310      2.73391604E-02 -1.46900583E-02 -5.87010884E-10
   150.00256      2.63993982E-02 -1.65448952E-02 -8.36122005E-11
   151.01086      2.48449109E-02 -1.84852798E-02 -9.60463792E-11
   152.01878      2.37077568E-02 -1.97614618E-02 -1.46351875E-10
   153.02655      2.35796086E-02 -1.98782180E-02 -1.43911133E-10
   154.00443      2.43749041E-02 -1.88308153E-02 -9.34149633E-11
   155.00912      2.56287847E-02 -1.70126278E-02 -1.22602151E-10
   156.01215      2.67159194E-02 -1.52538763E-02 -9.02652536E-11
   157.01358      2.72134300E-02 -1.43701080E-02 -1.26557778E-10
   158.01343      2.70283446E-02 -1.47903701E-02  2.77113388E-10
   159.01178      2.62984391E-02 -1.63474884E-02 -7.17201090E-11
   160.00880      2.53984649E-02 -1.83621440E-02 -4.56790994E-10
   161.00446      2.48152185E-02 -1.99771784E-02  8.35644054E-12
   162.02718      2.50114910E-02 -2.05648262E-02 -1.15435439E-13
   163.02005      2.61606239E-02 -1.99701432E-02 -4.61341826E-10
   164.01147      2.79370882E-02 -1.86222810E-02 -9.78060133E-11
   165.00143      2.95667797E-02 -1.72002036E-02 -7.66541552E-11
   166.01817      3.01705971E-02 -1.63340401E-02  6.98807678E-10
   167.00514      2.92657055E-02 -1.64181665E-02 -5.30302677E-11
   168.01875      2.72142291E-02 -1.73834469E-02 -4.29495536E-11
   169.00252      2.52262987E-02 -1.87603664E-02  2.60749838E-10
   170.01263      2.44486481E-02 -2.00453475E-02  2.09689627E-11
   171.02098      2.55849734E-02 -2.07182840E-02  4.56255450E-11
   172.02757      2.82830317E-02 -2.06382759E-02 -2.84643337E-10
   173.00443      3.13184112E-02 -2.01349370E-02  1.98290134E-11
   174.00725      3.38305235E-02 -1.98624805E-02 -5.11166887E-10
   175.00818      3.54970694E-02 -2.07047313E-02  4.37578085E-10
   176.00716      3.72567549E-02 -2.34668422E-02 -4.77997017E-11
   177.00414      4.10868376E-02 -2.87941135E-02 -1.14422041E-10
   178.02661      4.99704257E-02 -3.77008282E-02  4.62352989E-10
   179.01932      6.68100268E-02 -5.11594191E-02 -1.62996450E-10
   180.00998      9.63865370E-02 -7.24196434E-02 -6.28989638E-11
   181.02596      0.14778543     -0.10845818     -7.30670024E-10
   182.01227      0.23062187     -0.16704828     -2.37568742E-10
   183.02382      0.37000573     -0.26639286      2.49140625E-10
   184.00632      0.58770299     -0.42028019      2.64180761E-10
   185.01697      0.93657488     -0.66017509      1.49010471E-09
   186.00163       1.4380751     -0.98946202      1.22591803E-09
   187.01492       2.1339703      -1.4181732      7.69929051E-11
   188.00198       2.9154925      -1.8639978      2.22981011E-09
   189.01750       3.5997190      -2.2234099     -9.32941333E-08
   190.00655       3.8325305      -2.3306880      3.95585218E-08
   191.02408       3.4511621      -2.1197269     -1.10777287E-09
   192.01491       2.6328688      -1.6696075     -6.03725567E-08
   193.00659       1.6927414      -1.1259481     -3.51896068E-09
   194.02658      0.84605831     -0.60763675      1.04712292E-08
   195.01981      0.23567709     -0.21661974      2.42228593E-09
   196.01372     -0.15064925      3.79594490E-02  1.17270216E-09
   197.00829     -0.32387182      0.15393314      5.11760812E-09
   198.00349     -0.29289645      0.13495553      1.50883106E-09
   199.02696     -5.28921559E-02 -1.83387566E-02  1.87809990E-09
   200.02338      0.36973989     -0.28020549     -5.62879743E-11
   201.02039      0.92751479     -0.61105686     -1.38062950E-09
   202.01794       1.4987618     -0.93450189     -1.40462009E-09
   203.01602       1.8951812      -1.1521045     -2.26254548E-09
   204.01462       1.9511466      -1.1868489     -2.58015609E-09
   205.01366       1.6522163      -1.0317703     -2.12948272E-08
   206.01315       1.1484154     -0.75543857     -3.74924198E-08
   207.01305      0.63681704     -0.45858005     -7.57447971E-09
   208.01335      0.25572169     -0.22509620     -6.67811983E-09
   209.01414      6.48087710E-02 -0.10063412      2.21470675E-10
   210.01526      6.86021969E-02 -9.43013579E-02 -1.12767706E-09
   211.01666      0.23515128     -0.18622100     -9.39141653E-09
   212.01859      0.49960715     -0.33307084     -2.71853207E-09
   213.02069      0.76311195     -0.47450182     -2.30478725E-09
   214.02319      0.91126311     -0.54807907     -3.27109717E-09
   215.02600      0.86206472     -0.51305181     -7.92428012E-10
   216.00119      0.62381554     -0.37500218      6.38576481E-09
   217.00458      0.26002786     -0.16529888      1.22188060E-09
   218.00818     -0.11367010      5.38463853E-02 -2.56187427E-09
   219.01205     -0.40311012      0.22735494     -1.03665510E-09
   220.01620     -0.55253315      0.31946608     -2.01037798E-10
   221.02051     -0.54363906      0.31766480     -1.37741807E-09
   222.02521     -0.39135677      0.23177136      4.39443104E-09
   223.00214     -0.15024303      9.60295051E-02  3.21591576E-09
   224.00739      0.11760869     -5.27063459E-02  6.53269383E-10
   225.01294      0.31283236     -0.16041118     -4.87171858E-09
   226.01880      0.36091954     -0.18868884     -1.07788645E-09
   227.02515      0.24560046     -0.12803097      1.50793977E-09
   228.00388      2.29959507E-02 -5.34042949E-03 -1.86510196E-10
   229.01077     -0.23792548      0.14448562     -5.09816411E-10
   230.01767     -0.45396131      0.27405956     -1.47717616E-10
   231.02457     -0.57532215      0.35093653     -1.89036897E-10
   232.00349     -0.58505929      0.36135352     -6.68419675E-09
   233.01039     -0.49222362      0.30947524     -6.08729422E-09
   234.01729     -0.32609737      0.21342202     -4.58443905E-09
   235.02419     -0.13697183      0.10417449      1.35550016E-09
   236.00333      1.21138226E-02  1.82460304E-02  2.28044206E-09
   237.01106      8.09416547E-02 -2.29213033E-02  9.43453649E-10
   238.01961      4.66189831E-02 -8.04316625E-03  9.86238979E-10
   239.00085     -6.02932051E-02  4.63748202E-02  1.57517965E-09
   240.01050     -0.18973498      0.11288036      5.34250755E-10
   241.02010     -0.27635300      0.15555374      4.03338341E-09
   242.00107     -0.27686727      0.15062667     -3.69922537E-09
   243.00951     -0.17955922      9.23732594E-02  1.65905245E-09
   244.01750     -8.47360399E-03 -3.63597693E-03 -8.47458548E-10
   245.02591      0.17635381     -0.10351959      2.78403300E-09
   246.00714      0.29724088     -0.16695847     -3.39085204E-10
   247.01733      0.30553082     -0.17077672     -2.39897269E-10
   248.02808      0.19191006     -0.11116160      3.83301435E-09
   249.01062      1.33889606E-02 -1.72143728E-02  3.85684068E-10
   250.02051     -0.16337788      7.68123120E-02 -2.84705171E-09
   251.00166     -0.26452255      0.13146497      4.09640188E-09
   252.01082     -0.26293352      0.13205296      6.50583054E-09
   253.02074     -0.16370459      8.18646327E-02 -5.16312049E-10
   254.00365     -2.01271586E-02  9.74863488E-03 -3.26493305E-10
   255.01494      0.10479994     -5.20600192E-02 -6.11149797E-10
   256.02609      0.14312442     -7.08985403E-02  2.32327435E-10
   257.00839      7.93583691E-02 -3.98204401E-02  6.93815339E-10
   258.01804     -5.37864193E-02  2.55730040E-02  6.25289542E-11
   259.00024     -0.18190095      8.96437094E-02 -1.41230083E-10
   260.01151     -0.24761179      0.12411887      6.71404599E-10
   261.02335     -0.21495633      0.11118452     -2.07070638E-10
   262.00708     -0.10519265      6.10436797E-02 -2.89962332E-10
   263.01788      3.18825319E-02 -1.65813230E-03 -1.91548111E-10
   264.00055      0.12092180     -4.16424125E-02  5.11676257E-10
   265.01151      0.12073450     -4.01900038E-02 -2.59856053E-10
   266.02335      3.46024297E-02  1.54390838E-03 -1.13306392E-10
   267.00781     -7.83407539E-02  5.68810143E-02 -1.46358564E-10
   268.01965     -0.15662020      9.74047408E-02 -1.32687944E-10
   269.00253     -0.15507552      0.10103044     -6.22618235E-10
   270.01364     -7.75560960E-02  6.90730810E-02 -6.10117235E-11
   271.02573      2.90058088E-02  2.29224842E-02 -2.92545710E-10
   272.01053      9.53917131E-02 -6.27901778E-03 -3.96072342E-11
   273.02304      7.82895386E-02  4.09201952E-04 -3.84705573E-10
   274.00677     -1.68968420E-02  4.07116599E-02 -1.00074810E-10
   275.01862     -0.14281273      9.34705287E-02 -1.99220862E-09
   276.00296     -0.22675857      0.12572189     -1.82552695E-10
   277.01590     -0.22821605      0.11810356      1.79443349E-10
   278.00070     -0.14808851      7.17793256E-02 -7.46348539E-10
   279.01260     -2.88402960E-02  6.93564536E-03  2.38549513E-10
   280.02469      5.63641340E-02 -4.18962799E-02  1.66405889E-10
   281.00949      5.45629933E-02 -5.00610881E-02  1.67532821E-10
   282.02243     -3.48554365E-02 -1.65446401E-02  1.28632160E-10
   283.00723     -0.15646067      3.54620628E-02 -9.17243836E-10
   284.02017     -0.24641585      7.72878826E-02 -1.69265857E-09
   285.00497     -0.25378454      8.49402696E-02 -4.23788366E-10
   286.01868     -0.17827824      5.76308928E-02 -1.08422349E-09
   287.00409     -6.68982863E-02  1.60780102E-02 -1.78054793E-10
   288.01703      2.11516954E-02 -1.30019393E-02  6.20616336E-10
   289.00183      3.54132839E-02 -8.18984583E-03  1.38985282E-10
   290.01556     -2.17056386E-02  3.01961489E-02  7.04758363E-10
   291.00143     -0.10164053      7.99354464E-02 -7.56558982E-11
   292.01517     -0.14944220      0.11628292     -5.68776137E-10
   293.00040     -0.12933515      0.12040984     -6.56272092E-10
   294.01443     -5.02766371E-02  9.47804749E-02 -4.29926761E-09
   295.00110      3.77402976E-02  5.94927110E-02  1.89121885E-10
   296.01520      8.31029117E-02  3.64070833E-02 -1.56178917E-10
   297.00107      5.46969064E-02  3.91119532E-02  3.91149668E-10
   298.01617     -3.01721357E-02  6.14104904E-02 -1.11685605E-10
   299.00311     -0.11690989      8.24415386E-02  1.84497795E-09
   300.01825     -0.16002393      8.32893699E-02  7.50249723E-11
   301.00519     -0.14068261      5.79819307E-02  1.57303681E-09
   302.02042     -8.20380971E-02  1.69990137E-02 -1.83359314E-10
   303.00812     -3.52215432E-02 -1.56530757E-02  1.82247967E-11
   304.02325     -3.84914316E-02 -2.33850423E-02  7.95499999E-10
   305.01019     -9.30274054E-02 -3.83935869E-03  3.46604995E-10
   306.02560     -0.16287702      2.88212914E-02  1.62741987E-10
   307.01318     -0.19388571      5.18164709E-02  1.28601485E-09
   308.00012     -0.16052759      5.34104146E-02 -1.49022808E-10
   309.01526     -7.18918666E-02  3.64103578E-02  5.99764127E-10
   310.00317      2.07284391E-02  1.89303122E-02  1.78846507E-10
   311.01935      6.83484375E-02  1.93991661E-02  2.04589123E-12
   312.00629      4.64386307E-02  4.40991670E-02  9.70082681E-10
   313.02240     -2.26394888E-02  8.24913010E-02  2.93886915E-09
   314.01041     -8.45598727E-02  0.11021987     -2.02001749E-11
   315.02664     -9.88080949E-02  0.10989278      3.71673181E-09
   316.01465     -5.80595583E-02  7.93603584E-02  1.45709833E-12
   317.00266      4.25419677E-03  3.43306623E-02  6.18736729E-10
   318.01889      3.78288850E-02 -2.63473764E-03 -4.72496320E-10
   319.00690      7.20829517E-03 -1.27246594E-02  1.56693228E-10
   320.02313     -7.84481317E-02  2.36705644E-03 -4.27509084E-10
   321.01114     -0.16525310      2.47824416E-02 -5.48790735E-10
   322.02737     -0.20224959      3.49540040E-02  3.92679278E-10
   323.01538     -0.16521148      2.37269066E-02 -7.72202358E-10
   324.00339     -7.78156370E-02  3.78499506E-04 -1.24261351E-10
   325.01962      9.39797796E-03 -1.56099340E-02  1.12868076E-10
   326.00684      4.20571938E-02 -6.61895424E-03  1.71276660E-10
   327.02197      1.22759473E-02  2.81563718E-02 -7.80014942E-12
   328.00891     -4.35221083E-02  6.92574009E-02 -1.35349648E-10
   329.02405     -7.45161176E-02  9.42458734E-02 -3.00811731E-09
   330.01099     -4.91294861E-02  8.74349698E-02 -1.29202898E-11
   331.02612      2.07581483E-02  5.32570109E-02  5.19266574E-11
   332.01306      8.25698525E-02  1.38614085E-02 -6.22427720E-10
   333.02823      8.71667787E-02 -1.02630202E-02  1.58346128E-10
   334.01624      2.08835341E-02 -9.49261803E-03  1.17926502E-12
   335.00424     -7.78686255E-02  4.88647539E-03 -4.02788941E-10
   336.02048     -0.14934236      1.30900843E-02 -8.46844192E-11
   337.00848     -0.14479309      8.00517737E-04 -2.71403788E-10
   338.02527     -6.94024190E-02 -2.86434833E-02  6.18763374E-10
   339.01514      2.31060367E-02 -5.38996421E-02  1.17517507E-09
   340.00815      7.34847486E-02 -5.45677729E-02  8.78654149E-10
   341.00735      5.47940135E-02 -2.40706485E-02 -7.74281139E-10
   342.01788     -6.32314384E-03  2.30275653E-02  4.44389636E-10
   343.01553     -4.84809056E-02  5.83500117E-02 -2.15393592E-10
   344.02826     -2.80663986E-02  6.20648973E-02 -1.71528181E-10
   345.00989      4.64993231E-02  3.51366960E-02 -1.31406414E-10
   346.00549      0.12508985     -2.94352300E-03 -5.47614343E-10
   347.01419      0.14281099     -2.67186463E-02  7.90594479E-10
   348.01199      7.25033283E-02 -2.32562311E-02 -1.36988731E-09
   349.00366     -4.56017181E-02 -2.86806212E-03 -2.81073997E-10
   350.02039     -0.14052117      1.17852287E-02 -3.45892037E-10
   351.00732     -0.14931107      2.31619133E-03 -4.50160353E-10
   352.02246     -7.15181231E-02 -2.93930937E-02 -8.48213305E-11
   353.01086      3.43938395E-02 -6.00816309E-02 -9.56096591E-11
   354.00266      9.70228389E-02 -6.53873160E-02  1.91581528E-09
   355.02850      7.79535323E-02 -3.42926383E-02  8.33948605E-11
   356.00418      8.26916285E-03  1.46141350E-02  5.97224631E-11
   357.01440     -4.76340204E-02  5.45411631E-02  3.05789893E-10
   358.02493     -3.31541672E-02  5.94248772E-02 -2.71766221E-11
   359.02921      4.67257798E-02  2.89704371E-02 -9.29904265E-10
   360.02441      0.13151111     -1.35567077E-02  1.99126687E-11
   361.01175      0.15023884     -3.97082977E-02  5.30083477E-11
   362.02158      7.30152130E-02 -3.58669236E-02 -2.06838013E-09
   363.02841     -5.49371317E-02 -1.20689534E-02 -2.87195268E-10
   364.00723     -0.14739902      5.63633256E-03  9.58105817E-11
   365.01648     -0.14739063     -7.30411848E-04 -1.58278335E-10
   366.00208     -5.78745306E-02 -2.82012746E-02  2.32136088E-10
   367.02039      6.09443560E-02 -5.49201630E-02 -6.74118539E-11
   368.01239      0.12039653     -5.37140779E-02 -3.59689140E-10
   369.02985      8.85161757E-02 -1.76033936E-02 -4.36542413E-10
   370.01364      5.67878783E-03  3.18626538E-02 -2.77424861E-10
   371.02060     -5.51898815E-02  6.50744289E-02  1.36400613E-12
   372.02585     -3.89799327E-02  5.89709394E-02 -5.62110081E-12
   373.00473      3.92761864E-02  1.96140558E-02 -3.57020996E-10
   374.01697      0.11777955     -2.84006838E-02 -1.44515755E-09
   375.00717      0.11993992     -5.26528917E-02 -6.11722964E-11
   376.02759      2.84470003E-02 -4.25734445E-02 -5.99159555E-10
   377.01599     -9.34008509E-02 -1.37301479E-02 -8.18664081E-10
   378.02756     -0.16325857      7.45292008E-03  3.63757635E-10
   379.00940     -0.12746245      3.41776176E-03 -2.16406976E-10
   380.02267     -9.58982669E-03 -1.94315761E-02  7.57731489E-10
   381.01358      0.10588536     -3.62686180E-02 -1.47916768E-09
   382.00659      0.14269450     -2.66219992E-02  1.03844523E-10
   383.02289      8.32920223E-02  1.00336680E-02 -3.17942506E-10
   384.00418     -1.11623602E-02  4.80096228E-02  6.09282069E-12
   385.01089     -6.52015433E-02  6.05726801E-02 -2.80971219E-11
   386.02142     -3.71686108E-02  3.45075577E-02 -1.12160760E-10
   387.01102      4.04423587E-02 -1.34547632E-02  9.28356766E-11
   388.00418      9.36047733E-02 -5.27775958E-02 -1.18375726E-10
   389.02127      6.27646744E-02 -5.85882962E-02 -1.51047697E-09
   390.00476     -3.53036113E-02 -3.16850543E-02 -5.25002875E-10
   391.01590     -0.12834762      4.91679600E-03 -1.83324467E-10
   392.00305     -0.13538302      2.25362070E-02  6.11943829E-10
   393.02231     -4.05883379E-02  1.26609709E-02  9.37689093E-11
   394.01053      9.21716467E-02 -9.18599032E-03  6.45342002E-10
   395.02185      0.17351022     -1.80734545E-02  1.39929388E-10
   396.00394      0.14464192     -6.13031443E-04  1.31704578E-10
   397.01791      3.25889513E-02  3.28843705E-02  7.25495775E-10
   398.00742     -7.19989762E-02  5.38152158E-02 -1.96807037E-09
   399.02325     -9.70457941E-02  4.19017524E-02 -1.11026588E-09
   400.00690     -3.45990248E-02  1.67924794E-03  9.18544685E-11
