  2.53029466E-02  1.47900249E-20  1.42228003E-20 -1.30227038E-34
   1.0011063      2.70343691E-20  2.33197757E-20 -6.83695726E-33
   2.0000608      4.84918704E-20  4.04631649E-20 -1.84960745E-32
   3.0231161      8.78470851E-20  7.26931815E-20 -3.96428417E-32
   4.0209274      1.57587574E-19  1.30341705E-19 -7.66821044E-32
   5.0193563      2.84876428E-19  2.36029164E-19 -1.43520901E-31
   6.0180593      5.19059402E-19  4.30998426E-19 -2.65203563E-31
   7.0168557      9.52667427E-19  7.92663761E-19 -4.88319537E-31
   8.0157156      1.75956061E-18  1.46651037E-18 -9.00023174E-31
   9.0146446      3.26655588E-18  2.72597660E-18 -1.66429236E-30
   10.013657      6.08781977E-18  5.08478510E-18 -3.08774718E-30
   11.012769      1.13768693E-17  9.50755937E-18  3.87558349E-27
   12.011990      2.12989727E-17  1.78046987E-17  9.95989509E-27
   13.011331      3.99169140E-17  3.33727772E-17  4.97209815E-26
   14.010797      7.48521493E-17  6.25832609E-17 -6.88122012E-26
   15.010389      1.40401270E-16  1.17387993E-16  6.71985561E-24
   16.010118      2.63383836E-16  2.20208370E-16 -6.78256148E-25
   17.009983      4.94116987E-16  4.13110303E-16 -2.88951861E-24
   18.009989      9.27013504E-16  7.75023712E-16  9.81571341E-24
   19.010126      1.73923774E-15  1.45406017E-15 -2.61090083E-24
   20.010403      3.26325605E-15  2.72815463E-15 -6.53193632E-24
   21.010811      6.12297586E-15  5.11885896E-15  7.96011330E-23
   22.011356      1.14891634E-14  9.60480136E-15 -2.12164030E-23
   23.012037      2.15585216E-14  1.80220015E-14  6.98971354E-22
   24.012850      4.04518846E-14  3.38142363E-14  3.09395917E-23
   25.013788      7.58972353E-14  6.34385800E-14  2.05702693E-21
   26.014851      1.42380831E-13  1.18996162E-13  9.38489770E-23
   27.016045      2.67041272E-13  2.23150532E-13 -6.95058785E-21
   28.017353      5.00680118E-13  4.18310514E-13 -2.38939354E-22
   29.018784      9.38300978E-13  7.83748771E-13  6.90667892E-22
   30.020336      1.75735143E-12  1.46745181E-12  1.29781195E-21
   31.021997      3.28878613E-12  2.74525671E-12  4.47652893E-20
   32.023777      6.14881063E-12  5.13038396E-12  4.48949450E-21
   33.025650      1.14825007E-11  9.57578548E-12 -1.85623129E-19
   34.001945      2.10740071E-11  1.75646026E-11  2.97008440E-20
   35.004051      3.92382238E-11  3.26824783E-11 -5.37304578E-21
   36.006233      7.29255059E-11  6.06970654E-11  4.14296460E-19
   37.008518      1.35258388E-10  1.12487762E-10  3.97924333E-18
   38.010921      2.50307802E-10  2.07989057E-10 -6.71339785E-21
   39.013390      4.62090144E-10  3.83612336E-10 -4.53412022E-19
   40.015972      8.50833404E-10  7.05647540E-10  1.20890974E-17
   41.018639      1.56227853E-09  1.29437294E-09  4.89603707E-19
   42.021370      2.86026358E-09  2.36726394E-09 -6.90188452E-17
   43.024227      5.22071364E-09  4.31612346E-09 -9.08949997E-17
   44.001396      9.35465305E-09  7.72522046E-09  1.12060771E-17
   45.004425      1.69659060E-08  1.39942271E-08  1.31979471E-17
   46.007473      3.06644203E-08  2.52623646E-08  4.26665716E-17
   47.010651      5.52244934E-08  4.54372504E-08  6.16654809E-17
   48.013851      9.90797702E-08  8.14094676E-08 -2.06954628E-15
   49.017178      1.77049372E-07  1.45262902E-07  1.54391964E-16
   50.020515      3.15019520E-07  2.58059856E-07  6.41707545E-15
   51.023991      5.57910539E-07  4.56257681E-07 -1.21372706E-14
   52.001736      9.69228836E-07  7.91316779E-07 -1.72108709E-14
   53.005325      1.72257796E-06  1.40335010E-06 -1.86754544E-15
   54.008949      3.07101936E-06  2.49737604E-06 -5.24724917E-14
   55.012634      5.45982857E-06  4.43242470E-06  1.12438093E-14
   56.016407      9.66287735E-06  7.83092946E-06  1.93014990E-14
   57.020180      1.65264573E-05  1.37860488E-05 -1.63207907E-13
   58.024090      2.96082690E-05  2.43747527E-05  7.16511065E-14
   59.002270      5.20049507E-05  4.25077778E-05  1.67600265E-12
   60.006214      9.18424630E-05  7.51250773E-05  8.29931555E-14
   61.010284      1.61796750E-04  1.32356159E-04  1.13757758E-13
   62.014355      2.84304057E-04  2.32307735E-04 -1.50652563E-11
   63.018471      4.97760251E-04  4.06180916E-04 -6.82655234E-12
   64.022690      8.68152070E-04  7.07545551E-04 -1.69569740E-11
   65.001160      1.48746476E-03  1.21090363E-03 -5.98525673E-11
   66.005424      2.57611508E-03  2.09480012E-03  5.23941203E-11
   67.009941      4.44707694E-03  3.61235416E-03  8.24446848E-14
   68.014633      7.65416538E-03  6.21119607E-03  8.94789613E-14
   69.020271      1.31440498E-02  1.06557701E-02 -2.85859565E-11
   70.003403      2.22466979E-02  1.80182215E-02  9.71627778E-10
   71.015938      3.81721072E-02  3.08847781E-02 -2.79570013E-11
   72.005890      6.46124706E-02  5.22145480E-02 -1.25477895E-09
   73.025284      0.11096828      8.95211548E-02  3.03177083E-09
   74.021767      0.18814968      0.15137887     -2.67931760E-10
   75.021347      0.31933898      0.25573778      1.35763418E-08
   76.023941      0.54204899      0.43048537     -1.02207371E-08
   77.002983      0.90472615      0.70826048      9.62295665E-09
   78.011261       1.5146875       1.1563209     -3.91558359E-08
   79.022293       2.4636283       1.8079052      5.99293254E-11
   80.009247       3.7134495       2.5902433     -5.63002729E-08
   81.025375       4.9794703       3.3085861      4.96142860E-08
   82.017059       5.4630375       3.5699406      4.57575702E-08
   83.010902       4.8804693       3.2558773     -2.86530621E-09
   84.006783       3.7770057       2.6014495     -9.19842762E-08
   85.004539       2.7514238       1.9262952     -6.63120936E-09
   86.004028       1.9868244       1.3825901     -1.04369828E-08
   87.005089       1.4413986      0.97908145     -7.80235876E-09
   88.007538       1.0391676      0.67819095     -1.70626571E-08
   89.011185      0.72852218      0.44619837     -6.99934288E-09
   90.015823      0.48302832      0.26340407     -3.35082539E-09
   91.021240      0.29077780      0.12023269      1.94793803E-09
   92.000000      0.14931747      1.44353546E-02 -2.12138040E-09
   93.006256      4.65549454E-02 -6.31984696E-02 -9.80151627E-10
   94.012527     -1.80728436E-02 -0.11311769     -5.89690208E-09
   95.018448     -5.13967983E-02 -0.14030816     -1.51105961E-09
   96.023560     -6.19652197E-02 -0.15086031     -3.28424132E-09
   97.026604     -5.92469126E-02 -0.15134212     -3.40894069E-09
   98.026321     -5.19710481E-02 -0.14772972     -3.43294460E-09
   99.022690     -4.63068411E-02 -0.14422417      7.74624809E-09
   100.01576     -4.45982441E-02 -0.14252049     -2.89234925E-09
   101.00555     -4.52986583E-02 -0.14184478      3.79164394E-10
   102.01873     -4.42713127E-02 -0.13971397     -2.92874613E-09
   103.00201     -3.70607972E-02 -0.13354838     -4.37211867E-09
   104.00859     -2.04966590E-02 -0.12137999     -3.80166520E-09
   105.01189      4.83283447E-03 -0.10366637     -5.80677728E-11
   106.01195      3.51290703E-02 -8.27612579E-02 -3.81273280E-09
   107.00880      6.47616088E-02 -6.21049143E-02  1.34644462E-10
   108.00250      8.84747505E-02 -4.49000187E-02  4.71837014E-11
   109.01911      0.10354429     -3.27550396E-02 -9.35449052E-10
   110.00653      0.10917395     -2.63554174E-02 -8.84711193E-10
   111.01675      0.10788034     -2.40135882E-02 -4.15125323E-10
   112.02383      0.10214325     -2.41693128E-02 -5.08800335E-10
   113.00207      9.38413665E-02 -2.55078375E-02  3.71662118E-10
   114.00299      8.26683939E-02 -2.77000517E-02 -5.66025837E-11
   115.00092      6.82650730E-02 -3.08438111E-02 -3.57551544E-10
   116.02185      5.02740555E-02 -3.50427404E-02 -9.93143678E-10
   117.01743      3.13397422E-02 -3.94349247E-02  7.30823124E-10
   118.00507      1.44184567E-02 -4.28244397E-02 -8.21118007E-10
   119.00356      2.73605250E-03 -4.39193957E-02 -3.64349939E-11
   120.01613     -1.23626937E-03 -4.18818854E-02 -8.49861292E-10
   121.02409      2.55963835E-03 -3.70380245E-02 -1.19875221E-11
   122.02558      1.14748776E-02 -3.07312515E-02 -9.90287963E-10
   123.02342      2.17292942E-02 -2.45836824E-02 -3.88656107E-10
   124.02189      3.00330482E-02 -1.97980851E-02 -4.82729690E-11
   125.02416      3.46600190E-02 -1.67986788E-02 -1.01494746E-09
   126.02668      3.56752388E-02 -1.53221488E-02 -6.04653327E-10
   127.02055      3.43200602E-02 -1.48466406E-02  1.04024872E-10
   128.00168      3.19384821E-02 -1.50771746E-02  4.03796302E-11
   129.01584      2.90955249E-02 -1.61605366E-02  9.11821341E-10
   130.02733      2.59832144E-02 -1.83251966E-02 -2.59984395E-11
   131.02190      2.27108207E-02 -2.13930886E-02  1.64100677E-11
   132.00946      1.96987782E-02 -2.46814415E-02  3.69582143E-12
   133.02090      1.77166034E-02 -2.72135846E-02  9.83252590E-10
   134.02724      1.76396780E-02 -2.79707331E-02 -3.71293662E-10
   135.00145      1.95027534E-02 -2.68332493E-02  3.78985010E-10
   136.00337      2.27366984E-02 -2.43912730E-02 -6.90227875E-11
   137.00652      2.61103846E-02 -2.18254682E-02  5.35678057E-10
   138.01196      2.85277218E-02 -2.01940015E-02 -9.40270084E-12
   139.01973      2.95395888E-02 -1.98983084E-02  9.56543178E-10
   140.02887      2.94456594E-02 -2.05691587E-02 -3.63521518E-10
   141.00954      2.89363582E-02 -2.14232020E-02  3.27553262E-12
   142.01979      2.84759868E-02 -2.19391640E-02  5.71315550E-10
   143.00188      2.81402189E-02 -2.20299363E-02 -3.36622868E-10
   144.01218      2.76537798E-02 -2.20740382E-02 -2.70717393E-10
   145.02094      2.68307291E-02 -2.24856082E-02  1.42047346E-10
   146.02869      2.58200243E-02 -2.33303774E-02  1.25967944E-10
   147.00755      2.50913911E-02 -2.42179316E-02  4.04486555E-10
   148.01532      2.50402056E-02 -2.46890634E-02 -5.16263865E-10
   149.02310      2.58260686E-02 -2.44409386E-02  4.74465675E-11
   150.00256      2.71474980E-02 -2.37008724E-02 -1.37589870E-11
   151.01086      2.86880545E-02 -2.29782760E-02  1.00819331E-09
   152.01878      3.01933307E-02 -2.28803940E-02  6.20598087E-11
   153.02655      3.18123847E-02 -2.37284601E-02 -3.48265417E-10
   154.00443      3.39109078E-02 -2.54916959E-02  1.84449747E-11
   155.00912      3.71125080E-02 -2.82819197E-02  8.23161539E-10
   156.01215      4.18424718E-02 -3.23681869E-02  1.15870626E-10
   157.01358      4.87060659E-02 -3.85243148E-02  8.42860642E-11
   158.01343      5.88739999E-02 -4.79814000E-02  1.12151691E-10
   159.01178      7.46962503E-02 -6.25180677E-02 -1.92881400E-09
   160.00880      0.10056224     -8.51199105E-02  9.29095620E-11
   161.00446      0.14449126     -0.12171661      5.82538878E-11
   162.02718      0.22441997     -0.18685259     -3.35294362E-11
   163.02005      0.36540517     -0.30119121     -3.97561671E-11
   164.01147      0.62238908     -0.50727582     -1.47857850E-08
   165.00143       1.0836923     -0.86401123     -1.43013423E-09
   166.01817       1.8907670      -1.4434075     -4.47129089E-09
   167.00514       3.0368333      -2.1771128     -5.65460700E-09
   168.01875       4.2323012      -2.8446283     -1.13399743E-08
   169.00252       4.5410433      -2.9937263     -1.39374876E-08
   170.01263       3.5684345      -2.4743483     -2.33795738E-08
   171.02098       2.0908082      -1.6112431     -2.29027393E-08
   172.02757      0.90644062     -0.82931310     -3.70251119E-09
   173.00443      0.22096069     -0.32833502      2.29984742E-09
   174.00725     -7.57403523E-02 -9.06508341E-02 -4.89049912E-09
   175.00818     -5.29989749E-02 -8.93626288E-02 -2.68239919E-09
   176.00716      0.22278617     -0.27441663     -4.63487115E-09
   177.00414      0.69098365     -0.58885068     -3.91978761E-09
   178.02661       1.2582970     -0.95563245     -8.45979198E-09
   179.01932       1.6973617      -1.2304552      4.27784780E-10
   180.00998       1.8162811      -1.3124294     -5.98169123E-08
   181.02596       1.5566158      -1.1715478     -6.13103666E-08
   182.01227       1.1014422     -0.90159315      3.14551798E-08
   183.02382      0.66244006     -0.62229484      1.12477805E-08
   184.00632      0.40646130     -0.44714987      7.95759192E-09
   185.01697      0.36464953     -0.40878525     -1.45158374E-08
   186.00163      0.51681542     -0.49916565      1.69057994E-08
   187.01492      0.79316008     -0.66846621     -1.39702889E-08
   188.00198       1.0498393     -0.82201421     -2.18491913E-09
   189.01750       1.1450534     -0.87475199      2.56942068E-09
   190.00655      0.98880100     -0.77527821      3.36879786E-08
   191.02408      0.62034637     -0.54206806      2.00482031E-09
   192.01491      0.19722380     -0.26480830      6.87928114E-09
   193.00659     -0.15817222     -2.14712303E-02  4.20682245E-09
   194.02658     -0.37174320      0.13268758     -6.37270148E-09
   195.01981     -0.40451813      0.16486581      8.00856004E-09
   196.01372     -0.27695328      8.91147256E-02  8.71592104E-11
   197.00829     -3.97719592E-02 -5.58724478E-02  7.49265761E-10
   198.00349      0.21193390     -0.20523350      2.91593943E-10
   199.02696      0.35944563     -0.28718939      6.23174734E-10
   200.02338      0.31080824     -0.25148234     -1.18511867E-09
   201.02039      9.34166163E-02 -0.11291737      1.33294176E-09
   202.01794     -0.18580335      6.88640699E-02  2.62100674E-09
   203.01602     -0.40769374      0.22131597      5.50813617E-09
   204.01462     -0.49865782      0.29341874      8.61824112E-10
   205.01366     -0.44421422      0.27202532      1.10638410E-09
   206.01315     -0.28603089      0.18245073     -7.76561304E-09
   207.01305     -0.10747882      7.77229592E-02 -1.44685197E-09
   208.01335     -5.34758531E-03  1.63670555E-02  1.45516910E-09
   209.01414     -3.80739719E-02  3.28503363E-02  5.47562107E-10
   210.01526     -0.18491858      0.11818525      2.54334089E-11
   211.01666     -0.36360446      0.22692451      4.92875341E-09
   212.01859     -0.48316798      0.30400521      9.42575684E-10
   213.02069     -0.48748621      0.31185856      9.24224874E-09
   214.02319     -0.37170786      0.24509281     -2.39574721E-10
   215.02600     -0.18047711      0.13120961     -4.83665219E-10
   216.00119      9.94145055E-04  2.15623546E-02 -2.61330713E-09
   217.00458      0.10370685     -4.46582846E-02 -2.13933071E-09
   218.00818      8.90137926E-02 -4.55821529E-02 -8.99959829E-10
   219.01205     -1.96880335E-03 -1.93021749E-03 -8.00657873E-11
   220.01620     -8.63862112E-02  4.16754670E-02  1.32749156E-09
   221.02051     -9.52993482E-02  4.66282815E-02 -6.95117575E-10
   222.02521     -1.50628742E-02  4.69985511E-03 -9.33366717E-10
   223.00214      0.10233255     -5.56073859E-02 -9.24878174E-10
   224.00739      0.18047160     -9.38894153E-02 -9.72560504E-11
   225.01294      0.15176761     -7.65057802E-02 -2.73841158E-11
   226.01880      2.69745421E-02 -9.19367187E-03  8.96651975E-10
   227.02515     -0.11452277      6.73812851E-02  3.63743202E-10
   228.00388     -0.18258744      0.10565485     -1.42500192E-10
   229.01077     -0.13920026      8.59345943E-02  8.23601604E-12
   230.01767     -1.34985298E-02  2.38260776E-02 -1.25884236E-09
   231.02457      0.10368079     -3.33170295E-02  1.73378797E-10
   232.00349      0.12081741     -4.10374105E-02  1.23041011E-09
   233.01039      1.95951164E-02  9.14632436E-03  1.51668358E-10
   234.01729     -0.13123229      8.40770975E-02  2.46045573E-10
   235.02419     -0.22568101      0.13161923     -2.22651320E-09
   236.00333     -0.20199668      0.12096739     -2.69942424E-09
   237.01106     -7.77623057E-02  6.11531213E-02  3.09751780E-10
   238.01961      5.81581742E-02 -3.68402572E-03  4.40894266E-10
   239.00085      0.10296777     -2.60995273E-02  2.47331544E-10
   240.01050      2.94391289E-02  5.29089849E-03 -4.11959217E-11
   241.02010     -9.63054001E-02  5.96839525E-02  1.36254258E-10
   242.00107     -0.16449879      8.66158679E-02  6.32224342E-11
   243.00951     -0.11852193      6.12254366E-02  9.90068250E-10
   244.01750      1.05877202E-02  9.68304463E-04 -1.03945533E-11
   245.02591      0.11468966     -4.20779437E-02  2.51825893E-10
   246.00714      9.53442454E-02 -2.57971473E-02 -3.89981492E-10
   247.01733     -4.69621718E-02  4.70680296E-02  1.76571632E-10
   248.02808     -0.20815936      0.12608373     -4.71632317E-11
   249.01062     -0.26636738      0.15273331      3.03449654E-10
   250.02051     -0.18045735      0.10786663      2.23404384E-09
   251.00166     -1.19969714E-02  2.53961943E-02 -4.67319128E-10
   252.01082      0.11667623     -3.50843482E-02  1.65447406E-10
   253.02074      9.20903981E-02 -2.29142644E-02 -2.02816264E-10
   254.00365     -5.97806200E-02  4.93313558E-02  1.03181841E-09
   255.01494     -0.22044909      0.12655877     -2.59723798E-10
   256.02609     -0.25835162      0.14543913      5.37178579E-10
   257.00839     -0.14937840      9.37677398E-02  2.70315784E-11
   258.01804      2.82953754E-02  1.07884360E-02 -2.71553585E-10
   259.00024      0.12569116     -3.41148563E-02 -8.04519298E-12
   260.01151      5.99693768E-02 -5.33593632E-03 -2.29391811E-10
   261.02335     -0.11548156      7.47345835E-02 -1.64357394E-09
   262.00708     -0.25062835      0.13804103     -3.16113891E-09
   263.01788     -0.24394436      0.13636170     -1.07129872E-09
   264.00055     -0.10239685      7.24595785E-02 -2.12277484E-09
   265.01151      6.56908378E-02 -2.76093604E-03 -1.14168364E-09
   266.02335      0.10940015     -2.31635571E-02 -1.40050449E-09
   267.00781     -7.38521060E-03  2.67930105E-02 -8.70196248E-10
   268.01965     -0.18769476      0.10545802     -1.96727545E-09
   269.00253     -0.27519894      0.14354452     -4.04463751E-09
   270.01364     -0.20161067      0.10939097     -5.51701662E-09
   271.02573     -1.92687027E-02  2.80923229E-02 -7.43934192E-10
   272.01053      0.11685207     -3.11454237E-02 -2.98448016E-10
   273.02304      8.94287378E-02 -2.02618949E-02  2.05642600E-10
   274.00677     -7.49545097E-02  5.00108451E-02 -1.25320598E-09
   275.01862     -0.23966023      0.12152831     -1.15512856E-10
   276.00296     -0.26522434      0.13268961     -4.63797223E-09
   277.01590     -0.13539664      7.59855658E-02  1.33418748E-10
   278.00070      3.82262431E-02  1.87504012E-03 -6.30440256E-10
   279.01260      0.10927524     -2.83067804E-02  2.53977672E-11
   280.02469      1.19011281E-02  1.24090668E-02 -4.17358315E-10
   281.00949     -0.15373865      8.26632902E-02 -4.05246503E-09
   282.02243     -0.24281275      0.12178334      4.77895945E-09
   283.00723     -0.17772329      9.57197845E-02 -2.26369012E-09
   284.02017     -1.26338890E-02  2.88422480E-02  9.08135789E-10
   285.00497      0.10305952     -1.57601796E-02  8.92021790E-10
   286.01868      6.50575086E-02  1.96394417E-03  8.20399026E-10
   287.00409     -8.17379802E-02  6.52730167E-02  4.16555207E-10
   288.01703     -0.20284876      0.11904252      1.41656339E-10
   289.00183     -0.18356985      0.11510301     -4.56758353E-10
   290.01556     -3.98938954E-02  5.94178177E-02  4.32473779E-10
   291.00143      9.81834084E-02  5.95023762E-03  1.35487666E-09
   292.01517      0.10570370      3.61925224E-03  6.27349672E-10
   293.00040     -2.06803828E-02  5.41209690E-02  1.06683395E-09
   294.01443     -0.16238984      0.11110482      1.78893955E-10
   295.00110     -0.18428947      0.11964262      3.78326170E-09
   296.01520     -6.90107197E-02  7.13728815E-02  7.50991491E-11
   297.00107      7.52189159E-02  1.03070382E-02  3.55261015E-10
   298.01617      0.11205845     -1.13283545E-02  6.03830319E-10
   299.00311      2.40118452E-03  2.26550773E-02  3.02407335E-11
   300.01825     -0.15500949      7.51939639E-02  5.60645586E-10
   301.00519     -0.21293278      9.01870579E-02  1.80923845E-10
   302.02042     -0.12884244      4.94685881E-02 -8.18355383E-10
   303.00812      1.19590936E-02 -1.23015931E-02 -2.21832525E-10
   304.02325      7.19368607E-02 -4.35617194E-02 -8.60887139E-10
   305.01019     -1.07346838E-02 -1.99835952E-02 -1.65676778E-11
   306.02560     -0.15693641      2.95221992E-02 -7.50841389E-10
   307.01318     -0.21973358      5.11310659E-02  1.39154666E-09
   308.00012     -0.14672977      2.38173511E-02 -2.33719044E-10
   309.01526      3.42422305E-03 -2.83717699E-02 -2.68024380E-10
   310.00317      8.58791023E-02 -5.22285514E-02  3.02378095E-10
   311.01935      3.23463492E-02 -2.29844004E-02 -6.05497652E-10
   312.00629     -8.71282443E-02  3.25158536E-02 -6.55354604E-10
   313.02240     -0.14165756      6.58441633E-02 -3.01656450E-10
   314.01041     -6.38319850E-02  4.96050268E-02 -3.50746682E-10
   315.02664      8.78427476E-02  5.80888474E-03  3.71803532E-10
   316.01465      0.17284429     -1.57017112E-02  6.53806620E-10
   317.00266      0.12407567      8.44056811E-03 -1.58185076E-10
   318.01889     -2.09815963E-03  5.74218221E-02  2.07347993E-11
   319.00690     -6.92984909E-02  8.11339170E-02  3.27219987E-11
   320.02313     -1.50637776E-02  5.50173149E-02  7.07521930E-10
   321.01114      0.10212794      1.76878064E-03 -5.07929199E-10
   322.02737      0.15711969     -3.32726911E-02 -4.78485168E-11
   323.01538      7.76932985E-02 -2.25832425E-02 -4.20607604E-10
   324.00339     -6.78442717E-02  1.18096992E-02  1.35216005E-10
   325.01962     -0.15218642      2.57154349E-02  2.81389745E-10
   326.00684     -0.10647117     -4.76263044E-03  1.95037556E-10
   327.02197      1.45909712E-02 -5.87824211E-02  2.90893176E-09
   328.00891      7.72497728E-02 -8.75356868E-02 -1.26448185E-09
   329.02405      1.80638023E-02 -6.76285774E-02  4.11832879E-09
   330.01099     -9.62071642E-02 -2.14933977E-02  6.26062591E-10
   331.02612     -0.14305289      8.29219818E-03  6.29473307E-10
   332.01306     -6.49399534E-02 -1.35070691E-03  6.54814314E-10
   333.02823      7.63259828E-02 -2.96662301E-02  3.61123964E-10
   334.01624      0.14891684     -3.50461341E-02  1.11749610E-09
   335.00424      0.10367417     -1.94876618E-03  1.79199329E-11
   336.02048      9.11555428E-04  4.68362086E-02  7.86930077E-10
   337.00848     -3.76138836E-02  6.74383789E-02 -7.00059455E-11
   338.02527      2.81691104E-02  4.41578999E-02 -7.51788770E-11
   339.01514      0.12847708      1.92736182E-03 -2.46458187E-10
   340.00815      0.15127721     -2.06093453E-02  1.88461899E-10
   341.00735      5.90308122E-02 -8.67185835E-03 -5.40039791E-10
   342.01788     -7.14382976E-02  1.40053155E-02 -1.68735345E-10
   343.01553     -0.12117669      1.03753796E-02  9.59929691E-10
   344.02826     -6.00521788E-02 -2.86478493E-02  6.88865964E-10
   345.00989      3.31489667E-02 -7.22756088E-02  1.05936319E-11
   346.00549      5.29529415E-02 -8.44148397E-02  8.76175174E-12
   347.01419     -2.42382381E-02 -5.48087843E-02  4.05175116E-10
   348.01199     -0.11093602     -1.26991533E-02  2.13874557E-10
   349.00366     -0.10580211      6.35111984E-03  4.93871888E-10
   350.02039      6.33062329E-04 -4.28297510E-03  4.07956446E-10
   351.00732      0.11369187     -1.75662301E-02  6.44074682E-10
   352.02246      0.13225824     -4.13499493E-03 -7.81129328E-11
   353.01086      5.51947244E-02  3.35905403E-02  1.00790576E-09
   354.00266     -2.67244838E-02  6.44555166E-02 -2.06962655E-10
   355.02850     -2.17141546E-02  5.79777062E-02 -2.74920586E-10
   356.00418      5.68901859E-02  1.86498407E-02 -5.73101400E-10
   357.01440      0.12147661     -2.29124576E-02  8.09942058E-10
   358.02493      8.05265903E-02 -3.44384722E-02  1.84827376E-09
   359.02921     -3.91439833E-02 -1.90452598E-02  8.70466366E-10
   360.02441     -0.13155949     -7.14323577E-03 -2.16257859E-10
   361.01175     -0.11871059     -2.08262652E-02 -7.90184099E-11
   362.02158     -2.65069306E-02 -5.12705743E-02 -5.79544399E-11
   363.02841      4.49797362E-02 -6.56258315E-02 -7.85532403E-12
   364.00723      2.71548443E-02 -4.44678739E-02  8.04878608E-10
   365.01648     -4.26407456E-02 -3.66957625E-04  1.06134310E-10
   366.00208     -6.79326579E-02  3.15484256E-02 -8.03405398E-10
   367.02039      4.60994954E-04  3.28252241E-02 -1.96293781E-09
   368.01239      0.10521923      1.54436789E-02 -4.54443400E-10
   369.02985      0.14780682      7.71664269E-03 -2.35555492E-10
   370.01364      8.77094269E-02  2.14213450E-02  2.30291081E-11
   371.02060     -1.61224660E-02  3.90381254E-02  1.55965951E-09
   372.02585     -6.26008883E-02  3.24525014E-02 -1.10783094E-09
   373.00473     -2.55753510E-02 -2.87513295E-03 -7.93227220E-11
   374.01697      3.77456695E-02 -4.52781580E-02 -2.75122786E-10
   375.00717      3.51801515E-02 -6.14908189E-02 -3.80824622E-10
   376.02759     -4.55161482E-02 -4.45357934E-02 -2.74031936E-10
   377.01599     -0.12148474     -1.76183246E-02  1.12338076E-10
   378.02756     -0.10797949     -6.31767185E-03  5.06187592E-11
   379.00940     -1.34112658E-02 -1.31947361E-02 -2.43376264E-10
   380.02267      8.40759948E-02 -1.69360079E-02  2.45448051E-10
   381.01358      9.45253819E-02  1.84638915E-03 -1.01661790E-10
   382.00659      3.32067534E-02  3.59871872E-02  1.21016874E-09
   383.02289     -2.12920308E-02  5.85592426E-02  1.50545110E-09
   384.00418     -2.82801036E-03  4.87798378E-02  3.94690391E-10
   385.01089      6.21884614E-02  1.47791859E-02 -2.05070863E-10
   386.02142      9.10891518E-02 -1.52523117E-02 -5.40572420E-10
   387.01102      3.03623490E-02 -2.15431619E-02 -2.14281690E-10
   388.00418     -7.20438436E-02 -1.27582736E-02  6.25561936E-10
   389.02127     -0.12451297     -1.17309317E-02  1.01755340E-10
   390.00476     -8.46680328E-02 -2.83013266E-02  2.47266874E-10
   391.01590      3.80951818E-03 -4.78429683E-02  1.27292965E-09
   392.00305      4.81295176E-02 -4.51447330E-02 -1.03069719E-09
   393.02231      2.02309117E-02 -1.37898186E-02  9.70769354E-10
   394.01053     -2.61064470E-02  2.36680042E-02 -3.42742001E-10
   395.02185     -1.67181361E-02  4.13000397E-02  7.53235196E-10
   396.00394      5.26182950E-02  3.13405283E-02 -1.10687215E-09
   397.01791      0.12006333      1.02555351E-02 -1.63747127E-10
   398.00742      0.10598686     -7.92781357E-05 -2.22917032E-10
   399.02325      2.16581021E-02  1.59493834E-03  9.03332964E-13
   400.00690     -5.42796478E-02 -1.15971011E-03 -1.38078604E-10
