  2.53029466E-02  2.39872834E-26  2.08139255E-26 -3.77572865E-40
   1.0011063      3.62182528E-26  3.24579747E-26 -1.90950570E-38
   2.0000608      5.58033548E-26  5.07808069E-26 -4.90045508E-38
   3.0231161      8.74123149E-26  8.01212002E-26 -9.71350724E-38
   4.0209274      1.35926490E-25  1.25008298E-25 -1.70740841E-37
   5.0193563      2.12014602E-25  1.95330416E-25 -2.85760496E-37
   6.0180593      3.31568913E-25  3.05816080E-25 -4.65737979E-37
   7.0168557      5.19919093E-25  4.79964225E-25 -7.47922630E-37
   8.0157156      8.17713098E-25  7.55539914E-25 -1.19158852E-36
   9.0146446      1.29065109E-24  1.19368480E-24 -1.89135204E-36
   10.013657      2.04574727E-24  1.89414911E-24 -2.99980648E-36
   11.012769      3.25863570E-24  3.02089393E-24 -4.76318576E-36
   12.011990      5.21964215E-24  4.84533396E-24  4.83915346E-34
   13.011331      8.41191334E-24  7.81977857E-24 -2.29715694E-32
   14.010797      1.36447125E-23  1.27029617E-23  5.17100964E-32
   15.010389      2.22825564E-23  2.07762170E-23  2.00899949E-32
   16.010118      3.66421788E-23  3.42188013E-23  4.65903770E-33
   17.009983      6.06862616E-23  5.67650865E-23  3.27783602E-32
   18.009989      1.01245810E-22  9.48648089E-23 -4.61293775E-30
   19.010126      1.70192058E-22  1.59748726E-22 -7.48770741E-32
   20.010403      2.88326818E-22  2.71135557E-22  3.16721530E-31
   21.010811      4.92406220E-22  4.63936798E-22  5.67058475E-30
   22.011356      8.47914957E-22  8.00472635E-22 -5.42101658E-30
   23.012037      1.47246348E-21  1.39287845E-21 -1.01350393E-29
   24.012850      2.57890540E-21  2.44445341E-21  2.05156941E-30
   25.013788      4.55522426E-21  4.32635090E-21  1.83231726E-29
   26.014851      8.11319344E-21  7.72040785E-21  1.00355936E-29
   27.016045      1.45659866E-20  1.38860425E-20  3.74143525E-28
   28.017353      2.63479498E-20  2.51601524E-20  5.32217596E-28
   29.018784      4.79895133E-20  4.58950145E-20  3.90474773E-31
   30.020336      8.79480205E-20  8.42198787E-20  7.03475764E-28
   31.021997      1.62048353E-19  1.55351615E-19 -3.08511197E-29
   32.023777      2.99950890E-19  2.87818115E-19 -8.87983743E-27
   33.025650      5.57311800E-19  5.35159076E-19  1.21310533E-27
   34.001945      1.02216342E-18  9.82073491E-19  3.29309060E-27
   35.004051      1.90940376E-18  1.83529478E-18  6.63271091E-27
   36.006233      3.57326060E-18  3.43562354E-18 -1.73825608E-26
   37.008518      6.69596502E-18  6.43940751E-18 -2.77479913E-26
   38.010921      1.25596193E-17  1.20800687E-17 -3.69392698E-25
   39.013390      2.35735258E-17  2.26753417E-17 -6.70749396E-25
   40.015972      4.42647904E-17  4.25800816E-17 -1.06277856E-25
   41.018639      8.31388646E-17  7.99756994E-17 -4.91683505E-26
   42.021370      1.56173261E-16  1.50229843E-16 -1.09618432E-26
   43.024227      2.93375102E-16  2.82202102E-16 -6.73266257E-25
   44.001396      5.42249317E-16  5.21574513E-16 -7.21894976E-24
   45.004425      1.01846013E-15  9.79565546E-16  1.03808794E-23
   46.007473      1.91251929E-15  1.83932760E-15 -2.86454880E-24
   47.010651      3.59046678E-15  3.45269518E-15  6.98512540E-23
   48.013851      6.73816615E-15  6.47876274E-15  1.95825291E-22
   49.017178      1.26396679E-14  1.21511357E-14  3.77790063E-24
   50.020515      2.36965327E-14  2.27762772E-14  3.05906186E-23
   51.023991      4.43951347E-14  4.26613870E-14 -1.06427247E-21
   52.001736      8.17808820E-14  7.85669679E-14  2.75967041E-21
   53.005325      1.52945283E-13  1.46890177E-13 -4.65643676E-21
   54.008949      2.85715922E-13  2.74309899E-13  5.95128824E-21
   55.012634      5.33060141E-13  5.11582205E-13  2.99726492E-21
   56.016407      9.93091893E-13  9.52669801E-13 -3.30863844E-21
   57.020180      1.84714635E-12  1.77112600E-12  3.10090746E-21
   58.024090      3.42956132E-12  3.28672983E-12  5.14670485E-21
   59.002270      6.25563230E-12  5.99187670E-12  1.63702610E-19
   60.006214      1.15682785E-11  1.10739785E-11  2.92509986E-19
   61.010284      2.13442857E-11  2.04194318E-11 -3.89877041E-20
   62.014355      3.92864768E-11  3.75591919E-11 -1.17287056E-18
   63.018471      7.21253057E-11  6.89059435E-11 -1.94815284E-20
   64.022690      1.32054034E-10  1.26066935E-10  2.27942930E-19
   65.001160      2.37402681E-10  2.26469177E-10 -9.41858203E-18
   66.005424      4.32153258E-10  4.11917805E-10 -2.47206007E-18
   67.009941      7.84211029E-10  7.46857409E-10 -3.03823439E-18
   68.014633      1.41847012E-09  1.34970257E-09 -3.82319008E-17
   69.020271      2.55802202E-09  2.43172060E-09  1.02071143E-17
   70.003403      4.53593785E-09  4.30778746E-09  1.88078901E-17
   71.015938      8.14957080E-09  7.73143061E-09  9.15919556E-18
   72.005890      1.43915884E-08  1.36380542E-08 -8.62595126E-17
   73.025284      2.57286885E-08  2.43518361E-08 -7.41114071E-16
   74.021767      4.51794833E-08  4.27072386E-08 -1.12474509E-15
   75.021347      7.90626942E-08  7.46344426E-08 -1.50691672E-15
   76.023941      1.37817153E-07  1.29908670E-07 -4.52422574E-15
   77.002983      2.35747706E-07  2.21885287E-07  5.25388533E-15
   78.011261      4.07183904E-07  3.82613251E-07  7.22707315E-15
   79.022293      6.99494308E-07  6.56163138E-07  2.66474973E-14
   80.009247      1.18248499E-06  1.10713029E-06 -1.61820054E-15
   81.025375      2.06314780E-06  1.92699827E-06 -2.70990421E-14
   82.017059      3.55942393E-06  3.31864499E-06  1.44310928E-13
   83.010902      6.12217218E-06  5.69924941E-06  1.65103879E-13
   84.006783      1.04768105E-05  9.74150225E-06 -2.02071839E-13
   85.004539      1.79356084E-05  1.67034268E-05  7.04755210E-13
   86.004028      3.03826891E-05  2.90116404E-05  1.15914982E-13
   87.005089      5.33281745E-05  5.05858989E-05  3.42611356E-13
   88.007538      9.33687843E-05  8.81877495E-05  4.87002366E-13
   89.011185      1.62590892E-04  1.53520014E-04 -2.55120708E-12
   90.015823      2.82581954E-04  2.66780815E-04 -2.11358830E-13
   91.021240      4.90546343E-04  4.62981639E-04  1.94076873E-11
   92.000000      8.38289328E-04  7.91184313E-04 -2.84665607E-12
   93.006256      1.45421911E-03  1.37307483E-03  7.32477551E-11
   94.012527      2.52672611E-03  2.38800258E-03 -1.03614782E-11
   95.018448      4.40628501E-03  4.17152606E-03  4.33438216E-11
   96.023560      7.73484819E-03  7.34339142E-03 -1.53679326E-11
   97.026604      1.37199312E-02  1.30820330E-02 -3.67757047E-10
   98.026321      2.47256029E-02  2.37249732E-02 -7.41214035E-10
   99.022690      4.56407145E-02  4.41721156E-02 -1.49447593E-10
   100.01576      8.71413052E-02  8.52392837E-02  4.88320095E-09
   101.00555      0.17384532      0.17189901      5.29499067E-09
   102.01873      0.37280327      0.37073195     -9.25829191E-09
   103.00201      0.82554942      0.81094539     -1.56894564E-09
   104.00859       1.9349928       1.7955010      6.71678091E-09
   105.01189       4.3510218       3.5353780      1.08328820E-07
   106.01195       7.0907378       5.0461679     -3.53158001E-08
   107.00880       5.7571902       4.4246345      1.32653383E-07
   108.00250       3.2612967       2.8326170     -3.76806462E-08
   109.01911       2.1018438       1.8560535      2.97650509E-08
   110.00653       1.7927849       1.5288529      6.59352111E-08
   111.01675       1.7639748       1.4612788      5.35462306E-08
   112.02383       1.7502148       1.4310964      7.91808130E-09
   113.00207       1.6477491       1.3447258     -8.37527292E-09
   114.00299       1.4536934       1.1903300      5.43301759E-09
   115.00092       1.2231790       1.0040531      2.76442265E-08
   116.02185       1.0002105      0.81817728      1.31516904E-08
   117.01743      0.81697977      0.66054094     -1.41745602E-08
   118.00507      0.66667211      0.52826643      8.34112224E-10
   119.00356      0.53446877      0.41104221      9.52214130E-09
   120.01613      0.40890962      0.30044907     -1.03083186E-09
   121.02409      0.28726432      0.19444214     -2.28009012E-09
   122.02558      0.17184113      9.43344608E-02 -2.78326057E-10
   123.02342      6.84627518E-02  4.12247423E-03  1.94666905E-09
   124.02189     -1.70513503E-02 -7.21731856E-02  3.75926490E-09
   125.02416     -8.10616538E-02 -0.13238725      4.47606663E-09
   126.02668     -0.12255630     -0.17680065      2.93957164E-10
   127.02055     -0.14277273     -0.20802614     -3.62452790E-10
   128.00168     -0.14373316     -0.22988972     -4.28450786E-09
   129.01584     -0.12536515     -0.24639778     -1.66351072E-10
   130.02733     -8.73550475E-02 -0.25888973      9.21355214E-10
   131.02190     -3.23375091E-02 -0.26847637      9.64072711E-10
   132.00946      3.43081616E-02 -0.27609491      4.35599690E-09
   133.02090      0.10480365     -0.28289706     -9.58084989E-09
   134.02724      0.16590920     -0.29042196      3.69056591E-10
   135.00145      0.21164832     -0.30232278     -9.30391764E-09
   136.00337      0.25516677     -0.32981741      3.01371234E-10
   137.00652      0.33146936     -0.40046498     -1.06160702E-09
   138.01196      0.52373070     -0.58224654      7.96781308E-09
   139.01973       1.0094273      -1.0204663      7.25882687E-09
   140.02887       2.1285472      -1.9306420      3.86252701E-08
   141.00954       4.0787954      -3.2316728      1.89897653E-09
   142.01979       5.5037298      -3.9899426     -1.04950153E-07
   143.00188       4.1130815      -3.1985028     -1.77237212E-08
   144.01218       2.1080546      -1.8377148     -6.31789598E-09
   145.02094       1.0912855      -1.0072954     -5.30231716E-08
   146.02869      0.87044764     -0.81109148      2.76956840E-08
   147.00755       1.1541032      -1.0418736     -5.98980021E-09
   148.01532       1.7034812      -1.4524720     -3.74482667E-08
   149.02310       2.0227647      -1.6748418     -1.14956045E-10
   150.00256       1.6990851      -1.4736602     -1.16202581E-09
   151.01086      0.98338032     -0.99100620      1.88997848E-08
   152.01878      0.45047134     -0.59770501      1.95868211E-08
   153.02655      0.38678876     -0.53877372      9.58479296E-10
   154.00443      0.80033386     -0.82613027      3.94005140E-09
   155.00912       1.4883463      -1.2714280     -2.11948414E-08
   156.01215       1.8359858      -1.4817609      4.08860927E-08
   157.01358       1.4537240      -1.2512572     -1.06184999E-08
   158.01343      0.80807275     -0.82203043     -2.89939051E-09
   159.01178      0.45463434     -0.53945065      7.38906103E-10
   160.00880      0.48554969     -0.50137568     -7.34854666E-09
   161.00446      0.66057080     -0.56659442      8.27073354E-10
   162.02718      0.64565319     -0.53261542     -7.80474707E-09
   163.02005      0.35327905     -0.34593147      1.20314381E-08
   164.01147      1.66363791E-02 -0.13498728     -1.27768307E-09
   165.00143     -0.11966215     -5.12996614E-02  3.62783981E-09
   166.01817     -9.31319199E-04 -0.13064864      8.45354675E-10
   167.00514      0.20843478     -0.25546688      1.10360165E-09
   168.01875      0.24403737     -0.26525599      7.65843222E-10
   169.00252      1.29228020E-02 -0.11085487      6.81420365E-10
   170.01263     -0.29783314      9.71450433E-02  3.40132722E-09
   171.02098     -0.42845735      0.19143705      1.80496629E-09
   172.02757     -0.29985771      0.11541502     -8.30336744E-10
   173.00443     -5.00735864E-02 -3.15071344E-02  3.02058023E-09
   174.00725      6.20538145E-02 -8.85899812E-02  1.92834726E-09
   175.00818     -0.12993434      3.68484221E-02  1.18617016E-09
   176.00716     -0.46902409      0.25548506      3.83046761E-10
   177.00414     -0.68119031      0.39665267      1.01717434E-08
   178.02661     -0.62020612      0.35896623     -1.87977189E-09
   179.01932     -0.35453102      0.18843153      5.27693778E-10
   180.00998     -0.11082749      3.37780826E-02 -1.82252480E-09
   181.02596     -0.12031521      2.52470858E-02 -2.51387489E-09
   182.01227     -0.34066606      0.14200592     -3.63172958E-09
   183.02382     -0.52030891      0.24035773     -1.69303571E-09
   184.00632     -0.45757261      0.19659524     -6.95289337E-09
   185.01697     -0.17669538      2.25399900E-02 -3.68395270E-09
   186.00163      8.64850879E-02 -0.14022321     -1.75339410E-09
   187.01492      9.93685573E-02 -0.16935492     -7.18960269E-09
   188.00198     -9.17984545E-02 -8.14074576E-02  1.97282368E-09
   189.01750     -0.23212956     -7.38157379E-03 -1.07967457E-09
   190.00655     -0.16467734     -3.70056108E-02 -1.54346236E-09
   191.02408      1.34315984E-02 -0.12435099     -5.51726664E-09
   192.01491      7.20481128E-02 -0.15448305     -8.18667578E-10
   193.00659     -5.10731339E-02 -9.53994691E-02  3.09761328E-10
   194.02658     -0.19598502     -2.41900850E-02 -1.95010585E-09
   195.01981     -0.17497620     -3.37827764E-02 -2.04072625E-09
   196.01372     -2.27444079E-02 -0.10789468     -6.07660700E-10
   197.00829      6.88745081E-02 -0.14924532     -9.41771106E-10
   198.00349     -2.76172571E-02 -9.50587094E-02 -3.44790752E-09
   199.02696     -0.21019690      6.73537701E-03  6.46546039E-10
   200.02338     -0.26977873      5.03581353E-02  1.14985232E-09
   201.02039     -0.17056431      1.13163581E-02 -1.53623558E-09
   202.01794     -4.88531590E-02 -4.40233164E-02 -8.64374683E-10
   203.01602     -6.79970756E-02 -3.98109443E-02 -1.16878035E-10
   204.01462     -0.19470543      1.44307707E-02 -3.07561338E-10
   205.01366     -0.26079336      4.18980308E-02 -2.32392328E-09
   206.01315     -0.17744714     -1.37601513E-03 -7.22544191E-10
   207.01305     -3.20607647E-02 -7.22447336E-02 -2.12605800E-09
   208.01335      5.01086237E-03 -9.26045105E-02 -4.43247827E-10
   209.01414     -9.31384563E-02 -4.79043871E-02 -1.43435330E-09
   210.01526     -0.18742386     -3.86591302E-04 -8.63728866E-10
   211.01666     -0.16011755     -4.30112891E-03 -1.37597336E-10
   212.01859     -6.81103021E-02 -3.90787199E-02 -7.10734471E-10
   213.02069     -5.05592749E-02 -4.47133593E-02  4.18186735E-10
   214.02319     -0.13821793     -6.30024541E-03 -2.63273181E-10
   215.02600     -0.21745022      2.77912356E-02  6.62048805E-10
   216.00119     -0.18589017      1.52582135E-02 -1.40308809E-09
   217.00458     -9.06003565E-02 -2.37644725E-02  5.55614277E-10
   218.00818     -6.51856884E-02 -3.15872394E-02  1.10719034E-09
   219.01205     -0.14824459      7.97950476E-03  7.77031772E-11
   220.01620     -0.23129320      4.69513200E-02  1.17544618E-09
   221.02051     -0.20058918      3.75742465E-02  4.24831281E-11
   222.02521     -9.86384973E-02 -3.83825460E-03  4.97908381E-10
   223.00214     -6.00009188E-02 -2.02842746E-02  3.49681228E-10
   224.00739     -0.13159353      7.71520706E-03  2.47560028E-10
   225.01294     -0.21455130      3.88779193E-02 -1.85852236E-10
   226.01880     -0.18739033      2.73519941E-02  6.09376438E-10
   227.02515     -8.64826813E-02 -9.84617881E-03  9.49892665E-11
   228.00388     -4.90742549E-02 -1.50253586E-02 -1.83476290E-11
   229.01077     -0.12718113      3.03801056E-02  5.99398198E-10
   230.01767     -0.21868975      7.83040449E-02  9.64671343E-10
   231.02457     -0.19383429      7.43188411E-02 -2.08982365E-09
   232.00349     -8.46865401E-02  3.24276574E-02  1.06213838E-09
   233.01039     -2.52532624E-02  1.17468592E-02 -3.86586346E-10
   234.01729     -9.10729095E-02  4.39062864E-02  4.99041780E-11
   235.02419     -0.18529895      8.66220966E-02 -6.57916610E-10
   236.00333     -0.17030910      8.44253227E-02 -2.83465751E-10
   237.01106     -6.18665107E-02  4.35208753E-02  6.95122238E-10
   238.01961     -2.21549330E-04  2.34180279E-02 -5.67829284E-10
   239.00085     -6.46962374E-02  5.52349463E-02  4.68639128E-10
   240.01050     -0.16932911      0.10060166     -2.16428231E-09
   241.02010     -0.16632147      9.90697742E-02 -5.32632882E-10
   242.00107     -6.52996823E-02  5.43218739E-02 -1.15892351E-10
   243.00951      3.15645058E-03  2.34083943E-02  1.23101557E-10
   244.01750     -5.74924052E-02  4.71724868E-02 -2.19072677E-11
   245.02591     -0.16324827      9.13854018E-02 -1.82586862E-10
   246.00714     -0.16729060      9.71506834E-02  9.01997976E-10
   247.01733     -6.66484833E-02  6.09743260E-02 -1.39053968E-09
   248.02808      9.79164522E-03  3.57893556E-02 -1.08394893E-09
   249.01062     -3.28517556E-02  5.78833669E-02 -3.09798937E-10
   250.02051     -0.12517151      9.82120782E-02  2.83235502E-09
   251.00166     -0.13088718      0.10217446      8.22055479E-10
   252.01082     -4.54667546E-02  6.61736131E-02 -1.35539580E-09
   253.02074      1.37196090E-02  3.98279652E-02  9.57701030E-10
   254.00365     -3.57635282E-02  5.79045638E-02  4.97512975E-10
   255.01494     -0.12685549      9.41791907E-02  1.60521418E-09
   256.02609     -0.12763441      9.73085687E-02  1.40175982E-09
   257.00839     -4.27156240E-02  6.54364973E-02  9.55799218E-10
   258.01804      1.72927845E-02  4.24597226E-02  3.75866060E-10
   259.00024     -2.64024660E-02  5.96149527E-02  1.75820047E-09
   260.01151     -0.11017955      9.18218121E-02  1.28981908E-10
   261.02335     -0.11105537      9.24738869E-02  3.23320881E-09
   262.00708     -3.62018868E-02  6.16159849E-02 -3.48810480E-10
   263.01788      1.19760102E-02  4.01360579E-02 -9.05120423E-10
   264.00055     -3.12317051E-02  5.51814139E-02 -1.05416464E-09
   265.01151     -0.10388895      8.28529969E-02 -1.19003662E-09
   266.02335     -9.66673791E-02  8.24543834E-02 -1.90923766E-09
   267.00781     -2.67374925E-02  5.64749539E-02 -3.06432391E-09
   268.01965      9.68973804E-03  4.15679663E-02 -1.63282965E-09
   269.00253     -3.63801643E-02  5.77450171E-02 -2.55069077E-10
   270.01364     -0.10120058      8.03772137E-02 -1.04465200E-10
   271.02573     -8.82863775E-02  7.43879974E-02  1.55030355E-09
   272.01053     -2.14833077E-02  4.64067832E-02 -2.85656965E-09
   273.02304      1.07159996E-02  3.10245231E-02 -6.84254542E-10
   274.00677     -2.81500295E-02  4.45948355E-02 -4.50227633E-11
   275.01862     -7.64429122E-02  6.35215640E-02 -5.65183789E-10
   276.00296     -5.95735684E-02  5.86885624E-02 -2.79420664E-09
   277.01590     -3.51888314E-03  3.58507410E-02  2.62712768E-10
   278.00070      1.09598693E-02  2.46146843E-02  1.12178766E-10
   279.01260     -2.96826530E-02  3.36686410E-02 -1.61913677E-11
   280.02469     -6.04708679E-02  4.15692925E-02 -1.69791026E-09
   281.00949     -3.21743153E-02  2.95727197E-02  3.43625489E-10
   282.02243      2.35001948E-02  8.31855740E-03  8.34896804E-11
   283.00723      3.20225805E-02  2.97818659E-03  2.61665384E-10
   284.02017     -4.19868622E-03  1.48732467E-02  8.93512930E-10
   285.00497     -2.36181114E-02  2.18641497E-02 -5.06208298E-10
   286.01868      3.16643761E-03  1.11047439E-02  1.91877098E-10
   287.00409      3.83848771E-02 -3.75149399E-03  4.37824499E-10
   288.01703      2.82470305E-02 -3.78738204E-03 -1.53943691E-10
   289.00183     -9.15308390E-03  8.26331042E-03 -5.02543111E-11
   290.01556     -1.94111522E-02  1.38541711E-02  5.26527502E-11
   291.00143      9.05560981E-03  5.93999401E-03  1.55832333E-10
   292.01517      3.53428647E-02 -2.54945341E-03  1.05039581E-10
   293.00040      2.31378712E-02  9.55550116E-04  1.44716142E-10
   294.01443     -6.28034119E-03  9.88640636E-03  8.33067781E-11
   295.00110     -6.48023095E-03  9.27966367E-03  8.48459497E-11
   296.01520      1.81837585E-02 -1.38924783E-03  2.25579305E-10
   297.00107      2.86080055E-02 -8.43208749E-03  1.78090251E-10
   298.01617      1.09065482E-02 -5.13176713E-03  3.67497630E-11
   299.00311     -6.38740091E-03 -2.20984191E-04  8.73674882E-11
   300.01825      5.61525347E-03 -4.27655829E-03  9.30876209E-11
   301.00519      3.23790535E-02 -1.41572682E-02 -3.78121701E-11
   302.02042      3.77653986E-02 -1.87588669E-02  8.83869505E-11
   303.00812      1.90442484E-02 -1.48648638E-02  7.73496822E-11
   304.02325      3.59929632E-03 -1.04440479E-02 -3.21394578E-10
   305.01019      8.25594924E-03 -1.16089946E-02 -6.20398399E-10
   306.02560      1.79825574E-02 -1.42144356E-02 -5.75703478E-11
   307.01318      1.25661297E-02 -1.20619908E-02 -6.11738660E-10
   308.00012     -7.18177937E-04 -7.22619658E-03 -1.55762028E-10
   309.01526      5.96816360E-04 -6.62013702E-03  2.31800412E-11
   310.00317      1.58423856E-02 -1.13947336E-02  5.84408008E-11
   311.01935      2.51735188E-02 -1.54210422E-02 -3.02282616E-10
   312.00629      1.79486182E-02 -1.40198674E-02  1.71771306E-10
   313.02240      6.64827134E-03 -1.00514973E-02  1.05092018E-10
   314.01041      9.35349986E-03 -8.29567667E-03 -6.04679778E-11
   315.02664      2.06186026E-02 -7.55736930E-03 -9.28756586E-11
   316.01465      2.30684578E-02 -3.73681425E-03  4.04816944E-11
   317.00266      1.65041629E-02  3.02453758E-03  7.34176955E-11
   318.01889      1.40581634E-02  8.06722976E-03 -3.45001180E-11
   319.00690      2.33367197E-02  8.23169295E-03  9.57011553E-12
   320.02313      3.48679051E-02  6.57337392E-03 -1.76095874E-10
   321.01114      3.54320072E-02  7.45217269E-03  8.04618178E-11
   322.02737      2.91257650E-02  1.07379314E-02 -5.69841153E-11
   323.01538      2.89118253E-02  1.31128579E-02 -2.90686308E-10
   324.00339      3.50870714E-02  1.38944779E-02 -4.47809741E-11
   325.01962      3.77339944E-02  1.50262192E-02  8.11744116E-10
   326.00684      3.19433808E-02  1.66954454E-02  6.79834078E-10
   327.02197      2.38417182E-02  1.58837177E-02  1.13014008E-10
   328.00891      2.19928212E-02  1.02656810E-02  1.04552922E-10
   329.02405      2.30128895E-02  1.67659414E-03 -7.54128704E-12
   330.01099      1.70524921E-02 -5.07453270E-03 -1.37061112E-10
   331.02612      3.59013025E-03 -9.10734758E-03 -6.37910058E-10
   332.01306     -7.23296404E-03 -1.28428182E-02  5.68154725E-11
   333.02823     -1.17420778E-02 -1.86680779E-02  4.18559146E-11
   334.01624     -1.42354686E-02 -2.53653396E-02  7.04098932E-11
   335.00424     -2.19300892E-02 -3.11820526E-02  6.38677833E-10
   336.02048     -3.12303305E-02 -3.63704860E-02 -5.28813625E-11
   337.00848     -3.48588601E-02 -4.13487330E-02  4.02961275E-11
   338.02527     -3.24860588E-02 -4.49680202E-02 -1.21962762E-09
   339.01514     -3.04402821E-02 -4.40930426E-02  4.05021156E-11
   340.00815     -3.06990445E-02 -3.80035713E-02  2.52713794E-10
   341.00735     -2.84768827E-02 -2.90147103E-02  2.18288984E-10
   342.01788     -1.75857190E-02 -1.98417809E-02  9.54508556E-11
   343.01553     -3.05228122E-03 -1.06650311E-02 -2.24798999E-11
   344.02826      9.07858647E-03  9.10480157E-05  1.45554527E-10
   345.00989      1.80559810E-02  1.15056140E-02  3.30777732E-11
   346.00549      2.96774749E-02  2.19993405E-02  9.57324567E-11
   347.01419      4.52409945E-02  3.04703135E-02 -5.99279515E-11
   348.01199      5.69271073E-02  3.77180353E-02 -1.14120491E-10
   349.00366      5.93896024E-02  4.41445708E-02  1.24230537E-09
   350.02039      5.40967435E-02  4.76934947E-02 -1.79514181E-11
   351.00732      4.76956852E-02  4.52557802E-02 -1.07692200E-09
   352.02246      4.06168662E-02  3.63574661E-02  9.41270534E-11
   353.01086      2.92664859E-02  2.39072833E-02 -5.49376711E-10
   354.00266      1.21127255E-02  1.00323036E-02  2.41396708E-10
   355.02850     -5.79306949E-03 -5.13238320E-03 -3.83322332E-11
   356.00418     -1.84211265E-02 -1.97866522E-02 -1.15399731E-10
   357.01440     -2.89529152E-02 -3.30295339E-02  1.60242306E-12
   358.02493     -4.14736308E-02 -4.18612659E-02 -1.06093925E-10
   359.02921     -5.38864210E-02 -4.61866222E-02 -1.11944631E-09
   360.02441     -5.84768951E-02 -4.79116403E-02  3.07795678E-10
   361.01175     -5.26413098E-02 -4.76688929E-02  7.30197569E-11
   362.02158     -3.90826724E-02 -4.36884873E-02  7.15691395E-11
   363.02841     -2.30143238E-02 -3.41237187E-02  3.23436347E-11
   364.00723     -5.23730926E-03 -2.01788582E-02  6.46178042E-11
   365.01648      1.73123181E-02 -3.90428770E-03  2.46918958E-10
   366.00208      4.09737304E-02  1.12683568E-02  2.04287975E-13
   367.02039      6.01862222E-02  2.45969519E-02  9.35635736E-11
   368.01239      7.00677782E-02  3.35793123E-02  5.93191676E-11
   369.02985      7.33173639E-02  3.62934284E-02  5.10770648E-10
   370.01364      7.28148073E-02  3.14180702E-02  4.78920625E-10
   371.02060      6.69393837E-02  2.01329049E-02  4.52260104E-11
   372.02585      5.22360355E-02  5.51574584E-03  4.11018719E-10
   373.00473      3.04883886E-02 -9.75117832E-03  5.07352771E-10
   374.01697      6.15798030E-03 -2.55850945E-02  3.91649269E-10
   375.00717     -1.52304275E-02 -3.98284979E-02  2.28038713E-10
   376.02759     -3.47253941E-02 -5.06506376E-02 -1.01113939E-09
   377.01599     -5.12645915E-02 -5.50014861E-02  2.22116464E-10
   378.02756     -6.19067438E-02 -5.24306968E-02  1.25181213E-10
   379.00940     -6.16761930E-02 -4.36266251E-02  2.74255785E-10
   380.02267     -5.13854623E-02 -2.84064077E-02 -1.14043650E-10
   381.01358     -3.68382335E-02 -7.81245157E-03  3.24450550E-10
   382.00659     -2.20230781E-02  1.68252643E-02 -4.38855480E-10
   383.02289     -7.17654731E-03  4.24493141E-02  1.75407022E-10
   384.00418      6.75692502E-03  6.33857846E-02  1.34130596E-10
   385.01089      1.76381133E-02  7.77478963E-02 -3.73778855E-11
   386.02142      2.11830735E-02  8.30895305E-02  8.28164412E-11
   387.01102      1.67115442E-02  7.86247700E-02  6.53916477E-10
   388.00418      7.17940042E-03  6.45241514E-02  2.39101361E-09
   389.02127     -5.49421180E-03  4.18071970E-02 -3.73540698E-10
   390.00476     -1.99086647E-02  1.52949542E-02  4.66106632E-11
   391.01590     -3.53190117E-02 -1.25924759E-02 -3.22509880E-10
   392.00305     -4.60695028E-02 -3.74791287E-02 -3.35132172E-10
   393.02231     -4.67887074E-02 -5.85961267E-02 -2.60435784E-10
   394.01053     -3.56490202E-02 -7.25586265E-02  1.47541424E-09
   395.02185     -1.52941532E-02 -7.80220106E-02  1.95939012E-12
   396.00394      9.10192821E-03 -7.38460049E-02  8.91236918E-10
   397.01791      3.64389643E-02 -6.08385280E-02 -2.93340952E-09
   398.00742      6.23747334E-02 -4.20952588E-02 -1.26769831E-10
   399.02325      8.29490423E-02 -1.95613820E-02 -1.40763678E-09
   400.00690      9.17566717E-02  2.35054595E-03 -3.45146023E-10
