  2.53029466E-02  1.97001659E-29  1.66318886E-29 -7.37082992E-43
   1.0011063      2.75628742E-29  2.59139381E-29 -3.71512249E-41
   2.0000608      4.02746016E-29  4.03648044E-29 -9.51481657E-41
   3.0231161      6.09348646E-29  6.32511746E-29 -1.87958966E-40
   4.0209274      9.25802589E-29  9.76206282E-29 -3.28626911E-40
   5.0193563      1.41546534E-28  1.49975836E-28 -5.45267653E-40
   6.0180593      2.16641022E-28  2.29470773E-28 -8.77380994E-40
   7.0168557      3.31195865E-28  3.50414383E-28 -1.38497614E-39
   8.0157156      5.05806789E-28  5.35273324E-28 -2.16011840E-39
   9.0146446      7.72674908E-28  8.18954042E-28 -3.34516848E-39
   10.013657      1.18214119E-27  1.25530766E-27 -5.16126250E-39
   11.012769      1.81244683E-27  1.92751941E-27 -7.94664028E-39
   12.011990      2.78481265E-27  2.96467987E-27 -1.22286497E-38
   13.011331      4.28737698E-27  4.56780971E-27 -9.95050228E-36
   14.010797      6.61317967E-27  7.05056760E-27  7.00064211E-36
   15.010389      1.02199711E-26  1.09032633E-26 -3.81161677E-35
   16.010118      1.58242863E-26  1.68940387E-26 -1.46546906E-34
   17.009983      2.45503005E-26  2.62293293E-26 -6.81072014E-34
   18.009989      3.81664896E-26  4.08093154E-26  6.51043965E-34
   19.010126      5.94641378E-26  6.36366512E-26 -3.32765989E-34
   20.010403      9.28654946E-26  9.94745959E-26  8.20729295E-35
   21.010811      1.45407477E-25  1.55913896E-25 -3.29829242E-33
   22.011356      2.28344047E-25  2.45114540E-25  2.13753431E-34
   23.012037      3.59776064E-25  3.86672080E-25  7.45920814E-33
   24.012850      5.69001377E-25  6.12368660E-25  2.37082958E-33
   25.013788      9.03763821E-25  9.74111873E-25 -1.80851760E-32
   26.014851      1.44242763E-24  1.55729623E-24 -8.43286239E-34
   27.016045      2.31457075E-24  2.50346310E-24 -7.51139421E-33
   28.017353      3.73608272E-24  4.04901122E-24 -2.81376731E-32
   29.018784      6.06943388E-24  6.59183138E-24 -1.38816479E-32
   30.020336      9.92797226E-24  1.08068990E-23  9.69164882E-32
   31.021997      1.63578355E-23  1.78483913E-23 -3.20904198E-32
   32.023777      2.71578462E-23  2.97059647E-23 -8.50451543E-31
   33.025650      4.54466617E-23  4.98378938E-23 -6.53788517E-31
   34.001945      7.56470150E-23  8.31678761E-23  2.99537402E-30
   35.004051      1.28678991E-22  1.41847894E-22  2.51311465E-32
   36.006233      2.20773364E-22  2.44016943E-22 -4.83919314E-30
   37.008518      3.82079390E-22  4.23427919E-22  1.09515919E-30
   38.010921      6.67011809E-22  7.41127677E-22 -1.36105234E-30
   39.013390      1.17447389E-21  1.30828641E-21 -3.14241707E-31
   40.015972      2.08537867E-21  2.32860592E-21  3.89217863E-29
   41.018639      3.73252731E-21  4.17737357E-21 -8.56635403E-29
   42.021370      6.73113054E-21  7.54923316E-21  1.83356909E-28
   43.024227      1.22231332E-20  1.37349754E-20 -2.64557726E-28
   44.001396      2.19911895E-20  2.47523426E-20  8.76019443E-28
   45.004425      4.04019083E-20  4.55427551E-20  5.34601319E-29
   46.007473      7.45828498E-20  8.41810788E-20 -1.93282073E-27
   47.010651      1.38242353E-19  1.56202073E-19 -1.13507387E-27
   48.013851      2.57102055E-19  2.90763731E-19  2.39193566E-27
   49.017178      4.79463248E-19  5.42632033E-19  4.15398899E-27
   50.020515      8.96073384E-19  1.01471673E-18 -3.90077851E-27
   51.023991      1.67748072E-18  1.90044022E-18 -3.51648307E-27
   52.001736      3.09396589E-18  3.50636733E-18  1.14448544E-25
   53.005325      5.80449055E-18  6.57986195E-18 -1.39945096E-26
   54.008949      1.08966322E-17  1.23544570E-17  6.07560455E-26
   55.012634      2.04645741E-17  2.32052551E-17  4.38109139E-25
   56.016407      3.84429344E-17  4.35944366E-17 -5.77190493E-25
   57.020180      7.22221120E-17  8.19025538E-17  1.25876858E-24
   58.024090      1.35678068E-16  1.53863125E-16  1.66307508E-25
   59.002270      2.50766169E-16  2.84366483E-16 -5.57737755E-24
   60.006214      4.70918026E-16  5.33981587E-16  1.20060291E-24
   61.010284      8.84045534E-16  1.00233983E-15  1.58126537E-24
   62.014355      1.65887284E-15  1.88061855E-15  9.88911455E-24
   63.018471      3.11110755E-15  3.52644465E-15  1.75825358E-23
   64.022690      5.83084945E-15  6.60808053E-15 -2.19985185E-22
   65.001160      1.07456184E-14  1.21754532E-14  1.98704545E-22
   66.005424      2.01066072E-14  2.27764500E-14  1.85200976E-22
   67.009941      3.75852913E-14  4.25641239E-14  1.57505650E-21
   68.014633      7.01829816E-14  7.94549092E-14 -1.29721832E-21
   69.020271      1.30952568E-13  1.48200571E-13  3.91525122E-22
   70.003403      2.40599289E-13  2.72185459E-13  8.80661555E-21
   71.015938      4.49426981E-13  5.08209739E-13  2.38174944E-21
   72.005890      8.26418957E-13  9.34082998E-13  3.24948727E-20
   73.025284      1.54434950E-12  1.74465477E-12  1.18361443E-20
   74.021767      2.83972628E-12  3.20632670E-12  1.18896550E-20
   75.021347      5.21991391E-12  5.89040709E-12  1.92027911E-20
   76.023941      9.58986709E-12  1.08150364E-11  2.79309580E-19
   77.002983      1.73257207E-11  1.95267760E-11  1.65387112E-19
   78.011261      3.17752560E-11  3.57871441E-11  8.23207871E-19
   79.022293      5.82045384E-11  6.55051430E-11 -2.02537810E-19
   80.009247      1.04784563E-10  1.17838253E-10  8.55370618E-19
   81.025375      1.91338945E-10  2.14997589E-10 -8.83013339E-19
   82.017059      3.43241380E-10  3.85353610E-10 -9.15735757E-18
   83.010902      6.14412854E-10  6.89171498E-10  1.06908363E-17
   84.006783      1.09713261E-09  1.22944488E-09 -9.00458217E-20
   85.004539      1.95371141E-09  2.18709051E-09  8.27353063E-17
   86.004028      3.46830986E-09  3.87839671E-09 -6.23149169E-17
   87.005089      6.13585094E-09  6.85340584E-09  2.13793286E-16
   88.007538      1.08134621E-08  1.20631505E-08 -4.72342298E-17
   89.011185      1.89762694E-08  2.11415312E-08 -1.31736281E-16
   90.015823      3.31458381E-08  3.68763082E-08  7.23582395E-16
   91.021240      5.76006123E-08  6.39881677E-08 -3.69318839E-17
   92.000000      9.80886909E-08  1.08798716E-07  2.54805034E-16
   93.006256      1.68516166E-07  1.86599650E-07 -1.19634499E-15
   94.012527      2.87582566E-07  3.17838214E-07  2.07092377E-15
   95.018448      4.86929935E-07  5.36887228E-07 -1.29293549E-14
   96.023560      8.15781220E-07  8.96372001E-07  1.66316444E-15
   97.026604      1.36493543E-06  1.49168147E-06 -3.73327442E-15
   98.026321      2.33321134E-06  2.54334918E-06  2.58423908E-15
   99.022690      3.98437533E-06  4.33825971E-06  2.64296768E-15
   100.01576      6.75475030E-06  7.34247033E-06 -1.64544024E-13
   101.00555      1.10115725E-05  1.22983156E-05  3.32183249E-14
   102.01873      1.91645140E-05  2.11801453E-05 -6.42865969E-13
   103.00201      3.28600727E-05  3.62376086E-05  1.35265768E-13
   104.00859      5.69552612E-05  6.32357260E-05  1.47194987E-13
   105.01189      9.92605856E-05  1.10272391E-04  4.45656207E-13
   106.01195      1.72961765E-04  1.92129664E-04  1.26943595E-12
   107.00880      3.01107590E-04  3.34986398E-04  9.85738184E-13
   108.00250      5.25536423E-04  5.85873320E-04  1.10577051E-11
   109.01911      9.37002944E-04  1.04792614E-03 -4.00990526E-12
   110.00653      1.66640454E-03  1.87318819E-03  3.50084683E-11
   111.01675      3.07517359E-03  3.48486891E-03  6.92019914E-11
   112.02383      5.87718282E-03  6.74036797E-03  8.20407891E-12
   113.00207      1.16077429E-02  1.35269463E-02 -4.30038477E-10
   114.00299      2.49944367E-02  2.97240727E-02 -2.45377385E-10
   115.00092      5.85794486E-02  7.12073073E-02 -1.64068026E-09
   116.02185      0.15493548      0.19200695      1.03142406E-09
   117.01743      0.44606850      0.55548298      6.39408304E-10
   118.00507       1.4608883       1.7593317     -2.33279600E-08
   119.00356       6.8416195       6.2721362      1.38577690E-07
   120.01613       6.2663817       5.6309776     -1.27531138E-07
   121.02409       4.5649042       3.9718161      3.45536684E-08
   122.02558       3.1405220       2.6132276     -1.96183656E-08
   123.02342       2.1001909       1.5881832     -1.95972056E-08
   124.02189       1.6163754      0.92987412     -7.85881316E-09
   125.02416       2.5746803     -0.73375291      1.08202105E-08
   126.02668       7.0585976      -3.8058767      1.78681574E-07
   127.02055       6.3536577      -2.7785056     -1.76249785E-07
   128.00168       5.5128622      -2.0167084      2.21861693E-08
   129.01584       4.8745232      -1.4357311     -3.52175391E-08
   130.02733       4.3217497      -1.0162141     -2.46163845E-09
   131.02190       3.6554167     -0.67267090      1.85956983E-09
   132.00946       2.9984026     -0.50017381     -3.41941586E-09
   133.02090       2.3811965     -0.48568586     -2.62864397E-09
   134.02724       1.8198891     -0.52613664      1.86430604E-08
   135.00145       1.4499938     -0.58287889      8.80039686E-09
   136.00337       1.4261198     -0.72363549     -1.90915888E-08
   137.00652       1.7287171      -1.0104771      9.65923697E-09
   138.01196       1.9966192      -1.3478773      2.90824254E-08
   139.01973       1.8578311      -1.4867991     -1.66704162E-09
   140.02887       1.3650570      -1.3480917     -2.32477380E-08
   141.00954      0.98044801      -1.1748618      1.37100118E-08
   142.01979      0.92794973      -1.1301416     -1.29716398E-08
   143.00188      0.84229994      -1.0795819     -6.68639499E-09
   144.01218      0.43555093     -0.91224331     -7.91937893E-09
   145.02094      4.88071293E-02 -0.77707100     -2.12339035E-08
   146.02869     -7.56758153E-02 -0.73677075      1.01043414E-08
   147.00755     -0.10056412     -0.67770022     -5.46586998E-09
   148.01532     -0.16871081     -0.56812590     -2.44024001E-09
   149.02310     -0.21837904     -0.50366783      1.31237545E-08
   150.00256     -0.22987300     -0.48540005     -9.51968637E-09
   151.01086     -0.25219744     -0.40434450     -5.09182208E-09
   152.01878     -0.27776408     -0.22704883     -1.29124409E-08
   153.02655     -0.28865829     -4.31665815E-02 -6.10546591E-09
   154.00443     -0.32062906      6.80331290E-02 -4.06947276E-09
   155.00912     -0.37102175      0.13318197      6.66459776E-10
   156.01215     -0.37933782      0.20079091     -3.29995231E-09
   157.01358     -0.33760101      0.27200928      1.09306719E-09
   158.01343     -0.32514793      0.31980026     -1.38011638E-08
   159.01178     -0.37386364      0.35172290     -1.06479581E-08
   160.00880     -0.41845420      0.39350867      3.60694408E-09
   161.00446     -0.39073646      0.42807472      4.91192198E-10
   162.02718     -0.30409980      0.40555421      1.47216470E-08
   163.02005     -0.21375778      0.32314101     -6.27980468E-09
   164.01147     -0.13393974      0.23802924     -1.06546825E-08
   165.00143     -7.27932230E-02  0.19182275     -3.28194960E-09
   166.01817     -4.89706285E-02  0.15667373     -3.10175841E-09
   167.00514     -5.32644987E-02  8.75656009E-02 -3.08963544E-09
   168.01875     -4.94683608E-02 -1.00281332E-02 -2.87181701E-09
   169.00252     -3.86123136E-02 -7.32535124E-02 -1.60217717E-09
   170.01263     -6.15953878E-02 -7.85769075E-02 -1.18090082E-09
   171.02098     -0.10515603     -6.85225651E-02 -2.56996424E-09
   172.02757     -9.02973935E-02 -9.12663043E-02 -1.69648173E-09
   173.00443     -1.85249746E-02 -0.12074434     -1.41117407E-09
   174.00725      1.89789440E-02 -0.10628518     -7.00921987E-10
   175.00818     -1.19726779E-02 -6.30571395E-02 -6.56429910E-10
   176.00716     -2.58084312E-02 -5.51702119E-02  4.09213607E-10
   177.00414      1.63341835E-02 -8.16696510E-02 -6.33319674E-10
   178.02661      2.79805884E-02 -7.29941949E-02 -8.30301494E-10
   179.01932     -4.50285934E-02 -1.20843891E-02  7.13439308E-10
   180.00998     -0.11708545      3.65296081E-02 -1.17258891E-09
   181.02596     -0.11288685      3.57222632E-02 -2.44570808E-10
   182.01227     -8.85816216E-02  2.79398505E-02  1.01836539E-09
   183.02382     -0.11576480      4.80265543E-02  8.03192901E-10
   184.00632     -0.15820618      6.00321516E-02  7.02587932E-10
   185.01697     -0.14140964      2.34249178E-02 -3.02512482E-09
   186.00163     -8.72666985E-02 -3.41831185E-02 -2.38228925E-09
   187.01492     -7.82770365E-02 -6.05989844E-02 -9.86812188E-10
   188.00198     -0.11389945     -5.38081750E-02 -3.34593375E-09
   189.01750     -0.12485039     -5.14883362E-02 -9.90420190E-10
   190.00655     -9.94778201E-02 -5.83973527E-02 -1.60315006E-09
   191.02408     -8.65335688E-02 -5.00579253E-02 -1.37298284E-09
   192.01491     -0.10278708     -2.73836590E-02 -2.14072426E-10
   193.00659     -0.11601996     -1.63920727E-02 -1.85762117E-09
   194.02658     -0.11189383     -2.54989602E-02 -6.93081370E-10
   195.01981     -0.11176344     -3.45708989E-02 -2.65924505E-10
   196.01372     -0.13033967     -2.94767730E-02 -6.04209016E-10
   197.00829     -0.15365149     -1.79422554E-02 -2.33723541E-10
   198.00349     -0.16259499     -1.22307679E-02 -1.51812896E-10
   199.02696     -0.15959053     -1.10182595E-02 -5.24056631E-10
   200.02338     -0.16083759     -6.36702403E-03 -2.71617451E-10
   201.02039     -0.16998395      1.62465964E-04 -4.73261041E-10
   202.01794     -0.17266032     -1.55020517E-03 -5.12368981E-10
   203.01602     -0.16002002     -1.38048055E-02 -1.03595887E-09
   204.01462     -0.14531951     -2.49177665E-02  9.40784117E-11
   205.01366     -0.14685400     -2.38625910E-02 -1.40725542E-10
   206.01315     -0.15785037     -1.49674080E-02 -6.23431806E-10
   207.01305     -0.16112465     -8.22130404E-03 -4.36649050E-10
   208.01335     -0.15965037     -3.45353875E-03 -7.40305151E-10
   209.01414     -0.16588913      3.63655575E-03 -7.74818043E-10
   210.01526     -0.17732440      8.90339073E-03 -7.06294856E-10
   211.01666     -0.17859325      4.92133573E-03 -7.68932085E-10
   212.01859     -0.17053726     -4.02594497E-03 -7.87893029E-10
   213.02069     -0.16757105     -5.98412007E-03 -9.54640256E-10
   214.02319     -0.17202601      1.02047168E-03 -6.94809432E-10
   215.02600     -0.17208835      7.25709414E-03 -1.11214482E-09
   216.00119     -0.16468722      7.07529113E-03 -1.26015454E-09
   217.00458     -0.16008978      5.02513675E-03 -1.15983911E-09
   218.00818     -0.16323704      5.40497527E-03 -8.38243031E-10
   219.01205     -0.16615605      5.82367042E-03 -8.43785819E-10
   220.01620     -0.16254149      4.09359811E-03 -1.46049972E-09
   221.02051     -0.15722293      3.64020863E-03 -1.70451286E-09
   222.02521     -0.15721959      7.66875222E-03 -1.43858436E-09
   223.00214     -0.16062784      1.27825364E-02 -5.72763670E-10
   224.00739     -0.16167954      1.40226167E-02  2.54773147E-10
   225.01294     -0.16009781      1.12429336E-02  8.46883119E-11
   226.01880     -0.15947370      8.43391754E-03 -5.77700665E-11
   227.02515     -0.15885806      6.96840230E-03  1.94807004E-10
   228.00388     -0.15469283      5.49462484E-03 -9.63374158E-10
   229.01077     -0.14774874      4.52968292E-03 -6.49796994E-10
   230.01767     -0.14364940      6.75296923E-03 -8.66635375E-10
   231.02457     -0.14405265      1.15821464E-02 -8.36208158E-10
   232.00349     -0.14502026      1.42260334E-02 -1.48908796E-09
   233.01039     -0.14420953      1.16885956E-02 -8.13004108E-10
   234.01729     -0.14344639      5.99256298E-03 -6.99884761E-10
   235.02419     -0.14450122      1.64984749E-03 -1.65501390E-10
   236.00333     -0.14541176      7.78164482E-04  1.13322329E-09
   237.01106     -0.14432439      2.75945454E-03  2.46237253E-10
   238.01961     -0.14208591      6.27954584E-03 -3.74592080E-10
   239.00085     -0.14022394      9.51764453E-03 -5.79370107E-10
   240.01050     -0.13788357      1.08015435E-02 -7.22912508E-10
   241.02010     -0.13389841      9.44792386E-03 -7.50821683E-10
   242.00107     -0.12923244      7.14024948E-03 -6.20328677E-10
   243.00951     -0.12555741      6.03164919E-03 -6.33943564E-10
   244.01750     -0.12366717      7.22621288E-03 -1.07677312E-09
   245.02591     -0.12294389      1.03707518E-02 -4.62030247E-10
   246.00714     -0.12262806      1.47189070E-02 -6.89523438E-10
   247.01733     -0.12171294      2.01218463E-02 -7.98987487E-10
   248.02808     -0.11850061      2.59703100E-02 -7.56719576E-10
   249.01062     -0.11171541      3.14771496E-02 -1.51216706E-09
   250.02051     -0.10115899      3.65522876E-02 -1.71635761E-10
   251.00166     -8.95053819E-02  4.08781394E-02 -1.35504785E-09
   252.01082     -7.89747089E-02  4.47913259E-02 -1.20838717E-09
   253.02074     -7.18529969E-02  4.80300412E-02 -4.30590952E-10
   254.00365     -6.81400746E-02  5.01003005E-02 -1.33056199E-09
   255.01494     -6.58044368E-02  5.07128052E-02 -6.35331232E-11
   256.02609     -6.26817420E-02  4.99956235E-02 -1.39324452E-09
   257.00839     -5.76975867E-02  4.88649048E-02  4.49424442E-10
   258.01804     -5.08666560E-02  4.79093269E-02 -6.56938115E-10
   259.00024     -4.37119454E-02  4.65807952E-02 -1.06372977E-09
   260.01151     -3.69054303E-02  4.30290438E-02  1.39631584E-10
   261.02335     -3.10225710E-02  3.59055996E-02 -9.41284495E-10
   262.00708     -2.58352943E-02  2.61697490E-02 -8.50958526E-10
   263.01788     -2.04895735E-02  1.57690048E-02 -8.54151527E-10
   264.00055     -1.51193710E-02  8.03006906E-03 -4.96094998E-10
   265.01151     -9.69887525E-03  4.29635402E-03 -5.48095513E-10
   266.02335     -4.66902647E-03  5.03628887E-03 -4.61334582E-10
   267.00781     -3.25988731E-05  8.83200206E-03 -6.42862652E-10
   268.01965      4.90646344E-03  1.37562128E-02 -3.09572978E-10
   269.00253      1.00507801E-02  1.74344331E-02 -2.36150238E-10
   270.01364      1.51163377E-02  1.87500548E-02 -7.90190857E-10
   271.02573      1.86341777E-02  1.75626874E-02 -2.95574371E-10
   272.01053      1.92792080E-02  1.50770135E-02 -2.31951125E-10
   273.02304      1.67491622E-02  1.26303118E-02 -3.00424297E-10
   274.00677      1.23190386E-02  1.13743823E-02 -5.01834130E-11
   275.01862      8.10837932E-03  1.14215473E-02 -2.99027192E-10
   276.00296      6.80601317E-03  1.21447863E-02 -1.56425012E-10
   277.01590      9.83315986E-03  1.25230011E-02 -4.58515337E-10
   278.00070      1.64028257E-02  1.16378069E-02 -4.48561133E-10
   279.01260      2.45437287E-02  8.99684522E-03 -1.12808929E-10
   280.02469      3.09782214E-02  4.83777002E-03 -1.28090288E-10
   281.00949      3.36251222E-02  6.98114891E-05 -3.00439756E-10
   282.02243      3.26543525E-02 -4.46494343E-03 -4.11931267E-10
   283.00723      2.95900535E-02 -7.23366207E-03 -4.04844769E-10
   284.02017      2.60711722E-02 -7.33187515E-03 -5.15665455E-10
   285.00497      2.33969912E-02 -4.71243681E-03 -6.70485334E-10
   286.01868      2.17809360E-02 -6.11386786E-04 -4.86137908E-10
   287.00409      2.13444121E-02  2.55924999E-03 -3.49330925E-10
   288.01703      2.19668951E-02  3.15997237E-03 -3.41562695E-10
   289.00183      2.33076513E-02  8.34164093E-04 -3.43937684E-10
   290.01556      2.48117335E-02 -3.35878809E-03 -4.03806599E-10
   291.00143      2.57291403E-02 -7.29439827E-03 -4.67269334E-10
   292.01517      2.55975630E-02 -9.41382628E-03 -3.08945675E-10
   293.00040      2.42424421E-02 -8.75803642E-03 -1.32332839E-10
   294.01443      2.19163001E-02 -5.70357731E-03 -5.41438949E-10
   295.00110      1.95906591E-02 -1.96324149E-03 -4.61238298E-10
   296.01520      1.80724896E-02  6.71249290E-04 -4.63064975E-10
   297.00107      1.77837107E-02  8.18441622E-04 -4.92028585E-10
   298.01617      1.82614792E-02 -1.37028238E-03 -3.14888782E-10
   299.00311      1.86423101E-02 -4.45959903E-03 -2.49881116E-10
   300.01825      1.82054564E-02 -6.86284713E-03 -1.20752769E-10
   301.00519      1.68806724E-02 -7.26596685E-03 -3.64752589E-10
   302.02042      1.53234750E-02 -5.50402328E-03 -4.84029261E-10
   303.00812      1.46668451E-02 -2.43208371E-03 -3.61769448E-10
   304.02325      1.54779498E-02  8.03939765E-04 -2.32867503E-10
   305.01019      1.72550194E-02  2.78506801E-03 -2.09744805E-10
   306.02560      1.87267084E-02  2.86653847E-03 -4.84058127E-10
   307.01318      1.85794681E-02  1.11540663E-03 -3.39909684E-10
   308.00012      1.67184174E-02 -1.54259533E-03 -3.72589737E-10
   309.01526      1.40080359E-02 -3.74478684E-03 -4.34647790E-10
   310.00317      1.19211702E-02 -4.08471422E-03 -3.71953357E-10
   311.01935      1.11807166E-02 -2.25289329E-03 -1.68931980E-10
   312.00629      1.17548229E-02  6.54745614E-04 -3.44863055E-10
   313.02240      1.29855843E-02  2.96831317E-03 -3.64113184E-10
   314.01041      1.40232798E-02  3.06982547E-03 -2.83063184E-10
   315.02664      1.43776909E-02  5.90642740E-04 -1.61642089E-10
   316.01465      1.38795190E-02 -3.44315823E-03 -2.17917295E-10
   317.00266      1.26382085E-02 -7.50495074E-03 -2.56064170E-10
   318.01889      1.08586838E-02 -1.00899152E-02 -1.45605722E-10
   319.00690      8.89666565E-03 -1.01763401E-02 -2.25665570E-10
   320.02313      6.92545250E-03 -8.00505374E-03 -2.18309371E-10
   321.01114      5.43257827E-03 -5.00049442E-03 -3.45346640E-10
   322.02737      4.70017269E-03 -2.87614390E-03 -1.43164647E-10
   323.01538      4.77047823E-03 -3.10331769E-03 -2.14902207E-10
   324.00339      5.21454262E-03 -5.64231304E-03  4.32838487E-12
   325.01962      5.31094940E-03 -9.23463702E-03 -1.60964325E-10
   326.00684      4.41305758E-03 -1.16288122E-02 -3.61872976E-10
   327.02197      2.40016915E-03 -1.14050489E-02 -5.75173076E-10
   328.00891      1.07214422E-04 -8.42755660E-03 -1.48823995E-10
   329.02405     -1.40372012E-03 -3.68802156E-03 -5.79762210E-11
   330.01099     -1.23242522E-03  9.23162326E-04 -3.80895246E-11
   331.02612      5.25593990E-04  4.33502905E-03  6.01799027E-11
   332.01306      2.91863689E-03  5.91955660E-03  1.61783420E-10
   333.02823      5.16505446E-03  6.29747845E-03 -1.07761022E-13
   334.01624      6.81792013E-03  6.66447915E-03 -2.20924778E-10
   335.00424      8.31209123E-03  8.37684423E-03 -2.02181619E-10
   336.02048      1.03457253E-02  1.23802349E-02  1.46882173E-10
   337.00848      1.31760649E-02  1.81533676E-02  3.15288143E-11
   338.02527      1.68097299E-02  2.45161280E-02  9.57704471E-10
   339.01514      2.05877610E-02  2.91844569E-02  8.95436281E-10
   340.00815      2.41892934E-02  3.09954602E-02  2.62975697E-10
   341.00735      2.73837075E-02  2.97996867E-02  1.55409546E-10
   342.01788      3.00660133E-02  2.65199319E-02 -2.14113588E-11
   343.01553      3.20531987E-02  2.25559808E-02  2.14531892E-10
   344.02826      3.31748463E-02  1.86407715E-02  2.25477248E-10
   345.00989      3.31790745E-02  1.49063580E-02 -3.36026790E-10
   346.00549      3.20061520E-02  1.03505384E-02 -2.66917495E-11
   347.01419      2.96621807E-02  3.70565779E-03 -3.13924359E-10
   348.01199      2.62889005E-02 -5.84534742E-03 -3.95487032E-10
   349.00366      2.19646990E-02 -1.83010288E-02  5.61353353E-10
   350.02039      1.65574811E-02 -3.28679159E-02  8.32314662E-10
   351.00732      1.03423055E-02 -4.65955883E-02 -7.46050000E-10
   352.02246      2.97302008E-03 -5.80540076E-02  1.80422011E-09
   353.01086     -4.88113379E-03 -6.54591024E-02  7.04130643E-11
   354.00266     -1.28062023E-02 -6.93541914E-02 -1.97194661E-09
   355.02850     -2.02257950E-02 -7.06681162E-02  6.43606002E-12
   356.00418     -2.59737559E-02 -7.00335950E-02  1.44108847E-09
   357.01440     -3.03962063E-02 -6.71518520E-02 -1.11266232E-10
   358.02493     -3.33350077E-02 -6.08319864E-02 -3.39460265E-10
   359.02921     -3.47704776E-02 -4.98255044E-02 -3.74890743E-11
   360.02441     -3.44422534E-02 -3.35563198E-02  7.57964247E-10
   361.01175     -3.18029150E-02 -1.23638744E-02  5.03211361E-10
   362.02158     -2.63742916E-02  1.32075083E-02  1.31054417E-10
   363.02841     -1.85505450E-02  4.02548499E-02  2.22062368E-11
   364.00723     -9.61818639E-03  6.51749894E-02 -2.33436742E-10
   365.01648     -3.69906222E-04  8.66676569E-02 -1.12825319E-10
   366.00208      7.56261870E-03  0.10174849      8.92738175E-11
   367.02039      1.39168454E-02  0.11056365     -8.05505246E-11
   368.01239      1.80487093E-02  0.11265647     -3.11263515E-11
   369.02985      2.00384799E-02  0.10814762      2.10954298E-09
   370.01364      1.97361503E-02  9.68176425E-02  2.41282549E-10
   371.02060      1.72844324E-02  7.73115382E-02  1.88663130E-09
   372.02585      1.33730192E-02  4.97482419E-02  9.41136821E-11
   373.00473      9.27557051E-03  1.64447296E-02 -6.78120546E-11
   374.01697      5.72765758E-03 -2.17551310E-02  2.13096485E-11
   375.00717      3.29444418E-03 -5.89221381E-02 -2.37535130E-10
   376.02759      1.68756908E-03 -9.26141888E-02  1.64941705E-09
   377.01599      5.60221029E-04 -0.11705631      4.16753715E-11
   378.02756     -5.39838220E-04 -0.13116579     -3.33214389E-09
   379.00940     -1.44714233E-03 -0.13343486     -3.53402485E-09
   380.02267     -1.69940235E-03 -0.12449105      6.76320389E-11
   381.01358     -4.11483285E-04 -0.10580063     -1.92942529E-09
   382.00659      2.73072626E-03 -7.83442631E-02 -1.57340740E-09
   383.02289      7.45842792E-03 -4.24742289E-02 -1.13379049E-10
   384.00418      1.25240264E-02 -2.43351562E-03 -3.35436345E-10
   385.01089      1.69067178E-02  4.04732265E-02  2.36712094E-10
   386.02142      1.89601816E-02  8.02006647E-02  8.17343554E-11
   387.01102      1.74768418E-02  0.11056878     -1.74793757E-09
   388.00418      1.16359806E-02  0.12842232     -2.26639929E-10
   389.02127      1.25264598E-03  0.13140893      3.46181472E-10
   390.00476     -1.18544120E-02  0.11968905      6.77726486E-11
   391.01590     -2.61827689E-02  9.47400704E-02 -1.62551539E-09
   392.00305     -3.82143185E-02  6.10327497E-02  6.69932665E-10
   393.02231     -4.59284559E-02  2.05253419E-02  6.45887344E-10
   394.01053     -4.72292639E-02 -2.05158629E-02  5.50117035E-11
   395.02185     -4.18486968E-02 -6.06060363E-02 -5.98026073E-10
   396.00394     -3.08379941E-02 -9.39578488E-02  1.77145609E-09
   397.01791     -1.52224367E-02 -0.11829622      1.59684688E-09
   398.00742      1.85179047E-03 -0.12799898     -5.13902876E-09
   399.02325      1.87819824E-02 -0.12050776      1.63201497E-09
   400.00690      3.27312350E-02 -9.61563438E-02 -1.45754164E-09
