  2.53029466E-02  1.10292350E-28  9.29875811E-29 -2.00806070E-42
   1.0011063      1.63551151E-28  1.43842026E-28 -1.00817819E-40
   2.0000608      2.47316898E-28  2.21352304E-28 -2.56628196E-40
   3.0231161      3.79107489E-28  3.42540531E-28 -5.02651364E-40
   4.0209274      5.76638929E-28  5.24200479E-28 -8.71854273E-40
   5.0193563      8.79827584E-28  8.03063387E-28 -1.43757528E-39
   6.0180593      1.34612488E-27  1.23176981E-27 -2.30528171E-39
   7.0168557      2.06433363E-27  1.89184830E-27 -3.63712061E-39
   8.0157156      3.17224389E-27  2.91005222E-27 -5.68456340E-39
   9.0146446      4.88422998E-27  4.48374364E-27 -8.83779884E-39
   10.013657      7.53445981E-27  6.92070908E-27 -1.37014143E-38
   11.012769      1.16447687E-26  1.07018642E-26 -2.12174973E-38
   12.011990      1.80316947E-26  1.65803155E-26 -3.28512789E-38
   13.011331      2.79759813E-26  2.57382433E-26  5.30909314E-34
   14.010797      4.34918461E-26  4.00364351E-26 -3.44594217E-34
   15.010389      6.77570504E-26  6.24131834E-26 -1.57590443E-35
   16.010118      1.05803380E-25  9.75260725E-26  6.65860382E-35
   17.009983      1.65632687E-25  1.52791523E-25  1.73258741E-34
   18.009989      2.60034685E-25  2.40081681E-25 -2.56273771E-34
   19.010126      4.09570099E-25  3.78514765E-25 -3.13977847E-34
   20.010403      6.47504969E-25  5.99080299E-25  1.26309013E-32
   21.010811      1.02803515E-24  9.52363175E-25 -1.51551226E-32
   22.011356      1.64009349E-24  1.52153677E-24  3.99474857E-32
   23.012037      2.63069630E-24  2.44437702E-24  1.53860685E-34
   24.012850      4.24470039E-24  3.95082131E-24  2.06371625E-33
   25.013788      6.89299323E-24  6.42752940E-24  2.94084236E-31
   26.014851      1.12703374E-23  1.05296917E-23  2.29487560E-32
   27.016045      1.85606128E-23  1.73762029E-23 -2.36228432E-32
   28.017353      3.07972149E-23  2.88931414E-23 -5.74365348E-32
   29.018784      5.15010114E-23  4.84232138E-23 -2.30578947E-33
   30.020336      8.68190588E-23  8.18158568E-23 -3.39766016E-31
   31.021997      1.47572979E-22  1.39392542E-22  2.64803612E-31
   32.023777      2.52971738E-22  2.39515513E-22  8.97387622E-31
   33.025650      4.37387652E-22  4.15113073E-22  5.01140889E-31
   34.001945      7.51917476E-22  7.15284543E-22  2.41125902E-30
   35.004051      1.32233939E-21  1.26086731E-21  3.71653848E-30
   36.006233      2.34510308E-21  2.24115701E-21  6.69882671E-30
   37.008518      4.19266349E-21  4.01544610E-21  1.58817624E-28
   38.010921      7.55321720E-21  7.24842780E-21  1.01223470E-29
   39.013390      1.37037946E-20  1.31747673E-20  1.58836047E-29
   40.015972      2.50223702E-20  2.40953997E-20 -4.91037295E-29
   41.018639      4.59492788E-20  4.43095192E-20 -1.47174691E-28
   42.021370      8.47937030E-20  8.18658972E-20 -4.26016606E-29
   43.024227      1.57129278E-19  1.51855264E-19  7.78742146E-27
   44.001396      2.87557294E-19  2.78125522E-19  5.53238062E-29
   45.004425      5.36166169E-19  5.18914903E-19 -9.71452834E-28
   46.007473      1.00193006E-18  9.70176979E-19 -2.46122388E-28
   47.010651      1.87550321E-18  1.81674546E-18 -7.78933830E-26
   48.013851      3.51523884E-18  3.40603756E-18 -8.79371370E-27
   49.017178      6.59471729E-18  6.39105922E-18 -1.36937859E-25
   50.020515      1.23799440E-17  1.19991101E-17  1.04314883E-26
   51.023991      2.32501180E-17  2.25364828E-17  7.96742957E-25
   52.001736      4.29750603E-17  4.16571697E-17  3.64821052E-25
   53.005325      8.07371754E-17  7.82608349E-17  1.08557158E-25
   54.008949      1.51678931E-16  1.47021534E-16 -4.52422182E-24
   55.012634      2.84922587E-16  2.76156590E-16 -7.86040974E-25
   56.016407      5.35102900E-16  5.18593751E-16 -2.32020322E-24
   57.020180      1.00465307E-15  9.73544624E-16 -2.98944717E-24
   58.024090      1.88547967E-15  1.82683259E-15  1.81097398E-24
   59.002270      3.48022968E-15  3.37140628E-15  8.94657692E-23
   60.006214      6.52435513E-15  6.31903689E-15 -7.06831046E-24
   61.010284      1.22222551E-14  1.18347630E-14  3.23276411E-22
   62.014355      2.28767167E-14  2.21452376E-14  1.43313402E-23
   63.018471      4.27765496E-14  4.13955809E-14 -4.71755293E-23
   64.022690      7.98961998E-14  7.72890595E-14 -2.99199316E-22
   65.001160      1.46675478E-13  1.41833743E-13 -6.34272491E-22
   66.005424      2.73229112E-13  2.64092757E-13  9.62364740E-23
   67.009941      5.08195916E-13  4.90963878E-13  1.23160068E-20
   68.014633      9.43684909E-13  9.11204272E-13  2.01706231E-20
   69.020271      1.75001658E-12  1.68881749E-12 -1.89231883E-21
   70.003403      3.19429726E-12  3.08074616E-12  9.12451043E-20
   71.015938      5.92324367E-12  5.70893333E-12 -1.22001204E-21
   72.005890      1.08080992E-11  1.04099437E-11 -3.45948491E-19
   73.025284      2.00260329E-11  1.92739817E-11  2.72397781E-20
   74.021767      3.64977805E-11  3.51002560E-11  2.14725456E-20
   75.021347      6.64569441E-11  6.38605696E-11  1.04151128E-18
   76.023941      1.20869953E-10  1.16048629E-10 -1.06512625E-18
   77.002983      2.16115348E-10  2.07312945E-10 -8.90736828E-19
   78.011261      3.91901150E-10  3.75581538E-10 -1.86836112E-18
   79.022293      7.09324044E-10  6.79102108E-10 -1.35771079E-18
   80.009247      1.26130706E-09  1.20631372E-09 -2.99609099E-18
   81.025375      2.27238783E-09  2.17085239E-09  1.45324074E-18
   82.017059      4.02006117E-09  3.83594267E-09  2.20681406E-18
   83.010902      7.09030124E-09  6.75715039E-09 -3.51886975E-18
   84.006783      1.24628627E-08  1.18615757E-08 -7.54466275E-16
   85.004539      2.18233431E-08  2.07413002E-08 -2.20740972E-17
   86.004028      3.80535461E-08  3.61129366E-08  7.98923593E-17
   87.005089      6.60466597E-08  6.25797156E-08  3.41486296E-17
   88.007538      1.14049726E-07  1.07883153E-07  3.29452385E-15
   89.011185      1.95850618E-07  1.84936496E-07 -7.76504855E-16
   90.015823      3.34301717E-07  3.15089778E-07  3.75994114E-15
   91.021240      5.66917379E-07  5.33294212E-07 -3.07503792E-14
   92.000000      9.39022925E-07  8.83606447E-07 -1.99301855E-14
   93.006256      1.60101717E-06  1.49912239E-06  5.32974253E-16
   94.012527      2.75571210E-06  2.57573038E-06  3.72557023E-15
   95.018448      4.73566070E-06  4.42002829E-06 -6.51914207E-15
   96.023560      8.09434096E-06  7.54451958E-06 -2.14354359E-14
   97.026604      1.33162648E-05  1.28097672E-05 -7.41080713E-14
   98.026321      2.32471903E-05  2.20090296E-05  9.85035512E-13
   99.022690      4.04063685E-05  3.81368263E-05 -1.56972428E-12
   100.01576      6.95950075E-05  6.61219237E-05 -2.31443120E-12
   101.00555      1.20265846E-04  1.14353199E-04  2.02803133E-13
   102.01873      2.10703787E-04  2.00269846E-04  1.09192993E-11
   103.00201      3.63130937E-04  3.45383276E-04  3.32882354E-12
   104.00859      6.35595294E-04  6.05503097E-04  7.93858642E-12
   105.01189      1.11706287E-03  1.06708810E-03  2.40269740E-12
   106.01195      1.98030891E-03  1.90026849E-03 -3.91137157E-11
   107.00880      3.56503297E-03  3.44543648E-03  1.08262926E-10
   108.00250      6.57978188E-03  6.42765034E-03  1.33943190E-10
   109.01911      1.28337583E-02  1.27342604E-02 -8.67536858E-12
   110.00653      2.59509310E-02  2.62617283E-02  6.80476508E-10
   111.01675      5.72939403E-02  5.93239218E-02  1.62417979E-09
   112.02383      0.13694946      0.14476918      2.82574242E-11
   113.00207      0.34534821      0.36816651     -1.10165530E-08
   114.00299      0.95311999      0.99070048     -4.53380722E-10
   115.00092       2.7171364       2.5295172     -3.15877946E-09
   116.02185       6.8512940       5.0283113     -7.69942776E-09
   117.01743       7.4174852       5.2404952      2.39412486E-07
   118.00507       3.6810913       3.0032160      6.05833250E-08
   119.00356       1.9603871       1.5301626      9.53717461E-08
   120.01613       1.4899299       1.0389709      3.43205713E-08
   121.02409       1.5119300      0.99679273     -3.02046832E-09
   122.02558       1.7025731       1.0852140      1.24065753E-08
   123.02342       1.9309678       1.1564147      1.47306407E-08
   124.02189       2.0826383       1.1633264     -3.51360674E-09
   125.02416       2.0567775       1.1008335     -4.96363057E-08
   126.02668       1.8686819      0.96284056     -2.08762625E-08
   127.02055       1.6985193      0.68464202      1.25093749E-08
   128.00168       1.9395213     -3.63536216E-02  8.48175485E-09
   129.01584       3.3404160      -1.4658400     -5.44985168E-09
   130.02733       6.2415171      -3.3643246      1.69813035E-07
   131.02190       5.7067499      -3.3415308      1.46592868E-07
   132.00946       2.7773249      -2.0218906      4.24602291E-08
   133.02090       2.5732450      -1.7697649     -8.01239608E-08
   134.02724       3.5274639      -2.0565791     -6.71435672E-08
   135.00145       2.3181596      -1.6433897      4.27003641E-08
   136.00337       1.1240952      -1.1291469     -4.85659086E-08
   137.00652       1.4395883      -1.1566525      3.59494194E-08
   138.01196       1.5467296      -1.2149907     -3.58412744E-09
   139.01973      0.71598119     -0.99854273      1.49443906E-08
   140.02887      0.47589159     -0.94822484     -3.18248645E-08
   141.00954       1.0584606      -1.2260391      1.05333897E-09
   142.01979       1.2821540      -1.4817497      1.89269311E-08
   143.00188       1.0789080      -1.5306197      6.64924382E-09
   144.01218       1.1730933      -1.4860795     -3.61492667E-08
   145.02094       1.0737498      -1.2859474     -3.52731178E-08
   146.02869      0.56239569     -0.95562255     -1.29531657E-08
   147.00755      0.32310349     -0.74335867     -4.65746286E-09
   148.01532      0.49419218     -0.70563602     -1.69520149E-08
   149.02310      0.58044231     -0.65467185      1.28356641E-08
   150.00256      0.32701388     -0.46642452      1.16978276E-08
   151.01086      2.35452224E-02 -0.23691098      2.33526398E-09
   152.01878     -3.76770720E-02 -0.12568732      6.61346622E-09
   153.02655      6.71771988E-02 -0.13642918      1.12082599E-09
   154.00443      0.12572654     -0.16102633      6.34802433E-10
   155.00912      7.07822070E-02 -0.12356771      2.68222689E-09
   156.01215     -2.46762857E-02 -3.43435183E-02 -1.30605338E-09
   157.01358     -8.49630758E-02  5.55651747E-02  6.41506182E-10
   158.01343     -0.10896219      0.12077665      4.48649962E-09
   159.01178     -0.13370779      0.16836576      2.34837205E-10
   160.00880     -0.17708324      0.20968835      2.99386738E-09
   161.00446     -0.24158750      0.24306712      5.07795916E-10
   162.02718     -0.31027648      0.25691810      3.86074117E-10
   163.02005     -0.35602337      0.24425730     -1.62961067E-09
   164.01147     -0.37021589      0.21762972      1.28933397E-09
   165.00143     -0.36947426      0.20107570     -4.44349180E-09
   166.01817     -0.38033453      0.20871799     -2.72041767E-09
   167.00514     -0.39437932      0.22320637     -5.05269104E-10
   168.01875     -0.36574751      0.20876729     -6.63530253E-09
   169.00252     -0.26530433      0.15023494     -4.61180205E-09
   170.01263     -0.12788232      7.05818683E-02  9.23829901E-11
   171.02098     -4.84433584E-02  1.82733852E-02  1.87856841E-10
   172.02757     -5.66520244E-02  8.33039172E-03  1.11004872E-10
   173.00443     -8.04536268E-02  1.06027108E-02  2.12085904E-11
   174.00725     -5.91396391E-02 -3.93120758E-03  5.59550628E-10
   175.00818     -1.06241470E-02 -3.00804451E-02  6.27116026E-10
   176.00716     -7.41001801E-04 -4.37421165E-02 -5.20170018E-11
   177.00414     -2.70392299E-02 -4.15249616E-02  1.39090406E-09
   178.02661     -3.79842669E-02 -4.23739403E-02  6.47962850E-10
   179.01932     -2.11842135E-02 -5.77024594E-02  1.79566051E-09
   180.00998     -1.02816671E-02 -7.86495432E-02 -2.36955477E-09
   181.02596     -2.70297509E-02 -9.16804969E-02 -2.52228638E-09
   182.01227     -5.10359108E-02 -9.10518244E-02  2.31558384E-10
   183.02382     -7.05021024E-02 -7.72121400E-02  4.01744771E-09
   184.00632     -9.06445533E-02 -5.35284057E-02  1.29969369E-10
   185.01697     -0.11578736     -2.50576548E-02  4.54795035E-10
   186.00163     -0.13408050     -1.64489541E-03  5.57693336E-11
   187.01492     -0.13818890      1.39251817E-02 -4.17781698E-10
   188.00198     -0.14625029      2.20484082E-02  5.17525300E-10
   189.01750     -0.15904017      2.00692825E-02 -3.89920873E-10
   190.00655     -0.15534292      2.87970994E-03 -5.44724044E-10
   191.02408     -0.12449312     -2.56114993E-02  2.09763595E-11
   192.01491     -9.30463672E-02 -4.71254289E-02 -2.68769451E-09
   193.00659     -9.80713814E-02 -5.08743376E-02 -7.29530381E-10
   194.02658     -0.12262879     -4.55524959E-02  5.99957140E-10
   195.01981     -0.12224535     -4.60165739E-02 -8.02653555E-10
   196.01372     -0.10367250     -4.94420193E-02 -5.63717684E-10
   197.00829     -0.10813091     -4.33728620E-02  1.02506037E-09
   198.00349     -0.14106870     -2.94985715E-02  4.93867669E-10
   199.02696     -0.15894228     -2.39998829E-02 -2.03425499E-10
   200.02338     -0.13596362     -3.13041024E-02  1.20207178E-09
   201.02039     -0.11285701     -3.36032510E-02 -4.32737179E-11
   202.01794     -0.13458559     -1.83049720E-02 -4.45741333E-10
   203.01602     -0.17733857      9.96411545E-04  3.77346071E-10
   204.01462     -0.18051770      3.17559764E-03 -1.20867760E-10
   205.01366     -0.15184861     -8.29480123E-03  1.86906518E-10
   206.01315     -0.14588946     -1.23241376E-02 -5.16117704E-12
   207.01305     -0.17448726     -3.39135970E-03  2.74827494E-10
   208.01335     -0.18989199      1.33753556E-03  1.38552503E-11
   209.01414     -0.15968966     -8.95880349E-03  2.65095557E-10
   210.01526     -0.12210788     -2.06001792E-02  7.00151048E-10
   211.01666     -0.13310450     -1.61201824E-02  4.93760532E-10
   212.01859     -0.17207107     -1.46108842E-03  5.36637623E-10
   213.02069     -0.17985694      5.12712495E-03  2.91977581E-10
   214.02319     -0.15669811      2.13509100E-03  9.66821345E-11
   215.02600     -0.14969116      3.40150390E-03  1.91575006E-10
   216.00119     -0.16995576      1.23032015E-02  1.62717978E-10
   217.00458     -0.18351230      1.71845928E-02  8.15095436E-10
   218.00818     -0.16435446      1.00411745E-02  5.11079956E-10
   219.01205     -0.13947862      1.10330596E-03  1.82211080E-10
   220.01620     -0.14956188      2.98419455E-03  3.78464760E-10
   221.02051     -0.17720605      1.09084668E-02 -3.74133280E-10
   222.02521     -0.17676914      1.19113643E-02  3.43982842E-10
   223.00214     -0.15242824      6.43661339E-03  5.76105413E-11
   224.00739     -0.14075279      5.36450651E-03  3.66588537E-10
   225.01294     -0.15267022      1.20532075E-02  3.39404282E-10
   226.01880     -0.16161704      1.69697963E-02 -9.44038181E-11
   227.02515     -0.15123875      1.38447583E-02 -1.01893494E-10
   228.00388     -0.14055553      9.06631816E-03  1.36228986E-10
   229.01077     -0.15048057      9.90714226E-03  2.60064525E-10
   230.01767     -0.16726688      1.36254225E-02  3.30632022E-10
   231.02457     -0.16307124      1.28657203E-02 -1.68768743E-09
   232.00349     -0.14531896      8.59474856E-03 -1.27397182E-09
   233.01039     -0.13916618      7.09091127E-03 -7.29688199E-10
   234.01729     -0.14665914      9.56816040E-03 -1.31037417E-10
   235.02419     -0.14803763      1.10079609E-02 -3.11320691E-10
   236.00333     -0.13792112      9.75473691E-03 -3.37782025E-10
   237.01106     -0.13095915      9.82465036E-03  2.86240254E-10
   238.01961     -0.13642345      1.33700995E-02  3.90863508E-10
   239.00085     -0.14280334      1.62802376E-02 -3.46883910E-11
   240.01050     -0.13629293      1.50250811E-02  1.13521137E-11
   241.02010     -0.12337303      1.24866227E-02  3.30828559E-11
   242.00107     -0.12086371      1.42153651E-02  3.66720432E-10
   243.00951     -0.12519798      2.05401797E-02  3.20049542E-10
   244.01750     -0.12134992      2.71807704E-02  1.14148935E-09
   245.02591     -0.10760605      3.20049673E-02 -7.99905697E-10
   246.00714     -9.60594416E-02  3.61548141E-02  3.44859058E-10
   247.01733     -9.10491794E-02  4.01046202E-02 -1.74119011E-10
   248.02808     -8.75530690E-02  4.18870486E-02  1.37460821E-09
   249.01062     -8.06573629E-02  4.13604788E-02  1.16922394E-09
   250.02051     -7.53391087E-02  4.17177118E-02  8.33911412E-11
   251.00166     -7.65018761E-02  4.53239530E-02  4.90385121E-10
   252.01082     -7.95045495E-02  5.07406369E-02  1.13848664E-09
   253.02074     -7.56500438E-02  5.42292260E-02  1.17937526E-09
   254.00365     -6.81364983E-02  5.46931326E-02  1.93064653E-09
   255.01494     -6.46314099E-02  5.33135757E-02  2.29503394E-09
   256.02609     -6.50921538E-02  5.05879037E-02 -2.02581285E-09
   257.00839     -6.40229955E-02  4.64919209E-02  5.14609300E-10
   258.01804     -5.94433360E-02  4.19260114E-02  1.99258679E-10
   259.00024     -5.58324642E-02  3.95847149E-02 -2.02430434E-10
   260.01151     -5.55248260E-02  4.04649861E-02  1.18987553E-09
   261.02335     -5.38823828E-02  4.29186784E-02 -1.21335275E-09
   262.00708     -4.61823940E-02  4.45889458E-02 -1.25787225E-09
   263.01788     -3.52234095E-02  4.51167412E-02  8.62469957E-11
   264.00055     -2.66196132E-02  4.48543988E-02  2.13905574E-10
   265.01151     -2.02235673E-02  4.32391092E-02  7.11816162E-10
   266.02335     -1.37392813E-02  3.91221270E-02 -1.64592381E-10
   267.00781     -7.14636687E-03  3.26330811E-02  2.75384104E-10
   268.01965     -2.63323891E-03  2.48115491E-02  2.27106847E-10
   269.00253     -7.07288506E-04  1.77311506E-02  2.02627456E-10
   270.01364      1.99889392E-03  1.22468537E-02 -1.32029804E-10
   271.02573      6.83463598E-03  9.73654911E-03  1.53024954E-10
   272.01053      1.09393094E-02  1.06474068E-02  1.88910790E-10
   273.02304      1.26092453E-02  1.36359613E-02  4.33220515E-10
   274.00677      1.32029112E-02  1.57283619E-02  4.19630553E-10
   275.01862      1.52222971E-02  1.49441790E-02  8.90307550E-11
   276.00296      1.70405786E-02  1.18677262E-02  1.31473249E-10
   277.01590      1.61912050E-02  8.54308438E-03  2.04293957E-10
   278.00070      1.38178216E-02  6.74464228E-03  2.08650847E-10
   279.01260      1.23787280E-02  6.70647528E-03 -1.76039405E-10
   280.02469      1.22506944E-02  8.07589293E-03  2.10315224E-10
   281.00949      1.23741413E-02  9.81189497E-03  2.51654614E-10
   282.02243      1.26595749E-02  1.04547720E-02  5.69925496E-11
   283.00723      1.48929665E-02  8.53191130E-03  6.01976413E-10
   284.02017      1.94613263E-02  3.86738754E-03  4.48497711E-10
   285.00497      2.40286756E-02 -1.68309140E-03  1.95321939E-10
   286.01868      2.65307873E-02 -6.24943525E-03  2.75671430E-10
   287.00409      2.70567015E-02 -8.39366950E-03  2.68370770E-10
   288.01703      2.67708860E-02 -8.25400371E-03 -3.14540172E-10
   289.00183      2.57932022E-02 -6.47496898E-03 -1.37267780E-10
   290.01556      2.37495303E-02 -3.83824343E-03  5.50057777E-11
   291.00143      2.11773943E-02 -1.49497762E-03  6.29408470E-11
   292.01517      1.92316007E-02 -3.05025780E-04  1.04972864E-10
   293.00040      1.83537230E-02 -8.29172612E-04  9.26943661E-11
   294.01443      1.80356111E-02 -2.96133244E-03  1.52118831E-10
   295.00110      1.82775464E-02 -5.87903429E-03  1.93356775E-10
   296.01520      1.96050238E-02 -8.52265488E-03 -1.58200869E-10
   297.00107      2.17933692E-02 -9.40685533E-03  2.47152354E-10
   298.01617      2.36298740E-02 -7.78513402E-03  1.39146777E-10
   299.00311      2.36554760E-02 -4.30706050E-03  1.19056501E-10
   300.01825      2.18199119E-02 -6.09422103E-04  7.79826759E-11
   301.00519      1.91710852E-02  1.24598516E-03  9.71525915E-11
   302.02042      1.66029334E-02  6.11515308E-04  1.07213322E-10
   303.00812      1.50336511E-02 -1.75796519E-03  9.38734090E-11
   304.02325      1.49001647E-02 -4.41253372E-03  1.62197727E-10
   305.01019      1.61022916E-02 -5.79917105E-03  1.87178842E-10
   306.02560      1.77501701E-02 -5.31399855E-03  2.66482891E-10
   307.01318      1.84387956E-02 -3.29571916E-03  1.56362687E-10
   308.00012      1.76548697E-02 -8.64169560E-04  2.05546941E-10
   309.01526      1.57670788E-02  6.22303225E-04  2.50884813E-10
   310.00317      1.37540894E-02  1.81679658E-04  2.50449383E-10
   311.01935      1.20671419E-02 -2.02289806E-03  1.64373182E-10
   312.00629      1.08700199E-02 -4.72421665E-03  1.75169573E-10
   313.02240      1.00015625E-02 -6.68317545E-03  1.32144434E-10
   314.01041      9.44198668E-03 -7.06340885E-03  1.28865613E-10
   315.02664      9.02337488E-03 -6.08258042E-03 -2.24882057E-11
   316.01465      8.54628533E-03 -4.60100174E-03  2.03806805E-10
   317.00266      7.77815282E-03 -3.49387061E-03  1.39598694E-10
   318.01889      6.65853592E-03 -3.40558263E-03  2.20072766E-10
   319.00690      5.49773965E-03 -4.56092553E-03  3.22728677E-10
   320.02313      4.63904813E-03 -6.75373152E-03  1.48466558E-10
   321.01114      4.44454141E-03 -9.12854448E-03  1.28282912E-10
   322.02737      5.00744767E-03 -1.07690943E-02  1.13347477E-10
   323.01538      6.12112880E-03 -1.07264034E-02  1.56937741E-10
   324.00339      7.32190767E-03 -8.85177683E-03  1.60314290E-10
   325.01962      7.99548067E-03 -5.65018086E-03  1.51051796E-10
   326.00684      7.73874670E-03 -2.45297165E-03  8.32711330E-11
   327.02197      6.92807417E-03 -1.51005836E-04  1.54734586E-10
   328.00891      6.72368938E-03  8.04684474E-04  1.40998269E-10
   329.02405      8.25912505E-03  1.03698368E-03  1.52016622E-10
   330.01099      1.17477952E-02  1.58810150E-03  1.14042727E-10
   331.02612      1.64434258E-02  3.49771185E-03  1.40401010E-10
   332.01306      2.06090547E-02  7.05080433E-03  3.53955615E-11
   333.02823      2.32166741E-02  1.20184701E-02  2.07475009E-10
   334.01624      2.38556601E-02  1.70459822E-02  1.07455538E-10
   335.00424      2.33585387E-02  2.09989641E-02  1.94069580E-10
   336.02048      2.29036566E-02  2.30184738E-02  2.14284396E-10
   337.00848      2.33004931E-02  2.29238942E-02  2.31793487E-10
   338.02527      2.45100744E-02  2.14850698E-02  2.18766547E-10
   339.01514      2.55294312E-02  1.97951328E-02  2.01647574E-10
   340.00815      2.52444968E-02  1.83362719E-02  4.28246327E-10
   341.00735      2.28318945E-02  1.67669170E-02  9.10142239E-11
   342.01788      1.79776661E-02  1.41569432E-02  7.11420090E-11
   343.01553      1.11203371E-02  9.79379844E-03 -9.70277747E-11
   344.02826      2.94389506E-03  3.37971747E-03  6.64182112E-11
   345.00989     -4.93803527E-03 -4.34036041E-03  2.79702733E-10
   346.00549     -1.17758354E-02 -1.29929259E-02  1.39880052E-10
   347.01419     -1.70468017E-02 -2.18277741E-02  8.04226852E-10
   348.01199     -2.09278930E-02 -2.98661739E-02  3.07485010E-10
   349.00366     -2.40740217E-02 -3.65146883E-02 -3.51015189E-10
   350.02039     -2.68696398E-02 -4.15905677E-02  1.93811162E-10
   351.00732     -2.88880561E-02 -4.49012741E-02  1.60351399E-09
   352.02246     -2.94575859E-02 -4.69337031E-02 -1.21521504E-09
   353.01086     -2.75036655E-02 -4.76399437E-02  7.08591519E-12
   354.00266     -2.20035892E-02 -4.66443524E-02 -1.72297820E-09
   355.02850     -1.20918881E-02 -4.29575779E-02  6.63133215E-10
   356.00418      8.02382187E-04 -3.62547040E-02 -1.46959400E-09
   357.01440      1.59433894E-02 -2.59956848E-02 -6.57603416E-10
   358.02493      3.05591933E-02 -1.31855402E-02 -2.69802403E-10
   359.02921      4.27412540E-02  6.36582263E-04  1.58912480E-10
   360.02441      5.18803522E-02  1.38681866E-02  4.79878193E-10
   361.01175      5.82554638E-02  2.52705142E-02  1.06525888E-09
   362.02158      6.21361323E-02  3.43138389E-02  1.59953728E-09
   363.02841      6.27236664E-02  4.03613709E-02  4.04308642E-10
   364.00723      5.88899404E-02  4.34460938E-02  6.67986499E-10
   365.01648      4.90630791E-02  4.38704416E-02  1.12036291E-09
   366.00208      3.34332027E-02  4.15747613E-02 -6.76954603E-10
   367.02039      1.19566582E-02  3.62768099E-02  5.50635038E-10
   368.01239     -1.19259106E-02  2.84422338E-02  3.34072284E-11
   369.02985     -3.64956297E-02  1.84917357E-02  5.12404841E-11
   370.01364     -5.76970689E-02  8.30583181E-03 -4.53090898E-10
   371.02060     -7.48594850E-02 -1.35100679E-03 -9.62206495E-11
   372.02585     -8.62869844E-02 -9.22795106E-03  4.29621616E-11
   373.00473     -9.14301053E-02 -1.46731921E-02  2.31581324E-10
   374.01697     -9.02919993E-02 -1.77080352E-02  5.90651417E-10
   375.00717     -8.25567245E-02 -1.80294905E-02  5.69416625E-10
   376.02759     -6.74937814E-02 -1.58288404E-02  1.61264668E-10
   377.01599     -4.57828082E-02 -1.17964176E-02  4.60885496E-10
   378.02756     -1.67735741E-02 -6.59322413E-03  9.82696702E-11
   379.00940      1.61763318E-02 -1.40956976E-03  2.65336558E-10
   380.02267      5.15805930E-02  3.20997834E-03 -2.90994173E-11
   381.01358      8.28231275E-02  6.24315906E-03  2.88735813E-10
   382.00659      0.10568175      7.06388336E-03 -3.08113923E-10
   383.02289      0.11651225      5.00369864E-03  1.48076967E-10
   384.00418      0.11338016      4.25850740E-05 -1.54113680E-10
   385.01089      9.74231511E-02 -7.62268482E-03  2.33256581E-10
   386.02142      7.18280897E-02 -1.67522877E-02 -2.66250633E-10
   387.01102      4.13040593E-02 -2.55234037E-02 -6.51981524E-11
   388.00418      8.39953311E-03 -3.25423032E-02 -9.43600642E-10
   389.02127     -2.50968374E-02 -3.63487825E-02  1.04145831E-10
   390.00476     -5.49508780E-02 -3.56321558E-02 -3.46993961E-11
   391.01590     -8.04020837E-02 -2.98257861E-02 -1.29919220E-09
   392.00305     -9.74906385E-02 -1.94408111E-02  5.56120913E-11
   393.02231     -0.10467523     -4.81401011E-03  1.92526169E-11
   394.01053     -0.10000335      1.18305124E-02  5.52480284E-12
   395.02185     -8.32466632E-02  2.97854710E-02  1.04350373E-09
   396.00394     -5.71100637E-02  4.61739860E-02 -1.51494040E-09
   397.01791     -2.36618966E-02  5.92896715E-02 -2.02765499E-10
   398.00742      1.05673634E-02  6.53036833E-02  8.88565957E-12
   399.02325      4.24842536E-02  6.18656315E-02 -1.00933928E-09
   400.00690      6.65839314E-02  4.83620465E-02  4.46116644E-10
