     0.12475E-01     0.58911E-11     0.35629E-10    -0.27076E-12
     0.50017E-01     0.59542E-11     0.39048E-10    -0.47478E-12
     0.10007E+00     0.60517E-11     0.43734E-10    -0.11255E-11
     0.15012E+00     0.61700E-11     0.48588E-10    -0.22642E-11
     0.20016E+00     0.63170E-11     0.53646E-10    -0.39452E-11
     0.25019E+00     0.65019E-11     0.58945E-10    -0.62220E-11
     0.30021E+00     0.67357E-11     0.64534E-10    -0.91560E-11
     0.35023E+00     0.70302E-11     0.70468E-10    -0.12823E-10
     0.40024E+00     0.73990E-11     0.76815E-10    -0.17318E-10
     0.45026E+00     0.78570E-11     0.83656E-10    -0.22756E-10
     0.50027E+00     0.84215E-11     0.91090E-10    -0.29273E-10
     0.55028E+00     0.91123E-11     0.99238E-10    -0.37031E-10
     0.60029E+00     0.99517E-11     0.10824E-09    -0.46218E-10
     0.65031E+00     0.10965E-10     0.11828E-09    -0.57055E-10
     0.70033E+00     0.12182E-10     0.12955E-09    -0.69792E-10
     0.75035E+00     0.13635E-10     0.14229E-09    -0.84715E-10
     0.80037E+00     0.15364E-10     0.15677E-09    -0.10215E-09
     0.85039E+00     0.17412E-10     0.17331E-09    -0.12245E-09
     0.90041E+00     0.19830E-10     0.19227E-09    -0.14602E-09
     0.95043E+00     0.22676E-10     0.21407E-09    -0.17332E-09
     0.10005E+01     0.26016E-10     0.23920E-09    -0.20485E-09
     0.10505E+01     0.29923E-10     0.26824E-09    -0.24120E-09
     0.11005E+01     0.34484E-10     0.30183E-09    -0.28302E-09
     0.11505E+01     0.39793E-10     0.34073E-09    -0.33108E-09
     0.12006E+01     0.45965E-10     0.38580E-09    -0.38625E-09
     0.12506E+01     0.53126E-10     0.43805E-09    -0.44956E-09
     0.13006E+01     0.61427E-10     0.49863E-09    -0.52220E-09
     0.13506E+01     0.71041E-10     0.56886E-09    -0.60556E-09
     0.14007E+01     0.82167E-10     0.65027E-09    -0.70131E-09
     0.14507E+01     0.95037E-10     0.74463E-09    -0.81134E-09
     0.15007E+01     0.10992E-09     0.85400E-09    -0.93790E-09
     0.15507E+01     0.12712E-09     0.98070E-09    -0.10836E-08
     0.16008E+01     0.14699E-09     0.11275E-08    -0.12514E-08
     0.16508E+01     0.16996E-09     0.12974E-08    -0.14448E-08
     0.17008E+01     0.19648E-09     0.14941E-08    -0.16679E-08
     0.17508E+01     0.22712E-09     0.17217E-08    -0.19252E-08
     0.18009E+01     0.26250E-09     0.19851E-08    -0.22222E-08
     0.18509E+01     0.30336E-09     0.22897E-08    -0.25650E-08
     0.19009E+01     0.35053E-09     0.26419E-08    -0.29608E-08
     0.19509E+01     0.40500E-09     0.30492E-08    -0.34177E-08
     0.20010E+01     0.46788E-09     0.35199E-08    -0.39453E-08
     0.20510E+01     0.54049E-09     0.40638E-08    -0.45546E-08
     0.21010E+01     0.62433E-09     0.46923E-08    -0.52581E-08
     0.21510E+01     0.72112E-09     0.54184E-08    -0.60704E-08
     0.22010E+01     0.83287E-09     0.62572E-08    -0.70083E-08
     0.22511E+01     0.96189E-09     0.72261E-08    -0.80912E-08
     0.23011E+01     0.11109E-08     0.83450E-08    -0.93413E-08
     0.23511E+01     0.12828E-08     0.96373E-08    -0.10784E-07
     0.24011E+01     0.14814E-08     0.11130E-07    -0.12450E-07
     0.24512E+01     0.17106E-08     0.12853E-07    -0.14373E-07
     0.25012E+01     0.19752E-08     0.14843E-07    -0.16592E-07
     0.25512E+01     0.22806E-08     0.17140E-07    -0.19153E-07
     0.26012E+01     0.26331E-08     0.19793E-07    -0.22108E-07
     0.26513E+01     0.30400E-08     0.22855E-07    -0.25519E-07
     0.27013E+01     0.35097E-08     0.26390E-07    -0.29455E-07
     0.27513E+01     0.40518E-08     0.30470E-07    -0.33997E-07
     0.28013E+01     0.46775E-08     0.35180E-07    -0.39238E-07
     0.28514E+01     0.53997E-08     0.40617E-07    -0.45287E-07
     0.29014E+01     0.62332E-08     0.46891E-07    -0.52266E-07
     0.29514E+01     0.71951E-08     0.54134E-07    -0.60321E-07
     0.30014E+01     0.83052E-08     0.62492E-07    -0.69615E-07
     0.30514E+01     0.95863E-08     0.72139E-07    -0.80341E-07
     0.31015E+01     0.11065E-07     0.83273E-07    -0.92718E-07
     0.31515E+01     0.12771E-07     0.96122E-07    -0.10700E-06
     0.32015E+01     0.14740E-07     0.11095E-06    -0.12348E-06
     0.32515E+01     0.17013E-07     0.12806E-06    -0.14250E-06
     0.33016E+01     0.19635E-07     0.14781E-06    -0.16445E-06
     0.33516E+01     0.22662E-07     0.17060E-06    -0.18978E-06
     0.34016E+01     0.26154E-07     0.19691E-06    -0.21901E-06
     0.34516E+01     0.30184E-07     0.22726E-06    -0.25274E-06
     0.35017E+01     0.34836E-07     0.26229E-06    -0.29167E-06
     0.35517E+01     0.40203E-07     0.30271E-06    -0.33659E-06
     0.36017E+01     0.46397E-07     0.34936E-06    -0.38843E-06
     0.36517E+01     0.53545E-07     0.40319E-06    -0.44825E-06
     0.37017E+01     0.61794E-07     0.46531E-06    -0.51728E-06
     0.37518E+01     0.71313E-07     0.53701E-06    -0.59695E-06
     0.38018E+01     0.82298E-07     0.61974E-06    -0.68888E-06
     0.38518E+01     0.94976E-07     0.71521E-06    -0.79497E-06
     0.39018E+01     0.10961E-06     0.82539E-06    -0.91741E-06
     0.39519E+01     0.12649E-06     0.95254E-06    -0.10587E-05
     0.40019E+01     0.14597E-06     0.10993E-05    -0.12217E-05
     0.40519E+01     0.16845E-06     0.12686E-05    -0.14099E-05
     0.41019E+01     0.19440E-06     0.14640E-05    -0.16271E-05
     0.41520E+01     0.22434E-06     0.16895E-05    -0.18776E-05
     0.42020E+01     0.25890E-06     0.19497E-05    -0.21668E-05
     0.42520E+01     0.29877E-06     0.22500E-05    -0.25005E-05
     0.43020E+01     0.34479E-06     0.25966E-05    -0.28856E-05
     0.43521E+01     0.39789E-06     0.29965E-05    -0.33301E-05
     0.44021E+01     0.45917E-06     0.34581E-05    -0.38429E-05
     0.44521E+01     0.52990E-06     0.39907E-05    -0.44348E-05
     0.45021E+01     0.61151E-06     0.46053E-05    -0.51177E-05
     0.45522E+01     0.70569E-06     0.53146E-05    -0.59059E-05
     0.46022E+01     0.81437E-06     0.61331E-05    -0.68154E-05
     0.46522E+01     0.93979E-06     0.70777E-05    -0.78650E-05
     0.47022E+01     0.10845E-05     0.81678E-05    -0.90761E-05
     0.47523E+01     0.12516E-05     0.94257E-05    -0.10474E-04
     0.48023E+01     0.14443E-05     0.10877E-04    -0.12087E-04
     0.48523E+01     0.16667E-05     0.12553E-04    -0.13948E-04
     0.49023E+01     0.19234E-05     0.14486E-04    -0.16095E-04
     0.49524E+01     0.22196E-05     0.16716E-04    -0.18573E-04
     0.50024E+01     0.25614E-05     0.19291E-04    -0.21433E-04
     0.50524E+01     0.29558E-05     0.22261E-04    -0.24733E-04
     0.51024E+01     0.34109E-05     0.25689E-04    -0.28540E-04
     0.51525E+01     0.39361E-05     0.29645E-04    -0.32933E-04
     0.52025E+01     0.45421E-05     0.34210E-04    -0.38002E-04
     0.52525E+01     0.52414E-05     0.39477E-04    -0.43850E-04
     0.53025E+01     0.60483E-05     0.45555E-04    -0.50598E-04
     0.53526E+01     0.69794E-05     0.52568E-04    -0.58383E-04
     0.54026E+01     0.80537E-05     0.60661E-04    -0.67365E-04
     0.54526E+01     0.92932E-05     0.69999E-04    -0.77727E-04
     0.55027E+01     0.10723E-04     0.80774E-04    -0.89682E-04
     0.55527E+01     0.12374E-04     0.93206E-04    -0.10347E-03
     0.56027E+01     0.14278E-04     0.10755E-03    -0.11938E-03
     0.56527E+01     0.16474E-04     0.12410E-03    -0.13773E-03
     0.57028E+01     0.19008E-04     0.14320E-03    -0.15890E-03
     0.57528E+01     0.21932E-04     0.16523E-03    -0.18331E-03
     0.58028E+01     0.25305E-04     0.19065E-03    -0.21147E-03
     0.58529E+01     0.29197E-04     0.21998E-03    -0.24394E-03
     0.59029E+01     0.33685E-04     0.25381E-03    -0.28138E-03
     0.59529E+01     0.38864E-04     0.29284E-03    -0.32456E-03
     0.60030E+01     0.44837E-04     0.33788E-03    -0.37435E-03
     0.60530E+01     0.51727E-04     0.38983E-03    -0.43176E-03
     0.61030E+01     0.59675E-04     0.44976E-03    -0.49794E-03
     0.61530E+01     0.68842E-04     0.51890E-03    -0.57424E-03
     0.62031E+01     0.79416E-04     0.59866E-03    -0.66219E-03
     0.62531E+01     0.91611E-04     0.69067E-03    -0.76355E-03
     0.63031E+01     0.10568E-03     0.79682E-03    -0.88037E-03
     0.63532E+01     0.12190E-03     0.91927E-03    -0.10150E-02
     0.64032E+01     0.14061E-03     0.10605E-02    -0.11701E-02
     0.64532E+01     0.16218E-03     0.12235E-02    -0.13488E-02
     0.65032E+01     0.18707E-03     0.14115E-02    -0.15546E-02
     0.65532E+01     0.21576E-03     0.16283E-02    -0.17916E-02
     0.66032E+01     0.24884E-03     0.18785E-02    -0.20645E-02
     0.66532E+01     0.28698E-03     0.21670E-02    -0.23786E-02
     0.67031E+01     0.33093E-03     0.24998E-02    -0.27400E-02
     0.67530E+01     0.38160E-03     0.28835E-02    -0.31556E-02
     0.68029E+01     0.43999E-03     0.33262E-02    -0.36335E-02
     0.68528E+01     0.50730E-03     0.38368E-02    -0.41830E-02
     0.69026E+01     0.58490E-03     0.44261E-02    -0.48145E-02
     0.69524E+01     0.67437E-03     0.51062E-02    -0.55401E-02
     0.70021E+01     0.77754E-03     0.58913E-02    -0.63736E-02
     0.70519E+01     0.89654E-03     0.67982E-02    -0.73307E-02
     0.71016E+01     0.10338E-02     0.78462E-02    -0.84295E-02
     0.71513E+01     0.11923E-02     0.90577E-02    -0.96902E-02
     0.72010E+01     0.13753E-02     0.10459E-01    -0.11136E-01
     0.72506E+01     0.15866E-02     0.12082E-01    -0.12793E-01
     0.73002E+01     0.18309E-02     0.13962E-01    -0.14692E-01
     0.73622E+01     0.21907E-02     0.16741E-01    -0.17456E-01
     0.74118E+01     0.25299E-02     0.19371E-01    -0.20025E-01
     0.74614E+01     0.29230E-02     0.22429E-01    -0.22956E-01
     0.75109E+01     0.33787E-02     0.25989E-01    -0.26296E-01
     0.75605E+01     0.39072E-02     0.30132E-01    -0.30092E-01
     0.76100E+01     0.45209E-02     0.34957E-01    -0.34394E-01
     0.76595E+01     0.52337E-02     0.40583E-01    -0.39250E-01
     0.77090E+01     0.60597E-02     0.47164E-01    -0.44742E-01
     0.77585E+01     0.70177E-02     0.54901E-01    -0.50845E-01
     0.78081E+01     0.81513E-02     0.64010E-01    -0.57306E-01
     0.78576E+01     0.94779E-02     0.74654E-01    -0.64337E-01
     0.79071E+01     0.10969E-01     0.86794E-01    -0.72606E-01
     0.79566E+01     0.12571E-01     0.10031E+00    -0.82934E-01
     0.80061E+01     0.14252E-01     0.11533E+00    -0.95711E-01
     0.80556E+01     0.16048E-01     0.13228E+00    -0.11045E+00
     0.81051E+01     0.18033E-01     0.15182E+00    -0.12623E+00
     0.81546E+01     0.20302E-01     0.17459E+00    -0.14120E+00
     0.82042E+01     0.22961E-01     0.20084E+00    -0.15259E+00
     0.82537E+01     0.26060E-01     0.23001E+00    -0.15829E+00
     0.83033E+01     0.29263E-01     0.25891E+00    -0.15690E+00
     0.83529E+01     0.32005E-01     0.28161E+00    -0.15083E+00
     0.84025E+01     0.34113E-01     0.29807E+00    -0.14507E+00
     0.84521E+01     0.35877E-01     0.31217E+00    -0.13502E+00
     0.85018E+01     0.37615E-01     0.32743E+00    -0.11961E+00
     0.85515E+01     0.39027E-01     0.33957E+00    -0.10016E+00
     0.86012E+01     0.39902E-01     0.34744E+00    -0.78142E-01
     0.86509E+01     0.40823E-01     0.35626E+00    -0.52619E-01
     0.87007E+01     0.41411E-01     0.36312E+00    -0.23848E-01
     0.87505E+01     0.41395E-01     0.36419E+00     0.49818E-02
     0.88004E+01     0.41009E-01     0.36355E+00     0.32983E-01
     0.88503E+01     0.40241E-01     0.36098E+00     0.60432E-01
     0.89002E+01     0.38978E-01     0.35389E+00     0.85956E-01
     0.89502E+01     0.37186E-01     0.34361E+00     0.10894E+00
     0.90002E+01     0.35012E-01     0.33078E+00     0.12865E+00
     0.90502E+01     0.32462E-01     0.31557E+00     0.14510E+00
     0.91003E+01     0.29683E-01     0.29857E+00     0.15967E+00
     0.91503E+01     0.26780E-01     0.28007E+00     0.17279E+00
     0.92004E+01     0.23863E-01     0.26002E+00     0.18360E+00
     0.92504E+01     0.20970E-01     0.24038E+00     0.19355E+00
     0.93005E+01     0.18010E-01     0.22018E+00     0.20042E+00
     0.93505E+01     0.15012E-01     0.19954E+00     0.20409E+00
     0.94006E+01     0.12032E-01     0.17824E+00     0.20483E+00
     0.94506E+01     0.92274E-02     0.15644E+00     0.20423E+00
     0.95007E+01     0.66060E-02     0.13249E+00     0.20299E+00
     0.95507E+01     0.39913E-02     0.10357E+00     0.19998E+00
     0.96008E+01     0.13583E-02     0.71202E-01     0.19497E+00
     0.96508E+01    -0.12451E-02     0.38234E-01     0.18719E+00
     0.97009E+01    -0.38869E-02     0.79024E-02     0.17489E+00
     0.97510E+01    -0.65271E-02    -0.17090E-01     0.15787E+00
     0.98010E+01    -0.87706E-02    -0.35831E-01     0.14138E+00
     0.98511E+01    -0.10716E-01    -0.52990E-01     0.12564E+00
     0.99011E+01    -0.12427E-01    -0.68509E-01     0.10828E+00
     0.99512E+01    -0.13824E-01    -0.81928E-01     0.89938E-01
     0.10001E+02    -0.14875E-01    -0.92650E-01     0.71154E-01
     0.10051E+02    -0.15549E-01    -0.10030E+00     0.54196E-01
     0.10101E+02    -0.15867E-01    -0.10637E+00     0.39538E-01
     0.10151E+02    -0.15926E-01    -0.11101E+00     0.26936E-01
     0.10201E+02    -0.15832E-01    -0.11409E+00     0.15785E-01
     0.10251E+02    -0.15585E-01    -0.11474E+00     0.63059E-02
     0.10302E+02    -0.15274E-01    -0.11358E+00    -0.14870E-02
     0.10352E+02    -0.14931E-01    -0.11118E+00    -0.85877E-02
     0.10402E+02    -0.14543E-01    -0.10796E+00    -0.13864E-01
     0.10452E+02    -0.14116E-01    -0.10399E+00    -0.19521E-01
     0.10502E+02    -0.13644E-01    -0.99988E-01    -0.24593E-01
     0.10552E+02    -0.13120E-01    -0.95616E-01    -0.27663E-01
     0.10602E+02    -0.12357E-01    -0.92876E-01    -0.30323E-01
     0.10652E+02    -0.11728E-01    -0.89682E-01    -0.33889E-01
     0.10702E+02    -0.11157E-01    -0.86059E-01    -0.36819E-01
     0.10752E+02    -0.10609E-01    -0.81822E-01    -0.39551E-01
     0.10802E+02    -0.99629E-02    -0.78161E-01    -0.41051E-01
     0.10852E+02    -0.92810E-02    -0.74493E-01    -0.40190E-01
     0.10902E+02    -0.84112E-02    -0.68729E-01    -0.35476E-01
     0.10952E+02    -0.72984E-02    -0.64138E-01    -0.27046E-01
     0.11002E+02    -0.63405E-02    -0.60044E-01    -0.20056E-01
     0.11052E+02    -0.56583E-02    -0.54484E-01    -0.15672E-01
     0.11103E+02    -0.51843E-02    -0.46246E-01    -0.13335E-01
     0.11153E+02    -0.48990E-02    -0.37412E-01    -0.12871E-01
     0.11203E+02    -0.46798E-02    -0.28110E-01    -0.13718E-01
     0.11253E+02    -0.44518E-02    -0.19391E-01    -0.15758E-01
     0.11303E+02    -0.42245E-02    -0.12711E-01    -0.17827E-01
     0.11353E+02    -0.39633E-02    -0.84405E-02    -0.19032E-01
     0.11403E+02    -0.36887E-02    -0.66359E-02    -0.19441E-01
     0.11453E+02    -0.34379E-02    -0.71587E-02    -0.18626E-01
     0.11503E+02    -0.31999E-02    -0.91331E-02    -0.16420E-01
     0.11553E+02    -0.29678E-02    -0.11436E-01    -0.13443E-01
     0.11603E+02    -0.27145E-02    -0.13817E-01    -0.10068E-01
     0.11653E+02    -0.24150E-02    -0.15355E-01    -0.66967E-02
     0.11703E+02    -0.20774E-02    -0.15729E-01    -0.37631E-02
     0.11753E+02    -0.17237E-02    -0.15544E-01    -0.14339E-02
     0.11803E+02    -0.13705E-02    -0.15382E-01     0.17231E-03
     0.11854E+02    -0.10113E-02    -0.16064E-01     0.10737E-02
     0.11904E+02    -0.63274E-03    -0.18244E-01     0.14255E-02
     0.11954E+02    -0.30112E-03    -0.20786E-01     0.18520E-02
     0.12004E+02    -0.69035E-04    -0.22641E-01     0.24923E-02
     0.12054E+02     0.26832E-04    -0.23124E-01     0.30623E-02
     0.12104E+02     0.19008E-04    -0.22316E-01     0.36304E-02
     0.12154E+02    -0.50516E-04    -0.20113E-01     0.44824E-02
     0.12204E+02    -0.15991E-03    -0.17374E-01     0.54863E-02
     0.12254E+02    -0.23650E-03    -0.14309E-01     0.66343E-02
     0.12304E+02    -0.27290E-03    -0.11372E-01     0.78497E-02
     0.12354E+02    -0.27546E-03    -0.88068E-02     0.90856E-02
     0.12404E+02    -0.21599E-03    -0.62326E-02     0.10624E-01
     0.12454E+02    -0.77019E-04    -0.29180E-02     0.12354E-01
     0.12504E+02     0.11384E-03     0.16854E-02     0.14219E-01
     0.12555E+02     0.30952E-03     0.73081E-02     0.15906E-01
     0.12605E+02     0.33344E-03     0.11401E-01     0.17467E-01
     0.12655E+02     0.14423E-03     0.13513E-01     0.18658E-01
     0.12705E+02    -0.18232E-03     0.13818E-01     0.19151E-01
     0.12755E+02    -0.57779E-03     0.12013E-01     0.19309E-01
     0.12805E+02    -0.95657E-03     0.83303E-02     0.18924E-01
     0.12855E+02    -0.12900E-02     0.30638E-02     0.18718E-01
     0.12905E+02    -0.15962E-02    -0.23106E-02     0.18906E-01
     0.12955E+02    -0.18296E-02    -0.68709E-02     0.18911E-01
     0.13005E+02    -0.19977E-02    -0.98783E-02     0.17911E-01
     0.13055E+02    -0.20870E-02    -0.11484E-01     0.15932E-01
     0.13105E+02    -0.21303E-02    -0.11850E-01     0.13215E-01
     0.13155E+02    -0.21212E-02    -0.11616E-01     0.10823E-01
     0.13206E+02    -0.20671E-02    -0.11258E-01     0.92310E-02
     0.13256E+02    -0.19518E-02    -0.11141E-01     0.89449E-02
     0.13306E+02    -0.18099E-02    -0.11598E-01     0.98618E-02
     0.13356E+02    -0.16744E-02    -0.12630E-01     0.11263E-01
     0.13406E+02    -0.15609E-02    -0.13490E-01     0.12643E-01
     0.13456E+02    -0.15090E-02    -0.14123E-01     0.13872E-01
     0.13506E+02    -0.15210E-02    -0.14436E-01     0.14701E-01
     0.13556E+02    -0.15767E-02    -0.14577E-01     0.15178E-01
     0.13606E+02    -0.16416E-02    -0.14666E-01     0.15481E-01
     0.13656E+02    -0.16864E-02    -0.14863E-01     0.15764E-01
     0.13706E+02    -0.17046E-02    -0.15302E-01     0.15759E-01
     0.13757E+02    -0.16618E-02    -0.15974E-01     0.15738E-01
     0.13807E+02    -0.15340E-02    -0.16481E-01     0.15994E-01
     0.13857E+02    -0.13542E-02    -0.17040E-01     0.16129E-01
     0.13907E+02    -0.11690E-02    -0.16590E-01     0.15740E-01
     0.13957E+02    -0.10164E-02    -0.15620E-01     0.14916E-01
     0.14007E+02    -0.90825E-03    -0.15082E-01     0.13819E-01
     0.14058E+02    -0.84674E-03    -0.15310E-01     0.12997E-01
     0.14108E+02    -0.88125E-03    -0.16719E-01     0.12599E-01
     0.14158E+02    -0.92674E-03    -0.19423E-01     0.12047E-01
     0.14209E+02    -0.99144E-03    -0.22841E-01     0.11204E-01
     0.14259E+02    -0.10343E-02    -0.26296E-01     0.99165E-02
     0.14310E+02    -0.10218E-02    -0.29308E-01     0.80923E-02
     0.14360E+02    -0.91615E-03    -0.31144E-01     0.57563E-02
     0.14411E+02    -0.70204E-03    -0.32080E-01     0.29808E-02
     0.14462E+02    -0.37020E-03    -0.32653E-01    -0.29400E-03
     0.14500E+02    -0.54595E-04    -0.32929E-01    -0.27518E-02
     0.14551E+02     0.42302E-03    -0.33534E-01    -0.54586E-02
     0.14602E+02     0.95287E-03    -0.34937E-01    -0.68977E-02
     0.14653E+02     0.16236E-02    -0.37970E-01    -0.63621E-02
     0.14704E+02     0.23298E-02    -0.42662E-01    -0.36747E-02
     0.14755E+02     0.29275E-02    -0.47917E-01     0.33978E-03
     0.14806E+02     0.33275E-02    -0.52627E-01     0.35524E-02
     0.14857E+02     0.35352E-02    -0.55884E-01     0.46670E-02
     0.14908E+02     0.36413E-02    -0.58734E-01     0.34327E-02
     0.14959E+02     0.37559E-02    -0.61688E-01     0.99110E-03
     0.15011E+02     0.39390E-02    -0.65043E-01    -0.23875E-02
     0.15062E+02     0.42271E-02    -0.70509E-01    -0.66722E-02
     0.15113E+02     0.47049E-02    -0.78689E-01    -0.10628E-01
     0.15151E+02     0.51446E-02    -0.86147E-01    -0.12861E-01
     0.15201E+02     0.58243E-02    -0.96455E-01    -0.14379E-01
     0.15252E+02     0.65026E-02    -0.10565E+00    -0.14283E-01
     0.15302E+02     0.71104E-02    -0.11298E+00    -0.13697E-01
     0.15353E+02     0.76170E-02    -0.11851E+00    -0.12778E-01
     0.15403E+02     0.80736E-02    -0.12289E+00    -0.11109E-01
     0.15453E+02     0.85408E-02    -0.12700E+00    -0.77022E-02
     0.15503E+02     0.90117E-02    -0.13162E+00    -0.26116E-02
     0.15554E+02     0.95129E-02    -0.13684E+00     0.41426E-02
     0.15604E+02     0.99503E-02    -0.14203E+00     0.11843E-01
     0.15654E+02     0.10121E-01    -0.14542E+00     0.19566E-01
     0.15704E+02     0.10015E-01    -0.14730E+00     0.26883E-01
     0.15754E+02     0.96355E-02    -0.14803E+00     0.33837E-01
     0.15804E+02     0.90409E-02    -0.14668E+00     0.40640E-01
     0.15855E+02     0.82819E-02    -0.14304E+00     0.46869E-01
     0.15905E+02     0.74483E-02    -0.13742E+00     0.52605E-01
     0.15955E+02     0.65338E-02    -0.13015E+00     0.58204E-01
     0.16005E+02     0.55354E-02    -0.12098E+00     0.63562E-01
     0.16055E+02     0.44705E-02    -0.11023E+00     0.68651E-01
     0.16105E+02     0.33678E-02    -0.98354E-01     0.73559E-01
     0.16155E+02     0.22693E-02    -0.86129E-01     0.78501E-01
     0.16205E+02     0.12189E-02    -0.74598E-01     0.84009E-01
     0.16255E+02     0.24468E-03    -0.63990E-01     0.90267E-01
     0.16305E+02    -0.84044E-03    -0.53596E-01     0.94100E-01
     0.16356E+02    -0.20699E-02    -0.42797E-01     0.94481E-01
     0.16406E+02    -0.33531E-02    -0.30829E-01     0.91664E-01
     0.16456E+02    -0.45429E-02    -0.18016E-01     0.86980E-01
     0.16506E+02    -0.55201E-02    -0.56921E-02     0.81443E-01
     0.16556E+02    -0.62716E-02     0.57811E-02     0.75601E-01
     0.16606E+02    -0.68567E-02     0.15903E-01     0.69294E-01
     0.16656E+02    -0.72658E-02     0.24464E-01     0.62869E-01
     0.16706E+02    -0.75679E-02     0.32041E-01     0.58025E-01
     0.16757E+02    -0.79184E-02     0.39579E-01     0.51175E-01
     0.16807E+02    -0.83031E-02     0.44288E-01     0.40495E-01
     0.16857E+02    -0.86380E-02     0.47554E-01     0.28210E-01
     0.16907E+02    -0.88489E-02     0.49794E-01     0.16550E-01
     0.16957E+02    -0.89246E-02     0.50501E-01     0.57366E-02
     0.17008E+02    -0.88886E-02     0.49944E-01    -0.22646E-02
     0.17058E+02    -0.88064E-02     0.47836E-01    -0.85316E-02
     0.17108E+02    -0.85937E-02     0.44596E-01    -0.13987E-01
     0.17158E+02    -0.83920E-02     0.39251E-01    -0.18990E-01
     0.17208E+02    -0.81599E-02     0.31668E-01    -0.23695E-01
     0.17259E+02    -0.78645E-02     0.24393E-01    -0.28297E-01
     0.17309E+02    -0.73794E-02     0.14782E-01    -0.30077E-01
     0.17359E+02    -0.67040E-02     0.24024E-02    -0.28769E-01
     0.17410E+02    -0.58175E-02    -0.96428E-02    -0.25132E-01
     0.17460E+02    -0.48325E-02    -0.19628E-01    -0.19697E-01
     0.17510E+02    -0.38743E-02    -0.26405E-01    -0.13129E-01
     0.17560E+02    -0.29888E-02    -0.30215E-01    -0.96129E-02
     0.17611E+02    -0.24015E-02    -0.34349E-01    -0.11335E-01
     0.17661E+02    -0.19412E-02    -0.40097E-01    -0.15365E-01
     0.17711E+02    -0.15040E-02    -0.46952E-01    -0.21398E-01
     0.17762E+02    -0.91485E-03    -0.54880E-01    -0.26890E-01
     0.17812E+02    -0.82964E-04    -0.63306E-01    -0.29778E-01
     0.17862E+02     0.98007E-03    -0.71553E-01    -0.30316E-01
     0.17900E+02     0.18637E-02    -0.77167E-01    -0.29054E-01
     0.17950E+02     0.30755E-02    -0.83190E-01    -0.25061E-01
     0.18001E+02     0.41473E-02    -0.87177E-01    -0.19522E-01
     0.18051E+02     0.49681E-02    -0.89095E-01    -0.13147E-01
     0.18101E+02     0.54819E-02    -0.89852E-01    -0.73270E-02
     0.18152E+02     0.57687E-02    -0.89833E-01    -0.22994E-02
     0.18202E+02     0.58976E-02    -0.89724E-01     0.18706E-02
     0.18252E+02     0.57897E-02    -0.91001E-01     0.50156E-02
     0.18302E+02     0.56802E-02    -0.93972E-01     0.83176E-02
     0.18353E+02     0.55422E-02    -0.97529E-01     0.11542E-01
     0.18403E+02     0.53490E-02    -0.10053E+00     0.14717E-01
     0.18453E+02     0.52073E-02    -0.10254E+00     0.17873E-01
     0.18503E+02     0.51393E-02    -0.10296E+00     0.21632E-01
     0.18553E+02     0.51213E-02    -0.10228E+00     0.26360E-01
     0.18604E+02     0.51454E-02    -0.99866E-01     0.31760E-01
     0.18654E+02     0.51753E-02    -0.95965E-01     0.37610E-01
     0.18704E+02     0.51342E-02    -0.91238E-01     0.43547E-01
     0.18754E+02     0.50135E-02    -0.86003E-01     0.49067E-01
     0.18804E+02     0.47475E-02    -0.80452E-01     0.53697E-01
     0.18854E+02     0.43362E-02    -0.74980E-01     0.57596E-01
     0.18905E+02     0.37809E-02    -0.69577E-01     0.60783E-01
     0.18955E+02     0.31454E-02    -0.63688E-01     0.63314E-01
     0.19005E+02     0.24484E-02    -0.57575E-01     0.64698E-01
     0.19055E+02     0.17143E-02    -0.51220E-01     0.64687E-01
     0.19105E+02     0.95065E-03    -0.45261E-01     0.63260E-01
     0.19155E+02     0.15409E-03    -0.39718E-01     0.60702E-01
     0.19205E+02    -0.64339E-03    -0.34661E-01     0.57438E-01
     0.19255E+02    -0.13679E-02    -0.30214E-01     0.54208E-01
     0.19305E+02    -0.19863E-02    -0.26258E-01     0.51319E-01
     0.19355E+02    -0.25024E-02    -0.22726E-01     0.48456E-01
     0.19405E+02    -0.29139E-02    -0.20226E-01     0.45469E-01
     0.19455E+02    -0.32209E-02    -0.19321E-01     0.42324E-01
     0.19505E+02    -0.34685E-02    -0.19870E-01     0.38876E-01
     0.19555E+02    -0.36474E-02    -0.21478E-01     0.35039E-01
     0.19605E+02    -0.37538E-02    -0.23624E-01     0.30840E-01
     0.19655E+02    -0.37942E-02    -0.25876E-01     0.26405E-01
     0.19705E+02    -0.37750E-02    -0.28011E-01     0.21762E-01
     0.19755E+02    -0.36998E-02    -0.29932E-01     0.16825E-01
     0.19805E+02    -0.35649E-02    -0.31697E-01     0.11670E-01
     0.19855E+02    -0.33596E-02    -0.33715E-01     0.68110E-02
     0.19905E+02    -0.30952E-02    -0.35932E-01     0.22641E-02
     0.19954E+02    -0.27836E-02    -0.38191E-01    -0.18923E-02
     0.20004E+02    -0.24295E-02    -0.40554E-01    -0.56251E-02
     0.20054E+02    -0.20507E-02    -0.43088E-01    -0.88150E-02
     0.20104E+02    -0.16631E-02    -0.45869E-01    -0.11375E-01
     0.20154E+02    -0.12803E-02    -0.48959E-01    -0.13303E-01
     0.20204E+02    -0.92984E-03    -0.52306E-01    -0.14766E-01
     0.20253E+02    -0.59423E-03    -0.55847E-01    -0.15657E-01
     0.20303E+02    -0.24978E-03    -0.59560E-01    -0.16102E-01
     0.20353E+02     0.11276E-03    -0.63605E-01    -0.16360E-01
     0.20403E+02     0.51020E-03    -0.68153E-01    -0.16121E-01
     0.20453E+02     0.92975E-03    -0.72730E-01    -0.15762E-01
     0.20503E+02     0.13624E-02    -0.76040E-01    -0.15800E-01
     0.20553E+02     0.18002E-02    -0.78201E-01    -0.16093E-01
     0.20603E+02     0.22871E-02    -0.81516E-01    -0.16328E-01
     0.20653E+02     0.28686E-02    -0.84670E-01    -0.16032E-01
     0.20703E+02     0.35124E-02    -0.87563E-01    -0.15485E-01
     0.20753E+02     0.41646E-02    -0.90532E-01    -0.14898E-01
     0.20803E+02     0.47789E-02    -0.94482E-01    -0.15805E-01
     0.20853E+02     0.53295E-02    -0.99909E-01    -0.18936E-01
     0.20903E+02     0.58444E-02    -0.10632E+00    -0.23940E-01
     0.20952E+02     0.63702E-02    -0.11326E+00    -0.30355E-01
     0.21002E+02     0.70689E-02    -0.12032E+00    -0.36742E-01
     0.21052E+02     0.80169E-02    -0.12655E+00    -0.42321E-01
     0.21102E+02     0.91628E-02    -0.13138E+00    -0.47420E-01
     0.21152E+02     0.10437E-01    -0.13524E+00    -0.52897E-01
     0.21202E+02     0.11807E-01    -0.13929E+00    -0.59207E-01
     0.21251E+02     0.13282E-01    -0.14481E+00    -0.66321E-01
     0.21301E+02     0.14881E-01    -0.15219E+00    -0.73964E-01
     0.21351E+02     0.16635E-01    -0.16103E+00    -0.81438E-01
     0.21400E+02     0.18523E-01    -0.17130E+00    -0.87534E-01
     0.21450E+02     0.20514E-01    -0.18323E+00    -0.91041E-01
     0.21512E+02     0.23082E-01    -0.20037E+00    -0.91621E-01
     0.21562E+02     0.24961E-01    -0.21549E+00    -0.90680E-01
     0.21611E+02     0.26525E-01    -0.23095E+00    -0.89465E-01
     0.21661E+02     0.27754E-01    -0.24624E+00    -0.88732E-01
     0.21711E+02     0.28808E-01    -0.26367E+00    -0.87188E-01
     0.21760E+02     0.29818E-01    -0.28105E+00    -0.82932E-01
     0.21810E+02     0.30808E-01    -0.29639E+00    -0.74482E-01
     0.21860E+02     0.31793E-01    -0.30876E+00    -0.62552E-01
     0.21909E+02     0.32746E-01    -0.31767E+00    -0.47781E-01
     0.21959E+02     0.33640E-01    -0.32368E+00    -0.30255E-01
     0.22009E+02     0.34427E-01    -0.32770E+00    -0.10351E-01
     0.22058E+02     0.34872E-01    -0.32849E+00     0.10185E-01
     0.22108E+02     0.35026E-01    -0.32689E+00     0.29179E-01
     0.22158E+02     0.34949E-01    -0.32346E+00     0.47526E-01
     0.22207E+02     0.34606E-01    -0.31894E+00     0.66178E-01
     0.22257E+02     0.34041E-01    -0.31398E+00     0.84339E-01
     0.22307E+02     0.33247E-01    -0.30885E+00     0.10104E+00
     0.22356E+02     0.32119E-01    -0.30253E+00     0.11565E+00
     0.22406E+02     0.30651E-01    -0.29466E+00     0.12789E+00
     0.22456E+02     0.28956E-01    -0.28550E+00     0.13814E+00
     0.22506E+02     0.27161E-01    -0.27507E+00     0.14707E+00
     0.22556E+02     0.25347E-01    -0.26305E+00     0.15479E+00
     0.22605E+02     0.23455E-01    -0.25055E+00     0.16178E+00
     0.22655E+02     0.21386E-01    -0.23774E+00     0.16674E+00
     0.22705E+02     0.19126E-01    -0.22601E+00     0.16904E+00
     0.22755E+02     0.16653E-01    -0.21513E+00     0.16806E+00
     0.22805E+02     0.14008E-01    -0.20426E+00     0.16297E+00
     0.22855E+02     0.11346E-01    -0.19245E+00     0.15462E+00
     0.22905E+02     0.88796E-02    -0.17830E+00     0.14523E+00
     0.22955E+02     0.66647E-02    -0.16073E+00     0.13601E+00
     0.23005E+02     0.47053E-02    -0.13924E+00     0.12714E+00
     0.23055E+02     0.30231E-02    -0.11529E+00     0.11888E+00
     0.23106E+02     0.16187E-02    -0.90969E-01     0.11044E+00
     0.23156E+02     0.34601E-03    -0.65935E-01     0.99963E-01
     0.23206E+02    -0.81179E-03    -0.42923E-01     0.86860E-01
     0.23256E+02    -0.18256E-02    -0.24832E-01     0.71823E-01
     0.23306E+02    -0.26918E-02    -0.11435E-01     0.56018E-01
     0.23356E+02    -0.34069E-02    -0.16403E-02     0.40630E-01
     0.23407E+02    -0.39563E-02     0.52582E-02     0.26547E-01
     0.23457E+02    -0.43730E-02     0.10083E-01     0.14238E-01
     0.23507E+02    -0.46786E-02     0.13311E-01     0.35656E-02
     0.23557E+02    -0.48196E-02     0.15133E-01    -0.49472E-02
     0.23608E+02    -0.48174E-02     0.16023E-01    -0.11727E-01
     0.23658E+02    -0.47507E-02     0.16098E-01    -0.17553E-01
     0.23708E+02    -0.46081E-02     0.15221E-01    -0.22629E-01
     0.23758E+02    -0.44116E-02     0.13392E-01    -0.26987E-01
     0.23809E+02    -0.41889E-02     0.10504E-01    -0.30707E-01
     0.23859E+02    -0.39414E-02     0.65463E-02    -0.33708E-01
     0.23909E+02    -0.36871E-02     0.19467E-02    -0.35946E-01
     0.23960E+02    -0.34334E-02    -0.27653E-02    -0.37451E-01
     0.24010E+02    -0.31735E-02    -0.72748E-02    -0.38309E-01
     0.24060E+02    -0.28892E-02    -0.11540E-01    -0.38613E-01
     0.24110E+02    -0.25683E-02    -0.15734E-01    -0.38241E-01
     0.24161E+02    -0.21920E-02    -0.20063E-01    -0.37011E-01
     0.24211E+02    -0.17600E-02    -0.24663E-01    -0.34799E-01
     0.24261E+02    -0.12540E-02    -0.29627E-01    -0.30783E-01
     0.24311E+02    -0.75890E-03    -0.33887E-01    -0.24795E-01
     0.24362E+02    -0.41817E-03    -0.35758E-01    -0.17607E-01
     0.24412E+02    -0.25337E-03    -0.35788E-01    -0.10127E-01
     0.24462E+02    -0.22390E-03    -0.34224E-01    -0.30631E-02
     0.24512E+02    -0.33231E-03    -0.31105E-01     0.33061E-02
     0.24563E+02    -0.56966E-03    -0.27359E-01     0.93801E-02
     0.24600E+02    -0.78524E-03    -0.24326E-01     0.13792E-01
     0.24650E+02    -0.10695E-02    -0.20591E-01     0.19728E-01
     0.24701E+02    -0.13496E-02    -0.17681E-01     0.25717E-01
     0.24751E+02    -0.16636E-02    -0.15248E-01     0.31401E-01
     0.24801E+02    -0.20649E-02    -0.12949E-01     0.36036E-01
     0.24851E+02    -0.25555E-02    -0.10672E-01     0.39394E-01
     0.24901E+02    -0.30973E-02    -0.86539E-02     0.41979E-01
     0.24952E+02    -0.36634E-02    -0.70270E-02     0.44046E-01
     0.25002E+02    -0.42267E-02    -0.55788E-02     0.46163E-01
