     0.12475E-01     0.14120E-12     0.85053E-12    -0.21580E-15
     0.50017E-01     0.13532E-12     0.92345E-12    -0.34157E-15
     0.10007E+00     0.12662E-12     0.10055E-11    -0.73756E-15
     0.15012E+00     0.11706E-12     0.10692E-11    -0.15197E-14
     0.20016E+00     0.10712E-12     0.11180E-11    -0.28162E-14
     0.25019E+00     0.96936E-13     0.11510E-11    -0.41065E-14
     0.30021E+00     0.86145E-13     0.11634E-11    -0.44576E-14
     0.35023E+00     0.74773E-13     0.11570E-11    -0.35047E-14
     0.40024E+00     0.63058E-13     0.11282E-11    -0.10669E-14
     0.45026E+00     0.51039E-13     0.10787E-11     0.23468E-14
     0.50027E+00     0.38888E-13     0.10114E-11     0.57219E-14
     0.55028E+00     0.26968E-13     0.93039E-12     0.68888E-14
     0.60029E+00     0.15717E-13     0.84040E-12     0.48375E-14
     0.65031E+00     0.54217E-14     0.74611E-12    -0.62655E-15
     0.70033E+00    -0.32856E-14     0.64959E-12    -0.10332E-13
     0.75035E+00    -0.10244E-13     0.55312E-12    -0.25373E-13
     0.80037E+00    -0.15469E-13     0.45762E-12    -0.43725E-13
     0.85039E+00    -0.19040E-13     0.36309E-12    -0.61958E-13
     0.90041E+00    -0.21286E-13     0.26773E-12    -0.76905E-13
     0.95043E+00    -0.22415E-13     0.17319E-12    -0.85627E-13
     0.10005E+01    -0.22425E-13     0.83043E-13    -0.87083E-13
     0.10505E+01    -0.21432E-13    -0.10563E-15    -0.82052E-13
     0.11005E+01    -0.19366E-13    -0.74957E-13    -0.73297E-13
     0.11505E+01    -0.16715E-13    -0.14381E-12    -0.62906E-13
     0.12006E+01    -0.14006E-13    -0.21111E-12    -0.54084E-13
     0.12506E+01    -0.10659E-13    -0.27911E-12    -0.50305E-13
     0.13006E+01    -0.66441E-14    -0.34513E-12    -0.51878E-13
     0.13506E+01    -0.16288E-14    -0.40841E-12    -0.56895E-13
     0.14007E+01     0.44368E-14    -0.46677E-12    -0.63050E-13
     0.14507E+01     0.11476E-13    -0.51965E-12    -0.68649E-13
     0.15007E+01     0.19454E-13    -0.56753E-12    -0.73235E-13
     0.15507E+01     0.28294E-13    -0.61129E-12    -0.77871E-13
     0.16008E+01     0.37989E-13    -0.65183E-12    -0.84037E-13
     0.16508E+01     0.48593E-13    -0.69029E-12    -0.92482E-13
     0.17008E+01     0.60145E-13    -0.72794E-12    -0.10312E-12
     0.17508E+01     0.72690E-13    -0.76607E-12    -0.11528E-12
     0.18009E+01     0.86250E-13    -0.80562E-12    -0.12812E-12
     0.18509E+01     0.10082E-12    -0.84747E-12    -0.14096E-12
     0.19009E+01     0.11642E-12    -0.89269E-12    -0.15344E-12
     0.19509E+01     0.13313E-12    -0.94251E-12    -0.16598E-12
     0.20010E+01     0.15108E-12    -0.99830E-12    -0.17988E-12
     0.20510E+01     0.17048E-12    -0.10617E-11    -0.19648E-12
     0.21010E+01     0.19154E-12    -0.11345E-11    -0.21656E-12
     0.21510E+01     0.21454E-12    -0.12194E-11    -0.24030E-12
     0.22010E+01     0.23975E-12    -0.13190E-11    -0.26747E-12
     0.22511E+01     0.26749E-12    -0.14360E-11    -0.29774E-12
     0.23011E+01     0.29809E-12    -0.15731E-11    -0.33117E-12
     0.23511E+01     0.33192E-12    -0.17325E-11    -0.36837E-12
     0.24011E+01     0.36942E-12    -0.19167E-11    -0.41047E-12
     0.24512E+01     0.41112E-12    -0.21286E-11    -0.45882E-12
     0.25012E+01     0.45766E-12    -0.23720E-11    -0.51475E-12
     0.25512E+01     0.50977E-12    -0.26515E-11    -0.57938E-12
     0.26012E+01     0.56829E-12    -0.29727E-11    -0.65359E-12
     0.26513E+01     0.63421E-12    -0.33421E-11    -0.73814E-12
     0.27013E+01     0.70861E-12    -0.37671E-11    -0.83390E-12
     0.27513E+01     0.79274E-12    -0.42559E-11    -0.94211E-12
     0.28013E+01     0.88802E-12    -0.48177E-11    -0.10645E-11
     0.28514E+01     0.99605E-12    -0.54627E-11    -0.12035E-11
     0.29014E+01     0.11187E-11    -0.62026E-11    -0.13619E-11
     0.29514E+01     0.12580E-11    -0.70512E-11    -0.15432E-11
     0.30014E+01     0.14165E-11    -0.80246E-11    -0.17508E-11
     0.30514E+01     0.15970E-11    -0.91416E-11    -0.19887E-11
     0.31015E+01     0.18028E-11    -0.10425E-10    -0.22614E-11
     0.31515E+01     0.20378E-11    -0.11900E-10    -0.25738E-11
     0.32015E+01     0.23062E-11    -0.13597E-10    -0.29320E-11
     0.32515E+01     0.26133E-11    -0.15550E-10    -0.33431E-11
     0.33016E+01     0.29649E-11    -0.17800E-10    -0.38154E-11
     0.33516E+01     0.33676E-11    -0.20392E-10    -0.43585E-11
     0.34016E+01     0.38292E-11    -0.23378E-10    -0.49835E-11
     0.34516E+01     0.43587E-11    -0.26818E-10    -0.57030E-11
     0.35017E+01     0.49664E-11    -0.30783E-10    -0.65314E-11
     0.35517E+01     0.56641E-11    -0.35352E-10    -0.74854E-11
     0.36017E+01     0.64656E-11    -0.40621E-10    -0.85843E-11
     0.36517E+01     0.73869E-11    -0.46695E-10    -0.98502E-11
     0.37017E+01     0.84462E-11    -0.53700E-10    -0.11309E-10
     0.37518E+01     0.96646E-11    -0.61779E-10    -0.12989E-10
     0.38018E+01     0.11067E-10    -0.71098E-10    -0.14927E-10
     0.38518E+01     0.12681E-10    -0.81849E-10    -0.17161E-10
     0.39018E+01     0.14539E-10    -0.94254E-10    -0.19738E-10
     0.39519E+01     0.16680E-10    -0.10857E-09    -0.22712E-10
     0.40019E+01     0.19146E-10    -0.12510E-09    -0.26145E-10
     0.40519E+01     0.21989E-10    -0.14417E-09    -0.30106E-10
     0.41019E+01     0.25267E-10    -0.16619E-09    -0.34678E-10
     0.41520E+01     0.29045E-10    -0.19162E-09    -0.39956E-10
     0.42020E+01     0.33402E-10    -0.22097E-09    -0.46046E-10
     0.42520E+01     0.38428E-10    -0.25487E-09    -0.53077E-10
     0.43020E+01     0.44225E-10    -0.29400E-09    -0.61192E-10
     0.43521E+01     0.50912E-10    -0.33920E-09    -0.70561E-10
     0.44021E+01     0.58628E-10    -0.39138E-09    -0.81376E-10
     0.44521E+01     0.67532E-10    -0.45164E-09    -0.93862E-10
     0.45021E+01     0.77806E-10    -0.52122E-09    -0.10828E-09
     0.45522E+01     0.89664E-10    -0.60157E-09    -0.12492E-09
     0.46022E+01     0.10335E-09    -0.69434E-09    -0.14414E-09
     0.46522E+01     0.11914E-09    -0.80146E-09    -0.16633E-09
     0.47022E+01     0.13738E-09    -0.92514E-09    -0.19195E-09
     0.47523E+01     0.15842E-09    -0.10679E-08    -0.22153E-09
     0.48023E+01     0.18272E-09    -0.12328E-08    -0.25568E-09
     0.48523E+01     0.21076E-09    -0.14232E-08    -0.29510E-09
     0.49023E+01     0.24313E-09    -0.16430E-08    -0.34061E-09
     0.49524E+01     0.28050E-09    -0.18967E-08    -0.39316E-09
     0.50024E+01     0.32364E-09    -0.21897E-08    -0.45381E-09
     0.50524E+01     0.37343E-09    -0.25278E-08    -0.52383E-09
     0.51024E+01     0.43092E-09    -0.29182E-08    -0.60466E-09
     0.51525E+01     0.49728E-09    -0.33689E-08    -0.69797E-09
     0.52025E+01     0.57388E-09    -0.38891E-08    -0.80568E-09
     0.52525E+01     0.66230E-09    -0.44895E-08    -0.93001E-09
     0.53025E+01     0.76437E-09    -0.51826E-08    -0.10735E-08
     0.53526E+01     0.88219E-09    -0.59826E-08    -0.12392E-08
     0.54026E+01     0.10182E-08    -0.69060E-08    -0.14304E-08
     0.54526E+01     0.11752E-08    -0.79718E-08    -0.16511E-08
     0.55027E+01     0.13564E-08    -0.92019E-08    -0.19058E-08
     0.55527E+01     0.15655E-08    -0.10622E-07    -0.21997E-08
     0.56027E+01     0.18070E-08    -0.12260E-07    -0.25390E-08
     0.56527E+01     0.20856E-08    -0.14151E-07    -0.29306E-08
     0.57028E+01     0.24072E-08    -0.16334E-07    -0.33826E-08
     0.57528E+01     0.27784E-08    -0.18853E-07    -0.39042E-08
     0.58028E+01     0.32069E-08    -0.21760E-07    -0.45062E-08
     0.58529E+01     0.37014E-08    -0.25115E-07    -0.52010E-08
     0.59029E+01     0.42721E-08    -0.28987E-07    -0.60028E-08
     0.59529E+01     0.49308E-08    -0.33455E-07    -0.69282E-08
     0.60030E+01     0.56910E-08    -0.38612E-07    -0.79962E-08
     0.60530E+01     0.65684E-08    -0.44563E-07    -0.92286E-08
     0.61030E+01     0.75810E-08    -0.51431E-07    -0.10651E-07
     0.61530E+01     0.87497E-08    -0.59357E-07    -0.12293E-07
     0.62031E+01     0.10098E-07    -0.68504E-07    -0.14187E-07
     0.62531E+01     0.11655E-07    -0.79060E-07    -0.16373E-07
     0.63031E+01     0.13451E-07    -0.91241E-07    -0.18896E-07
     0.63532E+01     0.15524E-07    -0.10530E-06    -0.21807E-07
     0.64032E+01     0.17917E-07    -0.12152E-06    -0.25167E-07
     0.64532E+01     0.20677E-07    -0.14024E-06    -0.29044E-07
     0.65032E+01     0.23863E-07    -0.16184E-06    -0.33517E-07
     0.65532E+01     0.27538E-07    -0.18676E-06    -0.38678E-07
     0.66032E+01     0.31778E-07    -0.21550E-06    -0.44632E-07
     0.66532E+01     0.36668E-07    -0.24866E-06    -0.51499E-07
     0.67031E+01     0.42307E-07    -0.28689E-06    -0.59417E-07
     0.67530E+01     0.48809E-07    -0.33097E-06    -0.68547E-07
     0.68029E+01     0.56304E-07    -0.38178E-06    -0.79071E-07
     0.68528E+01     0.64944E-07    -0.44036E-06    -0.91203E-07
     0.69026E+01     0.74904E-07    -0.50788E-06    -0.10519E-06
     0.69524E+01     0.86384E-07    -0.58570E-06    -0.12131E-06
     0.70021E+01     0.99615E-07    -0.67540E-06    -0.13988E-06
     0.70519E+01     0.11486E-06    -0.77877E-06    -0.16130E-06
     0.71016E+01     0.13244E-06    -0.89790E-06    -0.18597E-06
     0.71513E+01     0.15269E-06    -0.10352E-05    -0.21440E-06
     0.72010E+01     0.17602E-06    -0.11934E-05    -0.24717E-06
     0.72506E+01     0.20291E-06    -0.13756E-05    -0.28491E-06
     0.73002E+01     0.23389E-06    -0.15856E-05    -0.32841E-06
     0.73622E+01     0.27933E-06    -0.18936E-05    -0.39220E-06
     0.74118E+01     0.32194E-06    -0.21824E-05    -0.45201E-06
     0.74614E+01     0.37102E-06    -0.25151E-05    -0.52092E-06
     0.75109E+01     0.42758E-06    -0.28984E-05    -0.60031E-06
     0.75605E+01     0.49273E-06    -0.33399E-05    -0.69177E-06
     0.76100E+01     0.56779E-06    -0.38486E-05    -0.79713E-06
     0.76595E+01     0.65426E-06    -0.44345E-05    -0.91850E-06
     0.77090E+01     0.75388E-06    -0.51096E-05    -0.10583E-05
     0.77585E+01     0.86864E-06    -0.58873E-05    -0.12194E-05
     0.78081E+01     0.10009E-05    -0.67831E-05    -0.14050E-05
     0.78576E+01     0.11532E-05    -0.78152E-05    -0.16187E-05
     0.79071E+01     0.13287E-05    -0.90040E-05    -0.18650E-05
     0.79566E+01     0.15309E-05    -0.10374E-04    -0.21487E-05
     0.80061E+01     0.17639E-05    -0.11952E-04    -0.24756E-05
     0.80556E+01     0.20323E-05    -0.13770E-04    -0.28522E-05
     0.81051E+01     0.23416E-05    -0.15864E-04    -0.32861E-05
     0.81546E+01     0.26980E-05    -0.18278E-04    -0.37860E-05
     0.82042E+01     0.31087E-05    -0.21058E-04    -0.43620E-05
     0.82537E+01     0.35819E-05    -0.24262E-04    -0.50258E-05
     0.83033E+01     0.41274E-05    -0.27954E-04    -0.57906E-05
     0.83529E+01     0.47560E-05    -0.32209E-04    -0.66721E-05
     0.84025E+01     0.54807E-05    -0.37112E-04    -0.76880E-05
     0.84521E+01     0.63160E-05    -0.42763E-04    -0.88589E-05
     0.85018E+01     0.72789E-05    -0.49277E-04    -0.10209E-04
     0.85515E+01     0.83891E-05    -0.56785E-04    -0.11765E-04
     0.86012E+01     0.96692E-05    -0.65441E-04    -0.13558E-04
     0.86509E+01     0.11145E-04    -0.75419E-04    -0.15626E-04
     0.87007E+01     0.12848E-04    -0.86925E-04    -0.18011E-04
     0.87505E+01     0.14811E-04    -0.10019E-03    -0.20761E-04
     0.88004E+01     0.17076E-04    -0.11549E-03    -0.23933E-04
     0.88503E+01     0.19689E-04    -0.13313E-03    -0.27591E-04
     0.89002E+01     0.22703E-04    -0.15348E-03    -0.31811E-04
     0.89502E+01     0.26182E-04    -0.17695E-03    -0.36680E-04
     0.90002E+01     0.30196E-04    -0.20403E-03    -0.42298E-04
     0.90502E+01     0.34827E-04    -0.23526E-03    -0.48778E-04
     0.91003E+01     0.40166E-04    -0.27125E-03    -0.56249E-04
     0.91503E+01     0.46322E-04    -0.31273E-03    -0.64861E-04
     0.92004E+01     0.53420E-04    -0.36053E-03    -0.74790E-04
     0.92504E+01     0.61604E-04    -0.41561E-03    -0.86236E-04
     0.93005E+01     0.71038E-04    -0.47908E-03    -0.99431E-04
     0.93505E+01     0.81914E-04    -0.55220E-03    -0.11464E-03
     0.94006E+01     0.94452E-04    -0.63644E-03    -0.13218E-03
     0.94506E+01     0.10891E-03    -0.73347E-03    -0.15239E-03
     0.95007E+01     0.12557E-03    -0.84525E-03    -0.17569E-03
     0.95507E+01     0.14477E-03    -0.97398E-03    -0.20255E-03
     0.96008E+01     0.16691E-03    -0.11222E-02    -0.23352E-03
     0.96508E+01     0.19242E-03    -0.12929E-02    -0.26923E-03
     0.97009E+01     0.22184E-03    -0.14895E-02    -0.31041E-03
     0.97510E+01     0.25574E-03    -0.17158E-02    -0.35788E-03
     0.98010E+01     0.29482E-03    -0.19763E-02    -0.41264E-03
     0.98511E+01     0.33987E-03    -0.22760E-02    -0.47580E-03
     0.99011E+01     0.39181E-03    -0.26210E-02    -0.54867E-03
     0.99512E+01     0.45168E-03    -0.30179E-02    -0.63274E-03
     0.10001E+02     0.52071E-03    -0.34744E-02    -0.72978E-03
     0.10051E+02     0.60030E-03    -0.39994E-02    -0.84181E-03
     0.10101E+02     0.69207E-03    -0.46030E-02    -0.97117E-03
     0.10151E+02     0.79790E-03    -0.52967E-02    -0.11206E-02
     0.10201E+02     0.91997E-03    -0.60937E-02    -0.12933E-02
     0.10251E+02     0.10608E-02    -0.70089E-02    -0.14930E-02
     0.10302E+02     0.12232E-02    -0.80594E-02    -0.17239E-02
     0.10352E+02     0.14107E-02    -0.92643E-02    -0.19912E-02
     0.10402E+02     0.16271E-02    -0.10645E-01    -0.23007E-02
     0.10452E+02     0.18769E-02    -0.12227E-01    -0.26592E-02
     0.10502E+02     0.21653E-02    -0.14036E-01    -0.30749E-02
     0.10552E+02     0.24985E-02    -0.16102E-01    -0.35572E-02
     0.10602E+02     0.28836E-02    -0.18459E-01    -0.41172E-02
     0.10652E+02     0.33286E-02    -0.21140E-01    -0.47661E-02
     0.10702E+02     0.38427E-02    -0.24187E-01    -0.55139E-02
     0.10752E+02     0.44362E-02    -0.27641E-01    -0.63704E-02
     0.10802E+02     0.51209E-02    -0.31546E-01    -0.73499E-02
     0.10852E+02     0.59107E-02    -0.35943E-01    -0.84763E-02
     0.10902E+02     0.68224E-02    -0.40864E-01    -0.97819E-02
     0.10952E+02     0.78745E-02    -0.46333E-01    -0.11303E-01
     0.11002E+02     0.90894E-02    -0.52350E-01    -0.13075E-01
     0.11052E+02     0.10498E-01    -0.58854E-01    -0.15106E-01
     0.11103E+02     0.12116E-01    -0.65859E-01    -0.17324E-01
     0.11153E+02     0.13943E-01    -0.73541E-01    -0.19658E-01
     0.11203E+02     0.15959E-01    -0.82156E-01    -0.22164E-01
     0.11253E+02     0.18153E-01    -0.91795E-01    -0.25070E-01
     0.11303E+02     0.20529E-01    -0.10210E+00    -0.28635E-01
     0.11353E+02     0.23110E-01    -0.11252E+00    -0.32816E-01
     0.11403E+02     0.25881E-01    -0.12164E+00    -0.37309E-01
     0.11453E+02     0.28799E-01    -0.12839E+00    -0.41938E-01
     0.11503E+02     0.32203E-01    -0.13170E+00    -0.47341E-01
     0.11553E+02     0.36542E-01    -0.12796E+00    -0.57480E-01
     0.11603E+02     0.41883E-01    -0.11414E+00    -0.72291E-01
     0.11653E+02     0.46966E-01    -0.90956E-01    -0.72618E-01
     0.11703E+02     0.50644E-01    -0.68554E-01    -0.50307E-01
     0.11753E+02     0.52078E-01    -0.48225E-01    -0.16386E-01
     0.11803E+02     0.51310E-01    -0.28578E-01     0.88597E-02
     0.11854E+02     0.49073E-01    -0.85514E-02     0.19066E-01
     0.11904E+02     0.45876E-01     0.12443E-01     0.23111E-01
     0.11954E+02     0.42447E-01     0.33508E-01     0.23565E-01
     0.12004E+02     0.39239E-01     0.53071E-01     0.23844E-01
     0.12054E+02     0.36173E-01     0.70622E-01     0.24041E-01
     0.12104E+02     0.33176E-01     0.87124E-01     0.23631E-01
     0.12154E+02     0.30224E-01     0.10102E+00     0.23429E-01
     0.12204E+02     0.27373E-01     0.11473E+00     0.23438E-01
     0.12254E+02     0.24686E-01     0.12901E+00     0.24067E-01
     0.12304E+02     0.22200E-01     0.14420E+00     0.25000E-01
     0.12354E+02     0.19937E-01     0.16060E+00     0.25792E-01
     0.12404E+02     0.17954E-01     0.17874E+00     0.26261E-01
     0.12454E+02     0.16344E-01     0.19970E+00     0.26245E-01
     0.12504E+02     0.15044E-01     0.22371E+00     0.25829E-01
     0.12555E+02     0.14139E-01     0.25198E+00     0.25732E-01
     0.12605E+02     0.13351E-01     0.28194E+00     0.26194E-01
     0.12655E+02     0.11830E-01     0.30556E+00     0.26517E-01
     0.12705E+02     0.96080E-02     0.31603E+00     0.24773E-01
     0.12755E+02     0.51403E-02     0.29831E+00     0.20644E-01
     0.12805E+02    -0.63225E-03     0.25552E+00     0.14186E-01
     0.12855E+02    -0.58492E-02     0.20506E+00     0.66038E-02
     0.12905E+02    -0.98049E-02     0.15825E+00     0.13142E-02
     0.12955E+02    -0.12699E-01     0.11937E+00    -0.99918E-03
     0.13005E+02    -0.14827E-01     0.87277E-01    -0.16866E-02
     0.13055E+02    -0.16440E-01     0.60283E-01    -0.56933E-03
     0.13105E+02    -0.17658E-01     0.37777E-01     0.16764E-02
     0.13155E+02    -0.18563E-01     0.17835E-01     0.40138E-02
     0.13206E+02    -0.18958E-01     0.31168E-02     0.60039E-02
     0.13256E+02    -0.19045E-01    -0.95681E-02     0.71798E-02
     0.13306E+02    -0.18762E-01    -0.19667E-01     0.74032E-02
     0.13356E+02    -0.18265E-01    -0.29555E-01     0.70040E-02
     0.13406E+02    -0.17615E-01    -0.38005E-01     0.49055E-02
     0.13456E+02    -0.16844E-01    -0.46257E-01     0.17870E-02
     0.13506E+02    -0.15971E-01    -0.53922E-01    -0.17819E-02
     0.13556E+02    -0.15006E-01    -0.60520E-01    -0.56724E-02
     0.13606E+02    -0.13962E-01    -0.65698E-01    -0.93460E-02
     0.13656E+02    -0.12827E-01    -0.69380E-01    -0.12633E-01
     0.13706E+02    -0.11609E-01    -0.71450E-01    -0.15513E-01
     0.13757E+02    -0.10314E-01    -0.71146E-01    -0.17679E-01
     0.13807E+02    -0.90337E-02    -0.69634E-01    -0.18989E-01
     0.13857E+02    -0.77996E-02    -0.65968E-01    -0.18939E-01
     0.13907E+02    -0.65794E-02    -0.60370E-01    -0.18181E-01
     0.13957E+02    -0.54416E-02    -0.53578E-01    -0.16559E-01
     0.14007E+02    -0.43982E-02    -0.46855E-01    -0.12939E-01
     0.14058E+02    -0.34785E-02    -0.41133E-01    -0.80403E-02
     0.14108E+02    -0.27335E-02    -0.37187E-01    -0.30119E-02
     0.14158E+02    -0.21939E-02    -0.35062E-01     0.45600E-03
     0.14209E+02    -0.17668E-02    -0.34261E-01     0.21619E-02
     0.14259E+02    -0.14320E-02    -0.34302E-01     0.21636E-02
     0.14310E+02    -0.11388E-02    -0.35168E-01     0.80244E-03
     0.14360E+02    -0.81693E-03    -0.36099E-01    -0.12405E-02
     0.14411E+02    -0.38917E-03    -0.36184E-01    -0.33111E-02
     0.14462E+02     0.22886E-03    -0.35072E-01    -0.45522E-02
     0.14500E+02     0.83910E-03    -0.32766E-01    -0.44547E-02
     0.14551E+02     0.18210E-02    -0.28589E-01    -0.34560E-02
     0.14602E+02     0.28548E-02    -0.23530E-01    -0.13308E-02
     0.14653E+02     0.37377E-02    -0.19162E-01     0.65339E-03
     0.14704E+02     0.44027E-02    -0.15985E-01     0.19754E-02
     0.14755E+02     0.48148E-02    -0.13790E-01     0.24448E-02
     0.14806E+02     0.50392E-02    -0.11973E-01     0.20657E-02
     0.14857E+02     0.51829E-02    -0.93240E-02     0.11757E-02
     0.14908E+02     0.52868E-02    -0.63474E-02     0.51598E-03
     0.14959E+02     0.53564E-02    -0.28620E-02     0.27655E-03
     0.15011E+02     0.53904E-02     0.11392E-02     0.56509E-03
     0.15062E+02     0.53843E-02     0.55408E-02     0.15670E-02
     0.15113E+02     0.53414E-02     0.10362E-01     0.27890E-02
     0.15151E+02     0.52523E-02     0.14054E-01     0.36767E-02
     0.15201E+02     0.50726E-02     0.18653E-01     0.46030E-02
     0.15252E+02     0.48174E-02     0.22640E-01     0.50890E-02
     0.15302E+02     0.45051E-02     0.25814E-01     0.49567E-02
     0.15353E+02     0.41305E-02     0.27989E-01     0.44808E-02
     0.15403E+02     0.37296E-02     0.29219E-01     0.40135E-02
     0.15453E+02     0.33759E-02     0.29737E-01     0.34762E-02
     0.15503E+02     0.30811E-02     0.29970E-01     0.27877E-02
     0.15554E+02     0.28437E-02     0.30110E-01     0.20070E-02
     0.15604E+02     0.26293E-02     0.30097E-01     0.11002E-02
     0.15654E+02     0.23939E-02     0.29700E-01    -0.37233E-04
     0.15704E+02     0.21221E-02     0.28513E-01    -0.11879E-02
     0.15754E+02     0.18010E-02     0.26707E-01    -0.23183E-02
     0.15804E+02     0.14319E-02     0.24800E-01    -0.31675E-02
     0.15855E+02     0.10729E-02     0.23243E-01    -0.33946E-02
     0.15905E+02     0.74311E-03     0.22341E-01    -0.30867E-02
     0.15955E+02     0.44753E-03     0.21916E-01    -0.23522E-02
     0.16005E+02     0.13298E-03     0.21781E-01    -0.13242E-02
     0.16055E+02    -0.20513E-03     0.21694E-01    -0.93965E-04
     0.16105E+02    -0.53144E-03     0.21459E-01     0.12573E-02
     0.16155E+02    -0.84381E-03     0.21041E-01     0.25063E-02
     0.16205E+02    -0.11375E-02     0.20300E-01     0.35993E-02
     0.16255E+02    -0.14114E-02     0.19023E-01     0.45836E-02
     0.16305E+02    -0.16462E-02     0.17386E-01     0.54549E-02
     0.16356E+02    -0.18547E-02     0.15315E-01     0.62543E-02
     0.16406E+02    -0.20417E-02     0.12768E-01     0.70577E-02
     0.16456E+02    -0.21963E-02     0.97820E-02     0.78030E-02
     0.16506E+02    -0.23128E-02     0.65747E-02     0.83345E-02
     0.16556E+02    -0.23756E-02     0.35355E-02     0.86991E-02
     0.16606E+02    -0.23810E-02     0.88792E-03     0.89700E-02
     0.16656E+02    -0.23383E-02    -0.11843E-02     0.91192E-02
     0.16706E+02    -0.22328E-02    -0.25895E-02     0.90626E-02
     0.16757E+02    -0.20846E-02    -0.33613E-02     0.84204E-02
     0.16807E+02    -0.19018E-02    -0.37317E-02     0.71104E-02
     0.16857E+02    -0.17023E-02    -0.39196E-02     0.52695E-02
     0.16907E+02    -0.14996E-02    -0.40900E-02     0.30051E-02
     0.16957E+02    -0.12990E-02    -0.43432E-02     0.45218E-03
     0.17008E+02    -0.11024E-02    -0.46392E-02    -0.23072E-02
     0.17058E+02    -0.90268E-03    -0.48193E-02    -0.50771E-02
     0.17108E+02    -0.70140E-03    -0.49498E-02    -0.76650E-02
     0.17158E+02    -0.50005E-03    -0.50728E-02    -0.99066E-02
     0.17208E+02    -0.30685E-03    -0.51008E-02    -0.11595E-01
     0.17259E+02    -0.15165E-03    -0.51180E-02    -0.12334E-01
     0.17309E+02    -0.38931E-04    -0.51864E-02    -0.12221E-01
     0.17359E+02     0.60232E-04    -0.51744E-02    -0.11471E-01
     0.17410E+02     0.14865E-03    -0.49470E-02    -0.10461E-01
     0.17460E+02     0.23595E-03    -0.44687E-02    -0.93252E-02
     0.17510E+02     0.31883E-03    -0.37599E-02    -0.81580E-02
     0.17560E+02     0.38371E-03    -0.28555E-02    -0.69769E-02
     0.17611E+02     0.41583E-03    -0.18424E-02    -0.57887E-02
     0.17661E+02     0.41795E-03    -0.79939E-03    -0.45508E-02
     0.17711E+02     0.39718E-03     0.22428E-03    -0.32536E-02
     0.17762E+02     0.36708E-03     0.12004E-02    -0.18378E-02
     0.17812E+02     0.35099E-03     0.22127E-02    -0.18964E-03
     0.17862E+02     0.37764E-03     0.33065E-02     0.17326E-02
     0.17900E+02     0.42626E-03     0.41503E-02     0.32814E-02
     0.17950E+02     0.50918E-03     0.51668E-02     0.53154E-02
     0.18001E+02     0.58896E-03     0.59782E-02     0.71478E-02
     0.18051E+02     0.65058E-03     0.64885E-02     0.85637E-02
     0.18101E+02     0.68660E-03     0.67118E-02     0.95624E-02
     0.18152E+02     0.68585E-03     0.67426E-02     0.99329E-02
     0.18202E+02     0.64339E-03     0.66075E-02     0.96231E-02
     0.18252E+02     0.56514E-03     0.62147E-02     0.85322E-02
     0.18302E+02     0.43077E-03     0.54882E-02     0.67640E-02
     0.18353E+02     0.26906E-03     0.46658E-02     0.43704E-02
     0.18403E+02     0.13597E-03     0.39661E-02     0.16842E-02
     0.18453E+02     0.66180E-04     0.35185E-02    -0.80031E-03
     0.18503E+02     0.60172E-04     0.30350E-02    -0.27601E-02
     0.18553E+02     0.80909E-04     0.23612E-02    -0.40207E-02
     0.18604E+02     0.11680E-03     0.13105E-02    -0.45945E-02
     0.18654E+02     0.17115E-03    -0.26655E-03    -0.46386E-02
     0.18704E+02     0.25796E-03    -0.23885E-02    -0.44773E-02
     0.18754E+02     0.38182E-03    -0.48708E-02    -0.41204E-02
     0.18804E+02     0.54181E-03    -0.75627E-02    -0.36480E-02
     0.18854E+02     0.74515E-03    -0.10356E-01    -0.31557E-02
     0.18905E+02     0.99168E-03    -0.13275E-01    -0.27197E-02
     0.18955E+02     0.12577E-02    -0.16392E-01    -0.23999E-02
     0.19005E+02     0.15734E-02    -0.19350E-01    -0.20404E-02
     0.19055E+02     0.20510E-02    -0.20558E-01    -0.14884E-02
     0.19105E+02     0.27199E-02    -0.20240E-01    -0.97572E-03
     0.19155E+02     0.35368E-02    -0.17623E-01    -0.53518E-03
     0.19205E+02     0.43970E-02    -0.14246E-01    -0.19586E-03
     0.19255E+02     0.51387E-02    -0.12939E-01     0.17451E-03
     0.19305E+02     0.56993E-02    -0.14400E-01     0.33081E-03
     0.19355E+02     0.60624E-02    -0.20004E-01    -0.13803E-03
     0.19405E+02     0.63087E-02    -0.29312E-01    -0.12475E-02
     0.19455E+02     0.65819E-02    -0.40642E-01    -0.21594E-02
     0.19505E+02     0.70652E-02    -0.52152E-01    -0.31224E-02
     0.19555E+02     0.78019E-02    -0.63101E-01    -0.45520E-02
     0.19605E+02     0.88057E-02    -0.73081E-01    -0.59273E-02
     0.19655E+02     0.10040E-01    -0.82072E-01    -0.65874E-02
     0.19705E+02     0.11467E-01    -0.90533E-01    -0.59976E-02
     0.19755E+02     0.13078E-01    -0.99032E-01    -0.45880E-02
     0.19805E+02     0.14801E-01    -0.10800E+00    -0.24928E-02
     0.19855E+02     0.16594E-01    -0.11789E+00    -0.47253E-03
     0.19905E+02     0.18423E-01    -0.12920E+00     0.97082E-03
     0.19954E+02     0.20327E-01    -0.14186E+00     0.17088E-02
     0.20004E+02     0.22311E-01    -0.15534E+00     0.19312E-02
     0.20054E+02     0.24356E-01    -0.16882E+00     0.16239E-02
     0.20104E+02     0.26484E-01    -0.18143E+00     0.93493E-03
     0.20154E+02     0.28691E-01    -0.19231E+00    -0.67873E-05
     0.20204E+02     0.31037E-01    -0.20022E+00    -0.10510E-02
     0.20253E+02     0.33540E-01    -0.20453E+00    -0.21226E-02
     0.20303E+02     0.36052E-01    -0.20523E+00    -0.27542E-02
     0.20353E+02     0.38321E-01    -0.20466E+00    -0.27389E-02
     0.20403E+02     0.40190E-01    -0.20162E+00    -0.10870E-02
     0.20453E+02     0.41553E-01    -0.19762E+00     0.80873E-03
     0.20503E+02     0.42429E-01    -0.19097E+00     0.25246E-02
     0.20553E+02     0.42925E-01    -0.18234E+00     0.33752E-02
     0.20603E+02     0.43305E-01    -0.17036E+00     0.30766E-02
     0.20653E+02     0.43722E-01    -0.15408E+00     0.19330E-02
     0.20703E+02     0.44080E-01    -0.13309E+00     0.92626E-03
     0.20753E+02     0.44254E-01    -0.10943E+00     0.99665E-03
     0.20803E+02     0.44157E-01    -0.85104E-01     0.20309E-02
     0.20853E+02     0.43726E-01    -0.60868E-01     0.36879E-02
     0.20903E+02     0.43006E-01    -0.35310E-01     0.52307E-02
     0.20952E+02     0.42090E-01    -0.83194E-02     0.60672E-02
     0.21002E+02     0.41077E-01     0.19893E-01     0.61513E-02
     0.21052E+02     0.40003E-01     0.48739E-01     0.60543E-02
     0.21102E+02     0.38818E-01     0.77748E-01     0.62178E-02
     0.21152E+02     0.37482E-01     0.10658E+00     0.69835E-02
     0.21202E+02     0.35966E-01     0.13484E+00     0.78156E-02
     0.21251E+02     0.34299E-01     0.16192E+00     0.82643E-02
     0.21301E+02     0.32587E-01     0.18944E+00     0.86119E-02
     0.21351E+02     0.30946E-01     0.21782E+00     0.89711E-02
     0.21400E+02     0.29339E-01     0.24671E+00     0.96001E-02
     0.21450E+02     0.27538E-01     0.27413E+00     0.10618E-01
     0.21512E+02     0.24704E-01     0.30332E+00     0.12326E-01
     0.21562E+02     0.22005E-01     0.32220E+00     0.13494E-01
     0.21611E+02     0.19280E-01     0.33986E+00     0.14041E-01
     0.21661E+02     0.16681E-01     0.35695E+00     0.14154E-01
     0.21711E+02     0.14118E-01     0.37214E+00     0.14118E-01
     0.21760E+02     0.11306E-01     0.38205E+00     0.14063E-01
     0.21810E+02     0.80080E-02     0.38388E+00     0.13717E-01
     0.21860E+02     0.42528E-02     0.37654E+00     0.13217E-01
     0.21909E+02     0.81296E-04     0.35804E+00     0.11942E-01
     0.21959E+02    -0.44301E-02     0.32691E+00     0.95822E-02
     0.22009E+02    -0.89069E-02     0.28578E+00     0.67907E-02
     0.22058E+02    -0.13136E-01     0.23567E+00     0.42891E-02
     0.22108E+02    -0.16821E-01     0.18120E+00     0.26972E-02
     0.22158E+02    -0.19344E-01     0.13334E+00     0.14797E-02
     0.22207E+02    -0.21053E-01     0.82382E-01     0.59149E-03
     0.22257E+02    -0.21962E-01     0.32361E-01    -0.40819E-03
     0.22307E+02    -0.22198E-01    -0.13858E-01    -0.13344E-02
     0.22356E+02    -0.22105E-01    -0.54723E-01    -0.23166E-02
     0.22406E+02    -0.21863E-01    -0.86891E-01    -0.28643E-02
     0.22456E+02    -0.21329E-01    -0.10929E+00    -0.26566E-02
     0.22506E+02    -0.20391E-01    -0.12093E+00    -0.21770E-02
     0.22556E+02    -0.19108E-01    -0.12188E+00    -0.15145E-02
     0.22605E+02    -0.17770E-01    -0.11977E+00    -0.10244E-02
     0.22655E+02    -0.16493E-01    -0.11334E+00    -0.98261E-04
     0.22705E+02    -0.15269E-01    -0.10580E+00     0.95727E-03
     0.22755E+02    -0.14082E-01    -0.98336E-01     0.23139E-02
     0.22805E+02    -0.13059E-01    -0.91783E-01     0.38953E-02
     0.22855E+02    -0.12176E-01    -0.85545E-01     0.57250E-02
     0.22905E+02    -0.11432E-01    -0.77936E-01     0.77137E-02
     0.22955E+02    -0.10784E-01    -0.68426E-01     0.97271E-02
     0.23005E+02    -0.10025E-01    -0.56044E-01     0.11513E-01
     0.23055E+02    -0.91633E-02    -0.41323E-01     0.13005E-01
     0.23106E+02    -0.83004E-02    -0.25945E-01     0.14178E-01
     0.23156E+02    -0.76659E-02    -0.12694E-01     0.15041E-01
     0.23206E+02    -0.73963E-02    -0.30194E-02     0.15609E-01
     0.23256E+02    -0.73398E-02     0.32576E-02     0.15838E-01
     0.23306E+02    -0.74572E-02     0.78318E-02     0.15707E-01
     0.23356E+02    -0.76215E-02     0.12040E-01     0.15564E-01
     0.23407E+02    -0.76132E-02     0.16538E-01     0.15383E-01
     0.23457E+02    -0.75651E-02     0.23001E-01     0.15179E-01
     0.23507E+02    -0.74654E-02     0.29487E-01     0.14839E-01
     0.23557E+02    -0.73172E-02     0.35039E-01     0.14444E-01
     0.23608E+02    -0.72920E-02     0.38905E-01     0.14434E-01
     0.23658E+02    -0.73623E-02     0.39922E-01     0.14858E-01
     0.23708E+02    -0.75258E-02     0.39090E-01     0.15369E-01
     0.23758E+02    -0.77591E-02     0.35949E-01     0.16148E-01
     0.23809E+02    -0.80110E-02     0.31024E-01     0.17032E-01
     0.23859E+02    -0.82306E-02     0.24595E-01     0.17715E-01
     0.23909E+02    -0.83978E-02     0.17481E-01     0.17844E-01
     0.23960E+02    -0.85118E-02     0.10041E-01     0.17592E-01
     0.24010E+02    -0.84936E-02     0.28911E-02     0.16685E-01
     0.24060E+02    -0.83781E-02    -0.40093E-02     0.15277E-01
     0.24110E+02    -0.81913E-02    -0.10426E-01     0.13487E-01
     0.24161E+02    -0.79331E-02    -0.16457E-01     0.11419E-01
     0.24211E+02    -0.76152E-02    -0.22068E-01     0.91401E-02
     0.24261E+02    -0.72434E-02    -0.26891E-01     0.67178E-02
     0.24311E+02    -0.68207E-02    -0.30489E-01     0.42223E-02
     0.24362E+02    -0.63585E-02    -0.32595E-01     0.18042E-02
     0.24412E+02    -0.58804E-02    -0.33219E-01    -0.32426E-03
     0.24462E+02    -0.54358E-02    -0.32916E-01    -0.21178E-02
     0.24512E+02    -0.50741E-02    -0.32261E-01    -0.34558E-02
     0.24563E+02    -0.48116E-02    -0.31469E-01    -0.46676E-02
     0.24600E+02    -0.46815E-02    -0.30775E-01    -0.59442E-02
     0.24650E+02    -0.45530E-02    -0.29381E-01    -0.84075E-02
     0.24701E+02    -0.44685E-02    -0.27383E-01    -0.11733E-01
     0.24751E+02    -0.44078E-02    -0.24611E-01    -0.15929E-01
     0.24801E+02    -0.43026E-02    -0.20589E-01    -0.20864E-01
     0.24851E+02    -0.40950E-02    -0.14849E-01    -0.26697E-01
     0.24901E+02    -0.37524E-02    -0.67443E-02    -0.33083E-01
     0.24952E+02    -0.33495E-02     0.33159E-02    -0.39178E-01
     0.25002E+02    -0.30880E-02     0.13163E-01    -0.44338E-01
