     0.12475E-01     0.18847E-08     0.11261E-07     0.18466E-10
     0.50017E-01     0.21344E-08     0.12445E-07     0.10058E-10
     0.10007E+00     0.25116E-08     0.14265E-07     0.97275E-11
     0.15012E+00     0.29672E-08     0.16366E-07     0.13530E-10
     0.20016E+00     0.34965E-08     0.18782E-07     0.19463E-10
     0.25019E+00     0.40870E-08     0.21546E-07     0.27116E-10
     0.30021E+00     0.47478E-08     0.24716E-07     0.34722E-10
     0.35023E+00     0.54949E-08     0.28365E-07     0.42093E-10
     0.40024E+00     0.63494E-08     0.32587E-07     0.49750E-10
     0.45026E+00     0.73335E-08     0.37483E-07     0.58608E-10
     0.50027E+00     0.84690E-08     0.43165E-07     0.69388E-10
     0.55028E+00     0.97772E-08     0.49751E-07     0.82224E-10
     0.60029E+00     0.11282E-07     0.57376E-07     0.97066E-10
     0.65031E+00     0.13012E-07     0.66193E-07     0.11370E-09
     0.70033E+00     0.15005E-07     0.76380E-07     0.13231E-09
     0.75035E+00     0.17304E-07     0.88146E-07     0.15331E-09
     0.80037E+00     0.19959E-07     0.10173E-06     0.17737E-09
     0.85039E+00     0.23025E-07     0.11742E-06     0.20517E-09
     0.90041E+00     0.26566E-07     0.13552E-06     0.23734E-09
     0.95043E+00     0.30653E-07     0.15641E-06     0.27437E-09
     0.10005E+01     0.35368E-07     0.18051E-06     0.31676E-09
     0.10505E+01     0.40809E-07     0.20832E-06     0.36534E-09
     0.11005E+01     0.47089E-07     0.24042E-06     0.42135E-09
     0.11505E+01     0.54337E-07     0.27745E-06     0.48621E-09
     0.12006E+01     0.62702E-07     0.32019E-06     0.56120E-09
     0.12506E+01     0.72355E-07     0.36951E-06     0.64766E-09
     0.13006E+01     0.83493E-07     0.42643E-06     0.74710E-09
     0.13506E+01     0.96346E-07     0.49212E-06     0.86147E-09
     0.14007E+01     0.11118E-06     0.56792E-06     0.99319E-09
     0.14507E+01     0.12830E-06     0.65539E-06     0.11452E-08
     0.15007E+01     0.14806E-06     0.75634E-06     0.13208E-08
     0.15507E+01     0.17087E-06     0.87283E-06     0.15237E-08
     0.16008E+01     0.19718E-06     0.10073E-05     0.17583E-08
     0.16508E+01     0.22755E-06     0.11624E-05     0.20288E-08
     0.17008E+01     0.26260E-06     0.13414E-05     0.23405E-08
     0.17508E+01     0.30304E-06     0.15480E-05     0.26997E-08
     0.18009E+01     0.34971E-06     0.17865E-05     0.31139E-08
     0.18509E+01     0.40357E-06     0.20616E-05     0.35924E-08
     0.19009E+01     0.46573E-06     0.23791E-05     0.41449E-08
     0.19509E+01     0.53747E-06     0.27455E-05     0.47831E-08
     0.20010E+01     0.62025E-06     0.31684E-05     0.55193E-08
     0.20510E+01     0.71578E-06     0.36563E-05     0.63686E-08
     0.21010E+01     0.82603E-06     0.42194E-05     0.73485E-08
     0.21510E+01     0.95325E-06     0.48692E-05     0.84790E-08
     0.22010E+01     0.11001E-05     0.56191E-05     0.97843E-08
     0.22511E+01     0.12695E-05     0.64845E-05     0.11291E-07
     0.23011E+01     0.14650E-05     0.74831E-05     0.13030E-07
     0.23511E+01     0.16907E-05     0.86354E-05     0.15036E-07
     0.24011E+01     0.19510E-05     0.99652E-05     0.17351E-07
     0.24512E+01     0.22515E-05     0.11500E-04     0.20023E-07
     0.25012E+01     0.25983E-05     0.13271E-04     0.23105E-07
     0.25512E+01     0.29984E-05     0.15314E-04     0.26662E-07
     0.26012E+01     0.34601E-05     0.17672E-04     0.30767E-07
     0.26513E+01     0.39929E-05     0.20393E-04     0.35505E-07
     0.27013E+01     0.46077E-05     0.23533E-04     0.40971E-07
     0.27513E+01     0.53172E-05     0.27156E-04     0.47279E-07
     0.28013E+01     0.61358E-05     0.31336E-04     0.54558E-07
     0.28514E+01     0.70804E-05     0.36160E-04     0.62956E-07
     0.29014E+01     0.81704E-05     0.41726E-04     0.72648E-07
     0.29514E+01     0.94280E-05     0.48148E-04     0.83827E-07
     0.30014E+01     0.10879E-04     0.55557E-04     0.96730E-07
     0.30514E+01     0.12553E-04     0.64105E-04     0.11162E-06
     0.31015E+01     0.14485E-04     0.73968E-04     0.12880E-06
     0.31515E+01     0.16714E-04     0.85346E-04     0.14862E-06
     0.32015E+01     0.19285E-04     0.98471E-04     0.17149E-06
     0.32515E+01     0.22251E-04     0.11361E-03     0.19788E-06
     0.33016E+01     0.25673E-04     0.13108E-03     0.22832E-06
     0.33516E+01     0.29620E-04     0.15122E-03     0.26345E-06
     0.34016E+01     0.34174E-04     0.17446E-03     0.30397E-06
     0.34516E+01     0.39425E-04     0.20125E-03     0.35070E-06
     0.35017E+01     0.45482E-04     0.23215E-03     0.40465E-06
     0.35517E+01     0.52467E-04     0.26779E-03     0.46687E-06
     0.36017E+01     0.60523E-04     0.30887E-03     0.53861E-06
     0.36517E+01     0.69811E-04     0.35623E-03     0.62139E-06
     0.37017E+01     0.80520E-04     0.41083E-03     0.71688E-06
     0.37518E+01     0.92866E-04     0.47376E-03     0.82696E-06
     0.38018E+01     0.10710E-03     0.54629E-03     0.95397E-06
     0.38518E+01     0.12350E-03     0.62986E-03     0.11004E-05
     0.39018E+01     0.14240E-03     0.72613E-03     0.12692E-05
     0.39519E+01     0.16419E-03     0.83704E-03     0.14639E-05
     0.40019E+01     0.18928E-03     0.96476E-03     0.16882E-05
     0.40519E+01     0.21818E-03     0.11118E-02     0.19467E-05
     0.41019E+01     0.25147E-03     0.12811E-02     0.22449E-05
     0.41520E+01     0.28980E-03     0.14759E-02     0.25883E-05
     0.42020E+01     0.33392E-03     0.17001E-02     0.29841E-05
     0.42520E+01     0.38470E-03     0.19579E-02     0.34400E-05
     0.43020E+01     0.44312E-03     0.22543E-02     0.39648E-05
     0.43521E+01     0.51032E-03     0.25950E-02     0.45697E-05
     0.44021E+01     0.58758E-03     0.29863E-02     0.52657E-05
     0.44521E+01     0.67637E-03     0.34356E-02     0.60668E-05
     0.45021E+01     0.77838E-03     0.39513E-02     0.69886E-05
     0.45522E+01     0.89552E-03     0.45427E-02     0.80490E-05
     0.46022E+01     0.10300E-02     0.52205E-02     0.92684E-05
     0.46522E+01     0.11842E-02     0.59967E-02     0.10670E-04
     0.47022E+01     0.13609E-02     0.68849E-02     0.12280E-04
     0.47523E+01     0.15633E-02     0.79000E-02     0.14129E-04
     0.48023E+01     0.17950E-02     0.90591E-02     0.16251E-04
     0.48523E+01     0.20598E-02     0.10381E-01     0.18686E-04
     0.49023E+01     0.23622E-02     0.11885E-01     0.21478E-04
     0.49524E+01     0.27070E-02     0.13596E-01     0.24674E-04
     0.50024E+01     0.30997E-02     0.15536E-01     0.28336E-04
     0.50524E+01     0.35462E-02     0.17732E-01     0.32521E-04
     0.51024E+01     0.40528E-02     0.20212E-01     0.37302E-04
     0.51525E+01     0.46263E-02     0.23004E-01     0.42759E-04
     0.52025E+01     0.52739E-02     0.26137E-01     0.48978E-04
     0.52525E+01     0.60032E-02     0.29640E-01     0.56053E-04
     0.53025E+01     0.68214E-02     0.33538E-01     0.64089E-04
     0.53526E+01     0.77359E-02     0.37854E-01     0.73196E-04
     0.54026E+01     0.87532E-02     0.42607E-01     0.83493E-04
     0.54526E+01     0.98790E-02     0.47805E-01     0.95120E-04
     0.55027E+01     0.11117E-01     0.53445E-01     0.10823E-03
     0.55527E+01     0.12469E-01     0.59513E-01     0.12295E-03
     0.56027E+01     0.13933E-01     0.65971E-01     0.13943E-03
     0.56527E+01     0.15503E-01     0.72765E-01     0.15782E-03
     0.57028E+01     0.17167E-01     0.79812E-01     0.17826E-03
     0.57528E+01     0.18908E-01     0.87000E-01     0.20081E-03
     0.58028E+01     0.20700E-01     0.94189E-01     0.22552E-03
     0.58529E+01     0.22512E-01     0.10121E+00     0.25247E-03
     0.59029E+01     0.24303E-01     0.10787E+00     0.28176E-03
     0.59529E+01     0.26027E-01     0.11396E+00     0.31342E-03
     0.60030E+01     0.27632E-01     0.11925E+00     0.34730E-03
     0.60530E+01     0.29063E-01     0.12352E+00     0.38318E-03
     0.61030E+01     0.30280E-01     0.12658E+00     0.42168E-03
     0.61530E+01     0.31250E-01     0.12825E+00     0.46215E-03
     0.62031E+01     0.31865E-01     0.12839E+00     0.50437E-03
     0.62531E+01     0.32204E-01     0.12697E+00     0.54693E-03
     0.63031E+01     0.32166E-01     0.12399E+00     0.58806E-03
     0.63532E+01     0.31937E-01     0.11951E+00     0.63106E-03
     0.64032E+01     0.31339E-01     0.11368E+00     0.68385E-03
     0.64532E+01     0.30454E-01     0.10668E+00     0.73240E-03
     0.65032E+01     0.29367E-01     0.98706E-01     0.77927E-03
     0.65532E+01     0.28135E-01     0.89992E-01     0.82329E-03
     0.66032E+01     0.26814E-01     0.80764E-01     0.86424E-03
     0.66532E+01     0.25438E-01     0.71251E-01     0.90440E-03
     0.67031E+01     0.24037E-01     0.61653E-01     0.94248E-03
     0.67530E+01     0.22648E-01     0.52136E-01     0.97848E-03
     0.68029E+01     0.21296E-01     0.42842E-01     0.10135E-02
     0.68528E+01     0.20009E-01     0.33885E-01     0.10491E-02
     0.69026E+01     0.18808E-01     0.25346E-01     0.10845E-02
     0.69524E+01     0.17698E-01     0.17281E-01     0.11193E-02
     0.70021E+01     0.16677E-01     0.97216E-02     0.11537E-02
     0.70519E+01     0.15738E-01     0.26766E-02     0.11876E-02
     0.71016E+01     0.14880E-01    -0.38611E-02     0.12192E-02
     0.71513E+01     0.14107E-01    -0.99122E-02     0.12476E-02
     0.72010E+01     0.13421E-01    -0.15503E-01     0.12732E-02
     0.72506E+01     0.12818E-01    -0.20663E-01     0.12979E-02
     0.73002E+01     0.12282E-01    -0.25422E-01     0.13229E-02
     0.73622E+01     0.11709E-01    -0.30843E-01     0.13544E-02
     0.74118E+01     0.11304E-01    -0.34817E-01     0.13803E-02
     0.74614E+01     0.10951E-01    -0.38517E-01     0.14050E-02
     0.75109E+01     0.10633E-01    -0.41977E-01     0.14286E-02
     0.75605E+01     0.10361E-01    -0.45238E-01     0.14518E-02
     0.76100E+01     0.10134E-01    -0.48340E-01     0.14761E-02
     0.76595E+01     0.99487E-02    -0.51312E-01     0.15020E-02
     0.77090E+01     0.98011E-02    -0.54179E-01     0.15297E-02
     0.77585E+01     0.96877E-02    -0.56959E-01     0.15591E-02
     0.78081E+01     0.96054E-02    -0.59666E-01     0.15900E-02
     0.78576E+01     0.95511E-02    -0.62306E-01     0.16215E-02
     0.79071E+01     0.95213E-02    -0.64881E-01     0.16526E-02
     0.79566E+01     0.95104E-02    -0.67387E-01     0.16823E-02
     0.80061E+01     0.95104E-02    -0.69815E-01     0.17103E-02
     0.80556E+01     0.95099E-02    -0.72156E-01     0.17359E-02
     0.81051E+01     0.95002E-02    -0.74405E-01     0.17586E-02
     0.81546E+01     0.94786E-02    -0.76564E-01     0.17781E-02
     0.82042E+01     0.94533E-02    -0.78641E-01     0.17950E-02
     0.82537E+01     0.94395E-02    -0.80642E-01     0.18108E-02
     0.83033E+01     0.94565E-02    -0.82566E-01     0.18298E-02
     0.83529E+01     0.95261E-02    -0.84382E-01     0.18539E-02
     0.84025E+01     0.96546E-02    -0.86019E-01     0.18831E-02
     0.84521E+01     0.98110E-02    -0.87367E-01     0.19134E-02
     0.85018E+01     0.98015E-02    -0.88294E-01     0.19326E-02
     0.85515E+01     0.96395E-02    -0.88699E-01     0.19240E-02
     0.86012E+01     0.93729E-02    -0.88553E-01     0.18989E-02
     0.86509E+01     0.89987E-02    -0.87800E-01     0.18600E-02
     0.87007E+01     0.85370E-02    -0.86415E-01     0.18102E-02
     0.87505E+01     0.80230E-02    -0.84358E-01     0.17582E-02
     0.88004E+01     0.75194E-02    -0.81575E-01     0.17091E-02
     0.88503E+01     0.69606E-02    -0.77973E-01     0.16534E-02
     0.89002E+01     0.61720E-02    -0.73467E-01     0.15777E-02
     0.89502E+01     0.51598E-02    -0.67983E-01     0.14724E-02
     0.90002E+01     0.39344E-02    -0.61505E-01     0.13388E-02
     0.90502E+01     0.25297E-02    -0.54088E-01     0.11788E-02
     0.91003E+01     0.98957E-03    -0.45855E-01     0.10009E-02
     0.91503E+01    -0.64745E-03    -0.36980E-01     0.81372E-03
     0.92004E+01    -0.23351E-02    -0.27660E-01     0.62579E-03
     0.92504E+01    -0.40459E-02    -0.18114E-01     0.43803E-03
     0.93005E+01    -0.57507E-02    -0.85696E-02     0.25026E-03
     0.93505E+01    -0.74045E-02     0.74344E-03     0.65474E-04
     0.94006E+01    -0.89633E-02     0.95992E-02    -0.11149E-03
     0.94506E+01    -0.10378E-01     0.17783E-01    -0.27627E-03
     0.95007E+01    -0.11596E-01     0.25108E-01    -0.42604E-03
     0.95507E+01    -0.12576E-01     0.31432E-01    -0.55769E-03
     0.96008E+01    -0.13299E-01     0.36669E-01    -0.66573E-03
     0.96508E+01    -0.13770E-01     0.40794E-01    -0.74654E-03
     0.97009E+01    -0.14012E-01     0.43830E-01    -0.80195E-03
     0.97510E+01    -0.14070E-01     0.45846E-01    -0.83962E-03
     0.98010E+01    -0.13949E-01     0.46912E-01    -0.86391E-03
     0.98511E+01    -0.13678E-01     0.47125E-01    -0.87415E-03
     0.99011E+01    -0.13351E-01     0.46587E-01    -0.87017E-03
     0.99512E+01    -0.12882E-01     0.45415E-01    -0.84298E-03
     0.10001E+02    -0.12305E-01     0.43709E-01    -0.79768E-03
     0.10051E+02    -0.11637E-01     0.41582E-01    -0.73278E-03
     0.10101E+02    -0.10906E-01     0.39154E-01    -0.65598E-03
     0.10151E+02    -0.10151E-01     0.36550E-01    -0.57455E-03
     0.10201E+02    -0.94211E-02     0.33887E-01    -0.49743E-03
     0.10251E+02    -0.87553E-02     0.31268E-01    -0.43302E-03
     0.10302E+02    -0.81693E-02     0.28764E-01    -0.38451E-03
     0.10352E+02    -0.76656E-02     0.26411E-01    -0.35343E-03
     0.10402E+02    -0.72264E-02     0.24209E-01    -0.33534E-03
     0.10452E+02    -0.68151E-02     0.22129E-01    -0.32069E-03
     0.10502E+02    -0.63901E-02     0.20131E-01    -0.29813E-03
     0.10552E+02    -0.59370E-02     0.18188E-01    -0.26115E-03
     0.10602E+02    -0.54579E-02     0.16293E-01    -0.21144E-03
     0.10652E+02    -0.49817E-02     0.14468E-01    -0.15237E-03
     0.10702E+02    -0.45444E-02     0.12749E-01    -0.93080E-04
     0.10752E+02    -0.41690E-02     0.11175E-01    -0.42020E-04
     0.10802E+02    -0.38555E-02     0.97707E-02    -0.44389E-05
     0.10852E+02    -0.36143E-02     0.85431E-02     0.18087E-04
     0.10902E+02    -0.34714E-02     0.74719E-02     0.26568E-04
     0.10952E+02    -0.33630E-02     0.65119E-02     0.30010E-04
     0.11002E+02    -0.32628E-02     0.56064E-02     0.34775E-04
     0.11052E+02    -0.31308E-02     0.47025E-02     0.43132E-04
     0.11103E+02    -0.29615E-02     0.37605E-02     0.57227E-04
     0.11153E+02    -0.27226E-02     0.27697E-02     0.77770E-04
     0.11203E+02    -0.24129E-02     0.17558E-02     0.10562E-03
     0.11253E+02    -0.20881E-02     0.78217E-03     0.13543E-03
     0.11303E+02    -0.18916E-02    -0.88960E-04     0.15361E-03
     0.11353E+02    -0.18003E-02    -0.82435E-03     0.15727E-03
     0.11403E+02    -0.17392E-02    -0.14331E-02     0.15980E-03
     0.11453E+02    -0.16873E-02    -0.19462E-02     0.16797E-03
     0.11503E+02    -0.16230E-02    -0.23995E-02     0.18435E-03
     0.11553E+02    -0.15456E-02    -0.28105E-02     0.20890E-03
     0.11603E+02    -0.14440E-02    -0.31901E-02     0.23651E-03
     0.11653E+02    -0.12916E-02    -0.35160E-02     0.26561E-03
     0.11703E+02    -0.10965E-02    -0.37216E-02     0.29346E-03
     0.11753E+02    -0.10391E-02    -0.37442E-02     0.29806E-03
     0.11803E+02    -0.10882E-02    -0.35599E-02     0.27409E-03
     0.11854E+02    -0.12112E-02    -0.31797E-02     0.24017E-03
     0.11904E+02    -0.14498E-02    -0.26399E-02     0.19559E-03
     0.11954E+02    -0.17188E-02    -0.20207E-02     0.14856E-03
     0.12004E+02    -0.18913E-02    -0.14387E-02     0.11668E-03
     0.12054E+02    -0.19497E-02    -0.96253E-03     0.10884E-03
     0.12104E+02    -0.19507E-02    -0.60301E-03     0.11614E-03
     0.12154E+02    -0.18904E-02    -0.32860E-03     0.13204E-03
     0.12204E+02    -0.17911E-02    -0.75354E-04     0.15351E-03
     0.12254E+02    -0.17582E-02     0.22752E-03     0.16648E-03
     0.12304E+02    -0.17890E-02     0.60999E-03     0.16570E-03
     0.12354E+02    -0.18681E-02     0.10955E-02     0.15681E-03
     0.12404E+02    -0.20119E-02     0.16793E-02     0.13767E-03
     0.12454E+02    -0.21946E-02     0.23251E-02     0.10737E-03
     0.12504E+02    -0.23789E-02     0.29655E-02     0.73598E-04
     0.12555E+02    -0.25210E-02     0.35304E-02     0.42165E-04
     0.12605E+02    -0.25517E-02     0.39621E-02     0.22783E-04
     0.12655E+02    -0.25305E-02     0.42542E-02     0.17166E-04
     0.12705E+02    -0.24728E-02     0.44189E-02     0.19667E-04
     0.12755E+02    -0.23880E-02     0.44870E-02     0.33237E-04
     0.12805E+02    -0.23127E-02     0.45022E-02     0.50461E-04
     0.12855E+02    -0.22652E-02     0.45006E-02     0.65237E-04
     0.12905E+02    -0.22429E-02     0.45003E-02     0.74679E-04
     0.12955E+02    -0.22378E-02     0.45079E-02     0.77644E-04
     0.13005E+02    -0.22540E-02     0.45218E-02     0.71668E-04
     0.13055E+02    -0.22730E-02     0.45285E-02     0.58271E-04
     0.13105E+02    -0.22634E-02     0.45152E-02     0.49462E-04
     0.13155E+02    -0.22362E-02     0.44770E-02     0.49744E-04
     0.13206E+02    -0.22004E-02     0.44115E-02     0.57219E-04
     0.13256E+02    -0.21537E-02     0.43206E-02     0.72636E-04
     0.13306E+02    -0.21073E-02     0.42107E-02     0.93808E-04
     0.13356E+02    -0.20705E-02     0.40906E-02     0.11161E-03
     0.13406E+02    -0.20404E-02     0.39649E-02     0.11851E-03
     0.13456E+02    -0.20094E-02     0.38341E-02     0.11190E-03
     0.13506E+02    -0.19794E-02     0.36970E-02     0.92950E-04
     0.13556E+02    -0.19408E-02     0.35539E-02     0.65158E-04
     0.13606E+02    -0.18919E-02     0.34074E-02     0.37209E-04
     0.13656E+02    -0.18382E-02     0.32626E-02     0.16924E-04
     0.13706E+02    -0.17857E-02     0.31248E-02     0.88399E-05
     0.13757E+02    -0.17451E-02     0.29973E-02     0.12015E-04
     0.13807E+02    -0.17196E-02     0.28777E-02     0.22516E-04
     0.13857E+02    -0.17005E-02     0.27582E-02     0.34736E-04
     0.13907E+02    -0.16789E-02     0.26322E-02     0.43815E-04
     0.13957E+02    -0.16511E-02     0.24939E-02     0.49148E-04
     0.14007E+02    -0.16138E-02     0.23418E-02     0.51073E-04
     0.14058E+02    -0.15602E-02     0.21798E-02     0.52396E-04
     0.14108E+02    -0.15014E-02     0.20167E-02     0.57046E-04
     0.14158E+02    -0.14497E-02     0.18646E-02     0.67680E-04
     0.14209E+02    -0.14095E-02     0.17348E-02     0.84303E-04
     0.14259E+02    -0.13877E-02     0.16365E-02     0.10372E-03
     0.14310E+02    -0.13869E-02     0.15723E-02     0.12149E-03
     0.14360E+02    -0.13992E-02     0.15374E-02     0.13293E-03
     0.14411E+02    -0.14169E-02     0.15237E-02     0.13367E-03
     0.14462E+02    -0.14288E-02     0.15217E-02     0.12299E-03
     0.14500E+02    -0.14297E-02     0.15229E-02     0.10866E-03
     0.14551E+02    -0.14188E-02     0.15269E-02     0.84646E-04
     0.14602E+02    -0.13934E-02     0.15341E-02     0.60432E-04
     0.14653E+02    -0.13562E-02     0.15492E-02     0.42651E-04
     0.14704E+02    -0.13190E-02     0.15793E-02     0.36182E-04
     0.14755E+02    -0.12922E-02     0.16286E-02     0.37962E-04
     0.14806E+02    -0.12764E-02     0.16965E-02     0.45059E-04
     0.14857E+02    -0.12796E-02     0.17764E-02     0.50196E-04
     0.14908E+02    -0.12904E-02     0.18571E-02     0.45252E-04
     0.14959E+02    -0.12943E-02     0.19269E-02     0.27784E-04
     0.15011E+02    -0.12776E-02     0.19764E-02     0.22637E-05
     0.15062E+02    -0.12399E-02     0.20071E-02    -0.24089E-04
     0.15113E+02    -0.11861E-02     0.20261E-02    -0.45064E-04
     0.15151E+02    -0.11379E-02     0.20403E-02    -0.54182E-04
     0.15201E+02    -0.10713E-02     0.20709E-02    -0.53460E-04
     0.15252E+02    -0.10167E-02     0.21255E-02    -0.40572E-04
     0.15302E+02    -0.98078E-03     0.22109E-02    -0.20133E-04
     0.15353E+02    -0.96497E-03     0.23286E-02     0.18128E-05
     0.15403E+02    -0.96936E-03     0.24735E-02     0.18485E-04
     0.15453E+02    -0.98190E-03     0.26349E-02     0.25721E-04
     0.15503E+02    -0.99325E-03     0.28013E-02     0.23514E-04
     0.15554E+02    -0.99681E-03     0.29617E-02     0.15808E-04
     0.15604E+02    -0.99154E-03     0.31074E-02     0.37880E-05
     0.15654E+02    -0.97637E-03     0.32327E-02    -0.10698E-04
     0.15704E+02    -0.95258E-03     0.33346E-02    -0.26639E-04
     0.15754E+02    -0.92014E-03     0.34121E-02    -0.44298E-04
     0.15804E+02    -0.88165E-03     0.34663E-02    -0.63465E-04
     0.15855E+02    -0.83828E-03     0.34999E-02    -0.83217E-04
     0.15905E+02    -0.78893E-03     0.35164E-02    -0.10120E-03
     0.15955E+02    -0.73648E-03     0.35200E-02    -0.11285E-03
     0.16005E+02    -0.68666E-03     0.35155E-02    -0.11460E-03
     0.16055E+02    -0.64812E-03     0.35065E-02    -0.10687E-03
     0.16105E+02    -0.62413E-03     0.34926E-02    -0.91130E-04
     0.16155E+02    -0.61607E-03     0.34709E-02    -0.70312E-04
     0.16205E+02    -0.62292E-03     0.34371E-02    -0.48675E-04
     0.16255E+02    -0.64148E-03     0.33852E-02    -0.29947E-04
     0.16305E+02    -0.66300E-03     0.33095E-02    -0.16383E-04
     0.16356E+02    -0.68040E-03     0.32062E-02    -0.61364E-05
     0.16406E+02    -0.69079E-03     0.30751E-02     0.43490E-05
     0.16456E+02    -0.69701E-03     0.29193E-02     0.18101E-04
     0.16506E+02    -0.70183E-03     0.27432E-02     0.36157E-04
     0.16556E+02    -0.70539E-03     0.25509E-02     0.58242E-04
     0.16606E+02    -0.71340E-03     0.23455E-02     0.81086E-04
     0.16656E+02    -0.72946E-03     0.21288E-02     0.99183E-04
     0.16706E+02    -0.74902E-03     0.19013E-02     0.10852E-03
     0.16757E+02    -0.76749E-03     0.16634E-02     0.10639E-03
     0.16807E+02    -0.78385E-03     0.14163E-02     0.93909E-04
     0.16857E+02    -0.79685E-03     0.11625E-02     0.74306E-04
     0.16907E+02    -0.80701E-03     0.90690E-03     0.51483E-04
     0.16957E+02    -0.81537E-03     0.65524E-03     0.30412E-04
     0.17008E+02    -0.82373E-03     0.41243E-03     0.15482E-04
     0.17058E+02    -0.83438E-03     0.18198E-03     0.87434E-05
     0.17108E+02    -0.84616E-03    -0.34765E-04     0.94910E-05
     0.17158E+02    -0.85906E-03    -0.23724E-03     0.15273E-04
     0.17208E+02    -0.86948E-03    -0.42783E-03     0.21834E-04
     0.17259E+02    -0.86755E-03    -0.60951E-03     0.24184E-04
     0.17309E+02    -0.84480E-03    -0.78336E-03     0.20559E-04
     0.17359E+02    -0.80176E-03    -0.94595E-03     0.98452E-05
     0.17410E+02    -0.73897E-03    -0.10917E-02    -0.83199E-05
     0.17460E+02    -0.66072E-03    -0.12140E-02    -0.33057E-04
     0.17510E+02    -0.57005E-03    -0.13047E-02    -0.60470E-04
     0.17560E+02    -0.47236E-03    -0.13571E-02    -0.89184E-04
     0.17611E+02    -0.37787E-03    -0.13677E-02    -0.11774E-03
     0.17661E+02    -0.28548E-03    -0.13375E-02    -0.14567E-03
     0.17711E+02    -0.19651E-03    -0.12715E-02    -0.17483E-03
     0.17762E+02    -0.10630E-03    -0.11775E-02    -0.20703E-03
     0.17812E+02    -0.65835E-05    -0.10650E-02    -0.24445E-03
     0.17862E+02     0.10756E-03    -0.94266E-03    -0.28818E-03
     0.17900E+02     0.20396E-03    -0.84903E-03    -0.32589E-03
     0.17950E+02     0.34781E-03    -0.72712E-03    -0.38279E-03
     0.18001E+02     0.50730E-03    -0.61382E-03    -0.44481E-03
     0.18051E+02     0.68012E-03    -0.51355E-03    -0.50889E-03
     0.18101E+02     0.86325E-03    -0.42999E-03    -0.57156E-03
     0.18152E+02     0.10489E-02    -0.36681E-03    -0.62990E-03
     0.18202E+02     0.12345E-02    -0.32835E-03    -0.68165E-03
     0.18252E+02     0.14199E-02    -0.32051E-03    -0.72582E-03
     0.18302E+02     0.16049E-02    -0.34859E-03    -0.76202E-03
     0.18353E+02     0.17894E-02    -0.41580E-03    -0.79112E-03
     0.18403E+02     0.19700E-02    -0.52372E-03    -0.81429E-03
     0.18453E+02     0.21445E-02    -0.67234E-03    -0.83215E-03
     0.18503E+02     0.23093E-02    -0.86008E-03    -0.84462E-03
     0.18553E+02     0.24623E-02    -0.10842E-02    -0.85146E-03
     0.18604E+02     0.26006E-02    -0.13417E-02    -0.85128E-03
     0.18654E+02     0.27211E-02    -0.16302E-02    -0.84225E-03
     0.18704E+02     0.28238E-02    -0.19474E-02    -0.82250E-03
     0.18754E+02     0.29107E-02    -0.22914E-02    -0.79188E-03
     0.18804E+02     0.29838E-02    -0.26590E-02    -0.75106E-03
     0.18854E+02     0.30447E-02    -0.30465E-02    -0.70174E-03
     0.18905E+02     0.30965E-02    -0.34489E-02    -0.64681E-03
     0.18955E+02     0.31389E-02    -0.38592E-02    -0.58976E-03
     0.19005E+02     0.31702E-02    -0.42688E-02    -0.53351E-03
     0.19055E+02     0.31860E-02    -0.46690E-02    -0.47938E-03
     0.19105E+02     0.31886E-02    -0.50516E-02    -0.42498E-03
     0.19155E+02     0.31764E-02    -0.54073E-02    -0.36601E-03
     0.19205E+02     0.31487E-02    -0.57279E-02    -0.29716E-03
     0.19255E+02     0.31052E-02    -0.60079E-02    -0.21358E-03
     0.19305E+02     0.30458E-02    -0.62438E-02    -0.11156E-03
     0.19355E+02     0.29721E-02    -0.64342E-02     0.11503E-04
     0.19405E+02     0.28832E-02    -0.65790E-02     0.15223E-03
     0.19455E+02     0.27881E-02    -0.66822E-02     0.30509E-03
     0.19505E+02     0.26876E-02    -0.67474E-02     0.46164E-03
     0.19555E+02     0.25817E-02    -0.67781E-02     0.61211E-03
     0.19605E+02     0.24727E-02    -0.67749E-02     0.74848E-03
     0.19655E+02     0.23617E-02    -0.67369E-02     0.86499E-03
     0.19705E+02     0.22442E-02    -0.66624E-02     0.95946E-03
     0.19755E+02     0.21183E-02    -0.65494E-02     0.10398E-02
     0.19805E+02     0.19800E-02    -0.63957E-02     0.11118E-02
     0.19855E+02     0.18229E-02    -0.62035E-02     0.11821E-02
     0.19905E+02     0.16421E-02    -0.59781E-02     0.12573E-02
     0.19954E+02     0.14394E-02    -0.57277E-02     0.13424E-02
     0.20004E+02     0.12194E-02    -0.54607E-02     0.14411E-02
     0.20054E+02     0.98740E-03    -0.51860E-02     0.15506E-02
     0.20104E+02     0.75160E-03    -0.49109E-02     0.16648E-02
     0.20154E+02     0.51632E-03    -0.46389E-02     0.17777E-02
     0.20204E+02     0.28300E-03    -0.43701E-02     0.18846E-02
     0.20253E+02     0.51045E-04    -0.41028E-02     0.19839E-02
     0.20303E+02    -0.18131E-03    -0.38334E-02     0.20768E-02
     0.20353E+02    -0.41698E-03    -0.35577E-02     0.21654E-02
     0.20403E+02    -0.65597E-03    -0.32725E-02     0.22510E-02
     0.20453E+02    -0.89608E-03    -0.29764E-02     0.23349E-02
     0.20503E+02    -0.11334E-02    -0.26694E-02     0.24164E-02
     0.20553E+02    -0.13616E-02    -0.23522E-02     0.24943E-02
     0.20603E+02    -0.15732E-02    -0.20254E-02     0.25663E-02
     0.20653E+02    -0.17640E-02    -0.16900E-02     0.26304E-02
     0.20703E+02    -0.19304E-02    -0.13459E-02     0.26859E-02
     0.20753E+02    -0.20685E-02    -0.99184E-03     0.27338E-02
     0.20803E+02    -0.21770E-02    -0.62483E-03     0.27782E-02
     0.20853E+02    -0.22531E-02    -0.23758E-03     0.28248E-02
     0.20903E+02    -0.22946E-02     0.17890E-03     0.28793E-02
     0.20952E+02    -0.22972E-02     0.63542E-03     0.29472E-02
     0.21002E+02    -0.22674E-02     0.11492E-02     0.30338E-02
     0.21052E+02    -0.22119E-02     0.17375E-02     0.31452E-02
     0.21102E+02    -0.21420E-02     0.24097E-02     0.32848E-02
     0.21152E+02    -0.20652E-02     0.31681E-02     0.34469E-02
     0.21202E+02    -0.19792E-02     0.40046E-02     0.36255E-02
     0.21251E+02    -0.18894E-02     0.48962E-02     0.38130E-02
     0.21301E+02    -0.17861E-02     0.58086E-02     0.40052E-02
     0.21351E+02    -0.16582E-02     0.67024E-02     0.42027E-02
     0.21400E+02    -0.14973E-02     0.75341E-02     0.44090E-02
     0.21450E+02    -0.12970E-02     0.82642E-02     0.46292E-02
     0.21512E+02    -0.98627E-03     0.89850E-02     0.49330E-02
     0.21562E+02    -0.68525E-03     0.93800E-02     0.52051E-02
     0.21611E+02    -0.34306E-03     0.95998E-02     0.55058E-02
     0.21661E+02     0.34140E-04     0.96422E-02     0.58357E-02
     0.21711E+02     0.43768E-03     0.95149E-02     0.61924E-02
     0.21760E+02     0.85826E-03     0.92314E-02     0.65727E-02
     0.21810E+02     0.12827E-02     0.88091E-02     0.69747E-02
     0.21860E+02     0.16998E-02     0.82626E-02     0.73985E-02
     0.21909E+02     0.21025E-02     0.76043E-02     0.78465E-02
     0.21959E+02     0.24893E-02     0.68456E-02     0.83202E-02
     0.22009E+02     0.28622E-02     0.59965E-02     0.88194E-02
     0.22058E+02     0.32245E-02     0.50710E-02     0.93404E-02
     0.22108E+02     0.35770E-02     0.40819E-02     0.98784E-02
     0.22158E+02     0.39169E-02     0.30476E-02     0.10426E-01
     0.22207E+02     0.42322E-02     0.19901E-02     0.10974E-01
     0.22257E+02     0.45043E-02     0.93825E-03     0.11516E-01
     0.22307E+02     0.47214E-02    -0.87046E-04     0.12043E-01
     0.22356E+02     0.48829E-02    -0.10782E-02     0.12547E-01
     0.22406E+02     0.50000E-02    -0.20406E-02     0.13020E-01
     0.22456E+02     0.50916E-02    -0.29858E-02     0.13451E-01
     0.22506E+02     0.51755E-02    -0.39241E-02     0.13828E-01
     0.22556E+02     0.52669E-02    -0.48565E-02     0.14141E-01
     0.22605E+02     0.53644E-02    -0.57734E-02     0.14389E-01
     0.22655E+02     0.54533E-02    -0.66537E-02     0.14569E-01
     0.22705E+02     0.55091E-02    -0.74670E-02     0.14685E-01
     0.22755E+02     0.55180E-02    -0.81832E-02     0.14744E-01
     0.22805E+02     0.54655E-02    -0.87784E-02     0.14750E-01
     0.22855E+02     0.53438E-02    -0.92421E-02     0.14705E-01
     0.22905E+02     0.51681E-02    -0.95759E-02     0.14610E-01
     0.22955E+02     0.49489E-02    -0.97855E-02     0.14461E-01
     0.23005E+02     0.46980E-02    -0.98775E-02     0.14252E-01
     0.23055E+02     0.44253E-02    -0.98539E-02     0.13974E-01
     0.23106E+02     0.41262E-02    -0.97096E-02     0.13619E-01
     0.23156E+02     0.37861E-02    -0.94347E-02     0.13186E-01
     0.23206E+02     0.34211E-02    -0.90234E-02     0.12677E-01
     0.23256E+02     0.30208E-02    -0.84851E-02     0.12089E-01
     0.23306E+02     0.26070E-02    -0.78462E-02     0.11420E-01
     0.23356E+02     0.21891E-02    -0.71513E-02     0.10677E-01
     0.23407E+02     0.17995E-02    -0.64559E-02     0.98456E-02
     0.23457E+02     0.14740E-02    -0.58258E-02     0.89191E-02
     0.23507E+02     0.12394E-02    -0.53272E-02     0.79020E-02
     0.23557E+02     0.11154E-02    -0.50116E-02     0.67883E-02
     0.23608E+02     0.11263E-02    -0.49027E-02     0.55712E-02
     0.23658E+02     0.12380E-02    -0.49901E-02     0.42516E-02
     0.23708E+02     0.14613E-02    -0.52413E-02     0.28288E-02
     0.23758E+02     0.17680E-02    -0.56002E-02     0.13050E-02
     0.23809E+02     0.21389E-02    -0.59907E-02    -0.31513E-03
     0.23859E+02     0.25450E-02    -0.63296E-02    -0.20232E-02
     0.23909E+02     0.29294E-02    -0.65388E-02    -0.38276E-02
     0.23960E+02     0.32638E-02    -0.65891E-02    -0.57145E-02
     0.24010E+02     0.35842E-02    -0.64972E-02    -0.76870E-02
     0.24060E+02     0.38888E-02    -0.62957E-02    -0.97416E-02
     0.24110E+02     0.41820E-02    -0.60572E-02    -0.11878E-01
     0.24161E+02     0.45371E-02    -0.58895E-02    -0.14084E-01
     0.24211E+02     0.50059E-02    -0.59132E-02    -0.16346E-01
     0.24261E+02     0.56613E-02    -0.62303E-02    -0.18643E-01
     0.24311E+02     0.64914E-02    -0.68873E-02    -0.20955E-01
     0.24362E+02     0.75304E-02    -0.78843E-02    -0.23255E-01
     0.24412E+02     0.87433E-02    -0.91771E-02    -0.25523E-01
     0.24462E+02     0.10080E-01    -0.10664E-01    -0.27751E-01
     0.24512E+02     0.11417E-01    -0.12232E-01    -0.29931E-01
     0.24563E+02     0.12661E-01    -0.13782E-01    -0.32037E-01
     0.24600E+02     0.13455E-01    -0.14894E-01    -0.33553E-01
     0.24650E+02     0.14387E-01    -0.16311E-01    -0.35463E-01
     0.24701E+02     0.15238E-01    -0.17720E-01    -0.37204E-01
     0.24751E+02     0.16049E-01    -0.19210E-01    -0.38740E-01
     0.24801E+02     0.16867E-01    -0.20860E-01    -0.40038E-01
     0.24851E+02     0.17737E-01    -0.22716E-01    -0.41058E-01
     0.24901E+02     0.18720E-01    -0.24781E-01    -0.41774E-01
     0.24952E+02     0.19716E-01    -0.27020E-01    -0.42182E-01
     0.25002E+02     0.20615E-01    -0.29353E-01    -0.42296E-01
