     0.12475E-01     0.11245E-12     0.66731E-12    -0.27842E-15
     0.50017E-01     0.10939E-12     0.72570E-12    -0.37678E-15
     0.10007E+00     0.10490E-12     0.79477E-12    -0.65070E-15
     0.15012E+00     0.99977E-13     0.85297E-12    -0.11052E-14
     0.20016E+00     0.94635E-13     0.89957E-12    -0.17532E-14
     0.25019E+00     0.88881E-13     0.93388E-12    -0.26067E-14
     0.30021E+00     0.82730E-13     0.95565E-12    -0.36761E-14
     0.35023E+00     0.76279E-13     0.96479E-12    -0.49385E-14
     0.40024E+00     0.69583E-13     0.96123E-12    -0.63374E-14
     0.45026E+00     0.62676E-13     0.94507E-12    -0.76703E-14
     0.50027E+00     0.55587E-13     0.91606E-12    -0.87088E-14
     0.55028E+00     0.48276E-13     0.87406E-12    -0.94033E-14
     0.60029E+00     0.40729E-13     0.81931E-12    -0.10076E-13
     0.65031E+00     0.33016E-13     0.75287E-12    -0.11306E-13
     0.70033E+00     0.25372E-13     0.67673E-12    -0.13814E-13
     0.75035E+00     0.18188E-13     0.59401E-12    -0.18308E-13
     0.80037E+00     0.11950E-13     0.50843E-12    -0.25021E-13
     0.85039E+00     0.70931E-14     0.42350E-12    -0.33360E-13
     0.90041E+00     0.38479E-14     0.34176E-12    -0.42194E-13
     0.95043E+00     0.21912E-14     0.26443E-12    -0.49958E-13
     0.10005E+01     0.18384E-14     0.19122E-12    -0.55260E-13
     0.10505E+01     0.23498E-14     0.12076E-12    -0.57577E-13
     0.11005E+01     0.33069E-14     0.51508E-13    -0.57021E-13
     0.11505E+01     0.45103E-14    -0.16984E-13    -0.54951E-13
     0.12006E+01     0.59806E-14    -0.84002E-13    -0.53105E-13
     0.12506E+01     0.79683E-14    -0.14833E-12    -0.53252E-13
     0.13006E+01     0.11065E-13    -0.20747E-12    -0.55974E-13
     0.13506E+01     0.15570E-13    -0.26154E-12    -0.60720E-13
     0.14007E+01     0.20891E-13    -0.31245E-12    -0.67024E-13
     0.14507E+01     0.26902E-13    -0.36135E-12    -0.73927E-13
     0.15007E+01     0.33981E-13    -0.40979E-12    -0.80043E-13
     0.15507E+01     0.41919E-13    -0.45711E-12    -0.85517E-13
     0.16008E+01     0.50784E-13    -0.50267E-12    -0.90892E-13
     0.16508E+01     0.60696E-13    -0.54604E-12    -0.96947E-13
     0.17008E+01     0.71751E-13    -0.58718E-12    -0.10431E-12
     0.17508E+01     0.84080E-13    -0.62683E-12    -0.11337E-12
     0.18009E+01     0.97813E-13    -0.66615E-12    -0.12419E-12
     0.18509E+01     0.11295E-12    -0.70580E-12    -0.13666E-12
     0.19009E+01     0.12949E-12    -0.74730E-12    -0.15053E-12
     0.19509E+01     0.14766E-12    -0.79259E-12    -0.16558E-12
     0.20010E+01     0.16770E-12    -0.84361E-12    -0.18194E-12
     0.20510E+01     0.18981E-12    -0.90196E-12    -0.20021E-12
     0.21010E+01     0.21413E-12    -0.96885E-12    -0.22123E-12
     0.21510E+01     0.24087E-12    -0.10455E-11    -0.24579E-12
     0.22010E+01     0.27033E-12    -0.11334E-11    -0.27434E-12
     0.22511E+01     0.30293E-12    -0.12346E-11    -0.30693E-12
     0.23011E+01     0.33913E-12    -0.13512E-11    -0.34353E-12
     0.23511E+01     0.37940E-12    -0.14862E-11    -0.38433E-12
     0.24011E+01     0.42427E-12    -0.16425E-11    -0.43004E-12
     0.24512E+01     0.47439E-12    -0.18238E-11    -0.48182E-12
     0.25012E+01     0.53058E-12    -0.20338E-11    -0.54113E-12
     0.25512E+01     0.59378E-12    -0.22770E-11    -0.60944E-12
     0.26012E+01     0.66510E-12    -0.25579E-11    -0.68800E-12
     0.26513E+01     0.74576E-12    -0.28818E-11    -0.77792E-12
     0.27013E+01     0.83707E-12    -0.32548E-11    -0.88031E-12
     0.27513E+01     0.94054E-12    -0.36840E-11    -0.99660E-12
     0.28013E+01     0.10579E-11    -0.41777E-11    -0.11288E-11
     0.28514E+01     0.11911E-11    -0.47457E-11    -0.12796E-11
     0.29014E+01     0.13425E-11    -0.53994E-11    -0.14521E-11
     0.29514E+01     0.15150E-11    -0.61520E-11    -0.16501E-11
     0.30014E+01     0.17118E-11    -0.70186E-11    -0.18778E-11
     0.30514E+01     0.19365E-11    -0.80165E-11    -0.21396E-11
     0.31015E+01     0.21933E-11    -0.91657E-11    -0.24405E-11
     0.31515E+01     0.24873E-11    -0.10489E-10    -0.27862E-11
     0.32015E+01     0.28239E-11    -0.12014E-10    -0.31831E-11
     0.32515E+01     0.32096E-11    -0.13771E-10    -0.36390E-11
     0.33016E+01     0.36518E-11    -0.15795E-10    -0.41631E-11
     0.33516E+01     0.41590E-11    -0.18129E-10    -0.47659E-11
     0.34016E+01     0.47412E-11    -0.20819E-10    -0.54599E-11
     0.34516E+01     0.54098E-11    -0.23921E-10    -0.62593E-11
     0.35017E+01     0.61780E-11    -0.27497E-10    -0.71799E-11
     0.35517E+01     0.70611E-11    -0.31622E-10    -0.82404E-11
     0.36017E+01     0.80765E-11    -0.36379E-10    -0.94620E-11
     0.36517E+01     0.92446E-11    -0.41868E-10    -0.10870E-10
     0.37017E+01     0.10589E-10    -0.48200E-10    -0.12493E-10
     0.37518E+01     0.12137E-10    -0.55508E-10    -0.14365E-10
     0.38018E+01     0.13919E-10    -0.63941E-10    -0.16525E-10
     0.38518E+01     0.15972E-10    -0.73676E-10    -0.19017E-10
     0.39018E+01     0.18338E-10    -0.84913E-10    -0.21894E-10
     0.39519E+01     0.21064E-10    -0.97884E-10    -0.25215E-10
     0.40019E+01     0.24208E-10    -0.11286E-09    -0.29047E-10
     0.40519E+01     0.27832E-10    -0.13015E-09    -0.33470E-10
     0.41019E+01     0.32012E-10    -0.15011E-09    -0.38575E-10
     0.41520E+01     0.36833E-10    -0.17316E-09    -0.44468E-10
     0.42020E+01     0.42395E-10    -0.19978E-09    -0.51270E-10
     0.42520E+01     0.48812E-10    -0.23051E-09    -0.59122E-10
     0.43020E+01     0.56215E-10    -0.26601E-09    -0.68184E-10
     0.43521E+01     0.64758E-10    -0.30699E-09    -0.78646E-10
     0.44021E+01     0.74616E-10    -0.35431E-09    -0.90724E-10
     0.44521E+01     0.85992E-10    -0.40895E-09    -0.10467E-09
     0.45021E+01     0.99122E-10    -0.47204E-09    -0.12077E-09
     0.45522E+01     0.11428E-09    -0.54489E-09    -0.13936E-09
     0.46022E+01     0.13177E-09    -0.62901E-09    -0.16082E-09
     0.46522E+01     0.15196E-09    -0.72614E-09    -0.18559E-09
     0.47022E+01     0.17526E-09    -0.83828E-09    -0.21419E-09
     0.47523E+01     0.20216E-09    -0.96775E-09    -0.24721E-09
     0.48023E+01     0.23322E-09    -0.11172E-08    -0.28533E-09
     0.48523E+01     0.26906E-09    -0.12898E-08    -0.32933E-09
     0.49023E+01     0.31044E-09    -0.14890E-08    -0.38013E-09
     0.49524E+01     0.35821E-09    -0.17190E-08    -0.43876E-09
     0.50024E+01     0.41334E-09    -0.19845E-08    -0.50644E-09
     0.50524E+01     0.47699E-09    -0.22910E-08    -0.58457E-09
     0.51024E+01     0.55046E-09    -0.26448E-08    -0.67475E-09
     0.51525E+01     0.63526E-09    -0.30531E-08    -0.77885E-09
     0.52025E+01     0.73315E-09    -0.35245E-08    -0.89900E-09
     0.52525E+01     0.84614E-09    -0.40686E-08    -0.10377E-08
     0.53025E+01     0.97657E-09    -0.46966E-08    -0.11978E-08
     0.53526E+01     0.11271E-08    -0.54214E-08    -0.13825E-08
     0.54026E+01     0.13009E-08    -0.62580E-08    -0.15958E-08
     0.54526E+01     0.15015E-08    -0.72236E-08    -0.18419E-08
     0.55027E+01     0.17330E-08    -0.83379E-08    -0.21259E-08
     0.55527E+01     0.20002E-08    -0.96241E-08    -0.24537E-08
     0.56027E+01     0.23085E-08    -0.11108E-07    -0.28321E-08
     0.56527E+01     0.26645E-08    -0.12822E-07    -0.32688E-08
     0.57028E+01     0.30753E-08    -0.14799E-07    -0.37727E-08
     0.57528E+01     0.35495E-08    -0.17080E-07    -0.43543E-08
     0.58028E+01     0.40967E-08    -0.19714E-07    -0.50255E-08
     0.58529E+01     0.47283E-08    -0.22753E-07    -0.58002E-08
     0.59029E+01     0.54572E-08    -0.26260E-07    -0.66942E-08
     0.59529E+01     0.62985E-08    -0.30307E-07    -0.77259E-08
     0.60030E+01     0.72694E-08    -0.34978E-07    -0.89166E-08
     0.60530E+01     0.83900E-08    -0.40368E-07    -0.10291E-07
     0.61030E+01     0.96832E-08    -0.46589E-07    -0.11877E-07
     0.61530E+01     0.11176E-07    -0.53768E-07    -0.13707E-07
     0.62031E+01     0.12898E-07    -0.62053E-07    -0.15819E-07
     0.62531E+01     0.14886E-07    -0.71613E-07    -0.18256E-07
     0.63031E+01     0.17180E-07    -0.82647E-07    -0.21069E-07
     0.63532E+01     0.19827E-07    -0.95379E-07    -0.24314E-07
     0.64032E+01     0.22882E-07    -0.11007E-06    -0.28060E-07
     0.64532E+01     0.26407E-07    -0.12702E-06    -0.32382E-07
     0.65032E+01     0.30475E-07    -0.14659E-06    -0.37369E-07
     0.65532E+01     0.35168E-07    -0.16916E-06    -0.43123E-07
     0.66032E+01     0.40583E-07    -0.19519E-06    -0.49761E-07
     0.66532E+01     0.46827E-07    -0.22522E-06    -0.57417E-07
     0.67031E+01     0.54028E-07    -0.25985E-06    -0.66244E-07
     0.67530E+01     0.62329E-07    -0.29977E-06    -0.76422E-07
     0.68029E+01     0.71900E-07    -0.34579E-06    -0.88154E-07
     0.68528E+01     0.82933E-07    -0.39884E-06    -0.10168E-06
     0.69026E+01     0.95650E-07    -0.45999E-06    -0.11727E-06
     0.69524E+01     0.11031E-06    -0.53048E-06    -0.13524E-06
     0.70021E+01     0.12720E-06    -0.61171E-06    -0.15595E-06
     0.70519E+01     0.14667E-06    -0.70533E-06    -0.17982E-06
     0.71016E+01     0.16911E-06    -0.81321E-06    -0.20732E-06
     0.71513E+01     0.19497E-06    -0.93753E-06    -0.23902E-06
     0.72010E+01     0.22476E-06    -0.10808E-05    -0.27553E-06
     0.72506E+01     0.25909E-06    -0.12458E-05    -0.31761E-06
     0.73002E+01     0.29865E-06    -0.14360E-05    -0.36609E-06
     0.73622E+01     0.35666E-06    -0.17149E-05    -0.43719E-06
     0.74118E+01     0.41105E-06    -0.19764E-05    -0.50386E-06
     0.74614E+01     0.47372E-06    -0.22776E-05    -0.58066E-06
     0.75109E+01     0.54592E-06    -0.26246E-05    -0.66913E-06
     0.75605E+01     0.62909E-06    -0.30244E-05    -0.77105E-06
     0.76100E+01     0.72490E-06    -0.34850E-05    -0.88845E-06
     0.76595E+01     0.83528E-06    -0.40154E-05    -0.10237E-05
     0.77090E+01     0.96244E-06    -0.46266E-05    -0.11795E-05
     0.77585E+01     0.11089E-05    -0.53305E-05    -0.13589E-05
     0.78081E+01     0.12777E-05    -0.61414E-05    -0.15657E-05
     0.78576E+01     0.14721E-05    -0.70755E-05    -0.18038E-05
     0.79071E+01     0.16961E-05    -0.81516E-05    -0.20781E-05
     0.79566E+01     0.19541E-05    -0.93912E-05    -0.23941E-05
     0.80061E+01     0.22514E-05    -0.10819E-04    -0.27582E-05
     0.80556E+01     0.25939E-05    -0.12464E-04    -0.31776E-05
     0.81051E+01     0.29885E-05    -0.14359E-04    -0.36607E-05
     0.81546E+01     0.34431E-05    -0.16543E-04    -0.42173E-05
     0.82042E+01     0.39670E-05    -0.19058E-04    -0.48585E-05
     0.82537E+01     0.45707E-05    -0.21956E-04    -0.55973E-05
     0.83033E+01     0.52663E-05    -0.25295E-04    -0.64486E-05
     0.83529E+01     0.60680E-05    -0.29143E-04    -0.74295E-05
     0.84025E+01     0.69920E-05    -0.33576E-04    -0.85599E-05
     0.84521E+01     0.80570E-05    -0.38686E-04    -0.98625E-05
     0.85018E+01     0.92846E-05    -0.44574E-04    -0.11364E-04
     0.85515E+01     0.10700E-04    -0.51360E-04    -0.13094E-04
     0.86012E+01     0.12331E-04    -0.59182E-04    -0.15089E-04
     0.86509E+01     0.14212E-04    -0.68199E-04    -0.17388E-04
     0.87007E+01     0.16381E-04    -0.78593E-04    -0.20039E-04
     0.87505E+01     0.18883E-04    -0.90577E-04    -0.23095E-04
     0.88004E+01     0.21767E-04    -0.10439E-03    -0.26619E-04
     0.88503E+01     0.25095E-04    -0.12032E-03    -0.30682E-04
     0.89002E+01     0.28933E-04    -0.13870E-03    -0.35369E-04
     0.89502E+01     0.33361E-04    -0.15988E-03    -0.40775E-04
     0.90002E+01     0.38470E-04    -0.18432E-03    -0.47012E-04
     0.90502E+01     0.44363E-04    -0.21249E-03    -0.54203E-04
     0.91003E+01     0.51156E-04    -0.24496E-03    -0.62492E-04
     0.91503E+01     0.58987E-04    -0.28236E-03    -0.72045E-04
     0.92004E+01     0.68013E-04    -0.32546E-03    -0.83055E-04
     0.92504E+01     0.78417E-04    -0.37511E-03    -0.95743E-04
     0.93005E+01     0.90409E-04    -0.43230E-03    -0.11037E-03
     0.93505E+01     0.10423E-03    -0.49816E-03    -0.12722E-03
     0.94006E+01     0.12016E-03    -0.57402E-03    -0.14663E-03
     0.94506E+01     0.13851E-03    -0.66137E-03    -0.16901E-03
     0.95007E+01     0.15966E-03    -0.76195E-03    -0.19479E-03
     0.95507E+01     0.18403E-03    -0.87774E-03    -0.22450E-03
     0.96008E+01     0.21212E-03    -0.10110E-02    -0.25874E-03
     0.96508E+01     0.24447E-03    -0.11644E-02    -0.29819E-03
     0.97009E+01     0.28175E-03    -0.13409E-02    -0.34365E-03
     0.97510E+01     0.32470E-03    -0.15440E-02    -0.39604E-03
     0.98010E+01     0.37418E-03    -0.17775E-02    -0.45641E-03
     0.98511E+01     0.43118E-03    -0.20461E-02    -0.52597E-03
     0.99011E+01     0.49684E-03    -0.23548E-02    -0.60614E-03
     0.99512E+01     0.57248E-03    -0.27096E-02    -0.69854E-03
     0.10001E+02     0.65959E-03    -0.31172E-02    -0.80503E-03
     0.10051E+02     0.75994E-03    -0.35852E-02    -0.92777E-03
     0.10101E+02     0.87551E-03    -0.41222E-02    -0.10693E-02
     0.10151E+02     0.10086E-02    -0.47382E-02    -0.12324E-02
     0.10201E+02     0.11619E-02    -0.54442E-02    -0.14204E-02
     0.10251E+02     0.13383E-02    -0.62527E-02    -0.16371E-02
     0.10302E+02     0.15415E-02    -0.71778E-02    -0.18869E-02
     0.10352E+02     0.17753E-02    -0.82351E-02    -0.21748E-02
     0.10402E+02     0.20444E-02    -0.94421E-02    -0.25068E-02
     0.10452E+02     0.23541E-02    -0.10818E-01    -0.28892E-02
     0.10502E+02     0.27104E-02    -0.12383E-01    -0.33293E-02
     0.10552E+02     0.31201E-02    -0.14160E-01    -0.38352E-02
     0.10602E+02     0.35910E-02    -0.16169E-01    -0.44163E-02
     0.10652E+02     0.41318E-02    -0.18435E-01    -0.50827E-02
     0.10702E+02     0.47521E-02    -0.20979E-01    -0.58462E-02
     0.10752E+02     0.54628E-02    -0.23823E-01    -0.67192E-02
     0.10802E+02     0.62761E-02    -0.26988E-01    -0.77162E-02
     0.10852E+02     0.72060E-02    -0.30497E-01    -0.88481E-02
     0.10902E+02     0.82664E-02    -0.34359E-01    -0.10119E-01
     0.10952E+02     0.94677E-02    -0.38545E-01    -0.11533E-01
     0.11002E+02     0.10824E-01    -0.43003E-01    -0.13103E-01
     0.11052E+02     0.12358E-01    -0.47690E-01    -0.14843E-01
     0.11103E+02     0.14076E-01    -0.52497E-01    -0.16712E-01
     0.11153E+02     0.15976E-01    -0.57284E-01    -0.18657E-01
     0.11203E+02     0.18044E-01    -0.61894E-01    -0.20636E-01
     0.11253E+02     0.20310E-01    -0.66140E-01    -0.22684E-01
     0.11303E+02     0.22803E-01    -0.69730E-01    -0.24588E-01
     0.11353E+02     0.25371E-01    -0.72511E-01    -0.26063E-01
     0.11403E+02     0.27953E-01    -0.74230E-01    -0.27280E-01
     0.11453E+02     0.30503E-01    -0.74427E-01    -0.28231E-01
     0.11503E+02     0.32988E-01    -0.72681E-01    -0.29082E-01
     0.11553E+02     0.35457E-01    -0.68505E-01    -0.29916E-01
     0.11603E+02     0.37911E-01    -0.60727E-01    -0.30594E-01
     0.11653E+02     0.40471E-01    -0.47879E-01    -0.30466E-01
     0.11703E+02     0.43159E-01    -0.29410E-01    -0.27602E-01
     0.11753E+02     0.45606E-01    -0.75785E-02    -0.19818E-01
     0.11803E+02     0.46529E-01     0.12790E-01    -0.57072E-02
     0.11854E+02     0.45049E-01     0.28367E-01     0.10136E-01
     0.11904E+02     0.41484E-01     0.39105E-01     0.20541E-01
     0.11954E+02     0.37505E-01     0.48385E-01     0.22631E-01
     0.12004E+02     0.33950E-01     0.59413E-01     0.20302E-01
     0.12054E+02     0.31324E-01     0.71776E-01     0.16638E-01
     0.12104E+02     0.29117E-01     0.84087E-01     0.14924E-01
     0.12154E+02     0.26921E-01     0.94494E-01     0.14823E-01
     0.12204E+02     0.24546E-01     0.10241E+00     0.15634E-01
     0.12254E+02     0.22051E-01     0.10842E+00     0.16183E-01
     0.12304E+02     0.19616E-01     0.11358E+00     0.16388E-01
     0.12354E+02     0.17331E-01     0.11855E+00     0.16337E-01
     0.12404E+02     0.15265E-01     0.12374E+00     0.16204E-01
     0.12454E+02     0.13474E-01     0.12936E+00     0.16058E-01
     0.12504E+02     0.11891E-01     0.13584E+00     0.15922E-01
     0.12555E+02     0.10564E-01     0.14356E+00     0.15741E-01
     0.12605E+02     0.95407E-02     0.15313E+00     0.15469E-01
     0.12655E+02     0.88820E-02     0.16508E+00     0.15113E-01
     0.12705E+02     0.86267E-02     0.17896E+00     0.14725E-01
     0.12755E+02     0.84377E-02     0.19167E+00     0.14279E-01
     0.12805E+02     0.74362E-02     0.19795E+00     0.13611E-01
     0.12855E+02     0.60312E-02     0.19529E+00     0.12738E-01
     0.12905E+02     0.31265E-02     0.17992E+00     0.11398E-01
     0.12955E+02    -0.84065E-03     0.15257E+00     0.97577E-02
     0.13005E+02    -0.50119E-02     0.11920E+00     0.83089E-02
     0.13055E+02    -0.86488E-02     0.85791E-01     0.73979E-02
     0.13105E+02    -0.11425E-01     0.56217E-01     0.70894E-02
     0.13155E+02    -0.13389E-01     0.31949E-01     0.71284E-02
     0.13206E+02    -0.14652E-01     0.12702E-01     0.72315E-02
     0.13256E+02    -0.15382E-01    -0.23740E-02     0.71299E-02
     0.13306E+02    -0.15712E-01    -0.14282E-01     0.67001E-02
     0.13356E+02    -0.15742E-01    -0.24028E-01     0.58862E-02
     0.13406E+02    -0.15524E-01    -0.31982E-01     0.44476E-02
     0.13456E+02    -0.15129E-01    -0.38281E-01     0.24247E-02
     0.13506E+02    -0.14555E-01    -0.43248E-01     0.50274E-04
     0.13556E+02    -0.13813E-01    -0.46931E-01    -0.23677E-02
     0.13606E+02    -0.12931E-01    -0.49517E-01    -0.45461E-02
     0.13656E+02    -0.11961E-01    -0.51235E-01    -0.62492E-02
     0.13706E+02    -0.10968E-01    -0.52241E-01    -0.73635E-02
     0.13757E+02    -0.10002E-01    -0.52709E-01    -0.78476E-02
     0.13807E+02    -0.90690E-02    -0.52851E-01    -0.78273E-02
     0.13857E+02    -0.81628E-02    -0.52733E-01    -0.73650E-02
     0.13907E+02    -0.73043E-02    -0.52291E-01    -0.66606E-02
     0.13957E+02    -0.65037E-02    -0.51422E-01    -0.58016E-02
     0.14007E+02    -0.57388E-02    -0.49939E-01    -0.49401E-02
     0.14058E+02    -0.49680E-02    -0.47754E-01    -0.41748E-02
     0.14108E+02    -0.41663E-02    -0.44954E-01    -0.35271E-02
     0.14158E+02    -0.33421E-02    -0.41691E-01    -0.29808E-02
     0.14209E+02    -0.25173E-02    -0.38254E-01    -0.25607E-02
     0.14259E+02    -0.17272E-02    -0.35041E-01    -0.23224E-02
     0.14310E+02    -0.10322E-02    -0.32510E-01    -0.23396E-02
     0.14360E+02    -0.49358E-03    -0.31063E-01    -0.25798E-02
     0.14411E+02    -0.50844E-04    -0.30421E-01    -0.28386E-02
     0.14462E+02     0.33755E-03    -0.30330E-01    -0.28010E-02
     0.14500E+02     0.61851E-03    -0.30312E-01    -0.25832E-02
     0.14551E+02     0.10228E-02    -0.29896E-01    -0.20181E-02
     0.14602E+02     0.14963E-02    -0.28677E-01    -0.10955E-02
     0.14653E+02     0.20651E-02    -0.26172E-01    -0.19402E-03
     0.14704E+02     0.26694E-02    -0.22290E-01     0.31078E-03
     0.14755E+02     0.32939E-02    -0.17262E-01     0.32431E-03
     0.14806E+02     0.38765E-02    -0.11623E-01    -0.47443E-04
     0.14857E+02     0.43330E-02    -0.62857E-02    -0.77692E-03
     0.14908E+02     0.45682E-02    -0.18274E-02    -0.14943E-02
     0.14959E+02     0.45964E-02     0.15046E-02    -0.18082E-02
     0.15011E+02     0.45575E-02     0.39882E-02    -0.15451E-02
     0.15062E+02     0.44624E-02     0.59837E-02    -0.73881E-03
     0.15113E+02     0.43862E-02     0.77433E-02     0.28083E-03
     0.15151E+02     0.43037E-02     0.90649E-02     0.10483E-02
     0.15201E+02     0.41635E-02     0.10783E-01     0.18932E-02
     0.15252E+02     0.39837E-02     0.12544E-01     0.23392E-02
     0.15302E+02     0.37728E-02     0.14345E-01     0.24814E-02
     0.15353E+02     0.35463E-02     0.16093E-01     0.23728E-02
     0.15403E+02     0.33240E-02     0.17717E-01     0.21488E-02
     0.15453E+02     0.31175E-02     0.19201E-01     0.20402E-02
     0.15503E+02     0.29261E-02     0.20492E-01     0.20685E-02
     0.15554E+02     0.27309E-02     0.21552E-01     0.22252E-02
     0.15604E+02     0.25370E-02     0.22362E-01     0.23657E-02
     0.15654E+02     0.23440E-02     0.22952E-01     0.23076E-02
     0.15704E+02     0.21424E-02     0.23367E-01     0.20133E-02
     0.15754E+02     0.19377E-02     0.23652E-01     0.14891E-02
     0.15804E+02     0.17154E-02     0.23727E-01     0.91341E-03
     0.15855E+02     0.14547E-02     0.23463E-01     0.52481E-03
     0.15905E+02     0.11364E-02     0.22720E-01     0.51541E-03
     0.15955E+02     0.77270E-03     0.21561E-01     0.94850E-03
     0.16005E+02     0.38211E-03     0.20099E-01     0.18105E-02
     0.16055E+02     0.71709E-05     0.18561E-01     0.29701E-02
     0.16105E+02    -0.31460E-03     0.17109E-01     0.41486E-02
     0.16155E+02    -0.57128E-03     0.15790E-01     0.51250E-02
     0.16205E+02    -0.76694E-03     0.14544E-01     0.57434E-02
     0.16255E+02    -0.92104E-03     0.13247E-01     0.59921E-02
     0.16305E+02    -0.10608E-02     0.11786E-01     0.60435E-02
     0.16356E+02    -0.11979E-02     0.10131E-01     0.59890E-02
     0.16406E+02    -0.13271E-02     0.83168E-02     0.59191E-02
     0.16456E+02    -0.14478E-02     0.64238E-02     0.58721E-02
     0.16506E+02    -0.15593E-02     0.45487E-02     0.58593E-02
     0.16556E+02    -0.16593E-02     0.27714E-02     0.58307E-02
     0.16606E+02    -0.17419E-02     0.11391E-02     0.57143E-02
     0.16656E+02    -0.18070E-02    -0.30923E-03     0.54864E-02
     0.16706E+02    -0.18430E-02    -0.15769E-02     0.51623E-02
     0.16757E+02    -0.18564E-02    -0.26574E-02     0.47592E-02
     0.16807E+02    -0.18122E-02    -0.34918E-02     0.42771E-02
     0.16857E+02    -0.17211E-02    -0.40702E-02     0.36325E-02
     0.16907E+02    -0.15624E-02    -0.43465E-02     0.28465E-02
     0.16957E+02    -0.13650E-02    -0.44141E-02     0.19661E-02
     0.17008E+02    -0.11420E-02    -0.42988E-02     0.10234E-02
     0.17058E+02    -0.90983E-03    -0.40134E-02     0.36937E-04
     0.17108E+02    -0.68957E-03    -0.37238E-02    -0.97479E-03
     0.17158E+02    -0.49072E-03    -0.34939E-02    -0.19515E-02
     0.17208E+02    -0.31419E-03    -0.32786E-02    -0.28143E-02
     0.17259E+02    -0.16172E-03    -0.30749E-02    -0.34496E-02
     0.17309E+02    -0.50032E-04    -0.28932E-02    -0.37490E-02
     0.17359E+02     0.31151E-04    -0.27102E-02    -0.37133E-02
     0.17410E+02     0.91383E-04    -0.24817E-02    -0.33604E-02
     0.17460E+02     0.12506E-03    -0.22019E-02    -0.27982E-02
     0.17510E+02     0.14307E-03    -0.18411E-02    -0.21430E-02
     0.17560E+02     0.14964E-03    -0.13996E-02    -0.15424E-02
     0.17611E+02     0.15025E-03    -0.88658E-03    -0.10839E-02
     0.17661E+02     0.14920E-03    -0.33430E-03    -0.79503E-03
     0.17711E+02     0.14226E-03     0.22023E-03    -0.60907E-03
     0.17762E+02     0.14074E-03     0.72196E-03    -0.43222E-03
     0.17812E+02     0.14983E-03     0.11477E-02    -0.16491E-03
     0.17862E+02     0.17180E-03     0.15137E-02     0.30132E-03
     0.17900E+02     0.19996E-03     0.17862E-02     0.80093E-03
     0.17950E+02     0.25699E-03     0.21981E-02     0.16481E-02
     0.18001E+02     0.33815E-03     0.26955E-02     0.26522E-02
     0.18051E+02     0.43519E-03     0.32709E-02     0.37067E-02
     0.18101E+02     0.52948E-03     0.38606E-02     0.46737E-02
     0.18152E+02     0.62066E-03     0.43347E-02     0.54548E-02
     0.18202E+02     0.67325E-03     0.45910E-02     0.58476E-02
     0.18252E+02     0.66955E-03     0.46332E-02     0.58643E-02
     0.18302E+02     0.62403E-03     0.44110E-02     0.55836E-02
     0.18353E+02     0.55572E-03     0.38777E-02     0.49980E-02
     0.18403E+02     0.47166E-03     0.30187E-02     0.42024E-02
     0.18453E+02     0.39797E-03     0.18709E-02     0.32578E-02
     0.18503E+02     0.34946E-03     0.51836E-03     0.22365E-02
     0.18553E+02     0.34722E-03    -0.92399E-03     0.12608E-02
     0.18604E+02     0.41882E-03    -0.23539E-02     0.44299E-03
     0.18654E+02     0.57257E-03    -0.37330E-02    -0.14055E-03
     0.18704E+02     0.79510E-03    -0.51306E-02    -0.47775E-03
     0.18754E+02     0.10490E-02    -0.66812E-02    -0.54518E-03
     0.18804E+02     0.13122E-02    -0.85050E-02    -0.40193E-03
     0.18854E+02     0.15735E-02    -0.10651E-01    -0.12308E-03
     0.18905E+02     0.18400E-02    -0.13106E-01     0.18889E-03
     0.18955E+02     0.21303E-02    -0.15789E-01     0.43890E-03
     0.19005E+02     0.24676E-02    -0.18636E-01     0.55168E-03
     0.19055E+02     0.28601E-02    -0.21629E-01     0.54159E-03
     0.19105E+02     0.33053E-02    -0.24801E-01     0.41332E-03
     0.19155E+02     0.38033E-02    -0.28152E-01     0.21886E-03
     0.19205E+02     0.43855E-02    -0.31501E-01     0.61779E-04
     0.19255E+02     0.50771E-02    -0.34730E-01     0.61805E-04
     0.19305E+02     0.59239E-02    -0.37767E-01     0.25139E-03
     0.19355E+02     0.69100E-02    -0.40777E-01     0.62548E-03
     0.19405E+02     0.79879E-02    -0.44135E-01     0.11037E-02
     0.19455E+02     0.90971E-02    -0.48397E-01     0.15503E-02
     0.19505E+02     0.10174E-01    -0.54189E-01     0.18263E-02
     0.19555E+02     0.11210E-01    -0.61793E-01     0.17798E-02
     0.19605E+02     0.12239E-01    -0.71163E-01     0.14619E-02
     0.19655E+02     0.13318E-01    -0.81856E-01     0.95754E-03
     0.19705E+02     0.14548E-01    -0.93264E-01     0.29788E-03
     0.19755E+02     0.15994E-01    -0.10477E+00    -0.32138E-03
     0.19805E+02     0.17669E-01    -0.11594E+00    -0.71509E-03
     0.19855E+02     0.19534E-01    -0.12656E+00    -0.80647E-03
     0.19905E+02     0.21559E-01    -0.13650E+00    -0.56296E-03
     0.19954E+02     0.23677E-01    -0.14579E+00    -0.24526E-04
     0.20004E+02     0.25816E-01    -0.15454E+00     0.63793E-03
     0.20054E+02     0.27927E-01    -0.16265E+00     0.12769E-02
     0.20104E+02     0.29945E-01    -0.16993E+00     0.16292E-02
     0.20154E+02     0.31798E-01    -0.17609E+00     0.16434E-02
     0.20204E+02     0.33477E-01    -0.18079E+00     0.14057E-02
     0.20253E+02     0.34984E-01    -0.18364E+00     0.10090E-02
     0.20303E+02     0.36309E-01    -0.18399E+00     0.54611E-03
     0.20353E+02     0.37444E-01    -0.18125E+00     0.15366E-03
     0.20403E+02     0.38452E-01    -0.17524E+00    -0.72379E-04
     0.20453E+02     0.39332E-01    -0.16607E+00    -0.36619E-04
     0.20503E+02     0.40019E-01    -0.15434E+00     0.41193E-03
     0.20553E+02     0.40357E-01    -0.14078E+00     0.12125E-02
     0.20603E+02     0.40231E-01    -0.12618E+00     0.22057E-02
     0.20653E+02     0.39641E-01    -0.11115E+00     0.30477E-02
     0.20703E+02     0.38722E-01    -0.95479E-01     0.34677E-02
     0.20753E+02     0.37677E-01    -0.78442E-01     0.34569E-02
     0.20803E+02     0.36736E-01    -0.59211E-01     0.31425E-02
     0.20853E+02     0.35968E-01    -0.37672E-01     0.29328E-02
     0.20903E+02     0.35297E-01    -0.14473E-01     0.32109E-02
     0.20952E+02     0.34501E-01     0.92158E-02     0.39783E-02
     0.21002E+02     0.33440E-01     0.32289E-01     0.49182E-02
     0.21052E+02     0.32108E-01     0.54385E-01     0.56293E-02
     0.21102E+02     0.30687E-01     0.75895E-01     0.59065E-02
     0.21152E+02     0.29370E-01     0.97438E-01     0.59688E-02
     0.21202E+02     0.28195E-01     0.11914E+00     0.60387E-02
     0.21251E+02     0.27078E-01     0.14052E+00     0.63565E-02
     0.21301E+02     0.25879E-01     0.16080E+00     0.68609E-02
     0.21351E+02     0.24540E-01     0.17949E+00     0.73336E-02
     0.21400E+02     0.23118E-01     0.19681E+00     0.76731E-02
     0.21450E+02     0.21778E-01     0.21334E+00     0.79452E-02
     0.21512E+02     0.20353E-01     0.23324E+00     0.84786E-02
     0.21562E+02     0.19302E-01     0.24775E+00     0.91332E-02
     0.21611E+02     0.18036E-01     0.25939E+00     0.98370E-02
     0.21661E+02     0.16412E-01     0.26730E+00     0.10429E-01
     0.21711E+02     0.14639E-01     0.27192E+00     0.10746E-01
     0.21760E+02     0.12949E-01     0.27449E+00     0.10769E-01
     0.21810E+02     0.11506E-01     0.27549E+00     0.10641E-01
     0.21860E+02     0.10177E-01     0.27374E+00     0.10579E-01
     0.21909E+02     0.85355E-02     0.26676E+00     0.10689E-01
     0.21959E+02     0.63682E-02     0.25287E+00     0.10914E-01
     0.22009E+02     0.37463E-02     0.23206E+00     0.11110E-01
     0.22058E+02     0.80873E-03     0.20515E+00     0.11023E-01
     0.22108E+02    -0.22478E-02     0.17360E+00     0.10588E-01
     0.22158E+02    -0.51969E-02     0.13948E+00     0.99519E-02
     0.22207E+02    -0.78952E-02     0.10469E+00     0.92469E-02
     0.22257E+02    -0.10227E-01     0.71100E-01     0.85227E-02
     0.22307E+02    -0.12152E-01     0.40056E-01     0.79298E-02
     0.22356E+02    -0.13691E-01     0.12424E-01     0.76230E-02
     0.22406E+02    -0.14890E-01    -0.11345E-01     0.76088E-02
     0.22456E+02    -0.15742E-01    -0.30867E-01     0.78077E-02
     0.22506E+02    -0.16285E-01    -0.46209E-01     0.81075E-02
     0.22556E+02    -0.16551E-01    -0.57661E-01     0.83773E-02
     0.22605E+02    -0.16561E-01    -0.65730E-01     0.85194E-02
     0.22655E+02    -0.16476E-01    -0.70892E-01     0.85979E-02
     0.22705E+02    -0.16277E-01    -0.73215E-01     0.86868E-02
     0.22755E+02    -0.15825E-01    -0.72993E-01     0.88460E-02
     0.22805E+02    -0.15272E-01    -0.70409E-01     0.91796E-02
     0.22855E+02    -0.14592E-01    -0.65826E-01     0.98261E-02
     0.22905E+02    -0.13839E-01    -0.59745E-01     0.10833E-01
     0.22955E+02    -0.13087E-01    -0.52735E-01     0.12110E-01
     0.23005E+02    -0.12428E-01    -0.45427E-01     0.13471E-01
     0.23055E+02    -0.11910E-01    -0.38288E-01     0.14722E-01
     0.23106E+02    -0.11540E-01    -0.31477E-01     0.15683E-01
     0.23156E+02    -0.11239E-01    -0.24765E-01     0.16256E-01
     0.23206E+02    -0.10867E-01    -0.17685E-01     0.16570E-01
     0.23256E+02    -0.10323E-01    -0.99858E-02     0.16813E-01
     0.23306E+02    -0.96192E-02    -0.19181E-02     0.17094E-01
     0.23356E+02    -0.88743E-02     0.56349E-02     0.17560E-01
     0.23407E+02    -0.83171E-02     0.11575E-01     0.18117E-01
     0.23457E+02    -0.80707E-02     0.15187E-01     0.18650E-01
     0.23507E+02    -0.80243E-02     0.16791E-01     0.19146E-01
     0.23557E+02    -0.80290E-02     0.17038E-01     0.19550E-01
     0.23608E+02    -0.80038E-02     0.16899E-01     0.19666E-01
     0.23658E+02    -0.78673E-02     0.16835E-01     0.19523E-01
     0.23708E+02    -0.75818E-02     0.16746E-01     0.19120E-01
     0.23758E+02    -0.71993E-02     0.16509E-01     0.18554E-01
     0.23809E+02    -0.68181E-02     0.15803E-01     0.17977E-01
     0.23859E+02    -0.65094E-02     0.14088E-01     0.17425E-01
     0.23909E+02    -0.63411E-02     0.10991E-01     0.16911E-01
     0.23960E+02    -0.63001E-02     0.66517E-02     0.16273E-01
     0.24010E+02    -0.63031E-02     0.15518E-02     0.15394E-01
     0.24060E+02    -0.63273E-02    -0.38179E-02     0.14150E-01
     0.24110E+02    -0.63539E-02    -0.90178E-02     0.12593E-01
     0.24161E+02    -0.63524E-02    -0.13724E-01     0.10777E-01
     0.24211E+02    -0.62967E-02    -0.17738E-01     0.87378E-02
     0.24261E+02    -0.61867E-02    -0.20966E-01     0.65673E-02
     0.24311E+02    -0.60417E-02    -0.23389E-01     0.43726E-02
     0.24362E+02    -0.58936E-02    -0.25009E-01     0.21719E-02
     0.24412E+02    -0.57539E-02    -0.25836E-01    -0.41091E-05
     0.24462E+02    -0.56326E-02    -0.25869E-01    -0.21628E-02
     0.24512E+02    -0.55250E-02    -0.25123E-01    -0.43810E-02
     0.24563E+02    -0.54268E-02    -0.23661E-01    -0.66667E-02
     0.24600E+02    -0.53551E-02    -0.22160E-01    -0.84302E-02
     0.24650E+02    -0.52658E-02    -0.19789E-01    -0.10860E-01
     0.24701E+02    -0.51982E-02    -0.17159E-01    -0.13390E-01
     0.24751E+02    -0.51712E-02    -0.14402E-01    -0.16050E-01
     0.24801E+02    -0.51857E-02    -0.11613E-01    -0.18888E-01
     0.24851E+02    -0.52330E-02    -0.88193E-02    -0.21940E-01
     0.24901E+02    -0.52954E-02    -0.59756E-02    -0.25207E-01
     0.24952E+02    -0.53403E-02    -0.28934E-02    -0.28657E-01
     0.25002E+02    -0.53333E-02     0.54635E-03    -0.32221E-01
