     0.12475E-01     0.28704E-09     0.17251E-08    -0.13861E-12
     0.50017E-01     0.30575E-09     0.19139E-08    -0.34155E-12
     0.10007E+00     0.33477E-09     0.21900E-08    -0.16511E-11
     0.15012E+00     0.36900E-09     0.25023E-08    -0.48780E-11
     0.20016E+00     0.40912E-09     0.28634E-08    -0.10554E-10
     0.25019E+00     0.45595E-09     0.32895E-08    -0.19188E-10
     0.30021E+00     0.51059E-09     0.37999E-08    -0.31777E-10
     0.35023E+00     0.57450E-09     0.44164E-08    -0.49538E-10
     0.40024E+00     0.64951E-09     0.51637E-08    -0.72157E-10
     0.45026E+00     0.73788E-09     0.60709E-08    -0.98724E-10
     0.50027E+00     0.84232E-09     0.71709E-08    -0.12712E-09
     0.55028E+00     0.96609E-09     0.85018E-08    -0.15483E-09
     0.60029E+00     0.11130E-08     0.10107E-07    -0.18116E-09
     0.65031E+00     0.12877E-08     0.12033E-07    -0.20709E-09
     0.70033E+00     0.14951E-08     0.14334E-07    -0.23398E-09
     0.75035E+00     0.17412E-08     0.17066E-07    -0.26484E-09
     0.80037E+00     0.20325E-08     0.20287E-07    -0.30240E-09
     0.85039E+00     0.23763E-08     0.24057E-07    -0.35029E-09
     0.90041E+00     0.27807E-08     0.28439E-07    -0.41337E-09
     0.95043E+00     0.32547E-08     0.33493E-07    -0.49606E-09
     0.10005E+01     0.38080E-08     0.39285E-07    -0.60055E-09
     0.10505E+01     0.44516E-08     0.45882E-07    -0.72760E-09
     0.11005E+01     0.51974E-08     0.53362E-07    -0.87732E-09
     0.11505E+01     0.60589E-08     0.61814E-07    -0.10491E-08
     0.12006E+01     0.70513E-08     0.71352E-07    -0.12419E-08
     0.12506E+01     0.81924E-08     0.82120E-07    -0.14548E-08
     0.13006E+01     0.95027E-08     0.94300E-07    -0.16853E-08
     0.13506E+01     0.11006E-07     0.10812E-06    -0.19303E-08
     0.14007E+01     0.12731E-07     0.12388E-06    -0.21913E-08
     0.14507E+01     0.14711E-07     0.14192E-06    -0.24740E-08
     0.15007E+01     0.16986E-07     0.16267E-06    -0.27863E-08
     0.15507E+01     0.19601E-07     0.18662E-06    -0.31372E-08
     0.16008E+01     0.22609E-07     0.21434E-06    -0.35363E-08
     0.16508E+01     0.26072E-07     0.24645E-06    -0.39941E-08
     0.17008E+01     0.30062E-07     0.28369E-06    -0.45225E-08
     0.17508E+01     0.34662E-07     0.32686E-06    -0.51365E-08
     0.18009E+01     0.39964E-07     0.37686E-06    -0.58542E-08
     0.18509E+01     0.46079E-07     0.43474E-06    -0.66977E-08
     0.19009E+01     0.53133E-07     0.50165E-06    -0.76920E-08
     0.19509E+01     0.61270E-07     0.57898E-06    -0.88651E-08
     0.20010E+01     0.70661E-07     0.66831E-06    -0.10248E-07
     0.20510E+01     0.81499E-07     0.77148E-06    -0.11872E-07
     0.21010E+01     0.94011E-07     0.89065E-06    -0.13774E-07
     0.21510E+01     0.10846E-06     0.10283E-05    -0.15989E-07
     0.22010E+01     0.12514E-06     0.11873E-05    -0.18559E-07
     0.22511E+01     0.14440E-06     0.13708E-05    -0.21529E-07
     0.23011E+01     0.16663E-06     0.15827E-05    -0.24951E-07
     0.23511E+01     0.19229E-06     0.18271E-05    -0.28887E-07
     0.24011E+01     0.22191E-06     0.21091E-05    -0.33409E-07
     0.24512E+01     0.25609E-06     0.24342E-05    -0.38602E-07
     0.25012E+01     0.29553E-06     0.28091E-05    -0.44567E-07
     0.25512E+01     0.34104E-06     0.32416E-05    -0.51424E-07
     0.26012E+01     0.39356E-06     0.37407E-05    -0.59314E-07
     0.26513E+01     0.45417E-06     0.43165E-05    -0.68402E-07
     0.27013E+01     0.52412E-06     0.49811E-05    -0.78877E-07
     0.27513E+01     0.60485E-06     0.57482E-05    -0.90958E-07
     0.28013E+01     0.69801E-06     0.66336E-05    -0.10490E-06
     0.28514E+01     0.80553E-06     0.76553E-05    -0.12098E-06
     0.29014E+01     0.92960E-06     0.88345E-05    -0.13954E-06
     0.29514E+01     0.10728E-05     0.10195E-04    -0.16097E-06
     0.30014E+01     0.12380E-05     0.11765E-04    -0.18571E-06
     0.30514E+01     0.14287E-05     0.13577E-04    -0.21427E-06
     0.31015E+01     0.16487E-05     0.15668E-04    -0.24725E-06
     0.31515E+01     0.19026E-05     0.18081E-04    -0.28532E-06
     0.32015E+01     0.21956E-05     0.20865E-04    -0.32928E-06
     0.32515E+01     0.25338E-05     0.24078E-04    -0.38003E-06
     0.33016E+01     0.29240E-05     0.27786E-04    -0.43861E-06
     0.33516E+01     0.33743E-05     0.32065E-04    -0.50622E-06
     0.34016E+01     0.38940E-05     0.37003E-04    -0.58423E-06
     0.34516E+01     0.44937E-05     0.42700E-04    -0.67423E-06
     0.35017E+01     0.51858E-05     0.49275E-04    -0.77807E-06
     0.35517E+01     0.59844E-05     0.56861E-04    -0.89788E-06
     0.36017E+01     0.69060E-05     0.65614E-04    -0.10361E-05
     0.36517E+01     0.79695E-05     0.75715E-04    -0.11956E-05
     0.37017E+01     0.91967E-05     0.87369E-04    -0.13795E-05
     0.37518E+01     0.10613E-04     0.10082E-03    -0.15918E-05
     0.38018E+01     0.12247E-04     0.11633E-03    -0.18367E-05
     0.38518E+01     0.14133E-04     0.13423E-03    -0.21192E-05
     0.39018E+01     0.16309E-04     0.15488E-03    -0.24450E-05
     0.39519E+01     0.18820E-04     0.17871E-03    -0.28210E-05
     0.40019E+01     0.21717E-04     0.20619E-03    -0.32546E-05
     0.40519E+01     0.25060E-04     0.23790E-03    -0.37549E-05
     0.41019E+01     0.28918E-04     0.27447E-03    -0.43319E-05
     0.41520E+01     0.33369E-04     0.31666E-03    -0.49972E-05
     0.42020E+01     0.38505E-04     0.36532E-03    -0.57646E-05
     0.42520E+01     0.44430E-04     0.42143E-03    -0.66493E-05
     0.43020E+01     0.51268E-04     0.48614E-03    -0.76695E-05
     0.43521E+01     0.59156E-04     0.56076E-03    -0.88456E-05
     0.44021E+01     0.68257E-04     0.64680E-03    -0.10201E-04
     0.44521E+01     0.78757E-04     0.74598E-03    -0.11764E-04
     0.45021E+01     0.90872E-04     0.86032E-03    -0.13564E-04
     0.45522E+01     0.10485E-03     0.99210E-03    -0.15638E-04
     0.46022E+01     0.12097E-03     0.11440E-02    -0.18027E-04
     0.46522E+01     0.13957E-03     0.13190E-02    -0.20779E-04
     0.47022E+01     0.16103E-03     0.15206E-02    -0.23946E-04
     0.47523E+01     0.18579E-03     0.17528E-02    -0.27592E-04
     0.48023E+01     0.21435E-03     0.20201E-02    -0.31787E-04
     0.48523E+01     0.24729E-03     0.23280E-02    -0.36613E-04
     0.49023E+01     0.28530E-03     0.26823E-02    -0.42163E-04
     0.49524E+01     0.32915E-03     0.30900E-02    -0.48540E-04
     0.50024E+01     0.37973E-03     0.35590E-02    -0.55867E-04
     0.50524E+01     0.43810E-03     0.40982E-02    -0.64280E-04
     0.51024E+01     0.50543E-03     0.47180E-02    -0.73936E-04
     0.51525E+01     0.58314E-03     0.54301E-02    -0.85008E-04
     0.52025E+01     0.67280E-03     0.62477E-02    -0.97695E-04
     0.52525E+01     0.77628E-03     0.71859E-02    -0.11222E-03
     0.53025E+01     0.89573E-03     0.82619E-02    -0.12882E-03
     0.53526E+01     0.10336E-02     0.94948E-02    -0.14778E-03
     0.54026E+01     0.11929E-02     0.10906E-01    -0.16940E-03
     0.54526E+01     0.13768E-02     0.12521E-01    -0.19400E-03
     0.55027E+01     0.15892E-02     0.14365E-01    -0.22194E-03
     0.55527E+01     0.18348E-02     0.16470E-01    -0.25364E-03
     0.56027E+01     0.21187E-02     0.18867E-01    -0.28985E-03
     0.56527E+01     0.24471E-02     0.21592E-01    -0.33197E-03
     0.57028E+01     0.28272E-02     0.24684E-01    -0.38347E-03
     0.57528E+01     0.32677E-02     0.28180E-01    -0.44432E-03
     0.58028E+01     0.37768E-02     0.32124E-01    -0.48240E-03
     0.58529E+01     0.43651E-02     0.36560E-01    -0.49321E-03
     0.59029E+01     0.50459E-02     0.41526E-01    -0.47807E-03
     0.59529E+01     0.58338E-02     0.47056E-01    -0.44181E-03
     0.60030E+01     0.67625E-02     0.53054E-01    -0.44009E-03
     0.60530E+01     0.78463E-02     0.59829E-01    -0.25429E-03
     0.61030E+01     0.90080E-02     0.68405E-01     0.26522E-03
     0.61530E+01     0.10203E-01     0.79537E-01     0.12050E-02
     0.62031E+01     0.11453E-01     0.93518E-01     0.23101E-02
     0.62531E+01     0.12811E-01     0.11035E+00     0.33533E-02
     0.63031E+01     0.14362E-01     0.12932E+00     0.37176E-02
     0.63532E+01     0.16170E-01     0.14920E+00     0.32414E-02
     0.64032E+01     0.18270E-01     0.16946E+00     0.22842E-02
     0.64532E+01     0.20647E-01     0.18935E+00     0.10824E-02
     0.65032E+01     0.23409E-01     0.20699E+00    -0.63589E-03
     0.65532E+01     0.26661E-01     0.21963E+00    -0.31769E-02
     0.66032E+01     0.30195E-01     0.22920E+00    -0.58157E-02
     0.66532E+01     0.33791E-01     0.23665E+00    -0.71817E-02
     0.67031E+01     0.37152E-01     0.24363E+00    -0.61520E-02
     0.67530E+01     0.40209E-01     0.25075E+00    -0.34348E-02
     0.68029E+01     0.42796E-01     0.25455E+00    -0.31354E-03
     0.68528E+01     0.44957E-01     0.25380E+00     0.23543E-02
     0.69026E+01     0.46854E-01     0.24863E+00     0.40659E-02
     0.69524E+01     0.48533E-01     0.23884E+00     0.46569E-02
     0.70021E+01     0.49909E-01     0.22350E+00     0.41578E-02
     0.70519E+01     0.50993E-01     0.20394E+00     0.33698E-02
     0.71016E+01     0.51788E-01     0.18133E+00     0.28661E-02
     0.71513E+01     0.52198E-01     0.15569E+00     0.25652E-02
     0.72010E+01     0.52287E-01     0.12769E+00     0.29952E-02
     0.72506E+01     0.52086E-01     0.97783E-01     0.43426E-02
     0.73002E+01     0.51737E-01     0.66307E-01     0.57693E-02
     0.73622E+01     0.50886E-01     0.24515E-01     0.65855E-02
     0.74118E+01     0.49879E-01    -0.10447E-01     0.66131E-02
     0.74614E+01     0.48638E-01    -0.46004E-01     0.66506E-02
     0.75109E+01     0.47240E-01    -0.82136E-01     0.70934E-02
     0.75605E+01     0.45747E-01    -0.11931E+00     0.79589E-02
     0.76100E+01     0.44138E-01    -0.15740E+00     0.90033E-02
     0.76595E+01     0.42301E-01    -0.19522E+00     0.99672E-02
     0.77090E+01     0.40143E-01    -0.23144E+00     0.10696E-01
     0.77585E+01     0.37722E-01    -0.26645E+00     0.11176E-01
     0.78081E+01     0.35223E-01    -0.30250E+00     0.11484E-01
     0.78576E+01     0.32772E-01    -0.34162E+00     0.11701E-01
     0.79071E+01     0.30269E-01    -0.38328E+00     0.12066E-01
     0.79566E+01     0.27481E-01    -0.42462E+00     0.12973E-01
     0.80061E+01     0.24101E-01    -0.46197E+00     0.14553E-01
     0.80556E+01     0.19973E-01    -0.49446E+00     0.16426E-01
     0.81051E+01     0.15232E-01    -0.52380E+00     0.17317E-01
     0.81546E+01     0.10021E-01    -0.54663E+00     0.16738E-01
     0.82042E+01     0.41170E-02    -0.57280E+00     0.13448E-01
     0.82537E+01    -0.30342E-02    -0.60563E+00     0.80213E-02
     0.83033E+01    -0.10917E-01    -0.63990E+00     0.33798E-02
     0.83529E+01    -0.16809E-01    -0.60012E+00     0.10270E-02
     0.84025E+01    -0.19357E-01    -0.47541E+00     0.44616E-03
     0.84521E+01    -0.20253E-01    -0.30378E+00     0.39045E-03
     0.85018E+01    -0.20066E-01     0.00000E+00     0.00000E+00
     0.85515E+01    -0.20066E-01     0.00000E+00     0.00000E+00
     0.86012E+01    -0.20066E-01     0.00000E+00     0.00000E+00
     0.86509E+01    -0.20066E-01     0.00000E+00     0.00000E+00
     0.87007E+01    -0.20066E-01     0.00000E+00     0.00000E+00
     0.87505E+01    -0.20066E-01     0.00000E+00     0.00000E+00
     0.88004E+01    -0.20066E-01     0.00000E+00     0.00000E+00
     0.88503E+01    -0.20066E-01     0.00000E+00     0.00000E+00
     0.89002E+01    -0.20066E-01     0.00000E+00     0.00000E+00
     0.89502E+01    -0.20066E-01     0.00000E+00     0.00000E+00
     0.90002E+01    -0.20066E-01     0.00000E+00     0.00000E+00
     0.90502E+01    -0.20066E-01     0.00000E+00     0.00000E+00
     0.91003E+01    -0.20066E-01     0.00000E+00     0.00000E+00
     0.91503E+01    -0.20066E-01     0.00000E+00     0.00000E+00
     0.92004E+01    -0.20066E-01     0.00000E+00     0.00000E+00
     0.92504E+01    -0.19630E-01     0.12915E+00    -0.30844E-01
     0.93005E+01    -0.18677E-01     0.23197E+00    -0.84745E-01
     0.93505E+01    -0.17473E-01     0.20381E+00    -0.92649E-01
     0.94006E+01    -0.16163E-01     0.17524E+00    -0.89703E-01
     0.94506E+01    -0.14750E-01     0.13963E+00    -0.80349E-01
     0.95007E+01    -0.13295E-01     0.10150E+00    -0.67629E-01
     0.95507E+01    -0.11849E-01     0.65591E-01    -0.54659E-01
     0.96008E+01    -0.10472E-01     0.37877E-01    -0.43998E-01
     0.96508E+01    -0.91629E-02     0.25453E-01    -0.35894E-01
     0.97009E+01    -0.79335E-02     0.22452E-01    -0.30585E-01
     0.97510E+01    -0.67803E-02     0.28528E-01    -0.25356E-01
     0.98010E+01    -0.60136E-02     0.32718E-01    -0.16176E-01
     0.98511E+01    -0.54333E-02     0.41281E-01    -0.10130E-02
     0.99011E+01    -0.48746E-02     0.50350E-01     0.47651E-02
     0.99512E+01    -0.43539E-02     0.57288E-01     0.53230E-02
     0.10001E+02    -0.38601E-02     0.60317E-01     0.45298E-02
     0.10051E+02    -0.32640E-02     0.59668E-01     0.39734E-02
     0.10101E+02    -0.26195E-02     0.56478E-01     0.48648E-02
     0.10151E+02    -0.19453E-02     0.49256E-01     0.68513E-02
     0.10201E+02    -0.12382E-02     0.39770E-01     0.84729E-02
     0.10251E+02    -0.50107E-03     0.28897E-01     0.76836E-02
     0.10302E+02     0.12408E-03     0.19000E-01     0.37602E-02
     0.10352E+02     0.61386E-03     0.11104E-01    -0.29233E-02
     0.10402E+02     0.10246E-02     0.62171E-02    -0.10950E-01
     0.10452E+02     0.13446E-02     0.29348E-02    -0.17812E-01
     0.10502E+02     0.15526E-02    -0.43927E-03    -0.20737E-01
     0.10552E+02     0.17003E-02    -0.49729E-02    -0.19916E-01
     0.10602E+02     0.18245E-02    -0.92324E-02    -0.16946E-01
     0.10652E+02     0.19055E-02    -0.13984E-01    -0.12444E-01
     0.10702E+02     0.18891E-02    -0.19598E-01    -0.70164E-02
     0.10752E+02     0.17596E-02    -0.25483E-01    -0.17683E-02
     0.10802E+02     0.14773E-02    -0.31013E-01     0.22560E-02
     0.10852E+02     0.10781E-02    -0.35780E-01     0.43410E-02
     0.10902E+02     0.58149E-03    -0.38860E-01     0.42404E-02
     0.10952E+02     0.40693E-04    -0.40604E-01     0.24600E-02
     0.11002E+02    -0.50151E-03    -0.41633E-01    -0.36746E-03
     0.11052E+02    -0.97754E-03    -0.41799E-01    -0.36899E-02
     0.11103E+02    -0.13825E-02    -0.41350E-01    -0.72836E-02
     0.11153E+02    -0.17148E-02    -0.40025E-01    -0.10837E-01
     0.11203E+02    -0.19865E-02    -0.37605E-01    -0.13637E-01
     0.11253E+02    -0.22103E-02    -0.34519E-01    -0.15348E-01
     0.11303E+02    -0.23946E-02    -0.30979E-01    -0.15902E-01
     0.11353E+02    -0.25614E-02    -0.27075E-01    -0.15412E-01
     0.11403E+02    -0.27250E-02    -0.23384E-01    -0.13830E-01
     0.11453E+02    -0.28698E-02    -0.20172E-01    -0.11935E-01
     0.11503E+02    -0.29986E-02    -0.17578E-01    -0.10112E-01
     0.11553E+02    -0.31251E-02    -0.15666E-01    -0.84528E-02
     0.11603E+02    -0.32494E-02    -0.14250E-01    -0.70675E-02
     0.11653E+02    -0.33690E-02    -0.13147E-01    -0.60395E-02
     0.11703E+02    -0.34809E-02    -0.12478E-01    -0.54198E-02
     0.11753E+02    -0.35813E-02    -0.12023E-01    -0.51427E-02
     0.11803E+02    -0.36641E-02    -0.11565E-01    -0.51140E-02
     0.11854E+02    -0.37262E-02    -0.10948E-01    -0.53571E-02
     0.11904E+02    -0.37646E-02    -0.10076E-01    -0.58398E-02
     0.11954E+02    -0.37773E-02    -0.89158E-02    -0.65063E-02
     0.12004E+02    -0.37642E-02    -0.74351E-02    -0.72150E-02
     0.12054E+02    -0.37281E-02    -0.57445E-02    -0.78208E-02
     0.12104E+02    -0.36729E-02    -0.40444E-02    -0.82760E-02
     0.12154E+02    -0.35999E-02    -0.25416E-02    -0.85463E-02
     0.12204E+02    -0.35088E-02    -0.14496E-02    -0.86761E-02
     0.12254E+02    -0.34124E-02    -0.89330E-03    -0.87260E-02
     0.12304E+02    -0.33211E-02    -0.55357E-03    -0.86458E-02
     0.12354E+02    -0.32220E-02    -0.60101E-04    -0.84468E-02
     0.12404E+02    -0.31161E-02     0.22932E-03    -0.81910E-02
     0.12454E+02    -0.30109E-02     0.36577E-03    -0.78988E-02
     0.12504E+02    -0.29059E-02     0.48402E-03    -0.75748E-02
     0.12555E+02    -0.27974E-02     0.64169E-03    -0.72597E-02
     0.12605E+02    -0.26850E-02     0.85019E-03    -0.70063E-02
     0.12655E+02    -0.25683E-02     0.10091E-02    -0.68407E-02
     0.12705E+02    -0.24464E-02     0.10988E-02    -0.68029E-02
     0.12755E+02    -0.23227E-02     0.11427E-02    -0.68798E-02
     0.12805E+02    -0.22002E-02     0.10434E-02    -0.70099E-02
     0.12855E+02    -0.20779E-02     0.75170E-03    -0.71653E-02
     0.12905E+02    -0.19560E-02     0.18605E-03    -0.73100E-02
     0.12955E+02    -0.18396E-02    -0.65151E-03    -0.74075E-02
     0.13005E+02    -0.17290E-02    -0.17283E-02    -0.74371E-02
     0.13055E+02    -0.16248E-02    -0.29723E-02    -0.73328E-02
     0.13105E+02    -0.15316E-02    -0.43273E-02    -0.70664E-02
     0.13155E+02    -0.14580E-02    -0.55772E-02    -0.66492E-02
     0.13206E+02    -0.14085E-02    -0.65120E-02    -0.61619E-02
     0.13256E+02    -0.13789E-02    -0.71976E-02    -0.57557E-02
     0.13306E+02    -0.13623E-02    -0.77330E-02    -0.55390E-02
     0.13356E+02    -0.13503E-02    -0.81768E-02    -0.56015E-02
     0.13406E+02    -0.13359E-02    -0.84572E-02    -0.58750E-02
     0.13456E+02    -0.13211E-02    -0.86395E-02    -0.62856E-02
     0.13506E+02    -0.13075E-02    -0.88167E-02    -0.67659E-02
     0.13556E+02    -0.12933E-02    -0.89798E-02    -0.72331E-02
     0.13606E+02    -0.12778E-02    -0.91359E-02    -0.75883E-02
     0.13656E+02    -0.12606E-02    -0.92773E-02    -0.77787E-02
     0.13706E+02    -0.12405E-02    -0.93504E-02    -0.78819E-02
     0.13757E+02    -0.12189E-02    -0.93473E-02    -0.78920E-02
     0.13807E+02    -0.11990E-02    -0.93097E-02    -0.77901E-02
     0.13857E+02    -0.11808E-02    -0.92906E-02    -0.76427E-02
     0.13907E+02    -0.11671E-02    -0.93300E-02    -0.74659E-02
     0.13957E+02    -0.11613E-02    -0.94714E-02    -0.72759E-02
     0.14007E+02    -0.11645E-02    -0.98230E-02    -0.70918E-02
     0.14058E+02    -0.11768E-02    -0.10326E-01    -0.69226E-02
     0.14108E+02    -0.11972E-02    -0.10959E-01    -0.67597E-02
     0.14158E+02    -0.12246E-02    -0.11701E-01    -0.66060E-02
     0.14209E+02    -0.12579E-02    -0.12483E-01    -0.64829E-02
     0.14259E+02    -0.12961E-02    -0.13189E-01    -0.64156E-02
     0.14310E+02    -0.13398E-02    -0.13625E-01    -0.64239E-02
     0.14360E+02    -0.13887E-02    -0.13718E-01    -0.64932E-02
     0.14411E+02    -0.14378E-02    -0.13578E-01    -0.66029E-02
     0.14462E+02    -0.14837E-02    -0.13197E-01    -0.67196E-02
     0.14500E+02    -0.15140E-02    -0.12761E-01    -0.68054E-02
     0.14551E+02    -0.15477E-02    -0.12077E-01    -0.69161E-02
     0.14602E+02    -0.15734E-02    -0.11347E-01    -0.70196E-02
     0.14653E+02    -0.15917E-02    -0.10649E-01    -0.71115E-02
     0.14704E+02    -0.16034E-02    -0.10042E-01    -0.71860E-02
     0.14755E+02    -0.16099E-02    -0.95628E-02    -0.72392E-02
     0.14806E+02    -0.16123E-02    -0.91810E-02    -0.72493E-02
     0.14857E+02    -0.16105E-02    -0.88693E-02    -0.72351E-02
     0.14908E+02    -0.16043E-02    -0.85959E-02    -0.72170E-02
     0.14959E+02    -0.15928E-02    -0.83238E-02    -0.72204E-02
     0.15011E+02    -0.15750E-02    -0.80291E-02    -0.72546E-02
     0.15062E+02    -0.15500E-02    -0.76718E-02    -0.73057E-02
     0.15113E+02    -0.15160E-02    -0.72331E-02    -0.73965E-02
     0.15151E+02    -0.14840E-02    -0.68435E-02    -0.74913E-02
     0.15201E+02    -0.14330E-02    -0.62434E-02    -0.76744E-02
     0.15252E+02    -0.13730E-02    -0.55732E-02    -0.78976E-02
     0.15302E+02    -0.13054E-02    -0.49082E-02    -0.80892E-02
     0.15353E+02    -0.12344E-02    -0.43818E-02    -0.81945E-02
     0.15403E+02    -0.11653E-02    -0.41821E-02    -0.82285E-02
     0.15453E+02    -0.11007E-02    -0.42370E-02    -0.82042E-02
     0.15503E+02    -0.10419E-02    -0.45510E-02    -0.80856E-02
     0.15554E+02    -0.99336E-03    -0.52068E-02    -0.78738E-02
     0.15604E+02    -0.95475E-03    -0.61674E-02    -0.75976E-02
     0.15654E+02    -0.92396E-03    -0.73960E-02    -0.72533E-02
     0.15704E+02    -0.89954E-03    -0.87646E-02    -0.68239E-02
     0.15754E+02    -0.88196E-03    -0.10090E-01    -0.63221E-02
     0.15804E+02    -0.87672E-03    -0.11161E-01    -0.58153E-02
     0.15855E+02    -0.89558E-03    -0.11682E-01    -0.54352E-02
     0.15905E+02    -0.92939E-03    -0.11837E-01    -0.52587E-02
     0.15955E+02    -0.96227E-03    -0.11346E-01    -0.52663E-02
     0.16005E+02    -0.99119E-03    -0.10499E-01    -0.54003E-02
     0.16055E+02    -0.10085E-02    -0.94572E-02    -0.56408E-02
     0.16105E+02    -0.10129E-02    -0.84104E-02    -0.59565E-02
     0.16155E+02    -0.10024E-02    -0.74159E-02    -0.63250E-02
     0.16205E+02    -0.97651E-03    -0.64876E-02    -0.67090E-02
     0.16255E+02    -0.93797E-03    -0.56381E-02    -0.70866E-02
     0.16305E+02    -0.89011E-03    -0.49159E-02    -0.74291E-02
     0.16356E+02    -0.83576E-03    -0.44090E-02    -0.77081E-02
     0.16406E+02    -0.77787E-03    -0.41711E-02    -0.79237E-02
     0.16456E+02    -0.71883E-03    -0.41410E-02    -0.80820E-02
     0.16506E+02    -0.66081E-03    -0.42357E-02    -0.81639E-02
     0.16556E+02    -0.60264E-03    -0.43952E-02    -0.81424E-02
     0.16606E+02    -0.54185E-03    -0.45179E-02    -0.80411E-02
     0.16656E+02    -0.47692E-03    -0.46034E-02    -0.78780E-02
     0.16706E+02    -0.40815E-03    -0.46330E-02    -0.76855E-02
     0.16757E+02    -0.33552E-03    -0.45421E-02    -0.74755E-02
     0.16807E+02    -0.25998E-03    -0.43110E-02    -0.72770E-02
     0.16857E+02    -0.18069E-03    -0.40588E-02    -0.71322E-02
     0.16907E+02    -0.10006E-03    -0.38665E-02    -0.70145E-02
     0.16957E+02    -0.21681E-04    -0.38729E-02    -0.68715E-02
     0.17008E+02     0.51984E-04    -0.40247E-02    -0.66668E-02
     0.17058E+02     0.11762E-03    -0.44239E-02    -0.64056E-02
     0.17108E+02     0.17335E-03    -0.51182E-02    -0.61129E-02
     0.17158E+02     0.21878E-03    -0.61209E-02    -0.58407E-02
     0.17208E+02     0.25479E-03    -0.73597E-02    -0.56042E-02
     0.17259E+02     0.28143E-03    -0.87243E-02    -0.53733E-02
     0.17309E+02     0.29478E-03    -0.10065E-01    -0.51258E-02
     0.17359E+02     0.28936E-03    -0.11101E-01    -0.49043E-02
     0.17410E+02     0.26460E-03    -0.11612E-01    -0.47955E-02
     0.17460E+02     0.22954E-03    -0.11860E-01    -0.48884E-02
     0.17510E+02     0.19248E-03    -0.11944E-01    -0.50845E-02
     0.17560E+02     0.15808E-03    -0.11965E-01    -0.53654E-02
     0.17611E+02     0.12693E-03    -0.11977E-01    -0.57718E-02
     0.17661E+02     0.10141E-03    -0.11990E-01    -0.62202E-02
     0.17711E+02     0.81121E-04    -0.12020E-01    -0.66574E-02
     0.17762E+02     0.62912E-04    -0.12083E-01    -0.70296E-02
     0.17812E+02     0.41159E-04    -0.12209E-01    -0.73170E-02
     0.17862E+02     0.12704E-04    -0.12455E-01    -0.75165E-02
     0.17900E+02    -0.14569E-04    -0.12773E-01    -0.76146E-02
     0.17950E+02    -0.59225E-04    -0.13281E-01    -0.77308E-02
     0.18001E+02    -0.11098E-03    -0.13862E-01    -0.78976E-02
     0.18051E+02    -0.16054E-03    -0.14342E-01    -0.81648E-02
     0.18101E+02    -0.20399E-03    -0.14534E-01    -0.85329E-02
     0.18152E+02    -0.24574E-03    -0.14248E-01    -0.89828E-02
     0.18202E+02    -0.28317E-03    -0.13444E-01    -0.95261E-02
     0.18252E+02    -0.30281E-03    -0.12089E-01    -0.10163E-01
     0.18302E+02    -0.29131E-03    -0.10117E-01    -0.10849E-01
     0.18353E+02    -0.23794E-03    -0.75577E-02    -0.11506E-01
     0.18403E+02    -0.14112E-03    -0.45606E-02    -0.12080E-01
     0.18453E+02    -0.37004E-05    -0.13422E-02    -0.12509E-01
     0.18503E+02     0.17319E-03     0.18929E-02    -0.12711E-01
     0.18553E+02     0.39224E-03     0.50138E-02    -0.12791E-01
     0.18604E+02     0.64331E-03     0.81428E-02    -0.12621E-01
     0.18654E+02     0.92642E-03     0.11155E-01    -0.12244E-01
     0.18704E+02     0.12594E-02     0.13744E-01    -0.11815E-01
     0.18754E+02     0.16430E-02     0.15863E-01    -0.11358E-01
     0.18804E+02     0.20737E-02     0.17510E-01    -0.10921E-01
     0.18854E+02     0.25465E-02     0.18698E-01    -0.10513E-01
     0.18905E+02     0.30557E-02     0.19426E-01    -0.10124E-01
     0.18955E+02     0.35933E-02     0.19622E-01    -0.97601E-02
     0.19005E+02     0.41465E-02     0.19442E-01    -0.94873E-02
     0.19055E+02     0.47068E-02     0.18466E-01    -0.93465E-02
     0.19105E+02     0.52578E-02     0.16843E-01    -0.90427E-02
     0.19155E+02     0.57248E-02     0.15758E-01    -0.82625E-02
     0.19205E+02     0.60728E-02     0.15347E-01    -0.70348E-02
     0.19255E+02     0.62937E-02     0.15500E-01    -0.50685E-02
     0.19305E+02     0.64122E-02     0.15819E-01    -0.33300E-02
     0.19355E+02     0.65081E-02     0.15625E-01    -0.28213E-02
     0.19405E+02     0.66074E-02     0.14577E-01    -0.35014E-02
     0.19455E+02     0.66953E-02     0.12297E-01    -0.46642E-02
     0.19505E+02     0.67964E-02     0.82562E-02    -0.56150E-02
     0.19555E+02     0.69189E-02     0.21984E-02    -0.56104E-02
     0.19605E+02     0.70421E-02    -0.57445E-02    -0.44607E-02
     0.19655E+02     0.71144E-02    -0.14879E-01    -0.27058E-02
     0.19705E+02     0.71145E-02    -0.24960E-01    -0.87605E-03
     0.19755E+02     0.70507E-02    -0.36401E-01     0.35161E-03
     0.19805E+02     0.68411E-02    -0.47042E-01     0.88647E-03
     0.19855E+02     0.64137E-02    -0.55417E-01     0.80457E-03
     0.19905E+02     0.57829E-02    -0.61477E-01     0.87154E-03
     0.19954E+02     0.50581E-02    -0.66501E-01     0.11031E-02
     0.20004E+02     0.42845E-02    -0.71112E-01     0.16995E-02
     0.20054E+02     0.34792E-02    -0.75609E-01     0.25451E-02
     0.20104E+02     0.26594E-02    -0.80523E-01     0.34352E-02
     0.20154E+02     0.17283E-02    -0.83741E-01     0.37883E-02
     0.20204E+02     0.62551E-03    -0.83827E-01     0.36555E-02
     0.20253E+02    -0.51682E-03    -0.82239E-01     0.33286E-02
     0.20303E+02    -0.16190E-02    -0.79470E-01     0.28919E-02
     0.20353E+02    -0.26553E-02    -0.77195E-01     0.22795E-02
     0.20403E+02    -0.36003E-02    -0.76111E-01     0.16082E-02
     0.20453E+02    -0.44638E-02    -0.75599E-01     0.89920E-03
     0.20503E+02    -0.52482E-02    -0.75626E-01     0.18605E-03
     0.20553E+02    -0.59567E-02    -0.76259E-01    -0.49699E-03
     0.20603E+02    -0.66025E-02    -0.77488E-01    -0.12206E-02
     0.20653E+02    -0.72023E-02    -0.78262E-01    -0.22027E-02
     0.20703E+02    -0.77494E-02    -0.76189E-01    -0.30051E-02
     0.20753E+02    -0.84547E-02    -0.72993E-01    -0.44788E-02
     0.20803E+02    -0.91448E-02    -0.63798E-01    -0.71606E-02
     0.20853E+02    -0.95683E-02    -0.54686E-01    -0.89544E-02
     0.20903E+02    -0.97755E-02    -0.45013E-01    -0.10075E-01
     0.20952E+02    -0.97889E-02    -0.32226E-01    -0.10724E-01
     0.21002E+02    -0.96447E-02    -0.18258E-01    -0.10791E-01
     0.21052E+02    -0.93562E-02    -0.45624E-02    -0.10658E-01
     0.21102E+02    -0.89205E-02     0.68101E-02    -0.10573E-01
     0.21152E+02    -0.83716E-02     0.12915E-01    -0.10602E-01
     0.21202E+02    -0.77627E-02     0.16693E-01    -0.10697E-01
     0.21251E+02    -0.71478E-02     0.21135E-01    -0.91565E-02
     0.21301E+02    -0.66149E-02     0.27195E-01    -0.70368E-02
     0.21351E+02    -0.61469E-02     0.35963E-01    -0.44822E-02
     0.21400E+02    -0.57470E-02     0.44468E-01    -0.76349E-03
     0.21450E+02    -0.53136E-02     0.51370E-01     0.16312E-02
     0.21512E+02    -0.46327E-02     0.57249E-01     0.16504E-02
     0.21562E+02    -0.39342E-02     0.59308E-01     0.89773E-04
     0.21611E+02    -0.31171E-02     0.61227E-01    -0.20660E-02
     0.21661E+02    -0.21617E-02     0.62234E-01    -0.39984E-02
     0.21711E+02    -0.10631E-02     0.61953E-01    -0.55151E-02
     0.21760E+02     0.18463E-03     0.58535E-01    -0.65746E-02
     0.21810E+02     0.15941E-02     0.52252E-01    -0.68634E-02
     0.21860E+02     0.30613E-02     0.46150E-01    -0.67364E-02
     0.21909E+02     0.44211E-02     0.42618E-01    -0.64609E-02
     0.21959E+02     0.56931E-02     0.40430E-01    -0.56495E-02
     0.22009E+02     0.68775E-02     0.38815E-01    -0.38892E-02
     0.22058E+02     0.78824E-02     0.38183E-01    -0.72238E-03
     0.22108E+02     0.86118E-02     0.40415E-01     0.33527E-02
     0.22158E+02     0.91412E-02     0.47491E-01     0.65509E-02
     0.22207E+02     0.95544E-02     0.53837E-01     0.87643E-02
     0.22257E+02     0.10016E-01     0.56615E-01     0.96130E-02
     0.22307E+02     0.10606E-01     0.56430E-01     0.10007E-01
     0.22356E+02     0.11261E-01     0.50758E-01     0.10311E-01
     0.22406E+02     0.11995E-01     0.41760E-01     0.10266E-01
     0.22456E+02     0.12758E-01     0.30015E-01     0.10203E-01
     0.22506E+02     0.13491E-01     0.15444E-01     0.10953E-01
     0.22556E+02     0.14134E-01     0.12811E-03     0.13047E-01
     0.22605E+02     0.14574E-01    -0.13722E-01     0.16005E-01
     0.22655E+02     0.14799E-01    -0.26275E-01     0.19667E-01
     0.22705E+02     0.14851E-01    -0.38788E-01     0.23621E-01
     0.22755E+02     0.14519E-01    -0.50976E-01     0.26243E-01
     0.22805E+02     0.13793E-01    -0.61843E-01     0.27870E-01
     0.22855E+02     0.12786E-01    -0.71819E-01     0.29386E-01
     0.22905E+02     0.11600E-01    -0.81636E-01     0.30787E-01
     0.22955E+02     0.10308E-01    -0.91661E-01     0.32124E-01
     0.23005E+02     0.89433E-02    -0.10199E+00     0.33360E-01
     0.23055E+02     0.75256E-02    -0.11243E+00     0.34299E-01
     0.23106E+02     0.60841E-02    -0.12274E+00     0.34989E-01
     0.23156E+02     0.46573E-02    -0.13261E+00     0.35352E-01
     0.23206E+02     0.32881E-02    -0.14196E+00     0.35005E-01
     0.23256E+02     0.18883E-02    -0.15107E+00     0.34710E-01
     0.23306E+02     0.15582E-03    -0.15742E+00     0.34171E-01
     0.23356E+02    -0.17867E-02    -0.15283E+00     0.31937E-01
     0.23407E+02    -0.36455E-02    -0.14332E+00     0.28858E-01
     0.23457E+02    -0.52700E-02    -0.13338E+00     0.25157E-01
     0.23507E+02    -0.65948E-02    -0.12726E+00     0.21462E-01
     0.23557E+02    -0.76818E-02    -0.11988E+00     0.18166E-01
     0.23608E+02    -0.85996E-02    -0.11445E+00     0.15999E-01
     0.23658E+02    -0.95195E-02    -0.99994E-01     0.13872E-01
     0.23708E+02    -0.10005E-01    -0.84417E-01     0.12748E-01
     0.23758E+02    -0.10117E-01    -0.61603E-01     0.12038E-01
     0.23809E+02    -0.98768E-02    -0.34444E-01     0.10552E-01
     0.23859E+02    -0.92892E-02    -0.63794E-02     0.80566E-02
     0.23909E+02    -0.83534E-02     0.15766E-01     0.48706E-02
     0.23960E+02    -0.71726E-02     0.29159E-01     0.22463E-02
     0.24010E+02    -0.60773E-02     0.46181E-01     0.13524E-02
     0.24060E+02    -0.50980E-02     0.63700E-01     0.13807E-02
     0.24110E+02    -0.41798E-02     0.79396E-01     0.13937E-02
     0.24161E+02    -0.31676E-02     0.92210E-01    -0.10947E-02
     0.24211E+02    -0.18920E-02     0.99715E-01    -0.71962E-02
     0.24261E+02    -0.32422E-03     0.10469E+00    -0.16761E-01
     0.24311E+02     0.17532E-02     0.10649E+00    -0.29185E-01
     0.24362E+02     0.44358E-02     0.10081E+00    -0.43770E-01
     0.24412E+02     0.70698E-02     0.94451E-01    -0.55892E-01
     0.24462E+02     0.94831E-02     0.95434E-01    -0.61737E-01
     0.24512E+02     0.11644E-01     0.99139E-01    -0.64829E-01
     0.24563E+02     0.13669E-01     0.10794E+00    -0.67653E-01
     0.24600E+02     0.15128E-01     0.11492E+00    -0.70113E-01
     0.24650E+02     0.17224E-01     0.12293E+00    -0.74614E-01
     0.24701E+02     0.19755E-01     0.12503E+00    -0.84598E-01
     0.24751E+02     0.22507E-01     0.12130E+00    -0.97933E-01
     0.24801E+02     0.25237E-01     0.11459E+00    -0.10988E+00
     0.24851E+02     0.27659E-01     0.10851E+00    -0.11951E+00
     0.24901E+02     0.29656E-01     0.10396E+00    -0.12846E+00
     0.24952E+02     0.31296E-01     0.97339E-01    -0.13725E+00
     0.25002E+02     0.32753E-01     0.87841E-01    -0.14596E+00
