     0.12475E-01     0.31094E-09     0.18716E-08    -0.24006E-12
     0.50017E-01     0.33322E-09     0.20728E-08    -0.38947E-12
     0.10007E+00     0.36668E-09     0.23875E-08    -0.10186E-11
     0.15012E+00     0.40559E-09     0.27583E-08    -0.25374E-11
     0.20016E+00     0.45133E-09     0.31923E-08    -0.55626E-11
     0.25019E+00     0.50536E-09     0.37014E-08    -0.10961E-10
     0.30021E+00     0.56929E-09     0.43036E-08    -0.19413E-10
     0.35023E+00     0.64499E-09     0.50224E-08    -0.31308E-10
     0.40024E+00     0.73465E-09     0.58867E-08    -0.47221E-10
     0.45026E+00     0.84097E-09     0.69300E-08    -0.67198E-10
     0.50027E+00     0.96705E-09     0.81902E-08    -0.89352E-10
     0.55028E+00     0.11166E-08     0.97090E-08    -0.11176E-09
     0.60029E+00     0.12938E-08     0.11531E-07    -0.13331E-09
     0.65031E+00     0.15035E-08     0.13706E-07    -0.15280E-09
     0.70033E+00     0.17512E-08     0.16282E-07    -0.17090E-09
     0.75035E+00     0.20431E-08     0.19312E-07    -0.19158E-09
     0.80037E+00     0.23859E-08     0.22852E-07    -0.21941E-09
     0.85039E+00     0.27868E-08     0.26957E-07    -0.25672E-09
     0.90041E+00     0.32542E-08     0.31689E-07    -0.30507E-09
     0.95043E+00     0.37971E-08     0.37112E-07    -0.36600E-09
     0.10005E+01     0.44258E-08     0.43296E-07    -0.44032E-09
     0.10505E+01     0.51520E-08     0.50323E-07    -0.52827E-09
     0.11005E+01     0.59890E-08     0.58289E-07    -0.62965E-09
     0.11505E+01     0.69526E-08     0.67315E-07    -0.74387E-09
     0.12006E+01     0.80608E-08     0.77549E-07    -0.87028E-09
     0.12506E+01     0.93352E-08     0.89173E-07    -0.10078E-08
     0.13006E+01     0.10801E-07     0.10242E-06    -0.11566E-08
     0.13506E+01     0.12487E-07     0.11755E-06    -0.13183E-08
     0.14007E+01     0.14429E-07     0.13492E-06    -0.14959E-08
     0.14507E+01     0.16665E-07     0.15489E-06    -0.16933E-08
     0.15007E+01     0.19242E-07     0.17793E-06    -0.19145E-08
     0.15507E+01     0.22213E-07     0.20455E-06    -0.21643E-08
     0.16008E+01     0.25636E-07     0.23533E-06    -0.24480E-08
     0.16508E+01     0.29583E-07     0.27094E-06    -0.27719E-08
     0.17008E+01     0.34131E-07     0.31215E-06    -0.31434E-08
     0.17508E+01     0.39374E-07     0.35979E-06    -0.35719E-08
     0.18009E+01     0.45416E-07     0.41488E-06    -0.40695E-08
     0.18509E+01     0.52381E-07     0.47854E-06    -0.46512E-08
     0.19009E+01     0.60412E-07     0.55209E-06    -0.53361E-08
     0.19509E+01     0.69677E-07     0.63708E-06    -0.61456E-08
     0.20010E+01     0.80369E-07     0.73528E-06    -0.71025E-08
     0.20510E+01     0.92711E-07     0.84874E-06    -0.82301E-08
     0.21010E+01     0.10696E-06     0.97981E-06    -0.95516E-08
     0.21510E+01     0.12341E-06     0.11312E-05    -0.11092E-07
     0.22010E+01     0.14241E-06     0.13059E-05    -0.12878E-07
     0.22511E+01     0.16433E-06     0.15076E-05    -0.14940E-07
     0.23011E+01     0.18962E-06     0.17402E-05    -0.17315E-07
     0.23511E+01     0.21881E-06     0.20086E-05    -0.20044E-07
     0.24011E+01     0.25249E-06     0.23181E-05    -0.23179E-07
     0.24512E+01     0.29136E-06     0.26752E-05    -0.26781E-07
     0.25012E+01     0.33621E-06     0.30872E-05    -0.30923E-07
     0.25512E+01     0.38798E-06     0.35627E-05    -0.35689E-07
     0.26012E+01     0.44774E-06     0.41114E-05    -0.41177E-07
     0.26513E+01     0.51670E-06     0.47447E-05    -0.47501E-07
     0.27013E+01     0.59630E-06     0.54756E-05    -0.54790E-07
     0.27513E+01     0.68816E-06     0.63191E-05    -0.63195E-07
     0.28013E+01     0.79416E-06     0.72924E-05    -0.72888E-07
     0.28514E+01     0.91647E-06     0.84155E-05    -0.84066E-07
     0.29014E+01     0.10576E-05     0.97115E-05    -0.96960E-07
     0.29514E+01     0.12205E-05     0.11207E-04    -0.11184E-06
     0.30014E+01     0.14085E-05     0.12933E-04    -0.12902E-06
     0.30514E+01     0.16254E-05     0.14925E-04    -0.14885E-06
     0.31015E+01     0.18757E-05     0.17223E-04    -0.17176E-06
     0.31515E+01     0.21646E-05     0.19876E-04    -0.19821E-06
     0.32015E+01     0.24980E-05     0.22936E-04    -0.22875E-06
     0.32515E+01     0.28827E-05     0.26469E-04    -0.26401E-06
     0.33016E+01     0.33266E-05     0.30545E-04    -0.30470E-06
     0.33516E+01     0.38389E-05     0.35248E-04    -0.35166E-06
     0.34016E+01     0.44301E-05     0.40675E-04    -0.40584E-06
     0.34516E+01     0.51123E-05     0.46938E-04    -0.46836E-06
     0.35017E+01     0.58996E-05     0.54165E-04    -0.54049E-06
     0.35517E+01     0.68081E-05     0.62504E-04    -0.62370E-06
     0.36017E+01     0.78564E-05     0.72126E-04    -0.71970E-06
     0.36517E+01     0.90661E-05     0.83229E-04    -0.83044E-06
     0.37017E+01     0.10462E-04     0.96040E-04    -0.95819E-06
     0.37518E+01     0.12073E-04     0.11082E-03    -0.11056E-05
     0.38018E+01     0.13931E-04     0.12787E-03    -0.12756E-05
     0.38518E+01     0.16076E-04     0.14755E-03    -0.14718E-05
     0.39018E+01     0.18551E-04     0.17025E-03    -0.16980E-05
     0.39519E+01     0.21406E-04     0.19644E-03    -0.19590E-05
     0.40019E+01     0.24701E-04     0.22665E-03    -0.22599E-05
     0.40519E+01     0.28502E-04     0.26150E-03    -0.26071E-05
     0.41019E+01     0.32888E-04     0.30170E-03    -0.30074E-05
     0.41520E+01     0.37948E-04     0.34808E-03    -0.34690E-05
     0.42020E+01     0.43786E-04     0.40156E-03    -0.40012E-05
     0.42520E+01     0.50521E-04     0.46324E-03    -0.46148E-05
     0.43020E+01     0.58291E-04     0.53438E-03    -0.53222E-05
     0.43521E+01     0.67255E-04     0.61641E-03    -0.61375E-05
     0.44021E+01     0.77595E-04     0.71099E-03    -0.70770E-05
     0.44521E+01     0.89522E-04     0.82004E-03    -0.81593E-05
     0.45021E+01     0.10328E-03     0.94575E-03    -0.94060E-05
     0.45522E+01     0.11915E-03     0.10907E-02    -0.10842E-04
     0.46022E+01     0.13745E-03     0.12577E-02    -0.12495E-04
     0.46522E+01     0.15856E-03     0.14501E-02    -0.14398E-04
     0.47022E+01     0.18291E-03     0.16719E-02    -0.16589E-04
     0.47523E+01     0.21098E-03     0.19274E-02    -0.19108E-04
     0.48023E+01     0.24336E-03     0.22217E-02    -0.22006E-04
     0.48523E+01     0.28070E-03     0.25606E-02    -0.25337E-04
     0.49023E+01     0.32375E-03     0.29508E-02    -0.29164E-04
     0.49524E+01     0.37339E-03     0.34000E-02    -0.33559E-04
     0.50024E+01     0.43062E-03     0.39169E-02    -0.38603E-04
     0.50524E+01     0.49661E-03     0.45117E-02    -0.44389E-04
     0.51024E+01     0.57270E-03     0.51958E-02    -0.51022E-04
     0.51525E+01     0.66041E-03     0.59823E-02    -0.58619E-04
     0.52025E+01     0.76154E-03     0.68863E-02    -0.67312E-04
     0.52525E+01     0.87813E-03     0.79249E-02    -0.77244E-04
     0.53025E+01     0.10125E-02     0.91174E-02    -0.88580E-04
     0.53526E+01     0.11675E-02     0.10486E-01    -0.10150E-03
     0.54026E+01     0.13461E-02     0.12056E-01    -0.11619E-03
     0.54526E+01     0.15521E-02     0.13855E-01    -0.13286E-03
     0.55027E+01     0.17895E-02     0.15914E-01    -0.15174E-03
     0.55527E+01     0.20633E-02     0.18271E-01    -0.17306E-03
     0.56027E+01     0.23789E-02     0.20963E-01    -0.19726E-03
     0.56527E+01     0.27429E-02     0.24035E-01    -0.22559E-03
     0.57028E+01     0.31627E-02     0.27534E-01    -0.25959E-03
     0.57528E+01     0.36467E-02     0.31509E-01    -0.29426E-03
     0.58028E+01     0.42042E-02     0.36019E-01    -0.32333E-03
     0.58529E+01     0.48461E-02     0.41126E-01    -0.34143E-03
     0.59029E+01     0.55839E-02     0.46891E-01    -0.33865E-03
     0.59529E+01     0.64319E-02     0.53370E-01    -0.31058E-03
     0.60030E+01     0.74065E-02     0.60597E-01    -0.27751E-03
     0.60530E+01     0.85315E-02     0.68458E-01    -0.25040E-03
     0.61030E+01     0.98255E-02     0.77052E-01    -0.13400E-03
     0.61530E+01     0.11279E-01     0.86931E-01     0.16298E-03
     0.62031E+01     0.12854E-01     0.98747E-01     0.80173E-03
     0.62531E+01     0.14536E-01     0.11285E+00     0.15621E-02
     0.63031E+01     0.16317E-01     0.12912E+00     0.21822E-02
     0.63532E+01     0.18238E-01     0.14708E+00     0.22776E-02
     0.64032E+01     0.20337E-01     0.16598E+00     0.18699E-02
     0.64532E+01     0.22645E-01     0.18492E+00     0.11815E-02
     0.65032E+01     0.25160E-01     0.20319E+00     0.31014E-03
     0.65532E+01     0.27941E-01     0.22022E+00    -0.68924E-03
     0.66032E+01     0.31016E-01     0.23159E+00    -0.24678E-02
     0.66532E+01     0.34316E-01     0.23807E+00    -0.44752E-02
     0.67031E+01     0.37728E-01     0.24107E+00    -0.50407E-02
     0.67530E+01     0.40779E-01     0.24099E+00    -0.35735E-02
     0.68029E+01     0.43230E-01     0.23931E+00    -0.11216E-02
     0.68528E+01     0.45153E-01     0.23668E+00     0.12699E-02
     0.69026E+01     0.46633E-01     0.23233E+00     0.31130E-02
     0.69524E+01     0.47684E-01     0.22295E+00     0.43076E-02
     0.70021E+01     0.48474E-01     0.20847E+00     0.45809E-02
     0.70519E+01     0.49140E-01     0.18987E+00     0.41978E-02
     0.71016E+01     0.49562E-01     0.16648E+00     0.29221E-02
     0.71513E+01     0.49729E-01     0.14034E+00     0.20806E-02
     0.72010E+01     0.49630E-01     0.11320E+00     0.25807E-02
     0.72506E+01     0.49270E-01     0.85327E-01     0.38974E-02
     0.73002E+01     0.48566E-01     0.55817E-01     0.52619E-02
     0.73622E+01     0.47392E-01     0.15433E-01     0.63365E-02
     0.74118E+01     0.46280E-01    -0.18198E-01     0.65149E-02
     0.74614E+01     0.45016E-01    -0.51964E-01     0.64815E-02
     0.75109E+01     0.43582E-01    -0.85438E-01     0.66642E-02
     0.75605E+01     0.42014E-01    -0.11915E+00     0.73540E-02
     0.76100E+01     0.40365E-01    -0.15386E+00     0.82536E-02
     0.76595E+01     0.38628E-01    -0.18939E+00     0.90729E-02
     0.77090E+01     0.36721E-01    -0.22415E+00     0.96907E-02
     0.77585E+01     0.34520E-01    -0.25679E+00     0.10264E-01
     0.78081E+01     0.32070E-01    -0.28790E+00     0.10762E-01
     0.78576E+01     0.29571E-01    -0.32000E+00     0.11017E-01
     0.79071E+01     0.27168E-01    -0.35487E+00     0.11019E-01
     0.79566E+01     0.24772E-01    -0.38741E+00     0.11161E-01
     0.80061E+01     0.22104E-01    -0.42244E+00     0.12090E-01
     0.80556E+01     0.18757E-01    -0.45274E+00     0.13836E-01
     0.81051E+01     0.14672E-01    -0.47707E+00     0.15944E-01
     0.81546E+01     0.99715E-02    -0.49608E+00     0.16993E-01
     0.82042E+01     0.49103E-02    -0.51211E+00     0.16791E-01
     0.82537E+01    -0.65146E-03    -0.52268E+00     0.14901E-01
     0.83033E+01    -0.72456E-02    -0.52412E+00     0.10381E-01
     0.83529E+01    -0.15042E-01    -0.52122E+00     0.51342E-02
     0.84025E+01    -0.22919E-01    -0.52329E+00     0.11712E-02
     0.84521E+01    -0.28413E-01    -0.54139E+00     0.89324E-03
     0.85018E+01    -0.31408E-01    -0.47935E+00     0.59351E-03
     0.85515E+01    -0.32275E-01    -0.21647E+00     0.20784E-03
     0.86012E+01    -0.32502E-01     0.00000E+00     0.00000E+00
     0.86509E+01    -0.32502E-01     0.00000E+00     0.00000E+00
     0.87007E+01    -0.32502E-01     0.00000E+00     0.00000E+00
     0.87505E+01    -0.32502E-01     0.00000E+00     0.00000E+00
     0.88004E+01    -0.32502E-01     0.00000E+00     0.00000E+00
     0.88503E+01    -0.32426E-01     0.23084E-01    -0.94129E-02
     0.89002E+01    -0.31741E-01     0.21707E+00    -0.34212E-01
     0.89502E+01    -0.30219E-01     0.26217E+00    -0.31050E-01
     0.90002E+01    -0.28333E-01     0.25217E+00    -0.24298E-01
     0.90502E+01    -0.26306E-01     0.22958E+00    -0.19605E-01
     0.91003E+01    -0.24176E-01     0.19549E+00    -0.16997E-01
     0.91503E+01    -0.22080E-01     0.14555E+00    -0.15952E-01
     0.92004E+01    -0.20204E-01     0.10820E+00    -0.15965E-01
     0.92504E+01    -0.18944E-01     0.93377E-01    -0.11287E-01
     0.93005E+01    -0.18035E-01     0.91125E-01    -0.76260E-02
     0.93505E+01    -0.17194E-01     0.86458E-01    -0.33956E-02
     0.94006E+01    -0.16285E-01     0.85231E-01    -0.21274E-02
     0.94506E+01    -0.15258E-01     0.85733E-01    -0.28625E-02
     0.95007E+01    -0.14111E-01     0.86415E-01    -0.47923E-02
     0.95507E+01    -0.12844E-01     0.85592E-01    -0.66590E-02
     0.96008E+01    -0.11454E-01     0.81924E-01    -0.74215E-02
     0.96508E+01    -0.99689E-02     0.73841E-01    -0.67902E-02
     0.97009E+01    -0.84643E-02     0.64495E-01    -0.53052E-02
     0.97510E+01    -0.70702E-02     0.55635E-01    -0.40676E-02
     0.98010E+01    -0.59396E-02     0.50587E-01    -0.31201E-02
     0.98511E+01    -0.50603E-02     0.48760E-01    -0.16766E-02
     0.99011E+01    -0.44186E-02     0.48425E-01    -0.21293E-03
     0.99512E+01    -0.39508E-02     0.49242E-01     0.65562E-03
     0.10001E+02    -0.35266E-02     0.51675E-01     0.12899E-02
     0.10051E+02    -0.31407E-02     0.53339E-01     0.20232E-02
     0.10101E+02    -0.27429E-02     0.52901E-01     0.32445E-02
     0.10151E+02    -0.23324E-02     0.50381E-01     0.47697E-02
     0.10201E+02    -0.18451E-02     0.45322E-01     0.59484E-02
     0.10251E+02    -0.13093E-02     0.37936E-01     0.65389E-02
     0.10302E+02    -0.75703E-03     0.29254E-01     0.57855E-02
     0.10352E+02    -0.20685E-03     0.19734E-01     0.31007E-02
     0.10402E+02     0.35154E-03     0.99113E-02    -0.14370E-02
     0.10452E+02     0.81392E-03     0.20713E-02    -0.62718E-02
     0.10502E+02     0.11337E-02    -0.31665E-02    -0.94923E-02
     0.10552E+02     0.13325E-02    -0.67903E-02    -0.92494E-02
     0.10602E+02     0.14461E-02    -0.10357E-01    -0.68934E-02
     0.10652E+02     0.14461E-02    -0.14148E-01    -0.32750E-02
     0.10702E+02     0.13429E-02    -0.18586E-01     0.72719E-03
     0.10752E+02     0.11761E-02    -0.23601E-01     0.38955E-02
     0.10802E+02     0.94951E-03    -0.28839E-01     0.58026E-02
     0.10852E+02     0.65318E-03    -0.33742E-01     0.64411E-02
     0.10902E+02     0.29519E-03    -0.37753E-01     0.61682E-02
     0.10952E+02    -0.10877E-03    -0.40207E-01     0.50902E-02
     0.11002E+02    -0.53744E-03    -0.40767E-01     0.32353E-02
     0.11052E+02    -0.94229E-03    -0.39998E-01     0.96678E-03
     0.11103E+02    -0.13025E-02    -0.38521E-01    -0.14009E-02
     0.11153E+02    -0.15789E-02    -0.36665E-01    -0.35836E-02
     0.11203E+02    -0.17946E-02    -0.34682E-01    -0.52794E-02
     0.11253E+02    -0.19803E-02    -0.32572E-01    -0.62774E-02
     0.11303E+02    -0.21547E-02    -0.30323E-01    -0.66497E-02
     0.11353E+02    -0.23394E-02    -0.27907E-01    -0.64746E-02
     0.11403E+02    -0.25261E-02    -0.25390E-01    -0.59672E-02
     0.11453E+02    -0.27103E-02    -0.22874E-01    -0.52401E-02
     0.11503E+02    -0.28845E-02    -0.20547E-01    -0.44478E-02
     0.11553E+02    -0.30464E-02    -0.18521E-01    -0.36627E-02
     0.11603E+02    -0.31940E-02    -0.16906E-01    -0.29748E-02
     0.11653E+02    -0.33265E-02    -0.15540E-01    -0.24439E-02
     0.11703E+02    -0.34442E-02    -0.14263E-01    -0.20972E-02
     0.11753E+02    -0.35453E-02    -0.12990E-01    -0.19181E-02
     0.11803E+02    -0.36229E-02    -0.11726E-01    -0.19187E-02
     0.11854E+02    -0.36719E-02    -0.10524E-01    -0.20559E-02
     0.11904E+02    -0.36942E-02    -0.93517E-02    -0.23422E-02
     0.11954E+02    -0.36913E-02    -0.81636E-02    -0.26878E-02
     0.12004E+02    -0.36663E-02    -0.69291E-02    -0.30237E-02
     0.12054E+02    -0.36281E-02    -0.57581E-02    -0.33127E-02
     0.12104E+02    -0.35812E-02    -0.47021E-02    -0.35359E-02
     0.12154E+02    -0.35273E-02    -0.37530E-02    -0.37205E-02
     0.12204E+02    -0.34688E-02    -0.28949E-02    -0.38887E-02
     0.12254E+02    -0.33975E-02    -0.22118E-02    -0.39995E-02
     0.12304E+02    -0.32997E-02    -0.17284E-02    -0.40046E-02
     0.12354E+02    -0.31958E-02    -0.13925E-02    -0.39032E-02
     0.12404E+02    -0.30964E-02    -0.10540E-02    -0.37898E-02
     0.12454E+02    -0.29955E-02    -0.69223E-03    -0.37259E-02
     0.12504E+02    -0.28915E-02    -0.29144E-03    -0.36866E-02
     0.12555E+02    -0.27840E-02     0.14461E-03    -0.36373E-02
     0.12605E+02    -0.26732E-02     0.56420E-03    -0.35635E-02
     0.12655E+02    -0.25564E-02     0.89190E-03    -0.34937E-02
     0.12705E+02    -0.24391E-02     0.10760E-02    -0.34233E-02
     0.12755E+02    -0.23238E-02     0.10944E-02    -0.33541E-02
     0.12805E+02    -0.22132E-02     0.95377E-03    -0.32703E-02
     0.12855E+02    -0.21096E-02     0.65907E-03    -0.31533E-02
     0.12905E+02    -0.20137E-02     0.21421E-03    -0.30442E-02
     0.12955E+02    -0.19229E-02    -0.37921E-03    -0.29652E-02
     0.13005E+02    -0.18344E-02    -0.11225E-02    -0.28865E-02
     0.13055E+02    -0.17463E-02    -0.20238E-02    -0.27892E-02
     0.13105E+02    -0.16602E-02    -0.30600E-02    -0.26578E-02
     0.13155E+02    -0.15770E-02    -0.41409E-02    -0.24799E-02
     0.13206E+02    -0.15000E-02    -0.51901E-02    -0.22590E-02
     0.13256E+02    -0.14366E-02    -0.60784E-02    -0.19914E-02
     0.13306E+02    -0.13904E-02    -0.67404E-02    -0.17140E-02
     0.13356E+02    -0.13608E-02    -0.71792E-02    -0.15156E-02
     0.13406E+02    -0.13491E-02    -0.75244E-02    -0.14936E-02
     0.13456E+02    -0.13408E-02    -0.78945E-02    -0.16850E-02
     0.13506E+02    -0.13302E-02    -0.82120E-02    -0.20130E-02
     0.13556E+02    -0.13167E-02    -0.84551E-02    -0.23852E-02
     0.13606E+02    -0.12986E-02    -0.86335E-02    -0.27333E-02
     0.13656E+02    -0.12754E-02    -0.87450E-02    -0.29913E-02
     0.13706E+02    -0.12483E-02    -0.87993E-02    -0.31264E-02
     0.13757E+02    -0.12223E-02    -0.88408E-02    -0.31495E-02
     0.13807E+02    -0.12014E-02    -0.88884E-02    -0.30548E-02
     0.13857E+02    -0.11881E-02    -0.89764E-02    -0.28948E-02
     0.13907E+02    -0.11835E-02    -0.91458E-02    -0.27123E-02
     0.13957E+02    -0.11889E-02    -0.93983E-02    -0.25546E-02
     0.14007E+02    -0.12054E-02    -0.96787E-02    -0.24410E-02
     0.14058E+02    -0.12292E-02    -0.10014E-01    -0.23436E-02
     0.14108E+02    -0.12591E-02    -0.10411E-01    -0.22370E-02
     0.14158E+02    -0.12925E-02    -0.10841E-01    -0.21270E-02
     0.14209E+02    -0.13256E-02    -0.11261E-01    -0.20377E-02
     0.14259E+02    -0.13562E-02    -0.11634E-01    -0.19842E-02
     0.14310E+02    -0.13820E-02    -0.11942E-01    -0.19696E-02
     0.14360E+02    -0.14083E-02    -0.12113E-01    -0.20157E-02
     0.14411E+02    -0.14376E-02    -0.12108E-01    -0.21200E-02
     0.14462E+02    -0.14671E-02    -0.11915E-01    -0.22569E-02
     0.14500E+02    -0.14886E-02    -0.11674E-01    -0.23624E-02
     0.14551E+02    -0.15158E-02    -0.11263E-01    -0.25003E-02
     0.14602E+02    -0.15407E-02    -0.10805E-01    -0.26320E-02
     0.14653E+02    -0.15628E-02    -0.10343E-01    -0.27531E-02
     0.14704E+02    -0.15813E-02    -0.99068E-02    -0.28579E-02
     0.14755E+02    -0.15945E-02    -0.95079E-02    -0.29422E-02
     0.14806E+02    -0.16008E-02    -0.91727E-02    -0.30046E-02
     0.14857E+02    -0.16004E-02    -0.88782E-02    -0.30469E-02
     0.14908E+02    -0.15935E-02    -0.85920E-02    -0.30863E-02
     0.14959E+02    -0.15785E-02    -0.82691E-02    -0.31375E-02
     0.15011E+02    -0.15558E-02    -0.78785E-02    -0.32180E-02
     0.15062E+02    -0.15253E-02    -0.74421E-02    -0.33325E-02
     0.15113E+02    -0.14867E-02    -0.69652E-02    -0.34815E-02
     0.15151E+02    -0.14522E-02    -0.65849E-02    -0.35981E-02
     0.15201E+02    -0.13988E-02    -0.60649E-02    -0.37366E-02
     0.15252E+02    -0.13394E-02    -0.55723E-02    -0.38442E-02
     0.15302E+02    -0.12786E-02    -0.51726E-02    -0.39148E-02
     0.15353E+02    -0.12224E-02    -0.49410E-02    -0.39380E-02
     0.15403E+02    -0.11728E-02    -0.49118E-02    -0.38790E-02
     0.15453E+02    -0.11265E-02    -0.50779E-02    -0.37471E-02
     0.15503E+02    -0.10872E-02    -0.54322E-02    -0.35582E-02
     0.15554E+02    -0.10601E-02    -0.59577E-02    -0.33512E-02
     0.15604E+02    -0.10405E-02    -0.66004E-02    -0.31436E-02
     0.15654E+02    -0.10239E-02    -0.73031E-02    -0.29405E-02
     0.15704E+02    -0.10068E-02    -0.80451E-02    -0.27339E-02
     0.15754E+02    -0.98752E-03    -0.88102E-02    -0.25022E-02
     0.15804E+02    -0.96472E-03    -0.95243E-02    -0.22282E-02
     0.15855E+02    -0.93574E-03    -0.10061E-01    -0.19032E-02
     0.15905E+02    -0.92058E-03    -0.10195E-01    -0.16200E-02
     0.15955E+02    -0.91689E-03    -0.10006E-01    -0.14783E-02
     0.16005E+02    -0.92391E-03    -0.94995E-02    -0.14934E-02
     0.16055E+02    -0.93735E-03    -0.87718E-02    -0.16481E-02
     0.16105E+02    -0.94647E-03    -0.79189E-02    -0.19371E-02
     0.16155E+02    -0.94477E-03    -0.70450E-02    -0.23110E-02
     0.16205E+02    -0.92811E-03    -0.62395E-02    -0.27019E-02
     0.16255E+02    -0.89829E-03    -0.55650E-02    -0.30554E-02
     0.16305E+02    -0.86123E-03    -0.50540E-02    -0.33454E-02
     0.16356E+02    -0.82020E-03    -0.47025E-02    -0.35573E-02
     0.16406E+02    -0.77500E-03    -0.44895E-02    -0.36935E-02
     0.16456E+02    -0.72320E-03    -0.43913E-02    -0.37704E-02
     0.16506E+02    -0.66438E-03    -0.43702E-02    -0.38163E-02
     0.16556E+02    -0.60128E-03    -0.43353E-02    -0.38026E-02
     0.16606E+02    -0.53490E-03    -0.42810E-02    -0.37335E-02
     0.16656E+02    -0.46541E-03    -0.42049E-02    -0.36447E-02
     0.16706E+02    -0.39143E-03    -0.41022E-02    -0.35438E-02
     0.16757E+02    -0.31219E-03    -0.39921E-02    -0.34410E-02
     0.16807E+02    -0.23267E-03    -0.38934E-02    -0.33283E-02
     0.16857E+02    -0.15845E-03    -0.38322E-02    -0.31927E-02
     0.16907E+02    -0.91387E-04    -0.38315E-02    -0.30250E-02
     0.16957E+02    -0.31099E-04    -0.39590E-02    -0.28362E-02
     0.17008E+02     0.24227E-04    -0.43024E-02    -0.26220E-02
     0.17058E+02     0.67249E-04    -0.48028E-02    -0.23664E-02
     0.17108E+02     0.97401E-04    -0.54460E-02    -0.20811E-02
     0.17158E+02     0.11883E-03    -0.62171E-02    -0.17975E-02
     0.17208E+02     0.13607E-03    -0.71019E-02    -0.15352E-02
     0.17259E+02     0.15034E-03    -0.81055E-02    -0.13083E-02
     0.17309E+02     0.16424E-03    -0.91635E-02    -0.11375E-02
     0.17359E+02     0.18114E-03    -0.10182E-01    -0.10345E-02
     0.17410E+02     0.19362E-03    -0.11058E-01    -0.10022E-02
     0.17460E+02     0.18754E-03    -0.11633E-01    -0.10628E-02
     0.17510E+02     0.16673E-03    -0.11964E-01    -0.12216E-02
     0.17560E+02     0.13822E-03    -0.12139E-01    -0.14589E-02
     0.17611E+02     0.10912E-03    -0.12233E-01    -0.17674E-02
     0.17661E+02     0.83365E-04    -0.12330E-01    -0.21232E-02
     0.17711E+02     0.60905E-04    -0.12494E-01    -0.24734E-02
     0.17762E+02     0.36426E-04    -0.12773E-01    -0.28029E-02
     0.17812E+02     0.67948E-05    -0.13145E-01    -0.31163E-02
     0.17862E+02    -0.30742E-04    -0.13538E-01    -0.34209E-02
     0.17900E+02    -0.65143E-04    -0.13797E-01    -0.36461E-02
     0.17950E+02    -0.11349E-03    -0.14094E-01    -0.39400E-02
     0.18001E+02    -0.15840E-03    -0.14223E-01    -0.42243E-02
     0.18051E+02    -0.19463E-03    -0.14182E-01    -0.45055E-02
     0.18101E+02    -0.21631E-03    -0.14016E-01    -0.48033E-02
     0.18152E+02    -0.22268E-03    -0.13578E-01    -0.51258E-02
     0.18202E+02    -0.21542E-03    -0.12602E-01    -0.55060E-02
     0.18252E+02    -0.18748E-03    -0.11068E-01    -0.59498E-02
     0.18302E+02    -0.13022E-03    -0.89883E-02    -0.64125E-02
     0.18353E+02    -0.43254E-04    -0.65525E-02    -0.68477E-02
     0.18403E+02     0.74436E-04    -0.39070E-02    -0.71962E-02
     0.18453E+02     0.22166E-03    -0.11507E-02    -0.74490E-02
     0.18503E+02     0.39479E-03     0.15340E-02    -0.75952E-02
     0.18553E+02     0.60156E-03     0.41986E-02    -0.76400E-02
     0.18604E+02     0.84269E-03     0.68488E-02    -0.75850E-02
     0.18654E+02     0.11177E-02     0.94892E-02    -0.73906E-02
     0.18704E+02     0.14319E-02     0.12031E-01    -0.71520E-02
     0.18754E+02     0.17900E-02     0.14353E-01    -0.69274E-02
     0.18804E+02     0.21930E-02     0.16339E-01    -0.66927E-02
     0.18854E+02     0.26393E-02     0.17903E-01    -0.64816E-02
     0.18905E+02     0.31205E-02     0.18990E-01    -0.62949E-02
     0.18955E+02     0.36216E-02     0.19572E-01    -0.60805E-02
     0.19005E+02     0.41332E-02     0.19575E-01    -0.58643E-02
     0.19055E+02     0.46352E-02     0.19011E-01    -0.57345E-02
     0.19105E+02     0.51223E-02     0.17758E-01    -0.55920E-02
     0.19155E+02     0.55791E-02     0.15834E-01    -0.53501E-02
     0.19205E+02     0.59643E-02     0.13688E-01    -0.47805E-02
     0.19255E+02     0.62386E-02     0.11886E-01    -0.38413E-02
     0.19305E+02     0.63965E-02     0.10673E-01    -0.29230E-02
     0.19355E+02     0.64626E-02     0.96084E-02    -0.23763E-02
     0.19405E+02     0.64714E-02     0.81970E-02    -0.22481E-02
     0.19455E+02     0.64490E-02     0.61291E-02    -0.26050E-02
     0.19505E+02     0.64157E-02     0.31702E-02    -0.30738E-02
     0.19555E+02     0.63923E-02    -0.96127E-03    -0.31769E-02
     0.19605E+02     0.63827E-02    -0.63790E-02    -0.27119E-02
     0.19655E+02     0.63826E-02    -0.13147E-01    -0.16019E-02
     0.19705E+02     0.63443E-02    -0.20829E-01     0.33322E-04
     0.19755E+02     0.62432E-02    -0.29401E-01     0.18050E-02
     0.19805E+02     0.60925E-02    -0.38644E-01     0.31653E-02
     0.19855E+02     0.57973E-02    -0.47612E-01     0.40574E-02
     0.19905E+02     0.53370E-02    -0.55181E-01     0.47154E-02
     0.19954E+02     0.47134E-02    -0.61058E-01     0.53790E-02
     0.20004E+02     0.39667E-02    -0.65734E-01     0.60879E-02
     0.20054E+02     0.31427E-02    -0.69743E-01     0.68072E-02
     0.20104E+02     0.22808E-02    -0.73494E-01     0.74888E-02
     0.20154E+02     0.14470E-02    -0.77458E-01     0.80281E-02
     0.20204E+02     0.53947E-03    -0.79854E-01     0.80807E-02
     0.20253E+02    -0.45074E-03    -0.79965E-01     0.76932E-02
     0.20303E+02    -0.14690E-02    -0.78270E-01     0.70690E-02
     0.20353E+02    -0.24732E-02    -0.75280E-01     0.62938E-02
     0.20403E+02    -0.34194E-02    -0.71549E-01     0.54361E-02
     0.20453E+02    -0.42722E-02    -0.67643E-01     0.45201E-02
     0.20503E+02    -0.50252E-02    -0.63807E-01     0.35647E-02
     0.20553E+02    -0.56788E-02    -0.60075E-01     0.26256E-02
     0.20603E+02    -0.62414E-02    -0.56347E-01     0.18088E-02
     0.20653E+02    -0.67197E-02    -0.52352E-01     0.10877E-02
     0.20703E+02    -0.71298E-02    -0.47656E-01     0.44562E-03
     0.20753E+02    -0.74827E-02    -0.42285E-01    -0.18094E-03
     0.20803E+02    -0.78774E-02    -0.34088E-01    -0.12033E-02
     0.20853E+02    -0.82516E-02    -0.23979E-01    -0.23146E-02
     0.20903E+02    -0.84557E-02    -0.13745E-01    -0.32086E-02
     0.20952E+02    -0.85508E-02    -0.42629E-02    -0.38927E-02
     0.21002E+02    -0.85585E-02     0.41198E-02    -0.42718E-02
     0.21052E+02    -0.84768E-02     0.11629E-01    -0.43330E-02
     0.21102E+02    -0.82976E-02     0.18116E-01    -0.43655E-02
     0.21152E+02    -0.79837E-02     0.23418E-01    -0.44532E-02
     0.21202E+02    -0.75143E-02     0.27106E-01    -0.44691E-02
     0.21251E+02    -0.69386E-02     0.29510E-01    -0.44105E-02
     0.21301E+02    -0.63094E-02     0.31380E-01    -0.40888E-02
     0.21351E+02    -0.57112E-02     0.33526E-01    -0.33988E-02
     0.21400E+02    -0.51677E-02     0.37104E-01    -0.22631E-02
     0.21450E+02    -0.46604E-02     0.42058E-01    -0.11757E-02
     0.21512E+02    -0.40374E-02     0.49225E-01    -0.63064E-03
     0.21562E+02    -0.34830E-02     0.54717E-01    -0.81482E-03
     0.21611E+02    -0.28076E-02     0.58752E-01    -0.14485E-02
     0.21661E+02    -0.20041E-02     0.61262E-01    -0.21489E-02
     0.21711E+02    -0.10726E-02     0.62151E-01    -0.27730E-02
     0.21760E+02    -0.22889E-04     0.61937E-01    -0.32682E-02
     0.21810E+02     0.11688E-02     0.60441E-01    -0.34687E-02
     0.21860E+02     0.24826E-02     0.56760E-01    -0.31580E-02
     0.21909E+02     0.39238E-02     0.51797E-01    -0.21053E-02
     0.21959E+02     0.53121E-02     0.47159E-01    -0.77462E-03
     0.22009E+02     0.66041E-02     0.43298E-01     0.78051E-03
     0.22058E+02     0.77720E-02     0.40485E-01     0.27310E-02
     0.22108E+02     0.87462E-02     0.39546E-01     0.49247E-02
     0.22158E+02     0.94603E-02     0.39803E-01     0.74528E-02
     0.22207E+02     0.99348E-02     0.41531E-01     0.98094E-02
     0.22257E+02     0.10251E-01     0.44379E-01     0.11446E-01
     0.22307E+02     0.10477E-01     0.45395E-01     0.12508E-01
     0.22356E+02     0.10741E-01     0.44606E-01     0.13067E-01
     0.22406E+02     0.11092E-01     0.40911E-01     0.13572E-01
     0.22456E+02     0.11546E-01     0.33893E-01     0.14344E-01
     0.22506E+02     0.12154E-01     0.24096E-01     0.15179E-01
     0.22556E+02     0.12804E-01     0.11969E-01     0.16013E-01
     0.22605E+02     0.13387E-01    -0.19579E-02     0.17450E-01
     0.22655E+02     0.13734E-01    -0.16221E-01     0.19906E-01
     0.22705E+02     0.13779E-01    -0.29354E-01     0.22882E-01
     0.22755E+02     0.13537E-01    -0.41712E-01     0.25712E-01
     0.22805E+02     0.12953E-01    -0.52744E-01     0.27523E-01
     0.22855E+02     0.12052E-01    -0.62170E-01     0.28614E-01
     0.22905E+02     0.10918E-01    -0.70629E-01     0.29458E-01
     0.22955E+02     0.96339E-02    -0.78793E-01     0.30164E-01
     0.23005E+02     0.82710E-02    -0.87110E-01     0.30849E-01
     0.23055E+02     0.68753E-02    -0.95452E-01     0.31430E-01
     0.23106E+02     0.54669E-02    -0.10344E+00     0.31887E-01
     0.23156E+02     0.40663E-02    -0.11074E+00     0.32039E-01
     0.23206E+02     0.26906E-02    -0.11728E+00     0.31990E-01
     0.23256E+02     0.14061E-02    -0.12385E+00     0.31911E-01
     0.23306E+02     0.16784E-03    -0.12825E+00     0.31795E-01
     0.23356E+02    -0.11368E-02    -0.12773E+00     0.31513E-01
     0.23407E+02    -0.25448E-02    -0.12123E+00     0.30943E-01
     0.23457E+02    -0.39380E-02    -0.10979E+00     0.30174E-01
     0.23507E+02    -0.52183E-02    -0.94868E-01     0.29214E-01
     0.23557E+02    -0.62357E-02    -0.78417E-01     0.28012E-01
     0.23608E+02    -0.69423E-02    -0.62736E-01     0.26528E-01
     0.23658E+02    -0.74809E-02    -0.45631E-01     0.24502E-01
     0.23708E+02    -0.77843E-02    -0.27396E-01     0.22265E-01
     0.23758E+02    -0.78790E-02    -0.97087E-02     0.19718E-01
     0.23809E+02    -0.77828E-02     0.73879E-02     0.16994E-01
     0.23859E+02    -0.74998E-02     0.23082E-01     0.14105E-01
     0.23909E+02    -0.70324E-02     0.36458E-01     0.11092E-01
     0.23960E+02    -0.62862E-02     0.46930E-01     0.78585E-02
     0.24010E+02    -0.52193E-02     0.54353E-01     0.43137E-02
     0.24060E+02    -0.41071E-02     0.60985E-01     0.11492E-02
     0.24110E+02    -0.30214E-02     0.68263E-01    -0.17379E-02
     0.24161E+02    -0.19267E-02     0.77132E-01    -0.50826E-02
     0.24211E+02    -0.79552E-03     0.87383E-01    -0.96378E-02
     0.24261E+02     0.52784E-03     0.97735E-01    -0.15982E-01
     0.24311E+02     0.21667E-02     0.10549E+00    -0.24480E-01
     0.24362E+02     0.42357E-02     0.10765E+00    -0.34961E-01
     0.24412E+02     0.66765E-02     0.10680E+00    -0.46764E-01
     0.24462E+02     0.92813E-02     0.10365E+00    -0.58014E-01
     0.24512E+02     0.11790E-01     0.10171E+00    -0.67616E-01
     0.24563E+02     0.14150E-01     0.10125E+00    -0.74996E-01
     0.24600E+02     0.15791E-01     0.10245E+00    -0.79474E-01
     0.24650E+02     0.17884E-01     0.10580E+00    -0.85110E-01
     0.24701E+02     0.20004E-01     0.10807E+00    -0.91835E-01
     0.24751E+02     0.22339E-01     0.10690E+00    -0.10034E+00
     0.24801E+02     0.24823E-01     0.10238E+00    -0.10943E+00
     0.24851E+02     0.27202E-01     0.95685E-01    -0.11848E+00
     0.24901E+02     0.29230E-01     0.87550E-01    -0.12496E+00
     0.24952E+02     0.30851E-01     0.79914E-01    -0.13059E+00
     0.25002E+02     0.32232E-01     0.71631E-01    -0.13574E+00
