     0.12475E-01     0.69139E-11     0.41862E-10    -0.66651E-12
     0.50017E-01     0.71073E-11     0.45948E-10    -0.94066E-12
     0.10007E+00     0.74009E-11     0.51690E-10    -0.17468E-11
     0.15012E+00     0.77451E-11     0.57816E-10    -0.31226E-11
     0.20016E+00     0.81521E-11     0.64392E-10    -0.51510E-11
     0.25019E+00     0.86359E-11     0.71495E-10    -0.79290E-11
     0.30021E+00     0.92125E-11     0.79221E-10    -0.11569E-10
     0.35023E+00     0.99005E-11     0.87683E-10    -0.16200E-10
     0.40024E+00     0.10722E-10     0.97016E-10    -0.21966E-10
     0.45026E+00     0.11701E-10     0.10738E-09    -0.29029E-10
     0.50027E+00     0.12868E-10     0.11897E-09    -0.37567E-10
     0.55028E+00     0.14256E-10     0.13199E-09    -0.47781E-10
     0.60029E+00     0.15903E-10     0.14672E-09    -0.59895E-10
     0.65031E+00     0.17853E-10     0.16345E-09    -0.74164E-10
     0.70033E+00     0.20153E-10     0.18253E-09    -0.90876E-10
     0.75035E+00     0.22859E-10     0.20438E-09    -0.11036E-09
     0.80037E+00     0.26033E-10     0.22946E-09    -0.13299E-09
     0.85039E+00     0.29745E-10     0.25832E-09    -0.15919E-09
     0.90041E+00     0.34074E-10     0.29157E-09    -0.18945E-09
     0.95043E+00     0.39115E-10     0.32994E-09    -0.22434E-09
     0.10005E+01     0.44971E-10     0.37423E-09    -0.26451E-09
     0.10505E+01     0.51767E-10     0.42539E-09    -0.31072E-09
     0.11005E+01     0.59644E-10     0.48450E-09    -0.36383E-09
     0.11505E+01     0.68769E-10     0.55284E-09    -0.42488E-09
     0.12006E+01     0.79335E-10     0.63184E-09    -0.49503E-09
     0.12506E+01     0.91565E-10     0.72322E-09    -0.57567E-09
     0.13006E+01     0.10572E-09     0.82891E-09    -0.66840E-09
     0.13506E+01     0.12209E-09     0.95117E-09    -0.77507E-09
     0.14007E+01     0.14103E-09     0.10926E-08    -0.89782E-09
     0.14507E+01     0.16293E-09     0.12561E-08    -0.10392E-08
     0.15007E+01     0.18824E-09     0.14453E-08    -0.12019E-08
     0.15507E+01     0.21750E-09     0.16640E-08    -0.13895E-08
     0.16008E+01     0.25132E-09     0.19170E-08    -0.16056E-08
     0.16508E+01     0.29039E-09     0.22094E-08    -0.18548E-08
     0.17008E+01     0.33554E-09     0.25475E-08    -0.21420E-08
     0.17508E+01     0.38769E-09     0.29384E-08    -0.24733E-08
     0.18009E+01     0.44793E-09     0.33901E-08    -0.28555E-08
     0.18509E+01     0.51750E-09     0.39122E-08    -0.32965E-08
     0.19009E+01     0.59784E-09     0.45154E-08    -0.38054E-08
     0.19509E+01     0.69061E-09     0.52124E-08    -0.43927E-08
     0.20010E+01     0.79774E-09     0.60176E-08    -0.50705E-08
     0.20510E+01     0.92142E-09     0.69477E-08    -0.58529E-08
     0.21010E+01     0.10642E-08     0.80220E-08    -0.67559E-08
     0.21510E+01     0.12291E-08     0.92628E-08    -0.77982E-08
     0.22010E+01     0.14193E-08     0.10696E-07    -0.90011E-08
     0.22511E+01     0.16390E-08     0.12350E-07    -0.10389E-07
     0.23011E+01     0.18925E-08     0.14261E-07    -0.11992E-07
     0.23511E+01     0.21852E-08     0.16466E-07    -0.13841E-07
     0.24011E+01     0.25230E-08     0.19013E-07    -0.15975E-07
     0.24512E+01     0.29129E-08     0.21952E-07    -0.18438E-07
     0.25012E+01     0.33629E-08     0.25346E-07    -0.21280E-07
     0.25512E+01     0.38823E-08     0.29263E-07    -0.24560E-07
     0.26012E+01     0.44818E-08     0.33784E-07    -0.28346E-07
     0.26513E+01     0.51737E-08     0.39003E-07    -0.32714E-07
     0.27013E+01     0.59721E-08     0.45026E-07    -0.37755E-07
     0.27513E+01     0.68937E-08     0.51978E-07    -0.43572E-07
     0.28013E+01     0.79572E-08     0.60001E-07    -0.50285E-07
     0.28514E+01     0.91846E-08     0.69262E-07    -0.58031E-07
     0.29014E+01     0.10601E-07     0.79949E-07    -0.66970E-07
     0.29514E+01     0.12236E-07     0.92283E-07    -0.77286E-07
     0.30014E+01     0.14122E-07     0.10652E-06    -0.89190E-07
     0.30514E+01     0.16299E-07     0.12294E-06    -0.10293E-06
     0.31015E+01     0.18812E-07     0.14190E-06    -0.11878E-06
     0.31515E+01     0.21711E-07     0.16378E-06    -0.13707E-06
     0.32015E+01     0.25057E-07     0.18903E-06    -0.15818E-06
     0.32515E+01     0.28918E-07     0.21816E-06    -0.18254E-06
     0.33016E+01     0.33374E-07     0.25179E-06    -0.21066E-06
     0.33516E+01     0.38517E-07     0.29059E-06    -0.24310E-06
     0.34016E+01     0.44451E-07     0.33537E-06    -0.28054E-06
     0.34516E+01     0.51299E-07     0.38705E-06    -0.32374E-06
     0.35017E+01     0.59202E-07     0.44668E-06    -0.37360E-06
     0.35517E+01     0.68322E-07     0.51550E-06    -0.43113E-06
     0.36017E+01     0.78847E-07     0.59492E-06    -0.49753E-06
     0.36517E+01     0.90992E-07     0.68657E-06    -0.57415E-06
     0.37017E+01     0.10501E-06     0.79233E-06    -0.66257E-06
     0.37518E+01     0.12118E-06     0.91439E-06    -0.76462E-06
     0.38018E+01     0.13985E-06     0.10552E-05    -0.88237E-06
     0.38518E+01     0.16139E-06     0.12178E-05    -0.10183E-05
     0.39018E+01     0.18625E-06     0.14054E-05    -0.11751E-05
     0.39519E+01     0.21493E-06     0.16218E-05    -0.13561E-05
     0.40019E+01     0.24804E-06     0.18716E-05    -0.15649E-05
     0.40519E+01     0.28624E-06     0.21599E-05    -0.18059E-05
     0.41019E+01     0.33033E-06     0.24926E-05    -0.20840E-05
     0.41520E+01     0.38120E-06     0.28765E-05    -0.24050E-05
     0.42020E+01     0.43991E-06     0.33195E-05    -0.27754E-05
     0.42520E+01     0.50767E-06     0.38308E-05    -0.32028E-05
     0.43020E+01     0.58585E-06     0.44208E-05    -0.36961E-05
     0.43521E+01     0.67608E-06     0.51017E-05    -0.42653E-05
     0.44021E+01     0.78020E-06     0.58874E-05    -0.49221E-05
     0.44521E+01     0.90036E-06     0.67941E-05    -0.56801E-05
     0.45021E+01     0.10390E-05     0.78404E-05    -0.65548E-05
     0.45522E+01     0.11990E-05     0.90478E-05    -0.75641E-05
     0.46022E+01     0.13837E-05     0.10441E-04    -0.87289E-05
     0.46522E+01     0.15967E-05     0.12049E-04    -0.10073E-04
     0.47022E+01     0.18426E-05     0.13905E-04    -0.11624E-04
     0.47523E+01     0.21264E-05     0.16046E-04    -0.13413E-04
     0.48023E+01     0.24538E-05     0.18516E-04    -0.15478E-04
     0.48523E+01     0.28316E-05     0.21368E-04    -0.17861E-04
     0.49023E+01     0.32675E-05     0.24657E-04    -0.20611E-04
     0.49524E+01     0.37706E-05     0.28454E-04    -0.23783E-04
     0.50024E+01     0.43511E-05     0.32834E-04    -0.27444E-04
     0.50524E+01     0.50208E-05     0.37889E-04    -0.31667E-04
     0.51024E+01     0.57937E-05     0.43721E-04    -0.36540E-04
     0.51525E+01     0.66854E-05     0.50451E-04    -0.42162E-04
     0.52025E+01     0.77142E-05     0.58216E-04    -0.48647E-04
     0.52525E+01     0.89013E-05     0.67175E-04    -0.56130E-04
     0.53025E+01     0.10271E-04     0.77511E-04    -0.64762E-04
     0.53526E+01     0.11851E-04     0.89437E-04    -0.74720E-04
     0.54026E+01     0.13674E-04     0.10320E-03    -0.86206E-04
     0.54526E+01     0.15777E-04     0.11907E-03    -0.99456E-04
     0.55027E+01     0.18203E-04     0.13738E-03    -0.11474E-03
     0.55527E+01     0.21002E-04     0.15851E-03    -0.13236E-03
     0.56027E+01     0.24230E-04     0.18288E-03    -0.15269E-03
     0.56527E+01     0.27954E-04     0.21099E-03    -0.17614E-03
     0.57028E+01     0.32250E-04     0.24342E-03    -0.20317E-03
     0.57528E+01     0.37204E-04     0.28083E-03    -0.23434E-03
     0.58028E+01     0.42918E-04     0.32397E-03    -0.27028E-03
     0.58529E+01     0.49508E-04     0.37373E-03    -0.31172E-03
     0.59029E+01     0.57108E-04     0.43112E-03    -0.35949E-03
     0.59529E+01     0.65872E-04     0.49730E-03    -0.41456E-03
     0.60030E+01     0.75978E-04     0.57363E-03    -0.47802E-03
     0.60530E+01     0.87631E-04     0.66165E-03    -0.55117E-03
     0.61030E+01     0.10107E-03     0.76315E-03    -0.63546E-03
     0.61530E+01     0.11656E-03     0.88018E-03    -0.73259E-03
     0.62031E+01     0.13442E-03     0.10151E-02    -0.84449E-03
     0.62531E+01     0.15500E-03     0.11707E-02    -0.97339E-03
     0.63031E+01     0.17873E-03     0.13501E-02    -0.11219E-02
     0.63532E+01     0.20609E-03     0.15569E-02    -0.12928E-02
     0.64032E+01     0.23761E-03     0.17953E-02    -0.14897E-02
     0.64532E+01     0.27395E-03     0.20701E-02    -0.17163E-02
     0.65032E+01     0.31582E-03     0.23869E-02    -0.19772E-02
     0.65532E+01     0.36406E-03     0.27520E-02    -0.22773E-02
     0.66032E+01     0.41963E-03     0.31728E-02    -0.26224E-02
     0.66532E+01     0.48364E-03     0.36577E-02    -0.30193E-02
     0.67031E+01     0.55734E-03     0.42161E-02    -0.34753E-02
     0.67530E+01     0.64219E-03     0.48594E-02    -0.39991E-02
     0.68029E+01     0.73985E-03     0.56004E-02    -0.46004E-02
     0.68528E+01     0.85228E-03     0.64538E-02    -0.52907E-02
     0.69026E+01     0.98168E-03     0.74369E-02    -0.60824E-02
     0.69524E+01     0.11306E-02     0.85693E-02    -0.69902E-02
     0.70021E+01     0.13020E-02     0.98738E-02    -0.80304E-02
     0.70519E+01     0.14992E-02     0.11377E-01    -0.92214E-02
     0.71016E+01     0.17262E-02     0.13108E-01    -0.10584E-01
     0.71513E+01     0.19874E-02     0.15103E-01    -0.12142E-01
     0.72010E+01     0.22878E-02     0.17402E-01    -0.13920E-01
     0.72506E+01     0.26335E-02     0.20052E-01    -0.15948E-01
     0.73002E+01     0.30311E-02     0.23105E-01    -0.18256E-01
     0.73622E+01     0.36127E-02     0.27583E-01    -0.21588E-01
     0.74118E+01     0.41566E-02     0.31779E-01    -0.24656E-01
     0.74614E+01     0.47811E-02     0.36608E-01    -0.28122E-01
     0.75109E+01     0.54971E-02     0.42160E-01    -0.32024E-01
     0.75605E+01     0.63170E-02     0.48534E-01    -0.36400E-01
     0.76100E+01     0.72543E-02     0.55845E-01    -0.41276E-01
     0.76595E+01     0.83235E-02     0.64215E-01    -0.46667E-01
     0.77090E+01     0.95403E-02     0.73771E-01    -0.52568E-01
     0.77585E+01     0.10919E-01     0.84632E-01    -0.58945E-01
     0.78081E+01     0.12470E-01     0.96897E-01    -0.65729E-01
     0.78576E+01     0.14201E-01     0.11062E+00    -0.72802E-01
     0.79071E+01     0.16110E-01     0.12579E+00    -0.79988E-01
     0.79566E+01     0.18181E-01     0.14229E+00    -0.87066E-01
     0.80061E+01     0.20377E-01     0.15991E+00    -0.93759E-01
     0.80556E+01     0.22645E-01     0.17832E+00    -0.99715E-01
     0.81051E+01     0.24919E-01     0.19707E+00    -0.10449E+00
     0.81546E+01     0.27117E-01     0.21559E+00    -0.10749E+00
     0.82042E+01     0.29165E-01     0.23325E+00    -0.10829E+00
     0.82537E+01     0.30980E-01     0.24925E+00    -0.10674E+00
     0.83033E+01     0.32452E-01     0.26294E+00    -0.10237E+00
     0.83529E+01     0.33584E-01     0.27410E+00    -0.95459E-01
     0.84025E+01     0.34435E-01     0.28263E+00    -0.86236E-01
     0.84521E+01     0.35009E-01     0.28863E+00    -0.74594E-01
     0.85018E+01     0.35393E-01     0.29257E+00    -0.60253E-01
     0.85515E+01     0.35669E-01     0.29480E+00    -0.43337E-01
     0.86012E+01     0.35784E-01     0.29536E+00    -0.24300E-01
     0.86509E+01     0.35848E-01     0.29475E+00    -0.36478E-02
     0.87007E+01     0.35826E-01     0.29343E+00     0.18401E-01
     0.87505E+01     0.35664E-01     0.29116E+00     0.40941E-01
     0.88004E+01     0.35200E-01     0.28763E+00     0.62984E-01
     0.88503E+01     0.34452E-01     0.28249E+00     0.83963E-01
     0.89002E+01     0.33358E-01     0.27574E+00     0.10337E+00
     0.89502E+01     0.31907E-01     0.26730E+00     0.12050E+00
     0.90002E+01     0.30098E-01     0.25713E+00     0.13518E+00
     0.90502E+01     0.27988E-01     0.24543E+00     0.14727E+00
     0.91003E+01     0.25584E-01     0.23244E+00     0.15659E+00
     0.91503E+01     0.22981E-01     0.21859E+00     0.16331E+00
     0.92004E+01     0.20306E-01     0.20430E+00     0.16781E+00
     0.92504E+01     0.17638E-01     0.18969E+00     0.17044E+00
     0.93005E+01     0.15008E-01     0.17468E+00     0.17139E+00
     0.93505E+01     0.12453E-01     0.15927E+00     0.17093E+00
     0.94006E+01     0.10009E-01     0.14367E+00     0.16917E+00
     0.94506E+01     0.77137E-02     0.12827E+00     0.16617E+00
     0.95007E+01     0.55540E-02     0.11341E+00     0.16169E+00
     0.95507E+01     0.34819E-02     0.99218E-01     0.15536E+00
     0.96008E+01     0.14506E-02     0.85542E-01     0.14703E+00
     0.96508E+01    -0.53388E-03     0.72234E-01     0.13684E+00
     0.97009E+01    -0.24341E-02     0.59370E-01     0.12519E+00
     0.97510E+01    -0.42301E-02     0.47042E-01     0.11246E+00
     0.98010E+01    -0.59280E-02     0.35329E-01     0.98845E-01
     0.98511E+01    -0.75190E-02     0.24546E-01     0.84617E-01
     0.99011E+01    -0.89811E-02     0.14960E-01     0.70035E-01
     0.99512E+01    -0.10290E-01     0.65370E-02     0.55428E-01
     0.10001E+02    -0.11411E-01    -0.95423E-03     0.41209E-01
     0.10051E+02    -0.12299E-01    -0.77533E-02     0.27840E-01
     0.10101E+02    -0.12933E-01    -0.14044E-01     0.15661E-01
     0.10151E+02    -0.13335E-01    -0.19844E-01     0.48179E-02
     0.10201E+02    -0.13534E-01    -0.24880E-01    -0.45056E-02
     0.10251E+02    -0.13564E-01    -0.28812E-01    -0.12328E-01
     0.10302E+02    -0.13500E-01    -0.31642E-01    -0.18965E-01
     0.10352E+02    -0.13339E-01    -0.33211E-01    -0.24489E-01
     0.10402E+02    -0.13098E-01    -0.33649E-01    -0.28942E-01
     0.10452E+02    -0.12781E-01    -0.33192E-01    -0.32467E-01
     0.10502E+02    -0.12400E-01    -0.32087E-01    -0.35187E-01
     0.10552E+02    -0.11953E-01    -0.30749E-01    -0.37266E-01
     0.10602E+02    -0.11474E-01    -0.29462E-01    -0.38867E-01
     0.10652E+02    -0.10986E-01    -0.28274E-01    -0.40121E-01
     0.10702E+02    -0.10502E-01    -0.27135E-01    -0.41104E-01
     0.10752E+02    -0.10022E-01    -0.25919E-01    -0.41772E-01
     0.10802E+02    -0.95335E-02    -0.24429E-01    -0.41953E-01
     0.10852E+02    -0.90299E-02    -0.22474E-01    -0.41624E-01
     0.10902E+02    -0.85058E-02    -0.19921E-01    -0.40625E-01
     0.10952E+02    -0.79336E-02    -0.16640E-01    -0.38728E-01
     0.11002E+02    -0.72956E-02    -0.12651E-01    -0.36091E-01
     0.11052E+02    -0.65885E-02    -0.81018E-02    -0.32765E-01
     0.11103E+02    -0.58289E-02    -0.34491E-02    -0.28767E-01
     0.11153E+02    -0.50510E-02     0.81712E-03    -0.24280E-01
     0.11203E+02    -0.43795E-02     0.38709E-02    -0.19853E-01
     0.11253E+02    -0.39210E-02     0.52455E-02    -0.16128E-01
     0.11303E+02    -0.36605E-02     0.55902E-02    -0.13430E-01
     0.11353E+02    -0.35675E-02     0.54513E-02    -0.11960E-01
     0.11403E+02    -0.35787E-02     0.54387E-02    -0.11487E-01
     0.11453E+02    -0.35871E-02     0.61573E-02    -0.11592E-01
     0.11503E+02    -0.35349E-02     0.76379E-02    -0.11923E-01
     0.11553E+02    -0.33907E-02     0.96870E-02    -0.12224E-01
     0.11603E+02    -0.31259E-02     0.11922E-01    -0.12211E-01
     0.11653E+02    -0.27678E-02     0.14108E-01    -0.11776E-01
     0.11703E+02    -0.23683E-02     0.16003E-01    -0.10861E-01
     0.11753E+02    -0.19794E-02     0.17398E-01    -0.94506E-02
     0.11803E+02    -0.16394E-02     0.18103E-01    -0.77355E-02
     0.11854E+02    -0.13600E-02     0.18349E-01    -0.58381E-02
     0.11904E+02    -0.11514E-02     0.18225E-01    -0.40011E-02
     0.11954E+02    -0.10101E-02     0.17879E-01    -0.23511E-02
     0.12004E+02    -0.86952E-03     0.17534E-01    -0.76839E-03
     0.12054E+02    -0.70600E-03     0.17256E-01     0.79111E-03
     0.12104E+02    -0.51550E-03     0.16996E-01     0.23903E-02
     0.12154E+02    -0.32995E-03     0.16796E-01     0.40790E-02
     0.12204E+02    -0.18239E-03     0.16742E-01     0.57590E-02
     0.12254E+02    -0.10192E-03     0.16852E-01     0.72993E-02
     0.12304E+02    -0.12131E-03     0.17217E-01     0.86465E-02
     0.12354E+02    -0.20530E-03     0.17918E-01     0.98346E-02
     0.12404E+02    -0.31770E-03     0.18750E-01     0.11033E-01
     0.12454E+02    -0.43967E-03     0.19480E-01     0.12554E-01
     0.12504E+02    -0.49529E-03     0.19819E-01     0.14751E-01
     0.12555E+02    -0.42886E-03     0.19627E-01     0.17524E-01
     0.12605E+02    -0.32509E-03     0.18950E-01     0.20272E-01
     0.12655E+02    -0.27076E-03     0.17743E-01     0.22180E-01
     0.12705E+02    -0.33513E-03     0.16049E-01     0.22838E-01
     0.12755E+02    -0.51367E-03     0.14239E-01     0.22482E-01
     0.12805E+02    -0.71845E-03     0.12639E-01     0.21222E-01
     0.12855E+02    -0.94533E-03     0.11597E-01     0.19524E-01
     0.12905E+02    -0.11514E-02     0.11173E-01     0.17487E-01
     0.12955E+02    -0.13577E-02     0.11119E-01     0.15387E-01
     0.13005E+02    -0.15383E-02     0.11122E-01     0.13479E-01
     0.13055E+02    -0.16771E-02     0.10899E-01     0.11920E-01
     0.13105E+02    -0.17559E-02     0.10218E-01     0.10709E-01
     0.13155E+02    -0.17895E-02     0.90599E-02     0.97735E-02
     0.13206E+02    -0.18193E-02     0.75369E-02     0.90209E-02
     0.13256E+02    -0.18624E-02     0.58611E-02     0.84029E-02
     0.13306E+02    -0.19010E-02     0.41818E-02     0.78870E-02
     0.13356E+02    -0.19330E-02     0.27717E-02     0.74705E-02
     0.13406E+02    -0.19320E-02     0.17537E-02     0.72563E-02
     0.13456E+02    -0.19097E-02     0.10482E-02     0.71704E-02
     0.13506E+02    -0.18545E-02     0.49409E-03     0.72028E-02
     0.13556E+02    -0.17728E-02    -0.27594E-04     0.73736E-02
     0.13606E+02    -0.16741E-02    -0.55150E-03     0.75831E-02
     0.13656E+02    -0.15848E-02    -0.10150E-02     0.77181E-02
     0.13706E+02    -0.15227E-02    -0.12647E-02     0.77477E-02
     0.13757E+02    -0.14653E-02    -0.12450E-02     0.77431E-02
     0.13807E+02    -0.14000E-02    -0.92035E-03     0.78803E-02
     0.13857E+02    -0.13143E-02    -0.49564E-03     0.81158E-02
     0.13907E+02    -0.12009E-02    -0.30117E-03     0.84328E-02
     0.13957E+02    -0.10958E-02    -0.52348E-03     0.85407E-02
     0.14007E+02    -0.10293E-02    -0.13190E-02     0.83301E-02
     0.14058E+02    -0.10079E-02    -0.28237E-02     0.77005E-02
     0.14108E+02    -0.10210E-02    -0.48812E-02     0.66451E-02
     0.14158E+02    -0.10496E-02    -0.70921E-02     0.53854E-02
     0.14209E+02    -0.10320E-02    -0.90070E-02     0.40686E-02
     0.14259E+02    -0.93592E-03    -0.10167E-01     0.28803E-02
     0.14310E+02    -0.74702E-03    -0.10479E-01     0.20847E-02
     0.14360E+02    -0.47884E-03    -0.10248E-01     0.17263E-02
     0.14411E+02    -0.16862E-03    -0.96485E-02     0.16573E-02
     0.14462E+02     0.18835E-03    -0.92209E-02     0.17849E-02
     0.14500E+02     0.44004E-03    -0.92898E-02     0.17881E-02
     0.14551E+02     0.73002E-03    -0.10078E-01     0.15007E-02
     0.14602E+02     0.94551E-03    -0.11957E-01     0.55460E-03
     0.14653E+02     0.10908E-02    -0.14845E-01    -0.88570E-03
     0.14704E+02     0.12456E-02    -0.18586E-01    -0.25809E-02
     0.14755E+02     0.14390E-02    -0.22985E-01    -0.42255E-02
     0.14806E+02     0.16979E-02    -0.27744E-01    -0.55627E-02
     0.14857E+02     0.20444E-02    -0.32578E-01    -0.64546E-02
     0.14908E+02     0.24925E-02    -0.37407E-01    -0.67637E-02
     0.14959E+02     0.30170E-02    -0.42046E-01    -0.65097E-02
     0.15011E+02     0.36062E-02    -0.46261E-01    -0.58475E-02
     0.15062E+02     0.41820E-02    -0.49988E-01    -0.51851E-02
     0.15113E+02     0.46718E-02    -0.53247E-01    -0.48619E-02
     0.15151E+02     0.49769E-02    -0.55505E-01    -0.48253E-02
     0.15201E+02     0.53129E-02    -0.58538E-01    -0.50421E-02
     0.15252E+02     0.56155E-02    -0.61832E-01    -0.53811E-02
     0.15302E+02     0.59187E-02    -0.65494E-01    -0.53910E-02
     0.15353E+02     0.62532E-02    -0.69469E-01    -0.47652E-02
     0.15403E+02     0.66052E-02    -0.73530E-01    -0.33569E-02
     0.15453E+02     0.69503E-02    -0.77387E-01    -0.11792E-02
     0.15503E+02     0.72550E-02    -0.80842E-01     0.16380E-02
     0.15554E+02     0.74899E-02    -0.83844E-01     0.49542E-02
     0.15604E+02     0.76510E-02    -0.86500E-01     0.87118E-02
     0.15654E+02     0.77565E-02    -0.88950E-01     0.12907E-01
     0.15704E+02     0.78407E-02    -0.91249E-01     0.17628E-01
     0.15754E+02     0.79121E-02    -0.93099E-01     0.22872E-01
     0.15804E+02     0.78828E-02    -0.93846E-01     0.28470E-01
     0.15855E+02     0.77357E-02    -0.93050E-01     0.33998E-01
     0.15905E+02     0.74580E-02    -0.90787E-01     0.39036E-01
     0.15955E+02     0.69270E-02    -0.87105E-01     0.43384E-01
     0.16005E+02     0.61373E-02    -0.82463E-01     0.46845E-01
     0.16055E+02     0.51696E-02    -0.77322E-01     0.49420E-01
     0.16105E+02     0.41160E-02    -0.71891E-01     0.51321E-01
     0.16155E+02     0.30580E-02    -0.66220E-01     0.52871E-01
     0.16205E+02     0.20596E-02    -0.60076E-01     0.54449E-01
     0.16255E+02     0.11593E-02    -0.53134E-01     0.56237E-01
     0.16305E+02     0.37603E-03    -0.45310E-01     0.58146E-01
     0.16356E+02    -0.30392E-03    -0.36891E-01     0.59998E-01
     0.16406E+02    -0.91422E-03    -0.28282E-01     0.61575E-01
     0.16456E+02    -0.14756E-02    -0.19891E-01     0.62552E-01
     0.16506E+02    -0.20295E-02    -0.12046E-01     0.62547E-01
     0.16556E+02    -0.26228E-02    -0.48231E-02     0.61186E-01
     0.16606E+02    -0.32976E-02     0.19238E-02     0.58297E-01
     0.16656E+02    -0.40277E-02     0.82080E-02     0.54013E-01
     0.16706E+02    -0.47517E-02     0.13967E-01     0.48957E-01
     0.16757E+02    -0.53980E-02     0.19141E-01     0.43751E-01
     0.16807E+02    -0.59062E-02     0.23629E-01     0.38779E-01
     0.16857E+02    -0.62663E-02     0.27333E-01     0.34271E-01
     0.16907E+02    -0.65081E-02     0.30191E-01     0.30251E-01
     0.16957E+02    -0.66578E-02     0.32235E-01     0.26390E-01
     0.17008E+02    -0.67896E-02     0.33564E-01     0.22233E-01
     0.17058E+02    -0.69398E-02     0.34356E-01     0.17486E-01
     0.17108E+02    -0.71084E-02     0.34637E-01     0.12281E-01
     0.17158E+02    -0.72785E-02     0.34387E-01     0.68183E-02
     0.17208E+02    -0.74011E-02     0.33471E-01     0.12865E-02
     0.17259E+02    -0.74122E-02     0.31543E-01    -0.40412E-02
     0.17309E+02    -0.72674E-02     0.28713E-01    -0.88786E-02
     0.17359E+02    -0.70128E-02     0.25119E-01    -0.13266E-01
     0.17410E+02    -0.66435E-02     0.21100E-01    -0.17240E-01
     0.17460E+02    -0.61659E-02     0.16910E-01    -0.20815E-01
     0.17510E+02    -0.55957E-02     0.12534E-01    -0.23939E-01
     0.17560E+02    -0.49376E-02     0.78232E-02    -0.26517E-01
     0.17611E+02    -0.41755E-02     0.26375E-02    -0.28262E-01
     0.17661E+02    -0.32843E-02    -0.30144E-02    -0.28904E-01
     0.17711E+02    -0.23192E-02    -0.88433E-02    -0.28542E-01
     0.17762E+02    -0.13460E-02    -0.14504E-01    -0.27313E-01
     0.17812E+02    -0.42287E-03    -0.19331E-01    -0.25509E-01
     0.17862E+02     0.40059E-03    -0.22971E-01    -0.23274E-01
     0.17900E+02     0.93083E-03    -0.25370E-01    -0.21497E-01
     0.17950E+02     0.15255E-02    -0.28462E-01    -0.19167E-01
     0.18001E+02     0.20216E-02    -0.31885E-01    -0.16909E-01
     0.18051E+02     0.24563E-02    -0.36222E-01    -0.14711E-01
     0.18101E+02     0.28504E-02    -0.41451E-01    -0.12494E-01
     0.18152E+02     0.32328E-02    -0.47427E-01    -0.99808E-02
     0.18202E+02     0.36143E-02    -0.53591E-01    -0.70937E-02
     0.18252E+02     0.39748E-02    -0.59215E-01    -0.39520E-02
     0.18302E+02     0.42738E-02    -0.63565E-01    -0.83821E-03
     0.18353E+02     0.44843E-02    -0.66314E-01     0.21102E-02
     0.18403E+02     0.46202E-02    -0.67603E-01     0.49941E-02
     0.18453E+02     0.47192E-02    -0.67486E-01     0.78470E-02
     0.18503E+02     0.47486E-02    -0.66411E-01     0.10621E-01
     0.18553E+02     0.47460E-02    -0.64653E-01     0.13522E-01
     0.18604E+02     0.47167E-02    -0.62321E-01     0.16656E-01
     0.18654E+02     0.46646E-02    -0.59541E-01     0.20147E-01
     0.18704E+02     0.45887E-02    -0.56459E-01     0.23999E-01
     0.18754E+02     0.44803E-02    -0.53201E-01     0.28089E-01
     0.18804E+02     0.43230E-02    -0.49931E-01     0.32236E-01
     0.18854E+02     0.41117E-02    -0.46727E-01     0.36270E-01
     0.18905E+02     0.38413E-02    -0.43635E-01     0.39955E-01
     0.18955E+02     0.34963E-02    -0.40636E-01     0.43045E-01
     0.19005E+02     0.30409E-02    -0.37732E-01     0.45350E-01
     0.19055E+02     0.24589E-02    -0.35027E-01     0.46854E-01
     0.19105E+02     0.18186E-02    -0.32678E-01     0.47554E-01
     0.19155E+02     0.11691E-02    -0.30668E-01     0.47507E-01
     0.19205E+02     0.53273E-03    -0.28861E-01     0.46858E-01
     0.19255E+02    -0.60164E-04    -0.27039E-01     0.45710E-01
     0.19305E+02    -0.59128E-03    -0.25048E-01     0.44119E-01
     0.19355E+02    -0.10543E-02    -0.22862E-01     0.42164E-01
     0.19405E+02    -0.14505E-02    -0.20594E-01     0.39798E-01
     0.19455E+02    -0.17995E-02    -0.18433E-01     0.36911E-01
     0.19505E+02    -0.21148E-02    -0.16491E-01     0.33537E-01
     0.19555E+02    -0.24015E-02    -0.14771E-01     0.29884E-01
     0.19605E+02    -0.26401E-02    -0.13184E-01     0.26291E-01
     0.19655E+02    -0.27937E-02    -0.11725E-01     0.23072E-01
     0.19705E+02    -0.28114E-02    -0.10446E-01     0.20363E-01
     0.19755E+02    -0.27274E-02    -0.94652E-02     0.18121E-01
     0.19805E+02    -0.25678E-02    -0.89386E-02     0.16062E-01
     0.19855E+02    -0.24096E-02    -0.91033E-02     0.13964E-01
     0.19905E+02    -0.22888E-02    -0.10007E-01     0.11728E-01
     0.19954E+02    -0.22079E-02    -0.11671E-01     0.93611E-02
     0.20004E+02    -0.21437E-02    -0.13970E-01     0.68753E-02
     0.20054E+02    -0.20565E-02    -0.16804E-01     0.43334E-02
     0.20104E+02    -0.19133E-02    -0.19997E-01     0.18397E-02
     0.20154E+02    -0.16846E-02    -0.23343E-01    -0.50578E-03
     0.20204E+02    -0.13872E-02    -0.26720E-01    -0.26786E-02
     0.20253E+02    -0.10492E-02    -0.30059E-01    -0.46293E-02
     0.20303E+02    -0.69003E-03    -0.33295E-01    -0.63745E-02
     0.20353E+02    -0.32045E-03    -0.36382E-01    -0.79545E-02
     0.20403E+02     0.58599E-04    -0.39325E-01    -0.94597E-02
     0.20453E+02     0.45542E-03    -0.42186E-01    -0.10970E-01
     0.20503E+02     0.88862E-03    -0.45069E-01    -0.12508E-01
     0.20553E+02     0.13715E-02    -0.48118E-01    -0.14058E-01
     0.20603E+02     0.19033E-02    -0.51482E-01    -0.15607E-01
     0.20653E+02     0.24754E-02    -0.55219E-01    -0.17169E-01
     0.20703E+02     0.30776E-02    -0.59209E-01    -0.18773E-01
     0.20753E+02     0.37025E-02    -0.63388E-01    -0.20458E-01
     0.20803E+02     0.43532E-02    -0.67674E-01    -0.22221E-01
     0.20853E+02     0.50422E-02    -0.72027E-01    -0.24087E-01
     0.20903E+02     0.57903E-02    -0.76446E-01    -0.26117E-01
     0.20952E+02     0.66102E-02    -0.80962E-01    -0.28404E-01
     0.21002E+02     0.75048E-02    -0.85636E-01    -0.31037E-01
     0.21052E+02     0.84748E-02    -0.90574E-01    -0.34085E-01
     0.21102E+02     0.95230E-02    -0.95917E-01    -0.37537E-01
     0.21152E+02     0.10656E-01    -0.10181E+00    -0.41237E-01
     0.21202E+02     0.11893E-01    -0.10840E+00    -0.44920E-01
     0.21251E+02     0.13243E-01    -0.11583E+00    -0.48365E-01
     0.21301E+02     0.14701E-01    -0.12410E+00    -0.51424E-01
     0.21351E+02     0.16237E-01    -0.13306E+00    -0.54158E-01
     0.21400E+02     0.17805E-01    -0.14254E+00    -0.56746E-01
     0.21450E+02     0.19357E-01    -0.15244E+00    -0.59337E-01
     0.21512E+02     0.21201E-01    -0.16558E+00    -0.62740E-01
     0.21562E+02     0.22550E-01    -0.17694E+00    -0.65555E-01
     0.21611E+02     0.23776E-01    -0.18917E+00    -0.68196E-01
     0.21661E+02     0.24883E-01    -0.20194E+00    -0.70125E-01
     0.21711E+02     0.25908E-01    -0.21465E+00    -0.70819E-01
     0.21760E+02     0.26866E-01    -0.22640E+00    -0.69838E-01
     0.21810E+02     0.27718E-01    -0.23632E+00    -0.67191E-01
     0.21860E+02     0.28431E-01    -0.24399E+00    -0.62865E-01
     0.21909E+02     0.29027E-01    -0.24964E+00    -0.56661E-01
     0.21959E+02     0.29599E-01    -0.25380E+00    -0.48396E-01
     0.22009E+02     0.30165E-01    -0.25664E+00    -0.38014E-01
     0.22058E+02     0.30644E-01    -0.25830E+00    -0.25695E-01
     0.22108E+02     0.30976E-01    -0.25888E+00    -0.11789E-01
     0.22158E+02     0.31204E-01    -0.25884E+00     0.32060E-02
     0.22207E+02     0.31335E-01    -0.25831E+00     0.18621E-01
     0.22257E+02     0.31215E-01    -0.25695E+00     0.33777E-01
     0.22307E+02     0.30790E-01    -0.25436E+00     0.48105E-01
     0.22356E+02     0.30123E-01    -0.25092E+00     0.61614E-01
     0.22406E+02     0.29370E-01    -0.24691E+00     0.74432E-01
     0.22456E+02     0.28528E-01    -0.24227E+00     0.86496E-01
     0.22506E+02     0.27476E-01    -0.23663E+00     0.97151E-01
     0.22556E+02     0.26127E-01    -0.22983E+00     0.10577E+00
     0.22605E+02     0.24541E-01    -0.22211E+00     0.11236E+00
     0.22655E+02     0.22858E-01    -0.21380E+00     0.11733E+00
     0.22705E+02     0.21153E-01    -0.20503E+00     0.12102E+00
     0.22755E+02     0.19410E-01    -0.19578E+00     0.12319E+00
     0.22805E+02     0.17606E-01    -0.18607E+00     0.12358E+00
     0.22855E+02     0.15734E-01    -0.17598E+00     0.12194E+00
     0.22905E+02     0.13841E-01    -0.16572E+00     0.11822E+00
     0.22955E+02     0.11960E-01    -0.15543E+00     0.11258E+00
     0.23005E+02     0.10136E-01    -0.14523E+00     0.10550E+00
     0.23055E+02     0.84300E-02    -0.13517E+00     0.97652E-01
     0.23106E+02     0.68893E-02    -0.12529E+00     0.89606E-01
     0.23156E+02     0.55244E-02    -0.11575E+00     0.81696E-01
     0.23206E+02     0.43193E-02    -0.10675E+00     0.73951E-01
     0.23256E+02     0.32379E-02    -0.98619E-01     0.66185E-01
     0.23306E+02     0.22364E-02    -0.91568E-01     0.58086E-01
     0.23356E+02     0.12705E-02    -0.85518E-01     0.49429E-01
     0.23407E+02     0.33117E-03    -0.80156E-01     0.40276E-01
     0.23457E+02    -0.54414E-03    -0.75087E-01     0.30982E-01
     0.23507E+02    -0.12878E-02    -0.70129E-01     0.22069E-01
     0.23557E+02    -0.18569E-02    -0.65332E-01     0.13989E-01
     0.23608E+02    -0.22523E-02    -0.60804E-01     0.69598E-02
     0.23658E+02    -0.25125E-02    -0.56681E-01     0.91193E-03
     0.23708E+02    -0.26968E-02    -0.53126E-01    -0.43867E-02
     0.23758E+02    -0.28471E-02    -0.50242E-01    -0.91311E-02
     0.23809E+02    -0.29790E-02    -0.47980E-01    -0.13421E-01
     0.23859E+02    -0.30799E-02    -0.46231E-01    -0.17253E-01
     0.23909E+02    -0.31101E-02    -0.44779E-01    -0.20531E-01
     0.23960E+02    -0.30660E-02    -0.43431E-01    -0.23165E-01
     0.24010E+02    -0.29646E-02    -0.42055E-01    -0.25096E-01
     0.24060E+02    -0.28270E-02    -0.40755E-01    -0.26263E-01
     0.24110E+02    -0.26909E-02    -0.39782E-01    -0.26636E-01
     0.24161E+02    -0.25887E-02    -0.39223E-01    -0.26233E-01
     0.24211E+02    -0.25159E-02    -0.39023E-01    -0.25124E-01
     0.24261E+02    -0.24732E-02    -0.39245E-01    -0.23395E-01
     0.24311E+02    -0.24528E-02    -0.39816E-01    -0.21132E-01
     0.24362E+02    -0.24376E-02    -0.40658E-01    -0.18344E-01
     0.24412E+02    -0.24118E-02    -0.41689E-01    -0.15004E-01
     0.24462E+02    -0.23695E-02    -0.42838E-01    -0.11061E-01
     0.24512E+02    -0.23149E-02    -0.43994E-01    -0.64500E-02
     0.24563E+02    -0.22608E-02    -0.44973E-01    -0.11922E-02
     0.24600E+02    -0.22450E-02    -0.45417E-01     0.30667E-02
     0.24650E+02    -0.22926E-02    -0.45395E-01     0.88087E-02
     0.24701E+02    -0.24297E-02    -0.44774E-01     0.14281E-01
     0.24751E+02    -0.27023E-02    -0.43483E-01     0.19110E-01
     0.24801E+02    -0.30616E-02    -0.41942E-01     0.23257E-01
     0.24851E+02    -0.34575E-02    -0.40463E-01     0.26805E-01
     0.24901E+02    -0.38816E-02    -0.39368E-01     0.29859E-01
     0.24952E+02    -0.42906E-02    -0.38743E-01     0.32526E-01
     0.25002E+02    -0.46947E-02    -0.38421E-01     0.34953E-01
