     0.12475E-01     0.13088E-12     0.78419E-12    -0.24420E-15
     0.50017E-01     0.12607E-12     0.85214E-12    -0.35707E-15
     0.10007E+00     0.11905E-12     0.93094E-12    -0.68612E-15
     0.15012E+00     0.11131E-12     0.99461E-12    -0.12747E-14
     0.20016E+00     0.10291E-12     0.10427E-11    -0.21813E-14
     0.25019E+00     0.94084E-13     0.10757E-11    -0.33734E-14
     0.30021E+00     0.85120E-13     0.10937E-11    -0.48079E-14
     0.35023E+00     0.75745E-13     0.10945E-11    -0.57175E-14
     0.40024E+00     0.66094E-13     0.10782E-11    -0.57706E-14
     0.45026E+00     0.56049E-13     0.10445E-11    -0.46632E-14
     0.50027E+00     0.45629E-13     0.99358E-12    -0.28298E-14
     0.55028E+00     0.35036E-13     0.92673E-12    -0.15123E-14
     0.60029E+00     0.24606E-13     0.84701E-12    -0.20722E-14
     0.65031E+00     0.14801E-13     0.75845E-12    -0.53013E-14
     0.70033E+00     0.60996E-14     0.66494E-12    -0.12155E-13
     0.75035E+00    -0.10988E-14     0.57078E-12    -0.22912E-13
     0.80037E+00    -0.65730E-14     0.47843E-12    -0.36327E-13
     0.85039E+00    -0.10331E-13     0.38896E-12    -0.50327E-13
     0.90041E+00    -0.12553E-13     0.30200E-12    -0.62479E-13
     0.95043E+00    -0.13622E-13     0.21647E-12    -0.70533E-13
     0.10005E+01    -0.13874E-13     0.13207E-12    -0.73063E-13
     0.10505E+01    -0.13420E-13     0.49778E-13    -0.70363E-13
     0.11005E+01    -0.12379E-13    -0.29313E-13    -0.64156E-13
     0.11505E+01    -0.10477E-13    -0.10223E-12    -0.57623E-13
     0.12006E+01    -0.75418E-14    -0.16866E-12    -0.53538E-13
     0.12506E+01    -0.42324E-14    -0.23179E-12    -0.52735E-13
     0.13006E+01    -0.18302E-15    -0.29458E-12    -0.55190E-13
     0.13506E+01     0.45736E-14    -0.35549E-12    -0.60339E-13
     0.14007E+01     0.10009E-13    -0.41239E-12    -0.66913E-13
     0.14507E+01     0.16455E-13    -0.46597E-12    -0.73353E-13
     0.15007E+01     0.23930E-13    -0.51560E-12    -0.78696E-13
     0.15507E+01     0.32410E-13    -0.56166E-12    -0.83135E-13
     0.16008E+01     0.41885E-13    -0.60507E-12    -0.87832E-13
     0.16508E+01     0.52361E-13    -0.64638E-12    -0.94013E-13
     0.17008E+01     0.63884E-13    -0.68611E-12    -0.10243E-12
     0.17508E+01     0.76481E-13    -0.72494E-12    -0.11311E-12
     0.18009E+01     0.90176E-13    -0.76378E-12    -0.12539E-12
     0.18509E+01     0.10500E-12    -0.80395E-12    -0.13844E-12
     0.19009E+01     0.12102E-12    -0.84726E-12    -0.15176E-12
     0.19509E+01     0.13829E-12    -0.89535E-12    -0.16540E-12
     0.20010E+01     0.15693E-12    -0.94975E-12    -0.18032E-12
     0.20510E+01     0.17715E-12    -0.10121E-11    -0.19772E-12
     0.21010E+01     0.19925E-12    -0.10842E-11    -0.21844E-12
     0.21510E+01     0.22356E-12    -0.11680E-11    -0.24286E-12
     0.22010E+01     0.25038E-12    -0.12655E-11    -0.27082E-12
     0.22511E+01     0.27999E-12    -0.13789E-11    -0.30202E-12
     0.23011E+01     0.31269E-12    -0.15104E-11    -0.33647E-12
     0.23511E+01     0.34882E-12    -0.16626E-11    -0.37468E-12
     0.24011E+01     0.38886E-12    -0.18383E-11    -0.41776E-12
     0.24512E+01     0.43343E-12    -0.20409E-11    -0.46715E-12
     0.25012E+01     0.48324E-12    -0.22741E-11    -0.52429E-12
     0.25512E+01     0.53914E-12    -0.25427E-11    -0.59040E-12
     0.26012E+01     0.60207E-12    -0.28520E-11    -0.66636E-12
     0.26513E+01     0.67310E-12    -0.32083E-11    -0.75297E-12
     0.27013E+01     0.75338E-12    -0.36186E-11    -0.85112E-12
     0.27513E+01     0.84423E-12    -0.40909E-11    -0.96213E-12
     0.28013E+01     0.94717E-12    -0.46340E-11    -0.10879E-11
     0.28514E+01     0.10639E-11    -0.52578E-11    -0.12309E-11
     0.29014E+01     0.11965E-11    -0.59739E-11    -0.13942E-11
     0.29514E+01     0.13472E-11    -0.67959E-11    -0.15813E-11
     0.30014E+01     0.15188E-11    -0.77398E-11    -0.17960E-11
     0.30514E+01     0.17144E-11    -0.88243E-11    -0.20425E-11
     0.31015E+01     0.19378E-11    -0.10072E-10    -0.23253E-11
     0.31515E+01     0.21931E-11    -0.11507E-10    -0.26498E-11
     0.32015E+01     0.24850E-11    -0.13160E-10    -0.30222E-11
     0.32515E+01     0.28192E-11    -0.15063E-10    -0.34497E-11
     0.33016E+01     0.32020E-11    -0.17255E-10    -0.39411E-11
     0.33516E+01     0.36407E-11    -0.19780E-10    -0.45060E-11
     0.34016E+01     0.41439E-11    -0.22690E-10    -0.51562E-11
     0.34516E+01     0.47213E-11    -0.26043E-10    -0.59046E-11
     0.35017E+01     0.53842E-11    -0.29909E-10    -0.67666E-11
     0.35517E+01     0.61458E-11    -0.34365E-10    -0.77595E-11
     0.36017E+01     0.70210E-11    -0.39503E-10    -0.89031E-11
     0.36517E+01     0.80273E-11    -0.45428E-10    -0.10221E-10
     0.37017E+01     0.91847E-11    -0.52262E-10    -0.11739E-10
     0.37518E+01     0.10516E-10    -0.60144E-10    -0.13489E-10
     0.38018E+01     0.12049E-10    -0.69239E-10    -0.15507E-10
     0.38518E+01     0.13814E-10    -0.79734E-10    -0.17835E-10
     0.39018E+01     0.15847E-10    -0.91845E-10    -0.20522E-10
     0.39519E+01     0.18190E-10    -0.10583E-09    -0.23623E-10
     0.40019E+01     0.20889E-10    -0.12196E-09    -0.27203E-10
     0.40519E+01     0.24001E-10    -0.14059E-09    -0.31334E-10
     0.41019E+01     0.27589E-10    -0.16210E-09    -0.36102E-10
     0.41520E+01     0.31726E-10    -0.18693E-09    -0.41606E-10
     0.42020E+01     0.36498E-10    -0.21560E-09    -0.47958E-10
     0.42520E+01     0.42002E-10    -0.24871E-09    -0.55291E-10
     0.43020E+01     0.48352E-10    -0.28694E-09    -0.63755E-10
     0.43521E+01     0.55678E-10    -0.33108E-09    -0.73526E-10
     0.44021E+01     0.64131E-10    -0.38205E-09    -0.84805E-10
     0.44521E+01     0.73886E-10    -0.44091E-09    -0.97828E-10
     0.45021E+01     0.85143E-10    -0.50887E-09    -0.11286E-09
     0.45522E+01     0.98135E-10    -0.58734E-09    -0.13022E-09
     0.46022E+01     0.11313E-09    -0.67795E-09    -0.15027E-09
     0.46522E+01     0.13044E-09    -0.78257E-09    -0.17341E-09
     0.47022E+01     0.15042E-09    -0.90337E-09    -0.20013E-09
     0.47523E+01     0.17348E-09    -0.10428E-08    -0.23098E-09
     0.48023E+01     0.20010E-09    -0.12039E-08    -0.26659E-09
     0.48523E+01     0.23083E-09    -0.13898E-08    -0.30770E-09
     0.49023E+01     0.26630E-09    -0.16044E-08    -0.35516E-09
     0.49524E+01     0.30725E-09    -0.18522E-08    -0.40995E-09
     0.50024E+01     0.35451E-09    -0.21383E-08    -0.47319E-09
     0.50524E+01     0.40908E-09    -0.24686E-08    -0.54620E-09
     0.51024E+01     0.47206E-09    -0.28498E-08    -0.63048E-09
     0.51525E+01     0.54477E-09    -0.32898E-08    -0.72777E-09
     0.52025E+01     0.62870E-09    -0.37978E-08    -0.84006E-09
     0.52525E+01     0.72558E-09    -0.43841E-08    -0.96969E-09
     0.53025E+01     0.83741E-09    -0.50609E-08    -0.11193E-08
     0.53526E+01     0.96650E-09    -0.58420E-08    -0.12920E-08
     0.54026E+01     0.11155E-08    -0.67436E-08    -0.14913E-08
     0.54526E+01     0.12875E-08    -0.77842E-08    -0.17214E-08
     0.55027E+01     0.14860E-08    -0.89853E-08    -0.19869E-08
     0.55527E+01     0.17152E-08    -0.10372E-07    -0.22934E-08
     0.56027E+01     0.19796E-08    -0.11971E-07    -0.26471E-08
     0.56527E+01     0.22849E-08    -0.13818E-07    -0.30553E-08
     0.57028E+01     0.26372E-08    -0.15949E-07    -0.35264E-08
     0.57528E+01     0.30439E-08    -0.18408E-07    -0.40701E-08
     0.58028E+01     0.35132E-08    -0.21246E-07    -0.46977E-08
     0.58529E+01     0.40549E-08    -0.24522E-07    -0.54219E-08
     0.59029E+01     0.46801E-08    -0.28302E-07    -0.62577E-08
     0.59529E+01     0.54016E-08    -0.32665E-07    -0.72223E-08
     0.60030E+01     0.62344E-08    -0.37700E-07    -0.83355E-08
     0.60530E+01     0.71955E-08    -0.43510E-07    -0.96202E-08
     0.61030E+01     0.83047E-08    -0.50215E-07    -0.11103E-07
     0.61530E+01     0.95848E-08    -0.57953E-07    -0.12814E-07
     0.62031E+01     0.11062E-07    -0.66884E-07    -0.14788E-07
     0.62531E+01     0.12767E-07    -0.77189E-07    -0.17067E-07
     0.63031E+01     0.14735E-07    -0.89082E-07    -0.19697E-07
     0.63532E+01     0.17006E-07    -0.10281E-06    -0.22731E-07
     0.64032E+01     0.19626E-07    -0.11864E-06    -0.26233E-07
     0.64532E+01     0.22650E-07    -0.13692E-06    -0.30274E-07
     0.65032E+01     0.26139E-07    -0.15801E-06    -0.34937E-07
     0.65532E+01     0.30165E-07    -0.18233E-06    -0.40317E-07
     0.66032E+01     0.34809E-07    -0.21040E-06    -0.46523E-07
     0.66532E+01     0.40166E-07    -0.24277E-06    -0.53681E-07
     0.67031E+01     0.46342E-07    -0.28009E-06    -0.61934E-07
     0.67530E+01     0.53463E-07    -0.32313E-06    -0.71450E-07
     0.68029E+01     0.61673E-07    -0.37274E-06    -0.82419E-07
     0.68528E+01     0.71137E-07    -0.42992E-06    -0.95065E-07
     0.69026E+01     0.82046E-07    -0.49584E-06    -0.10964E-06
     0.69524E+01     0.94621E-07    -0.57182E-06    -0.12644E-06
     0.70021E+01     0.10911E-06    -0.65939E-06    -0.14581E-06
     0.70519E+01     0.12582E-06    -0.76031E-06    -0.16812E-06
     0.71016E+01     0.14506E-06    -0.87661E-06    -0.19384E-06
     0.71513E+01     0.16724E-06    -0.10106E-05    -0.22348E-06
     0.72010E+01     0.19280E-06    -0.11651E-05    -0.25762E-06
     0.72506E+01     0.22225E-06    -0.13430E-05    -0.29697E-06
     0.73002E+01     0.25619E-06    -0.15480E-05    -0.34230E-06
     0.73622E+01     0.30595E-06    -0.18486E-05    -0.40878E-06
     0.74118E+01     0.35262E-06    -0.21306E-05    -0.47113E-06
     0.74614E+01     0.40638E-06    -0.24554E-05    -0.54295E-06
     0.75109E+01     0.46832E-06    -0.28295E-05    -0.62568E-06
     0.75605E+01     0.53968E-06    -0.32606E-05    -0.72100E-06
     0.76100E+01     0.62188E-06    -0.37571E-05    -0.83080E-06
     0.76595E+01     0.71658E-06    -0.43291E-05    -0.95728E-06
     0.77090E+01     0.82569E-06    -0.49881E-05    -0.11030E-05
     0.77585E+01     0.95138E-06    -0.57472E-05    -0.12709E-05
     0.78081E+01     0.10962E-05    -0.66216E-05    -0.14642E-05
     0.78576E+01     0.12630E-05    -0.76290E-05    -0.16870E-05
     0.79071E+01     0.14552E-05    -0.87894E-05    -0.19436E-05
     0.79566E+01     0.16766E-05    -0.10126E-04    -0.22392E-05
     0.80061E+01     0.19317E-05    -0.11667E-04    -0.25798E-05
     0.80556E+01     0.22257E-05    -0.13441E-04    -0.29722E-05
     0.81051E+01     0.25644E-05    -0.15485E-04    -0.34243E-05
     0.81546E+01     0.29546E-05    -0.17840E-04    -0.39451E-05
     0.82042E+01     0.34043E-05    -0.20554E-04    -0.45452E-05
     0.82537E+01     0.39225E-05    -0.23681E-04    -0.52366E-05
     0.83033E+01     0.45196E-05    -0.27283E-04    -0.60334E-05
     0.83529E+01     0.52079E-05    -0.31435E-04    -0.69515E-05
     0.84025E+01     0.60012E-05    -0.36219E-04    -0.80097E-05
     0.84521E+01     0.69157E-05    -0.41733E-04    -0.92292E-05
     0.85018E+01     0.79698E-05    -0.48089E-04    -0.10635E-04
     0.85515E+01     0.91851E-05    -0.55414E-04    -0.12255E-04
     0.86012E+01     0.10586E-04    -0.63858E-04    -0.14123E-04
     0.86509E+01     0.12202E-04    -0.73593E-04    -0.16277E-04
     0.87007E+01     0.14065E-04    -0.84816E-04    -0.18760E-04
     0.87505E+01     0.16214E-04    -0.97756E-04    -0.21623E-04
     0.88004E+01     0.18693E-04    -0.11268E-03    -0.24924E-04
     0.88503E+01     0.21552E-04    -0.12989E-03    -0.28733E-04
     0.89002E+01     0.24850E-04    -0.14973E-03    -0.33125E-04
     0.89502E+01     0.28656E-04    -0.17262E-03    -0.38193E-04
     0.90002E+01     0.33047E-04    -0.19903E-03    -0.44039E-04
     0.90502E+01     0.38113E-04    -0.22948E-03    -0.50782E-04
     0.91003E+01     0.43954E-04    -0.26457E-03    -0.58555E-04
     0.91503E+01     0.50688E-04    -0.30501E-03    -0.67516E-04
     0.92004E+01     0.58451E-04    -0.35160E-03    -0.77845E-04
     0.92504E+01     0.67400E-04    -0.40530E-03    -0.89751E-04
     0.93005E+01     0.77717E-04    -0.46716E-03    -0.10347E-03
     0.93505E+01     0.89609E-04    -0.53842E-03    -0.11929E-03
     0.94006E+01     0.10332E-03    -0.62051E-03    -0.13752E-03
     0.94506E+01     0.11912E-03    -0.71507E-03    -0.15854E-03
     0.95007E+01     0.13733E-03    -0.82397E-03    -0.18276E-03
     0.95507E+01     0.15832E-03    -0.94939E-03    -0.21068E-03
     0.96008E+01     0.18251E-03    -0.10938E-02    -0.24287E-03
     0.96508E+01     0.21039E-03    -0.12601E-02    -0.27997E-03
     0.97009E+01     0.24252E-03    -0.14515E-02    -0.32274E-03
     0.97510E+01     0.27955E-03    -0.16718E-02    -0.37205E-03
     0.98010E+01     0.32223E-03    -0.19253E-02    -0.42891E-03
     0.98511E+01     0.37141E-03    -0.22171E-02    -0.49447E-03
     0.99011E+01     0.42810E-03    -0.25527E-02    -0.57008E-03
     0.99512E+01     0.49343E-03    -0.29388E-02    -0.65729E-03
     0.10001E+02     0.56873E-03    -0.33827E-02    -0.75790E-03
     0.10051E+02     0.65552E-03    -0.38931E-02    -0.87400E-03
     0.10101E+02     0.75556E-03    -0.44795E-02    -0.10080E-02
     0.10151E+02     0.87087E-03    -0.51532E-02    -0.11627E-02
     0.10201E+02     0.10038E-02    -0.59268E-02    -0.13413E-02
     0.10251E+02     0.11570E-02    -0.68145E-02    -0.15476E-02
     0.10302E+02     0.13337E-02    -0.78325E-02    -0.17860E-02
     0.10352E+02     0.15374E-02    -0.89992E-02    -0.20615E-02
     0.10402E+02     0.17723E-02    -0.10335E-01    -0.23800E-02
     0.10452E+02     0.20431E-02    -0.11863E-01    -0.27484E-02
     0.10502E+02     0.23555E-02    -0.13609E-01    -0.31746E-02
     0.10552E+02     0.27157E-02    -0.15600E-01    -0.36676E-02
     0.10602E+02     0.31312E-02    -0.17867E-01    -0.42379E-02
     0.10652E+02     0.36103E-02    -0.20440E-01    -0.48972E-02
     0.10702E+02     0.41627E-02    -0.23355E-01    -0.56582E-02
     0.10752E+02     0.47990E-02    -0.26647E-01    -0.65337E-02
     0.10802E+02     0.55312E-02    -0.30353E-01    -0.75374E-02
     0.10852E+02     0.63727E-02    -0.34508E-01    -0.86869E-02
     0.10902E+02     0.73390E-02    -0.39139E-01    -0.10005E-01
     0.10952E+02     0.84478E-02    -0.44260E-01    -0.11520E-01
     0.11002E+02     0.97178E-02    -0.49865E-01    -0.13255E-01
     0.11052E+02     0.11170E-01    -0.55902E-01    -0.15233E-01
     0.11103E+02     0.12829E-01    -0.62271E-01    -0.17447E-01
     0.11153E+02     0.14713E-01    -0.68880E-01    -0.19843E-01
     0.11203E+02     0.16820E-01    -0.75717E-01    -0.22337E-01
     0.11253E+02     0.19121E-01    -0.82790E-01    -0.24885E-01
     0.11303E+02     0.21586E-01    -0.89974E-01    -0.27550E-01
     0.11353E+02     0.24170E-01    -0.96891E-01    -0.30348E-01
     0.11403E+02     0.26845E-01    -0.10295E+00    -0.33352E-01
     0.11453E+02     0.29749E-01    -0.10767E+00    -0.36520E-01
     0.11503E+02     0.32736E-01    -0.10995E+00    -0.39807E-01
     0.11553E+02     0.35981E-01    -0.10659E+00    -0.44287E-01
     0.11603E+02     0.39942E-01    -0.94514E-01    -0.50939E-01
     0.11653E+02     0.44547E-01    -0.73848E-01    -0.52706E-01
     0.11703E+02     0.48576E-01    -0.48667E-01    -0.46907E-01
     0.11753E+02     0.50428E-01    -0.27791E-01    -0.16439E-01
     0.11803E+02     0.49548E-01    -0.12894E-01     0.73243E-02
     0.11854E+02     0.47045E-01     0.32349E-02     0.16354E-01
     0.11904E+02     0.43773E-01     0.24101E-01     0.20438E-01
     0.11954E+02     0.40572E-01     0.41125E-01     0.22085E-01
     0.12004E+02     0.37512E-01     0.57539E-01     0.21798E-01
     0.12054E+02     0.34565E-01     0.72869E-01     0.21161E-01
     0.12104E+02     0.31726E-01     0.87118E-01     0.20563E-01
     0.12154E+02     0.28906E-01     0.99748E-01     0.20236E-01
     0.12204E+02     0.26116E-01     0.11116E+00     0.20254E-01
     0.12254E+02     0.23444E-01     0.12181E+00     0.20582E-01
     0.12304E+02     0.20945E-01     0.13232E+00     0.21081E-01
     0.12354E+02     0.18669E-01     0.14326E+00     0.21452E-01
     0.12404E+02     0.16651E-01     0.15511E+00     0.21591E-01
     0.12454E+02     0.14936E-01     0.16865E+00     0.21552E-01
     0.12504E+02     0.13547E-01     0.18447E+00     0.21215E-01
     0.12555E+02     0.12513E-01     0.20324E+00     0.20676E-01
     0.12605E+02     0.11879E-01     0.22533E+00     0.20287E-01
     0.12655E+02     0.11364E-01     0.24775E+00     0.20397E-01
     0.12705E+02     0.10056E-01     0.26330E+00     0.20466E-01
     0.12755E+02     0.82313E-02     0.26771E+00     0.19629E-01
     0.12805E+02     0.44359E-02     0.25088E+00     0.17008E-01
     0.12855E+02    -0.58393E-03     0.21418E+00     0.13267E-01
     0.12905E+02    -0.54119E-02     0.17054E+00     0.92992E-02
     0.12955E+02    -0.92791E-02     0.12935E+00     0.64004E-02
     0.13005E+02    -0.12146E-01     0.94745E-01     0.51364E-02
     0.13055E+02    -0.14230E-01     0.66444E-01     0.51072E-02
     0.13105E+02    -0.15742E-01     0.43340E-01     0.60786E-02
     0.13155E+02    -0.16839E-01     0.23552E-01     0.74469E-02
     0.13206E+02    -0.17574E-01     0.66395E-02     0.87750E-02
     0.13256E+02    -0.17893E-01    -0.74282E-02     0.93127E-02
     0.13306E+02    -0.17867E-01    -0.19091E-01     0.89096E-02
     0.13356E+02    -0.17562E-01    -0.28772E-01     0.76417E-02
     0.13406E+02    -0.17028E-01    -0.36686E-01     0.51456E-02
     0.13456E+02    -0.16307E-01    -0.43294E-01     0.18447E-02
     0.13506E+02    -0.15449E-01    -0.48866E-01    -0.15944E-02
     0.13556E+02    -0.14481E-01    -0.53522E-01    -0.48992E-02
     0.13606E+02    -0.13438E-01    -0.57393E-01    -0.76709E-02
     0.13656E+02    -0.12357E-01    -0.60478E-01    -0.97274E-02
     0.13706E+02    -0.11264E-01    -0.62589E-01    -0.11083E-01
     0.13757E+02    -0.10182E-01    -0.63484E-01    -0.11926E-01
     0.13807E+02    -0.90971E-02    -0.63117E-01    -0.12205E-01
     0.13857E+02    -0.80668E-02    -0.61689E-01    -0.12123E-01
     0.13907E+02    -0.70525E-02    -0.59092E-01    -0.11701E-01
     0.13957E+02    -0.60232E-02    -0.55322E-01    -0.10984E-01
     0.14007E+02    -0.50141E-02    -0.50713E-01    -0.98032E-02
     0.14058E+02    -0.40420E-02    -0.45699E-01    -0.74344E-02
     0.14108E+02    -0.31611E-02    -0.40959E-01    -0.43347E-02
     0.14158E+02    -0.24162E-02    -0.36969E-01    -0.12372E-02
     0.14209E+02    -0.18531E-02    -0.34233E-01     0.74362E-03
     0.14259E+02    -0.14094E-02    -0.33017E-01     0.12256E-02
     0.14310E+02    -0.10316E-02    -0.32963E-01     0.50089E-03
     0.14360E+02    -0.68786E-03    -0.33754E-01    -0.86938E-03
     0.14411E+02    -0.33245E-03    -0.34709E-01    -0.24529E-02
     0.14462E+02     0.13990E-03    -0.34995E-01    -0.35869E-02
     0.14500E+02     0.58291E-03    -0.34581E-01    -0.37344E-02
     0.14551E+02     0.13050E-02    -0.32340E-01    -0.33280E-02
     0.14602E+02     0.21787E-02    -0.28153E-01    -0.20944E-02
     0.14653E+02     0.31371E-02    -0.22662E-01    -0.53227E-03
     0.14704E+02     0.39786E-02    -0.16792E-01     0.62497E-03
     0.14755E+02     0.45527E-02    -0.11867E-01     0.10977E-02
     0.14806E+02     0.48230E-02    -0.83279E-02     0.11228E-02
     0.14857E+02     0.49521E-02    -0.56656E-02     0.60428E-03
     0.14908E+02     0.49990E-02    -0.31651E-02     0.84250E-04
     0.14959E+02     0.50128E-02    -0.54516E-03     0.38129E-04
     0.15011E+02     0.50174E-02     0.23733E-02     0.43215E-03
     0.15062E+02     0.49954E-02     0.55231E-02     0.14199E-02
     0.15113E+02     0.49300E-02     0.88489E-02     0.26258E-02
     0.15151E+02     0.48484E-02     0.11463E-01     0.34665E-02
     0.15201E+02     0.46802E-02     0.14827E-01     0.42262E-02
     0.15252E+02     0.44553E-02     0.17960E-01     0.46030E-02
     0.15302E+02     0.42084E-02     0.20752E-01     0.45411E-02
     0.15353E+02     0.39394E-02     0.23079E-01     0.42069E-02
     0.15403E+02     0.36558E-02     0.24807E-01     0.39193E-02
     0.15453E+02     0.33529E-02     0.25886E-01     0.36527E-02
     0.15503E+02     0.30717E-02     0.26491E-01     0.34017E-02
     0.15554E+02     0.28235E-02     0.26906E-01     0.31736E-02
     0.15604E+02     0.26119E-02     0.27250E-01     0.28562E-02
     0.15654E+02     0.24129E-02     0.27452E-01     0.22155E-02
     0.15704E+02     0.21980E-02     0.27424E-01     0.13453E-02
     0.15754E+02     0.19324E-02     0.27035E-01     0.38538E-03
     0.15804E+02     0.16092E-02     0.26028E-01    -0.49969E-03
     0.15855E+02     0.12124E-02     0.24689E-01    -0.95713E-03
     0.15905E+02     0.81428E-03     0.23334E-01    -0.84096E-03
     0.15955E+02     0.45158E-03     0.22315E-01    -0.14071E-03
     0.16005E+02     0.12674E-03     0.21672E-01     0.10340E-02
     0.16055E+02    -0.18500E-03     0.21048E-01     0.24161E-02
     0.16105E+02    -0.48176E-03     0.20291E-01     0.37420E-02
     0.16155E+02    -0.76035E-03     0.19340E-01     0.47996E-02
     0.16205E+02    -0.10138E-02     0.18102E-01     0.55661E-02
     0.16255E+02    -0.12414E-02     0.16568E-01     0.61198E-02
     0.16305E+02    -0.14479E-02     0.14794E-01     0.65643E-02
     0.16356E+02    -0.16259E-02     0.12791E-01     0.69932E-02
     0.16406E+02    -0.17795E-02     0.10571E-01     0.74600E-02
     0.16456E+02    -0.19075E-02     0.81560E-02     0.79074E-02
     0.16506E+02    -0.20067E-02     0.56602E-02     0.81955E-02
     0.16556E+02    -0.20863E-02     0.31918E-02     0.83143E-02
     0.16606E+02    -0.21311E-02     0.91081E-03     0.82758E-02
     0.16656E+02    -0.21418E-02    -0.10321E-02     0.81061E-02
     0.16706E+02    -0.21209E-02    -0.25353E-02     0.77467E-02
     0.16757E+02    -0.20374E-02    -0.35199E-02     0.71321E-02
     0.16807E+02    -0.19047E-02    -0.40298E-02     0.61942E-02
     0.16857E+02    -0.17225E-02    -0.42003E-02     0.49330E-02
     0.16907E+02    -0.15154E-02    -0.41777E-02     0.33917E-02
     0.16957E+02    -0.13024E-02    -0.41468E-02     0.16153E-02
     0.17008E+02    -0.10910E-02    -0.41960E-02    -0.30865E-03
     0.17058E+02    -0.88633E-03    -0.41622E-02    -0.22916E-02
     0.17108E+02    -0.68730E-03    -0.42112E-02    -0.42281E-02
     0.17158E+02    -0.49373E-03    -0.43191E-02    -0.59648E-02
     0.17208E+02    -0.30905E-03    -0.43496E-02    -0.73007E-02
     0.17259E+02    -0.15233E-03    -0.43224E-02    -0.80418E-02
     0.17309E+02    -0.34639E-04    -0.42925E-02    -0.81295E-02
     0.17359E+02     0.65976E-04    -0.42032E-02    -0.76198E-02
     0.17410E+02     0.14000E-03    -0.40033E-02    -0.67531E-02
     0.17460E+02     0.19842E-03    -0.36373E-02    -0.57443E-02
     0.17510E+02     0.24854E-03    -0.30639E-02    -0.47786E-02
     0.17560E+02     0.29099E-03    -0.22980E-02    -0.39492E-02
     0.17611E+02     0.31857E-03    -0.14136E-02    -0.32715E-02
     0.17661E+02     0.31892E-03    -0.50670E-03    -0.26761E-02
     0.17711E+02     0.29899E-03     0.34981E-03    -0.20680E-02
     0.17762E+02     0.27056E-03     0.11487E-02    -0.12892E-02
     0.17812E+02     0.25532E-03     0.18935E-02    -0.24963E-03
     0.17862E+02     0.26827E-03     0.26538E-02     0.10327E-02
     0.17900E+02     0.30709E-03     0.32571E-02     0.21769E-02
     0.17950E+02     0.39427E-03     0.40913E-02     0.38507E-02
     0.18001E+02     0.50100E-03     0.49150E-02     0.54520E-02
     0.18051E+02     0.60182E-03     0.56158E-02     0.68027E-02
     0.18101E+02     0.67702E-03     0.61244E-02     0.78169E-02
     0.18152E+02     0.69034E-03     0.63918E-02     0.83418E-02
     0.18202E+02     0.65288E-03     0.64525E-02     0.83386E-02
     0.18252E+02     0.61023E-03     0.62241E-02     0.78635E-02
     0.18302E+02     0.52305E-03     0.57022E-02     0.68641E-02
     0.18353E+02     0.38623E-03     0.48411E-02     0.53646E-02
     0.18403E+02     0.23619E-03     0.37884E-02     0.35747E-02
     0.18453E+02     0.12314E-03     0.27349E-02     0.17327E-02
     0.18503E+02     0.90308E-04     0.18719E-02     0.10299E-03
     0.18553E+02     0.12398E-03     0.10437E-02    -0.11457E-02
     0.18604E+02     0.21012E-03     0.31332E-04    -0.18942E-02
     0.18654E+02     0.34994E-03    -0.13018E-02    -0.22276E-02
     0.18704E+02     0.49922E-03    -0.30682E-02    -0.22508E-02
     0.18754E+02     0.64770E-03    -0.52096E-02    -0.19996E-02
     0.18804E+02     0.82195E-03    -0.76649E-02    -0.16587E-02
     0.18854E+02     0.10291E-02    -0.10270E-01    -0.12925E-02
     0.18905E+02     0.12818E-02    -0.12943E-01    -0.10017E-02
     0.18955E+02     0.15745E-02    -0.15699E-01    -0.84130E-03
     0.19005E+02     0.18939E-02    -0.18599E-01    -0.81739E-03
     0.19055E+02     0.22363E-02    -0.21425E-01    -0.78103E-03
     0.19105E+02     0.27030E-02    -0.23560E-01    -0.61620E-03
     0.19155E+02     0.33069E-02    -0.24604E-01    -0.36217E-03
     0.19205E+02     0.40649E-02    -0.24949E-01    -0.71836E-04
     0.19255E+02     0.49354E-02    -0.25082E-01     0.24268E-03
     0.19305E+02     0.57799E-02    -0.25483E-01     0.63390E-03
     0.19355E+02     0.65605E-02    -0.27635E-01     0.99295E-03
     0.19405E+02     0.72183E-02    -0.32497E-01     0.98052E-03
     0.19455E+02     0.77434E-02    -0.40119E-01     0.64067E-03
     0.19505E+02     0.82545E-02    -0.49848E-01     0.14121E-03
     0.19555E+02     0.88980E-02    -0.60645E-01    -0.51746E-03
     0.19605E+02     0.97694E-02    -0.71525E-01    -0.15066E-02
     0.19655E+02     0.10902E-01    -0.82007E-01    -0.26226E-02
     0.19705E+02     0.12301E-01    -0.92022E-01    -0.33475E-02
     0.19755E+02     0.13910E-01    -0.10174E+00    -0.31888E-02
     0.19805E+02     0.15696E-01    -0.11138E+00    -0.22587E-02
     0.19855E+02     0.17622E-01    -0.12125E+00    -0.10004E-02
     0.19905E+02     0.19621E-01    -0.13170E+00     0.27337E-03
     0.19954E+02     0.21655E-01    -0.14277E+00     0.13126E-02
     0.20004E+02     0.23711E-01    -0.15419E+00     0.19166E-02
     0.20054E+02     0.25776E-01    -0.16564E+00     0.20034E-02
     0.20104E+02     0.27827E-01    -0.17666E+00     0.17213E-02
     0.20154E+02     0.29879E-01    -0.18652E+00     0.11821E-02
     0.20204E+02     0.31923E-01    -0.19428E+00     0.44883E-03
     0.20253E+02     0.33954E-01    -0.19893E+00    -0.34761E-03
     0.20303E+02     0.36003E-01    -0.19981E+00    -0.10218E-02
     0.20353E+02     0.38010E-01    -0.19725E+00    -0.14454E-02
     0.20403E+02     0.39779E-01    -0.19153E+00    -0.10710E-02
     0.20453E+02     0.41130E-01    -0.18387E+00     0.30741E-04
     0.20503E+02     0.41945E-01    -0.17516E+00     0.13825E-02
     0.20553E+02     0.42304E-01    -0.16564E+00     0.26336E-02
     0.20603E+02     0.42307E-01    -0.15452E+00     0.32233E-02
     0.20653E+02     0.42070E-01    -0.14012E+00     0.31176E-02
     0.20703E+02     0.41869E-01    -0.12182E+00     0.25702E-02
     0.20753E+02     0.41774E-01    -0.10006E+00     0.19608E-02
     0.20803E+02     0.41662E-01    -0.76154E-01     0.20564E-02
     0.20853E+02     0.41250E-01    -0.51393E-01     0.31226E-02
     0.20903E+02     0.40465E-01    -0.26395E-01     0.44740E-02
     0.20952E+02     0.39410E-01    -0.14013E-02     0.55233E-02
     0.21002E+02     0.38248E-01     0.24036E-01     0.60059E-02
     0.21052E+02     0.37075E-01     0.50300E-01     0.61401E-02
     0.21102E+02     0.35889E-01     0.77225E-01     0.62226E-02
     0.21152E+02     0.34624E-01     0.10421E+00     0.65690E-02
     0.21202E+02     0.33227E-01     0.13060E+00     0.71867E-02
     0.21251E+02     0.31669E-01     0.15578E+00     0.77232E-02
     0.21301E+02     0.30014E-01     0.18008E+00     0.81178E-02
     0.21351E+02     0.28368E-01     0.20414E+00     0.84078E-02
     0.21400E+02     0.26825E-01     0.22857E+00     0.87968E-02
     0.21450E+02     0.25338E-01     0.25289E+00     0.94831E-02
     0.21512E+02     0.23206E-01     0.28033E+00     0.10724E-01
     0.21562E+02     0.21071E-01     0.29771E+00     0.11781E-01
     0.21611E+02     0.18636E-01     0.31140E+00     0.12593E-01
     0.21661E+02     0.16264E-01     0.32311E+00     0.12852E-01
     0.21711E+02     0.14103E-01     0.33347E+00     0.12854E-01
     0.21760E+02     0.12013E-01     0.34160E+00     0.12767E-01
     0.21810E+02     0.96676E-02     0.34404E+00     0.12791E-01
     0.21860E+02     0.68493E-02     0.33819E+00     0.12925E-01
     0.21909E+02     0.36064E-02     0.32324E+00     0.12934E-01
     0.21959E+02     0.19488E-06     0.29846E+00     0.12681E-01
     0.22009E+02    -0.38136E-02     0.26439E+00     0.11807E-01
     0.22058E+02    -0.75607E-02     0.22234E+00     0.10237E-01
     0.22108E+02    -0.11043E-01     0.17466E+00     0.82817E-02
     0.22158E+02    -0.13916E-01     0.12699E+00     0.61869E-02
     0.22207E+02    -0.16017E-01     0.80877E-01     0.43740E-02
     0.22257E+02    -0.17540E-01     0.37985E-01     0.29613E-02
     0.22307E+02    -0.18536E-01     0.22483E-03     0.21953E-02
     0.22356E+02    -0.18985E-01    -0.30439E-01     0.19174E-02
     0.22406E+02    -0.19069E-01    -0.54203E-01     0.20883E-02
     0.22456E+02    -0.19089E-01    -0.72696E-01     0.24051E-02
     0.22506E+02    -0.19050E-01    -0.86226E-01     0.28541E-02
     0.22556E+02    -0.18758E-01    -0.95556E-01     0.32609E-02
     0.22605E+02    -0.18023E-01    -0.99135E-01     0.35028E-02
     0.22655E+02    -0.17131E-01    -0.98683E-01     0.37157E-02
     0.22705E+02    -0.16090E-01    -0.95624E-01     0.40345E-02
     0.22755E+02    -0.14994E-01    -0.89761E-01     0.46904E-02
     0.22805E+02    -0.13880E-01    -0.82350E-01     0.59240E-02
     0.22855E+02    -0.12887E-01    -0.74395E-01     0.76341E-02
     0.22905E+02    -0.12122E-01    -0.66638E-01     0.95702E-02
     0.22955E+02    -0.11532E-01    -0.59171E-01     0.11489E-01
     0.23005E+02    -0.11068E-01    -0.51385E-01     0.13235E-01
     0.23055E+02    -0.10600E-01    -0.42309E-01     0.14607E-01
     0.23106E+02    -0.99879E-02    -0.31306E-01     0.15495E-01
     0.23156E+02    -0.92558E-02    -0.19070E-01     0.16013E-01
     0.23206E+02    -0.85256E-02    -0.71531E-02     0.16428E-01
     0.23256E+02    -0.80441E-02     0.25983E-02     0.16860E-01
     0.23306E+02    -0.78270E-02     0.93526E-02     0.17262E-01
     0.23356E+02    -0.77485E-02     0.13495E-01     0.17617E-01
     0.23407E+02    -0.78777E-02     0.16345E-01     0.18142E-01
     0.23457E+02    -0.79903E-02     0.18682E-01     0.18577E-01
     0.23507E+02    -0.79535E-02     0.21339E-01     0.18670E-01
     0.23557E+02    -0.78664E-02     0.24967E-01     0.18568E-01
     0.23608E+02    -0.76950E-02     0.28384E-01     0.18162E-01
     0.23658E+02    -0.75079E-02     0.30647E-01     0.17674E-01
     0.23708E+02    -0.74037E-02     0.31271E-01     0.17497E-01
     0.23758E+02    -0.73369E-02     0.30089E-01     0.17464E-01
     0.23809E+02    -0.73299E-02     0.26673E-01     0.17576E-01
     0.23859E+02    -0.74224E-02     0.21670E-01     0.17752E-01
     0.23909E+02    -0.75582E-02     0.15534E-01     0.17693E-01
     0.23960E+02    -0.76648E-02     0.85573E-02     0.17251E-01
     0.24010E+02    -0.77059E-02     0.13613E-02     0.16361E-01
     0.24060E+02    -0.76683E-02    -0.53252E-02     0.15037E-01
     0.24110E+02    -0.75360E-02    -0.11497E-01     0.13268E-01
     0.24161E+02    -0.73233E-02    -0.16969E-01     0.11199E-01
     0.24211E+02    -0.70590E-02    -0.21657E-01     0.89624E-02
     0.24261E+02    -0.67734E-02    -0.25504E-01     0.66674E-02
     0.24311E+02    -0.64805E-02    -0.28409E-01     0.44153E-02
     0.24362E+02    -0.61782E-02    -0.30288E-01     0.21992E-02
     0.24412E+02    -0.58645E-02    -0.31078E-01    -0.29358E-04
     0.24462E+02    -0.55396E-02    -0.30779E-01    -0.21904E-02
     0.24512E+02    -0.52297E-02    -0.29574E-01    -0.42842E-02
     0.24563E+02    -0.49762E-02    -0.27793E-01    -0.62992E-02
     0.24600E+02    -0.48355E-02    -0.26256E-01    -0.78325E-02
     0.24650E+02    -0.47242E-02    -0.24061E-01    -0.10070E-01
     0.24701E+02    -0.46714E-02    -0.21722E-01    -0.12740E-01
     0.24751E+02    -0.46506E-02    -0.19171E-01    -0.15991E-01
     0.24801E+02    -0.46434E-02    -0.16210E-01    -0.19829E-01
     0.24851E+02    -0.46240E-02    -0.12495E-01    -0.24146E-01
     0.24901E+02    -0.45340E-02    -0.75309E-02    -0.28862E-01
     0.24952E+02    -0.43443E-02    -0.10140E-02    -0.33802E-01
     0.25002E+02    -0.40971E-02     0.65584E-02    -0.38590E-01
