     0.12475E-01     0.58640E-02     0.00000E+00     0.00000E+00
     0.50017E-01     0.58640E-02     0.00000E+00     0.00000E+00
     0.10007E+00     0.58640E-02     0.00000E+00     0.00000E+00
     0.15012E+00     0.58640E-02     0.00000E+00     0.00000E+00
     0.20016E+00     0.58640E-02     0.00000E+00     0.00000E+00
     0.25019E+00     0.58640E-02     0.00000E+00     0.00000E+00
     0.30021E+00     0.58640E-02     0.00000E+00     0.00000E+00
     0.35023E+00     0.58640E-02     0.00000E+00     0.00000E+00
     0.40024E+00     0.58640E-02     0.00000E+00     0.00000E+00
     0.45026E+00     0.58640E-02     0.00000E+00     0.00000E+00
     0.50027E+00     0.58640E-02     0.00000E+00     0.00000E+00
     0.55028E+00     0.58640E-02     0.00000E+00     0.00000E+00
     0.60029E+00     0.58640E-02     0.00000E+00     0.00000E+00
     0.65031E+00     0.58640E-02     0.00000E+00     0.00000E+00
     0.70033E+00     0.58640E-02     0.00000E+00     0.00000E+00
     0.75035E+00     0.58640E-02     0.00000E+00     0.00000E+00
     0.80037E+00     0.58640E-02     0.00000E+00     0.00000E+00
     0.85039E+00     0.58640E-02     0.00000E+00     0.00000E+00
     0.90041E+00     0.58640E-02     0.00000E+00     0.00000E+00
     0.95043E+00     0.58640E-02     0.00000E+00     0.00000E+00
     0.10005E+01     0.58640E-02     0.00000E+00     0.00000E+00
     0.10505E+01     0.58640E-02     0.00000E+00     0.00000E+00
     0.11005E+01     0.58640E-02     0.00000E+00     0.00000E+00
     0.11505E+01     0.58640E-02     0.00000E+00     0.00000E+00
     0.12006E+01     0.58640E-02     0.00000E+00     0.00000E+00
     0.12506E+01     0.58640E-02     0.00000E+00     0.00000E+00
     0.13006E+01     0.58640E-02     0.00000E+00     0.00000E+00
     0.13506E+01     0.58640E-02     0.00000E+00     0.00000E+00
     0.14007E+01     0.58640E-02     0.00000E+00     0.00000E+00
     0.14507E+01     0.58640E-02     0.00000E+00     0.00000E+00
     0.15007E+01     0.58640E-02     0.00000E+00     0.00000E+00
     0.15507E+01     0.58640E-02     0.00000E+00     0.00000E+00
     0.16008E+01     0.58640E-02     0.00000E+00     0.00000E+00
     0.16508E+01     0.58640E-02     0.00000E+00     0.00000E+00
     0.17008E+01     0.58640E-02     0.00000E+00     0.00000E+00
     0.17508E+01     0.58640E-02     0.00000E+00     0.00000E+00
     0.18009E+01     0.58640E-02     0.00000E+00     0.00000E+00
     0.18509E+01     0.58640E-02     0.00000E+00     0.00000E+00
     0.19009E+01     0.58640E-02     0.00000E+00     0.00000E+00
     0.19509E+01     0.58640E-02     0.00000E+00     0.00000E+00
     0.20010E+01     0.58640E-02     0.00000E+00     0.00000E+00
     0.20510E+01     0.58640E-02     0.00000E+00     0.00000E+00
     0.21010E+01     0.58640E-02     0.00000E+00     0.00000E+00
     0.21510E+01     0.58640E-02     0.00000E+00     0.00000E+00
     0.22010E+01     0.58640E-02     0.00000E+00     0.00000E+00
     0.22511E+01     0.58640E-02     0.00000E+00     0.00000E+00
     0.23011E+01     0.58640E-02     0.00000E+00     0.00000E+00
     0.23511E+01     0.58640E-02     0.00000E+00     0.00000E+00
     0.24011E+01     0.58640E-02     0.00000E+00     0.00000E+00
     0.24512E+01     0.58640E-02     0.00000E+00     0.00000E+00
     0.25012E+01     0.58640E-02     0.00000E+00     0.00000E+00
     0.25512E+01     0.58640E-02     0.00000E+00     0.00000E+00
     0.26012E+01     0.58640E-02     0.00000E+00     0.00000E+00
     0.26513E+01     0.58640E-02     0.00000E+00     0.00000E+00
     0.27013E+01     0.58640E-02     0.00000E+00     0.00000E+00
     0.27513E+01     0.58640E-02     0.00000E+00     0.00000E+00
     0.28013E+01     0.58640E-02     0.00000E+00     0.00000E+00
     0.28514E+01     0.58640E-02     0.00000E+00     0.00000E+00
     0.29014E+01     0.58640E-02     0.00000E+00     0.00000E+00
     0.29514E+01     0.58640E-02     0.00000E+00     0.00000E+00
     0.30014E+01     0.58640E-02     0.00000E+00     0.00000E+00
     0.30514E+01     0.58640E-02     0.00000E+00     0.00000E+00
     0.31015E+01     0.58640E-02     0.00000E+00     0.00000E+00
     0.31515E+01     0.58640E-02     0.00000E+00     0.00000E+00
     0.32015E+01     0.58640E-02     0.00000E+00     0.00000E+00
     0.32515E+01     0.58640E-02     0.00000E+00     0.00000E+00
     0.33016E+01     0.58640E-02     0.00000E+00     0.00000E+00
     0.33516E+01     0.58640E-02     0.00000E+00     0.00000E+00
     0.34016E+01     0.58640E-02     0.00000E+00     0.00000E+00
     0.34516E+01     0.58640E-02     0.00000E+00     0.00000E+00
     0.35017E+01     0.58640E-02     0.00000E+00     0.00000E+00
     0.35517E+01     0.58640E-02     0.00000E+00     0.00000E+00
     0.36017E+01     0.58640E-02     0.00000E+00     0.00000E+00
     0.36517E+01     0.58640E-02     0.00000E+00     0.00000E+00
     0.37017E+01     0.58640E-02     0.00000E+00     0.00000E+00
     0.37518E+01     0.58640E-02     0.00000E+00     0.00000E+00
     0.38018E+01     0.58640E-02     0.00000E+00     0.00000E+00
     0.38518E+01     0.58640E-02     0.00000E+00     0.00000E+00
     0.39018E+01     0.58640E-02     0.00000E+00     0.00000E+00
     0.39519E+01     0.58640E-02     0.00000E+00     0.00000E+00
     0.40019E+01     0.58640E-02     0.00000E+00     0.00000E+00
     0.40519E+01     0.58640E-02     0.00000E+00     0.00000E+00
     0.41019E+01     0.58640E-02     0.00000E+00     0.00000E+00
     0.41520E+01     0.58640E-02     0.00000E+00     0.00000E+00
     0.42020E+01     0.58640E-02     0.00000E+00     0.00000E+00
     0.42520E+01     0.58640E-02     0.00000E+00     0.00000E+00
     0.43020E+01     0.58640E-02     0.00000E+00     0.00000E+00
     0.43521E+01     0.58640E-02     0.00000E+00     0.00000E+00
     0.44021E+01     0.58640E-02     0.00000E+00     0.00000E+00
     0.44521E+01     0.58640E-02     0.00000E+00     0.00000E+00
     0.45021E+01     0.58640E-02     0.00000E+00     0.00000E+00
     0.45522E+01     0.58640E-02     0.00000E+00     0.00000E+00
     0.46022E+01     0.58640E-02     0.00000E+00     0.00000E+00
     0.46522E+01     0.58640E-02     0.00000E+00     0.00000E+00
     0.47022E+01     0.58640E-02     0.00000E+00     0.00000E+00
     0.47523E+01     0.58640E-02     0.00000E+00     0.00000E+00
     0.48023E+01     0.58640E-02     0.00000E+00     0.00000E+00
     0.48523E+01     0.58640E-02     0.00000E+00     0.00000E+00
     0.49023E+01     0.58640E-02     0.00000E+00     0.00000E+00
     0.49524E+01     0.58640E-02     0.00000E+00     0.00000E+00
     0.50024E+01     0.58640E-02     0.00000E+00     0.00000E+00
     0.50524E+01     0.58640E-02     0.00000E+00     0.00000E+00
     0.51024E+01     0.58640E-02     0.00000E+00     0.00000E+00
     0.51525E+01     0.58640E-02     0.00000E+00     0.00000E+00
     0.52025E+01     0.58640E-02     0.00000E+00     0.00000E+00
     0.52525E+01     0.58640E-02     0.00000E+00     0.00000E+00
     0.53025E+01     0.58640E-02     0.00000E+00     0.00000E+00
     0.53526E+01     0.58640E-02     0.00000E+00     0.00000E+00
     0.54026E+01     0.58640E-02     0.00000E+00     0.00000E+00
     0.54526E+01     0.58640E-02     0.00000E+00     0.00000E+00
     0.55027E+01     0.58640E-02     0.00000E+00     0.00000E+00
     0.55527E+01     0.58640E-02     0.00000E+00     0.00000E+00
     0.56027E+01     0.58640E-02     0.00000E+00     0.00000E+00
     0.56527E+01     0.58640E-02     0.00000E+00     0.00000E+00
     0.57028E+01     0.58640E-02     0.00000E+00     0.00000E+00
     0.57528E+01     0.58640E-02     0.00000E+00     0.00000E+00
     0.58028E+01     0.58640E-02     0.00000E+00     0.00000E+00
     0.58529E+01     0.58640E-02     0.00000E+00     0.00000E+00
     0.59029E+01     0.58640E-02     0.00000E+00     0.00000E+00
     0.59529E+01     0.58640E-02     0.00000E+00     0.00000E+00
     0.60030E+01     0.58871E-02     0.74901E-02     0.49709E-03
     0.60530E+01     0.60789E-02     0.45841E-01     0.27649E-02
     0.61030E+01     0.64781E-02     0.84924E-01     0.55680E-02
     0.61530E+01     0.71382E-02     0.11218E+00     0.86979E-02
     0.62031E+01     0.80827E-02     0.13123E+00     0.11096E-01
     0.62531E+01     0.93423E-02     0.14611E+00     0.12470E-01
     0.63031E+01     0.10964E-01     0.15656E+00     0.12733E-01
     0.63532E+01     0.13018E-01     0.16318E+00     0.12169E-01
     0.64032E+01     0.15618E-01     0.16685E+00     0.87213E-02
     0.64532E+01     0.18857E-01     0.16957E+00     0.22802E-02
     0.65032E+01     0.21527E-01     0.17257E+00    -0.30872E-02
     0.65532E+01     0.24317E-01     0.19369E+00    -0.67393E-02
     0.66032E+01     0.27389E-01     0.22244E+00    -0.96490E-02
     0.66532E+01     0.30685E-01     0.24800E+00    -0.99996E-02
     0.67031E+01     0.34283E-01     0.26294E+00    -0.80711E-02
     0.67530E+01     0.37996E-01     0.27192E+00    -0.48815E-02
     0.68029E+01     0.41584E-01     0.27735E+00    -0.10278E-02
     0.68528E+01     0.44900E-01     0.27802E+00     0.22207E-02
     0.69026E+01     0.47760E-01     0.27408E+00     0.45884E-02
     0.69524E+01     0.50240E-01     0.26440E+00     0.54763E-02
     0.70021E+01     0.52399E-01     0.25030E+00     0.50131E-02
     0.70519E+01     0.54250E-01     0.23233E+00     0.40762E-02
     0.71016E+01     0.55740E-01     0.21025E+00     0.35648E-02
     0.71513E+01     0.56904E-01     0.18456E+00     0.35707E-02
     0.72010E+01     0.57731E-01     0.15537E+00     0.40266E-02
     0.72506E+01     0.58188E-01     0.12353E+00     0.47545E-02
     0.73002E+01     0.58218E-01     0.89737E-01     0.55953E-02
     0.73622E+01     0.57732E-01     0.44909E-01     0.64514E-02
     0.74118E+01     0.57059E-01     0.72771E-02     0.68872E-02
     0.74614E+01     0.56192E-01    -0.32942E-01     0.74583E-02
     0.75109E+01     0.55097E-01    -0.75305E-01     0.83615E-02
     0.75605E+01     0.53678E-01    -0.11802E+00     0.95194E-02
     0.76100E+01     0.51872E-01    -0.15949E+00     0.10486E-01
     0.76595E+01     0.49759E-01    -0.20016E+00     0.10922E-01
     0.77090E+01     0.47516E-01    -0.24267E+00     0.10793E-01
     0.77585E+01     0.45266E-01    -0.28952E+00     0.10477E-01
     0.78081E+01     0.42933E-01    -0.34029E+00     0.10557E-01
     0.78576E+01     0.40289E-01    -0.39239E+00     0.11343E-01
     0.79071E+01     0.37086E-01    -0.44237E+00     0.12600E-01
     0.79566E+01     0.33230E-01    -0.48882E+00     0.13674E-01
     0.80061E+01     0.28799E-01    -0.53205E+00     0.13507E-01
     0.80556E+01     0.23755E-01    -0.57381E+00     0.94786E-02
     0.81051E+01     0.17912E-01    -0.62882E+00     0.24189E-02
     0.81546E+01     0.11563E-01    -0.69739E+00     0.33852E-03
     0.82042E+01     0.66903E-02    -0.75014E+00     0.25029E-04
     0.82537E+01     0.49043E-02    -0.44014E+00     0.18191E-04
     0.83033E+01     0.48430E-02     0.00000E+00     0.00000E+00
     0.83529E+01     0.48430E-02     0.00000E+00     0.00000E+00
     0.84025E+01     0.48430E-02     0.00000E+00     0.00000E+00
     0.84521E+01     0.48430E-02     0.00000E+00     0.00000E+00
     0.85018E+01     0.48430E-02     0.00000E+00     0.00000E+00
     0.85515E+01     0.48430E-02     0.00000E+00     0.00000E+00
     0.86012E+01     0.48430E-02     0.00000E+00     0.00000E+00
     0.86509E+01     0.48430E-02     0.00000E+00     0.00000E+00
     0.87007E+01     0.48430E-02     0.00000E+00     0.00000E+00
     0.87505E+01     0.48430E-02     0.00000E+00     0.00000E+00
     0.88004E+01     0.48430E-02     0.00000E+00     0.00000E+00
     0.88503E+01     0.48430E-02     0.00000E+00     0.00000E+00
     0.89002E+01     0.48430E-02     0.00000E+00     0.00000E+00
     0.89502E+01     0.48430E-02     0.00000E+00     0.00000E+00
     0.90002E+01     0.48430E-02     0.00000E+00     0.00000E+00
     0.90502E+01     0.48430E-02     0.00000E+00     0.00000E+00
     0.91003E+01     0.48430E-02     0.00000E+00     0.00000E+00
     0.91503E+01     0.48430E-02     0.00000E+00     0.00000E+00
     0.92004E+01     0.48430E-02     0.00000E+00     0.00000E+00
     0.92504E+01     0.48430E-02     0.00000E+00     0.00000E+00
     0.93005E+01     0.48430E-02     0.00000E+00     0.00000E+00
     0.93505E+01     0.48430E-02     0.00000E+00     0.00000E+00
     0.94006E+01     0.48430E-02     0.00000E+00     0.00000E+00
     0.94506E+01     0.48430E-02     0.00000E+00     0.00000E+00
     0.95007E+01     0.48430E-02     0.00000E+00     0.00000E+00
     0.95507E+01     0.48430E-02     0.00000E+00     0.00000E+00
     0.96008E+01     0.48430E-02     0.00000E+00     0.00000E+00
     0.96508E+01     0.48430E-02     0.00000E+00     0.00000E+00
     0.97009E+01     0.48430E-02     0.00000E+00     0.00000E+00
     0.97510E+01     0.48430E-02     0.00000E+00     0.00000E+00
     0.98010E+01     0.48430E-02     0.00000E+00     0.00000E+00
     0.98511E+01     0.48430E-02     0.00000E+00     0.00000E+00
     0.99011E+01     0.48430E-02     0.00000E+00     0.00000E+00
     0.99512E+01     0.48430E-02     0.00000E+00     0.00000E+00
     0.10001E+02     0.48430E-02     0.00000E+00     0.00000E+00
     0.10051E+02     0.48430E-02     0.00000E+00     0.00000E+00
     0.10101E+02     0.48430E-02     0.00000E+00     0.00000E+00
     0.10151E+02     0.48430E-02     0.00000E+00     0.00000E+00
     0.10201E+02     0.48430E-02     0.00000E+00     0.00000E+00
     0.10251E+02     0.48430E-02     0.00000E+00     0.00000E+00
     0.10302E+02     0.48430E-02     0.00000E+00     0.00000E+00
     0.10352E+02     0.48430E-02     0.00000E+00     0.00000E+00
     0.10402E+02     0.48430E-02     0.00000E+00     0.00000E+00
     0.10452E+02     0.48430E-02     0.00000E+00     0.00000E+00
     0.10502E+02     0.48430E-02     0.00000E+00     0.00000E+00
     0.10552E+02     0.48430E-02     0.00000E+00     0.00000E+00
     0.10602E+02     0.48430E-02     0.00000E+00     0.00000E+00
     0.10652E+02     0.48430E-02     0.00000E+00     0.00000E+00
     0.10702E+02     0.48430E-02     0.00000E+00     0.00000E+00
     0.10752E+02     0.48430E-02     0.00000E+00     0.00000E+00
     0.10802E+02     0.48430E-02     0.00000E+00     0.00000E+00
     0.10852E+02     0.48430E-02     0.00000E+00     0.00000E+00
     0.10902E+02     0.48430E-02     0.00000E+00     0.00000E+00
     0.10952E+02     0.48430E-02     0.00000E+00     0.00000E+00
     0.11002E+02     0.48430E-02     0.00000E+00     0.00000E+00
     0.11052E+02     0.48430E-02     0.00000E+00     0.00000E+00
     0.11103E+02     0.48430E-02     0.00000E+00     0.00000E+00
     0.11153E+02     0.48430E-02     0.00000E+00     0.00000E+00
     0.11203E+02     0.48430E-02     0.00000E+00     0.00000E+00
     0.11253E+02     0.48430E-02     0.00000E+00     0.00000E+00
     0.11303E+02     0.48430E-02     0.00000E+00     0.00000E+00
     0.11353E+02     0.48430E-02     0.00000E+00     0.00000E+00
     0.11403E+02     0.48430E-02     0.00000E+00     0.00000E+00
     0.11453E+02     0.48430E-02     0.00000E+00     0.00000E+00
     0.11503E+02     0.48430E-02     0.00000E+00     0.00000E+00
     0.11553E+02     0.48430E-02     0.00000E+00     0.00000E+00
     0.11603E+02     0.48430E-02     0.00000E+00     0.00000E+00
     0.11653E+02     0.48430E-02     0.00000E+00     0.00000E+00
     0.11703E+02     0.48430E-02     0.00000E+00     0.00000E+00
     0.11753E+02     0.48430E-02     0.00000E+00     0.00000E+00
     0.11803E+02     0.48430E-02     0.00000E+00     0.00000E+00
     0.11854E+02     0.48430E-02     0.00000E+00     0.00000E+00
     0.11904E+02     0.48430E-02     0.00000E+00     0.00000E+00
     0.11954E+02     0.48430E-02     0.00000E+00     0.00000E+00
     0.12004E+02     0.48430E-02     0.00000E+00     0.00000E+00
     0.12054E+02     0.48430E-02     0.00000E+00     0.00000E+00
     0.12104E+02     0.48430E-02     0.00000E+00     0.00000E+00
     0.12154E+02     0.48430E-02     0.00000E+00     0.00000E+00
     0.12204E+02     0.48430E-02     0.00000E+00     0.00000E+00
     0.12254E+02     0.48430E-02     0.00000E+00     0.00000E+00
     0.12304E+02     0.48430E-02     0.00000E+00     0.00000E+00
     0.12354E+02     0.48430E-02     0.00000E+00     0.00000E+00
     0.12404E+02     0.48430E-02     0.00000E+00     0.00000E+00
     0.12454E+02     0.48430E-02     0.00000E+00     0.00000E+00
     0.12504E+02     0.48430E-02     0.00000E+00     0.00000E+00
     0.12555E+02     0.48430E-02     0.00000E+00     0.00000E+00
     0.12605E+02     0.48430E-02     0.00000E+00     0.00000E+00
     0.12655E+02     0.48430E-02     0.00000E+00     0.00000E+00
     0.12705E+02     0.48430E-02     0.00000E+00     0.00000E+00
     0.12755E+02     0.48430E-02     0.00000E+00     0.00000E+00
     0.12805E+02     0.48430E-02     0.00000E+00     0.00000E+00
     0.12855E+02     0.48430E-02     0.00000E+00     0.00000E+00
     0.12905E+02     0.48430E-02     0.00000E+00     0.00000E+00
     0.12955E+02     0.48430E-02     0.00000E+00     0.00000E+00
     0.13005E+02     0.48430E-02     0.00000E+00     0.00000E+00
     0.13055E+02     0.48430E-02     0.00000E+00     0.00000E+00
     0.13105E+02     0.48430E-02     0.00000E+00     0.00000E+00
     0.13155E+02     0.48430E-02     0.00000E+00     0.00000E+00
     0.13206E+02     0.48430E-02     0.00000E+00     0.00000E+00
     0.13256E+02     0.48430E-02     0.00000E+00     0.00000E+00
     0.13306E+02     0.48430E-02     0.00000E+00     0.00000E+00
     0.13356E+02     0.48430E-02     0.00000E+00     0.00000E+00
     0.13406E+02     0.48430E-02     0.00000E+00     0.00000E+00
     0.13456E+02     0.48430E-02     0.00000E+00     0.00000E+00
     0.13506E+02     0.48430E-02     0.00000E+00     0.00000E+00
     0.13556E+02     0.48430E-02     0.00000E+00     0.00000E+00
     0.13606E+02     0.48430E-02     0.00000E+00     0.00000E+00
     0.13656E+02     0.48430E-02     0.00000E+00     0.00000E+00
     0.13706E+02     0.48430E-02     0.00000E+00     0.00000E+00
     0.13757E+02     0.48430E-02     0.00000E+00     0.00000E+00
     0.13807E+02     0.48430E-02     0.00000E+00     0.00000E+00
     0.13857E+02     0.48430E-02     0.00000E+00     0.00000E+00
     0.13907E+02     0.48430E-02     0.00000E+00     0.00000E+00
     0.13957E+02     0.48430E-02     0.00000E+00     0.00000E+00
     0.14007E+02     0.48430E-02     0.00000E+00     0.00000E+00
     0.14058E+02     0.48430E-02     0.00000E+00     0.00000E+00
     0.14108E+02     0.48430E-02     0.00000E+00     0.00000E+00
     0.14158E+02     0.48430E-02     0.00000E+00     0.00000E+00
     0.14209E+02     0.48430E-02     0.00000E+00     0.00000E+00
     0.14259E+02     0.48430E-02     0.00000E+00     0.00000E+00
     0.14310E+02     0.48430E-02     0.00000E+00     0.00000E+00
     0.14360E+02     0.48430E-02     0.00000E+00     0.00000E+00
     0.14411E+02     0.48430E-02     0.00000E+00     0.00000E+00
     0.14462E+02     0.48430E-02     0.00000E+00     0.00000E+00
     0.14500E+02     0.48430E-02     0.00000E+00     0.00000E+00
     0.14551E+02     0.48430E-02     0.00000E+00     0.00000E+00
     0.14602E+02     0.48430E-02     0.00000E+00     0.00000E+00
     0.14653E+02     0.48430E-02     0.00000E+00     0.00000E+00
     0.14704E+02     0.48430E-02     0.00000E+00     0.00000E+00
     0.14755E+02     0.48430E-02     0.00000E+00     0.00000E+00
     0.14806E+02     0.48430E-02     0.00000E+00     0.00000E+00
     0.14857E+02     0.48430E-02     0.00000E+00     0.00000E+00
     0.14908E+02     0.48430E-02     0.00000E+00     0.00000E+00
     0.14959E+02     0.48430E-02     0.00000E+00     0.00000E+00
     0.15011E+02     0.48430E-02     0.00000E+00     0.00000E+00
     0.15062E+02     0.48430E-02     0.00000E+00     0.00000E+00
     0.15113E+02     0.48430E-02     0.00000E+00     0.00000E+00
     0.15151E+02     0.48430E-02     0.00000E+00     0.00000E+00
     0.15201E+02     0.48430E-02     0.00000E+00     0.00000E+00
     0.15252E+02     0.48430E-02     0.00000E+00     0.00000E+00
     0.15302E+02     0.48430E-02     0.00000E+00     0.00000E+00
     0.15353E+02     0.48430E-02     0.00000E+00     0.00000E+00
     0.15403E+02     0.48430E-02     0.00000E+00     0.00000E+00
     0.15453E+02     0.48430E-02     0.00000E+00     0.00000E+00
     0.15503E+02     0.48430E-02     0.00000E+00     0.00000E+00
     0.15554E+02     0.48430E-02     0.00000E+00     0.00000E+00
     0.15604E+02     0.48430E-02     0.00000E+00     0.00000E+00
     0.15654E+02     0.48430E-02     0.00000E+00     0.00000E+00
     0.15704E+02     0.48430E-02     0.00000E+00     0.00000E+00
     0.15754E+02     0.48430E-02     0.00000E+00     0.00000E+00
     0.15804E+02     0.48430E-02     0.00000E+00     0.00000E+00
     0.15855E+02     0.48430E-02     0.00000E+00     0.00000E+00
     0.15905E+02     0.48430E-02     0.00000E+00     0.00000E+00
     0.15955E+02     0.48430E-02     0.00000E+00     0.00000E+00
     0.16005E+02     0.48430E-02     0.00000E+00     0.00000E+00
     0.16055E+02     0.48430E-02     0.00000E+00     0.00000E+00
     0.16105E+02     0.48430E-02     0.00000E+00     0.00000E+00
     0.16155E+02     0.48430E-02     0.00000E+00     0.00000E+00
     0.16205E+02     0.48430E-02     0.00000E+00     0.00000E+00
     0.16255E+02     0.48430E-02     0.00000E+00     0.00000E+00
     0.16305E+02     0.48430E-02     0.00000E+00     0.00000E+00
     0.16356E+02     0.48430E-02     0.00000E+00     0.00000E+00
     0.16406E+02     0.48430E-02     0.00000E+00     0.00000E+00
     0.16456E+02     0.48430E-02     0.00000E+00     0.00000E+00
     0.16506E+02     0.48430E-02     0.00000E+00     0.00000E+00
     0.16556E+02     0.48430E-02     0.00000E+00     0.00000E+00
     0.16606E+02     0.48430E-02     0.00000E+00     0.00000E+00
     0.16656E+02     0.48430E-02     0.00000E+00     0.00000E+00
     0.16706E+02     0.48430E-02     0.00000E+00     0.00000E+00
     0.16757E+02     0.48430E-02     0.00000E+00     0.00000E+00
     0.16807E+02     0.48430E-02     0.00000E+00     0.00000E+00
     0.16857E+02     0.48430E-02     0.00000E+00     0.00000E+00
     0.16907E+02     0.48430E-02     0.00000E+00     0.00000E+00
     0.16957E+02     0.48430E-02     0.00000E+00     0.00000E+00
     0.17008E+02     0.48430E-02     0.00000E+00     0.00000E+00
     0.17058E+02     0.48430E-02     0.00000E+00     0.00000E+00
     0.17108E+02     0.48430E-02     0.00000E+00     0.00000E+00
     0.17158E+02     0.48430E-02     0.00000E+00     0.00000E+00
     0.17208E+02     0.48430E-02     0.00000E+00     0.00000E+00
     0.17259E+02     0.48430E-02     0.00000E+00     0.00000E+00
     0.17309E+02     0.48430E-02     0.00000E+00     0.00000E+00
     0.17359E+02     0.48430E-02     0.00000E+00     0.00000E+00
     0.17410E+02     0.48430E-02     0.00000E+00     0.00000E+00
     0.17460E+02     0.48430E-02     0.00000E+00     0.00000E+00
     0.17510E+02     0.48430E-02     0.00000E+00     0.00000E+00
     0.17560E+02     0.48430E-02     0.00000E+00     0.00000E+00
     0.17611E+02     0.48430E-02     0.00000E+00     0.00000E+00
     0.17661E+02     0.48430E-02     0.00000E+00     0.00000E+00
     0.17711E+02     0.48430E-02     0.00000E+00     0.00000E+00
     0.17762E+02     0.48430E-02     0.00000E+00     0.00000E+00
     0.17812E+02     0.48430E-02     0.00000E+00     0.00000E+00
     0.17862E+02     0.48430E-02     0.00000E+00     0.00000E+00
     0.17900E+02     0.48430E-02     0.00000E+00     0.00000E+00
     0.17950E+02     0.48430E-02     0.00000E+00     0.00000E+00
     0.18001E+02     0.48430E-02     0.00000E+00     0.00000E+00
     0.18051E+02     0.48430E-02     0.00000E+00     0.00000E+00
     0.18101E+02     0.48430E-02     0.00000E+00     0.00000E+00
     0.18152E+02     0.48430E-02     0.00000E+00     0.00000E+00
     0.18202E+02     0.48430E-02     0.00000E+00     0.00000E+00
     0.18252E+02     0.48430E-02     0.00000E+00     0.00000E+00
     0.18302E+02     0.48430E-02     0.00000E+00     0.00000E+00
     0.18353E+02     0.48430E-02     0.00000E+00     0.00000E+00
     0.18403E+02     0.48430E-02     0.00000E+00     0.00000E+00
     0.18453E+02     0.48430E-02     0.00000E+00     0.00000E+00
     0.18503E+02     0.48430E-02     0.00000E+00     0.00000E+00
     0.18553E+02     0.48430E-02     0.00000E+00     0.00000E+00
     0.18604E+02     0.48430E-02     0.00000E+00     0.00000E+00
     0.18654E+02     0.48430E-02     0.00000E+00     0.00000E+00
     0.18704E+02     0.48430E-02     0.00000E+00     0.00000E+00
     0.18754E+02     0.48430E-02     0.00000E+00     0.00000E+00
     0.18804E+02     0.48430E-02     0.00000E+00     0.00000E+00
     0.18854E+02     0.48430E-02     0.00000E+00     0.00000E+00
     0.18905E+02     0.48430E-02     0.00000E+00     0.00000E+00
     0.18955E+02     0.48430E-02     0.00000E+00     0.00000E+00
     0.19005E+02     0.48430E-02     0.00000E+00     0.00000E+00
     0.19055E+02     0.48430E-02     0.00000E+00     0.00000E+00
     0.19105E+02     0.50744E-02     0.12178E-01    -0.22470E-01
     0.19155E+02     0.52670E-02     0.45419E-01    -0.58583E-01
     0.19205E+02     0.55908E-02     0.92018E-01    -0.12897E+00
     0.19255E+02     0.60315E-02     0.11632E+00    -0.25093E+00
     0.19305E+02     0.64656E-02     0.88377E-01    -0.24904E+00
     0.19355E+02     0.68485E-02     0.59897E-01    -0.21241E+00
     0.19405E+02     0.72720E-02     0.34086E-01    -0.17502E+00
     0.19455E+02     0.77316E-02     0.69900E-02    -0.14411E+00
     0.19505E+02     0.81229E-02    -0.21293E-01    -0.11968E+00
     0.19555E+02     0.84117E-02    -0.53456E-01    -0.10010E+00
     0.19605E+02     0.85497E-02    -0.83141E-01    -0.83136E-01
     0.19655E+02     0.85122E-02    -0.10777E+00    -0.67577E-01
     0.19705E+02     0.82905E-02    -0.12419E+00    -0.53972E-01
     0.19755E+02     0.78953E-02    -0.12755E+00    -0.41600E-01
     0.19805E+02     0.74541E-02    -0.12688E+00    -0.31897E-01
     0.19855E+02     0.70108E-02    -0.12783E+00    -0.24218E-01
     0.19905E+02     0.65843E-02    -0.13918E+00    -0.17382E-01
     0.19954E+02     0.61483E-02    -0.18008E+00    -0.10182E-01
     0.20004E+02     0.56935E-02    -0.23371E+00    -0.33156E-02
     0.20054E+02     0.52113E-02    -0.25352E+00    -0.57460E-03
     0.20104E+02     0.49953E-02     0.00000E+00     0.00000E+00
     0.20154E+02     0.49953E-02     0.00000E+00     0.00000E+00
     0.20204E+02     0.49953E-02     0.00000E+00     0.00000E+00
     0.20253E+02     0.49953E-02     0.00000E+00     0.00000E+00
     0.20303E+02     0.49953E-02     0.00000E+00     0.00000E+00
     0.20353E+02     0.49953E-02     0.00000E+00     0.00000E+00
     0.20403E+02     0.49953E-02     0.00000E+00     0.00000E+00
     0.20453E+02     0.49953E-02     0.00000E+00     0.00000E+00
     0.20503E+02     0.49953E-02     0.00000E+00     0.00000E+00
     0.20553E+02     0.49953E-02     0.00000E+00     0.00000E+00
     0.20603E+02     0.49953E-02     0.00000E+00     0.00000E+00
     0.20653E+02     0.49953E-02     0.00000E+00     0.00000E+00
     0.20703E+02     0.49953E-02     0.00000E+00     0.00000E+00
     0.20753E+02     0.49953E-02     0.00000E+00     0.00000E+00
     0.20803E+02     0.49953E-02     0.00000E+00     0.00000E+00
     0.20853E+02     0.49953E-02     0.00000E+00     0.00000E+00
     0.20903E+02     0.49953E-02     0.00000E+00     0.00000E+00
     0.20952E+02     0.49953E-02     0.00000E+00     0.00000E+00
     0.21002E+02     0.49953E-02     0.00000E+00     0.00000E+00
     0.21052E+02     0.49953E-02     0.00000E+00     0.00000E+00
     0.21102E+02     0.49953E-02     0.00000E+00     0.00000E+00
     0.21152E+02     0.49953E-02     0.00000E+00     0.00000E+00
     0.21202E+02     0.49953E-02     0.00000E+00     0.00000E+00
     0.21251E+02     0.49953E-02     0.00000E+00     0.00000E+00
     0.21301E+02     0.49953E-02     0.00000E+00     0.00000E+00
     0.21351E+02     0.49953E-02     0.00000E+00     0.00000E+00
     0.21400E+02     0.49953E-02     0.00000E+00     0.00000E+00
     0.21450E+02     0.49953E-02     0.00000E+00     0.00000E+00
     0.21512E+02     0.49953E-02     0.00000E+00     0.00000E+00
     0.21562E+02     0.49953E-02     0.00000E+00     0.00000E+00
     0.21611E+02     0.49953E-02     0.00000E+00     0.00000E+00
     0.21661E+02     0.49953E-02     0.00000E+00     0.00000E+00
     0.21711E+02     0.49953E-02     0.00000E+00     0.00000E+00
     0.21760E+02     0.49953E-02     0.00000E+00     0.00000E+00
     0.21810E+02     0.49953E-02     0.00000E+00     0.00000E+00
     0.21860E+02     0.49953E-02     0.00000E+00     0.00000E+00
     0.21909E+02     0.49953E-02     0.00000E+00     0.00000E+00
     0.21959E+02     0.50455E-02     0.11998E-01    -0.29437E-01
     0.22009E+02     0.54095E-02     0.76642E-01    -0.87208E-01
     0.22058E+02     0.62270E-02     0.14749E+00    -0.22272E+00
     0.22108E+02     0.78325E-02     0.13276E+00    -0.16735E+00
     0.22158E+02     0.98838E-02     0.92520E-01    -0.73545E-01
     0.22207E+02     0.11495E-01     0.28883E-01    -0.27317E-01
     0.22257E+02     0.12397E-01    -0.11326E-01    -0.40057E-02
     0.22307E+02     0.13046E-01    -0.32155E-01     0.32301E-02
     0.22356E+02     0.13578E-01    -0.44468E-01     0.42236E-02
     0.22406E+02     0.14080E-01    -0.51301E-01     0.40506E-02
     0.22456E+02     0.14577E-01    -0.50371E-01     0.35475E-02
     0.22506E+02     0.15093E-01    -0.45561E-01     0.41620E-02
     0.22556E+02     0.15627E-01    -0.43201E-01     0.71078E-02
     0.22605E+02     0.16153E-01    -0.45790E-01     0.13630E-01
     0.22655E+02     0.16476E-01    -0.50919E-01     0.21856E-01
     0.22705E+02     0.16429E-01    -0.55317E-01     0.30120E-01
     0.22755E+02     0.16031E-01    -0.61917E-01     0.36438E-01
     0.22805E+02     0.15383E-01    -0.71948E-01     0.40748E-01
     0.22855E+02     0.14508E-01    -0.85897E-01     0.42187E-01
     0.22905E+02     0.13444E-01    -0.10377E+00     0.41547E-01
     0.22955E+02     0.12235E-01    -0.12634E+00     0.39389E-01
     0.23005E+02     0.10930E-01    -0.15493E+00     0.35412E-01
     0.23055E+02     0.95836E-02    -0.19281E+00     0.27338E-01
     0.23106E+02     0.82366E-02    -0.24708E+00     0.16673E-01
     0.23156E+02     0.69208E-02    -0.33368E+00     0.32393E-02
     0.23206E+02     0.57047E-02    -0.42179E+00     0.13842E-04
     0.23256E+02     0.47481E-02    -0.36820E+00    -0.26594E-04
     0.23306E+02     0.49341E-02     0.00000E+00     0.00000E+00
     0.23356E+02     0.49341E-02     0.00000E+00     0.00000E+00
     0.23407E+02     0.49341E-02     0.00000E+00     0.00000E+00
     0.23457E+02     0.49341E-02     0.00000E+00     0.00000E+00
     0.23507E+02     0.49341E-02     0.00000E+00     0.00000E+00
     0.23557E+02     0.49341E-02     0.00000E+00     0.00000E+00
     0.23608E+02     0.49341E-02     0.00000E+00     0.00000E+00
     0.23658E+02     0.49341E-02     0.00000E+00     0.00000E+00
     0.23708E+02     0.49341E-02     0.00000E+00     0.00000E+00
     0.23758E+02     0.49341E-02     0.00000E+00     0.00000E+00
     0.23809E+02     0.49341E-02     0.00000E+00     0.00000E+00
     0.23859E+02     0.49341E-02     0.00000E+00     0.00000E+00
     0.23909E+02     0.49341E-02     0.00000E+00     0.00000E+00
     0.23960E+02     0.49341E-02     0.00000E+00     0.00000E+00
     0.24010E+02     0.49341E-02     0.00000E+00     0.00000E+00
     0.24060E+02     0.49341E-02     0.00000E+00     0.00000E+00
     0.24110E+02     0.49341E-02     0.00000E+00     0.00000E+00
     0.24161E+02     0.49341E-02     0.00000E+00     0.00000E+00
     0.24211E+02     0.49341E-02     0.00000E+00     0.00000E+00
     0.24261E+02     0.49341E-02     0.00000E+00     0.00000E+00
     0.24311E+02     0.49341E-02     0.00000E+00     0.00000E+00
     0.24362E+02     0.52939E-02     0.96301E-01    -0.21142E+00
     0.24412E+02     0.66373E-02     0.17388E+00    -0.62938E+00
     0.24462E+02     0.78055E-02     0.14968E+00    -0.51413E+00
     0.24512E+02     0.91568E-02     0.15379E+00    -0.40145E+00
     0.24563E+02     0.11076E-01     0.16554E+00    -0.32462E+00
     0.24600E+02     0.13235E-01     0.16566E+00    -0.29422E+00
     0.24650E+02     0.16337E-01     0.14628E+00    -0.23056E+00
     0.24701E+02     0.19194E-01     0.13253E+00    -0.15809E+00
     0.24751E+02     0.22135E-01     0.13905E+00    -0.12296E+00
     0.24801E+02     0.24892E-01     0.15603E+00    -0.11560E+00
     0.24851E+02     0.27352E-01     0.16370E+00    -0.12015E+00
     0.24901E+02     0.29653E-01     0.15691E+00    -0.13309E+00
     0.24952E+02     0.32019E-01     0.14559E+00    -0.15346E+00
     0.25002E+02     0.34005E-01     0.13672E+00    -0.16613E+00
