     0.12475E-01     0.69032E-11     0.41767E-10    -0.54509E-12
     0.50017E-01     0.70616E-11     0.45828E-10    -0.80467E-12
     0.10007E+00     0.73028E-11     0.51501E-10    -0.15844E-11
     0.15012E+00     0.75871E-11     0.57515E-10    -0.29247E-11
     0.20016E+00     0.79253E-11     0.63925E-10    -0.49085E-11
     0.25019E+00     0.83298E-11     0.70801E-10    -0.76321E-11
     0.30021E+00     0.88149E-11     0.78227E-10    -0.11205E-10
     0.35023E+00     0.93980E-11     0.86302E-10    -0.15749E-10
     0.40024E+00     0.10099E-10     0.95148E-10    -0.21402E-10
     0.45026E+00     0.10942E-10     0.10491E-09    -0.28315E-10
     0.50027E+00     0.11954E-10     0.11575E-09    -0.36666E-10
     0.55028E+00     0.13166E-10     0.12787E-09    -0.46653E-10
     0.60029E+00     0.14612E-10     0.14152E-09    -0.58508E-10
     0.65031E+00     0.16333E-10     0.15696E-09    -0.72493E-10
     0.70033E+00     0.18374E-10     0.17452E-09    -0.88905E-10
     0.75035E+00     0.20784E-10     0.19458E-09    -0.10808E-09
     0.80037E+00     0.23622E-10     0.21757E-09    -0.13041E-09
     0.85039E+00     0.26952E-10     0.24399E-09    -0.15632E-09
     0.90041E+00     0.30849E-10     0.27443E-09    -0.18630E-09
     0.95043E+00     0.35395E-10     0.30953E-09    -0.22092E-09
     0.10005E+01     0.40690E-10     0.35005E-09    -0.26082E-09
     0.10505E+01     0.46843E-10     0.39686E-09    -0.30673E-09
     0.11005E+01     0.53987E-10     0.45097E-09    -0.35951E-09
     0.11505E+01     0.62271E-10     0.51354E-09    -0.42016E-09
     0.12006E+01     0.71872E-10     0.58592E-09    -0.48982E-09
     0.12506E+01     0.82991E-10     0.66968E-09    -0.56985E-09
     0.13006E+01     0.95864E-10     0.76661E-09    -0.66181E-09
     0.13506E+01     0.11076E-09     0.87880E-09    -0.76754E-09
     0.14007E+01     0.12799E-09     0.10086E-08    -0.88914E-09
     0.14507E+01     0.14792E-09     0.11588E-08    -0.10291E-08
     0.15007E+01     0.17096E-09     0.13326E-08    -0.11902E-08
     0.15507E+01     0.19759E-09     0.15337E-08    -0.13758E-08
     0.16008E+01     0.22837E-09     0.17663E-08    -0.15896E-08
     0.16508E+01     0.26394E-09     0.20353E-08    -0.18361E-08
     0.17008E+01     0.30504E-09     0.23464E-08    -0.21203E-08
     0.17508E+01     0.35251E-09     0.27061E-08    -0.24481E-08
     0.18009E+01     0.40734E-09     0.31219E-08    -0.28262E-08
     0.18509E+01     0.47067E-09     0.36026E-08    -0.32625E-08
     0.19009E+01     0.54379E-09     0.41581E-08    -0.37661E-08
     0.19509E+01     0.62823E-09     0.48000E-08    -0.43473E-08
     0.20010E+01     0.72573E-09     0.55416E-08    -0.50182E-08
     0.20510E+01     0.83831E-09     0.63984E-08    -0.57927E-08
     0.21010E+01     0.96827E-09     0.73881E-08    -0.66867E-08
     0.21510E+01     0.11183E-08     0.85313E-08    -0.77187E-08
     0.22010E+01     0.12915E-08     0.98516E-08    -0.89099E-08
     0.22511E+01     0.14915E-08     0.11376E-07    -0.10285E-07
     0.23011E+01     0.17223E-08     0.13137E-07    -0.11871E-07
     0.23511E+01     0.19887E-08     0.15170E-07    -0.13703E-07
     0.24011E+01     0.22962E-08     0.17517E-07    -0.15816E-07
     0.24512E+01     0.26512E-08     0.20227E-07    -0.18255E-07
     0.25012E+01     0.30609E-08     0.23355E-07    -0.21070E-07
     0.25512E+01     0.35338E-08     0.26965E-07    -0.24319E-07
     0.26012E+01     0.40796E-08     0.31133E-07    -0.28068E-07
     0.26513E+01     0.47095E-08     0.35944E-07    -0.32394E-07
     0.27013E+01     0.54365E-08     0.41497E-07    -0.37386E-07
     0.27513E+01     0.62756E-08     0.47906E-07    -0.43147E-07
     0.28013E+01     0.72439E-08     0.55304E-07    -0.49795E-07
     0.28514E+01     0.83615E-08     0.63841E-07    -0.57467E-07
     0.29014E+01     0.96512E-08     0.73694E-07    -0.66319E-07
     0.29514E+01     0.11140E-07     0.85066E-07    -0.76535E-07
     0.30014E+01     0.12857E-07     0.98189E-07    -0.88325E-07
     0.30514E+01     0.14840E-07     0.11334E-06    -0.10193E-06
     0.31015E+01     0.17127E-07     0.13081E-06    -0.11763E-06
     0.31515E+01     0.19767E-07     0.15099E-06    -0.13574E-06
     0.32015E+01     0.22814E-07     0.17426E-06    -0.15665E-06
     0.32515E+01     0.26330E-07     0.20113E-06    -0.18078E-06
     0.33016E+01     0.30387E-07     0.23213E-06    -0.20862E-06
     0.33516E+01     0.35070E-07     0.26790E-06    -0.24074E-06
     0.34016E+01     0.40473E-07     0.30919E-06    -0.27782E-06
     0.34516E+01     0.46709E-07     0.35684E-06    -0.32061E-06
     0.35017E+01     0.53904E-07     0.41182E-06    -0.36998E-06
     0.35517E+01     0.62209E-07     0.47527E-06    -0.42696E-06
     0.36017E+01     0.71792E-07     0.54849E-06    -0.49271E-06
     0.36517E+01     0.82851E-07     0.63299E-06    -0.56859E-06
     0.37017E+01     0.95613E-07     0.73051E-06    -0.65616E-06
     0.37518E+01     0.11034E-06     0.84304E-06    -0.75721E-06
     0.38018E+01     0.12734E-06     0.97291E-06    -0.87383E-06
     0.38518E+01     0.14695E-06     0.11228E-05    -0.10084E-05
     0.39018E+01     0.16958E-06     0.12957E-05    -0.11637E-05
     0.39519E+01     0.19570E-06     0.14953E-05    -0.13429E-05
     0.40019E+01     0.22585E-06     0.17256E-05    -0.15498E-05
     0.40519E+01     0.26063E-06     0.19914E-05    -0.17884E-05
     0.41019E+01     0.30078E-06     0.22981E-05    -0.20639E-05
     0.41520E+01     0.34710E-06     0.26521E-05    -0.23817E-05
     0.42020E+01     0.40056E-06     0.30606E-05    -0.27485E-05
     0.42520E+01     0.46225E-06     0.35320E-05    -0.31718E-05
     0.43020E+01     0.53344E-06     0.40759E-05    -0.36603E-05
     0.43521E+01     0.61560E-06     0.47037E-05    -0.42240E-05
     0.44021E+01     0.71041E-06     0.54281E-05    -0.48745E-05
     0.44521E+01     0.81982E-06     0.62641E-05    -0.56252E-05
     0.45021E+01     0.94608E-06     0.72289E-05    -0.64914E-05
     0.45522E+01     0.10918E-05     0.83422E-05    -0.74910E-05
     0.46022E+01     0.12599E-05     0.96269E-05    -0.86446E-05
     0.46522E+01     0.14539E-05     0.11109E-04    -0.99757E-05
     0.47022E+01     0.16778E-05     0.12820E-04    -0.11512E-04
     0.47523E+01     0.19362E-05     0.14794E-04    -0.13284E-04
     0.48023E+01     0.22343E-05     0.17073E-04    -0.15329E-04
     0.48523E+01     0.25784E-05     0.19702E-04    -0.17689E-04
     0.49023E+01     0.29754E-05     0.22735E-04    -0.20413E-04
     0.49524E+01     0.34335E-05     0.26236E-04    -0.23555E-04
     0.50024E+01     0.39621E-05     0.30275E-04    -0.27180E-04
     0.50524E+01     0.45721E-05     0.34936E-04    -0.31364E-04
     0.51024E+01     0.52759E-05     0.40315E-04    -0.36190E-04
     0.51525E+01     0.60880E-05     0.46521E-04    -0.41759E-04
     0.52025E+01     0.70250E-05     0.53681E-04    -0.48184E-04
     0.52525E+01     0.81062E-05     0.61944E-04    -0.55596E-04
     0.53025E+01     0.93536E-05     0.71477E-04    -0.64147E-04
     0.53526E+01     0.10793E-04     0.82476E-04    -0.74012E-04
     0.54026E+01     0.12453E-04     0.95167E-04    -0.85392E-04
     0.54526E+01     0.14369E-04     0.10981E-03    -0.98520E-04
     0.55027E+01     0.16579E-04     0.12670E-03    -0.11366E-03
     0.55527E+01     0.19129E-04     0.14619E-03    -0.13113E-03
     0.56027E+01     0.22070E-04     0.16867E-03    -0.15127E-03
     0.56527E+01     0.25463E-04     0.19461E-03    -0.17450E-03
     0.57028E+01     0.29377E-04     0.22453E-03    -0.20129E-03
     0.57528E+01     0.33892E-04     0.25904E-03    -0.23219E-03
     0.58028E+01     0.39099E-04     0.29885E-03    -0.26781E-03
     0.58529E+01     0.45105E-04     0.34477E-03    -0.30889E-03
     0.59029E+01     0.52032E-04     0.39774E-03    -0.35625E-03
     0.59529E+01     0.60020E-04     0.45883E-03    -0.41084E-03
     0.60030E+01     0.69233E-04     0.52929E-03    -0.47377E-03
     0.60530E+01     0.79857E-04     0.61055E-03    -0.54631E-03
     0.61030E+01     0.92108E-04     0.70427E-03    -0.62991E-03
     0.61530E+01     0.10623E-03     0.81235E-03    -0.72625E-03
     0.62031E+01     0.12252E-03     0.93699E-03    -0.83726E-03
     0.62531E+01     0.14130E-03     0.10807E-02    -0.96516E-03
     0.63031E+01     0.16295E-03     0.12464E-02    -0.11125E-02
     0.63532E+01     0.18792E-03     0.14376E-02    -0.12822E-02
     0.64032E+01     0.21669E-03     0.16579E-02    -0.14776E-02
     0.64532E+01     0.24986E-03     0.19120E-02    -0.17027E-02
     0.65032E+01     0.28809E-03     0.22049E-02    -0.19618E-02
     0.65532E+01     0.33215E-03     0.25427E-02    -0.22599E-02
     0.66032E+01     0.38293E-03     0.29320E-02    -0.26030E-02
     0.66532E+01     0.44143E-03     0.33808E-02    -0.29975E-02
     0.67031E+01     0.50881E-03     0.38979E-02    -0.34510E-02
     0.67530E+01     0.58641E-03     0.44939E-02    -0.39722E-02
     0.68029E+01     0.67578E-03     0.51806E-02    -0.45709E-02
     0.68528E+01     0.77871E-03     0.59721E-02    -0.52585E-02
     0.69026E+01     0.89725E-03     0.68843E-02    -0.60477E-02
     0.69524E+01     0.10338E-02     0.79359E-02    -0.69533E-02
     0.70021E+01     0.11910E-02     0.91483E-02    -0.79918E-02
     0.70519E+01     0.13721E-02     0.10546E-01    -0.91821E-02
     0.71016E+01     0.15807E-02     0.12159E-01    -0.10546E-01
     0.71513E+01     0.18210E-02     0.14019E-01    -0.12106E-01
     0.72010E+01     0.20978E-02     0.16166E-01    -0.13890E-01
     0.72506E+01     0.24168E-02     0.18644E-01    -0.15929E-01
     0.73002E+01     0.27843E-02     0.21505E-01    -0.18253E-01
     0.73622E+01     0.33234E-02     0.25711E-01    -0.21618E-01
     0.74118E+01     0.38288E-02     0.29663E-01    -0.24726E-01
     0.74614E+01     0.44105E-02     0.34224E-01    -0.28251E-01
     0.75109E+01     0.50795E-02     0.39482E-01    -0.32238E-01
     0.75605E+01     0.58484E-02     0.45542E-01    -0.36730E-01
     0.76100E+01     0.67315E-02     0.52526E-01    -0.41764E-01
     0.76595E+01     0.77452E-02     0.60569E-01    -0.47363E-01
     0.77090E+01     0.89069E-02     0.69813E-01    -0.53538E-01
     0.77585E+01     0.10232E-01     0.80399E-01    -0.60275E-01
     0.78081E+01     0.11737E-01     0.92452E-01    -0.67514E-01
     0.78576E+01     0.13434E-01     0.10606E+00    -0.75158E-01
     0.79071E+01     0.15323E-01     0.12123E+00    -0.83126E-01
     0.79566E+01     0.17385E-01     0.13792E+00    -0.91314E-01
     0.80061E+01     0.19588E-01     0.15602E+00    -0.99488E-01
     0.80556E+01     0.21896E-01     0.17538E+00    -0.10718E+00
     0.81051E+01     0.24263E-01     0.19570E+00    -0.11372E+00
     0.81546E+01     0.26619E-01     0.21634E+00    -0.11834E+00
     0.82042E+01     0.28867E-01     0.23650E+00    -0.12011E+00
     0.82537E+01     0.30933E-01     0.25511E+00    -0.11916E+00
     0.83033E+01     0.32680E-01     0.27110E+00    -0.11479E+00
     0.83529E+01     0.34033E-01     0.28379E+00    -0.10730E+00
     0.84025E+01     0.35060E-01     0.29351E+00    -0.96849E-01
     0.84521E+01     0.35891E-01     0.30108E+00    -0.83459E-01
     0.85018E+01     0.36659E-01     0.30673E+00    -0.66770E-01
     0.85515E+01     0.37221E-01     0.31032E+00    -0.47723E-01
     0.86012E+01     0.37523E-01     0.31211E+00    -0.26272E-01
     0.86509E+01     0.37689E-01     0.31275E+00    -0.28837E-02
     0.87007E+01     0.37752E-01     0.31233E+00     0.21495E-01
     0.87505E+01     0.37497E-01     0.31043E+00     0.45694E-01
     0.88004E+01     0.36909E-01     0.30656E+00     0.69269E-01
     0.88503E+01     0.35991E-01     0.30089E+00     0.91780E-01
     0.89002E+01     0.34710E-01     0.29302E+00     0.11218E+00
     0.89502E+01     0.32988E-01     0.28291E+00     0.13001E+00
     0.90002E+01     0.30956E-01     0.27109E+00     0.14544E+00
     0.90502E+01     0.28583E-01     0.25763E+00     0.15788E+00
     0.91003E+01     0.25931E-01     0.24286E+00     0.16741E+00
     0.91503E+01     0.23153E-01     0.22743E+00     0.17455E+00
     0.92004E+01     0.20330E-01     0.21160E+00     0.17970E+00
     0.92504E+01     0.17525E-01     0.19540E+00     0.18311E+00
     0.93005E+01     0.14757E-01     0.17884E+00     0.18489E+00
     0.93505E+01     0.12086E-01     0.16215E+00     0.18516E+00
     0.94006E+01     0.95343E-02     0.14582E+00     0.18382E+00
     0.94506E+01     0.71011E-02     0.13024E+00     0.18068E+00
     0.95007E+01     0.47527E-02     0.11526E+00     0.17528E+00
     0.95507E+01     0.24555E-02     0.10043E+00     0.16744E+00
     0.96008E+01     0.24217E-03     0.85569E-01     0.15747E+00
     0.96508E+01    -0.18393E-02     0.70013E-01     0.14578E+00
     0.97009E+01    -0.38119E-02     0.53326E-01     0.13256E+00
     0.97510E+01    -0.57031E-02     0.36376E-01     0.11802E+00
     0.98010E+01    -0.74755E-02     0.20638E-01     0.10259E+00
     0.98511E+01    -0.91051E-02     0.68061E-02     0.86682E-01
     0.99011E+01    -0.10584E-01    -0.50036E-02     0.70690E-01
     0.99512E+01    -0.11880E-01    -0.15237E-01     0.55030E-01
     0.10001E+02    -0.12933E-01    -0.24152E-01     0.40093E-01
     0.10051E+02    -0.13696E-01    -0.31670E-01     0.26182E-01
     0.10101E+02    -0.14175E-01    -0.37663E-01     0.13509E-01
     0.10151E+02    -0.14423E-01    -0.42455E-01     0.21974E-02
     0.10201E+02    -0.14433E-01    -0.46128E-01    -0.73332E-02
     0.10251E+02    -0.14338E-01    -0.48776E-01    -0.15363E-01
     0.10302E+02    -0.14118E-01    -0.50117E-01    -0.21971E-01
     0.10352E+02    -0.13819E-01    -0.50258E-01    -0.27120E-01
     0.10402E+02    -0.13460E-01    -0.49441E-01    -0.31134E-01
     0.10452E+02    -0.13052E-01    -0.47968E-01    -0.34364E-01
     0.10502E+02    -0.12608E-01    -0.46070E-01    -0.37039E-01
     0.10552E+02    -0.12134E-01    -0.44058E-01    -0.39344E-01
     0.10602E+02    -0.11637E-01    -0.42126E-01    -0.41361E-01
     0.10652E+02    -0.11127E-01    -0.40362E-01    -0.43044E-01
     0.10702E+02    -0.10617E-01    -0.38747E-01    -0.44273E-01
     0.10752E+02    -0.10085E-01    -0.37075E-01    -0.44912E-01
     0.10802E+02    -0.95169E-02    -0.35073E-01    -0.44871E-01
     0.10852E+02    -0.89375E-02    -0.32473E-01    -0.44271E-01
     0.10902E+02    -0.83240E-02    -0.28975E-01    -0.42884E-01
     0.10952E+02    -0.76580E-02    -0.24450E-01    -0.40610E-01
     0.11002E+02    -0.69318E-02    -0.18983E-01    -0.37733E-01
     0.11052E+02    -0.61347E-02    -0.12909E-01    -0.34017E-01
     0.11103E+02    -0.52885E-02    -0.70374E-02    -0.29342E-01
     0.11153E+02    -0.44648E-02    -0.26805E-02    -0.24107E-01
     0.11203E+02    -0.38728E-02    -0.92340E-03    -0.19325E-01
     0.11253E+02    -0.35564E-02    -0.41986E-03    -0.15630E-01
     0.11303E+02    -0.34877E-02    -0.50676E-03    -0.13273E-01
     0.11353E+02    -0.35519E-02    -0.67527E-03    -0.12171E-01
     0.11403E+02    -0.36334E-02    -0.29706E-03    -0.11937E-01
     0.11453E+02    -0.36750E-02     0.91856E-03    -0.12217E-01
     0.11503E+02    -0.36079E-02     0.26907E-02    -0.12648E-01
     0.11553E+02    -0.34162E-02     0.47433E-02    -0.12990E-01
     0.11603E+02    -0.31082E-02     0.69572E-02    -0.12948E-01
     0.11653E+02    -0.26920E-02     0.90195E-02    -0.12371E-01
     0.11703E+02    -0.22258E-02     0.10801E-01    -0.11242E-01
     0.11753E+02    -0.17822E-02     0.12060E-01    -0.96081E-02
     0.11803E+02    -0.14283E-02     0.12635E-01    -0.77673E-02
     0.11854E+02    -0.11774E-02     0.12802E-01    -0.59804E-02
     0.11904E+02    -0.99715E-03     0.12610E-01    -0.44214E-02
     0.11954E+02    -0.84880E-03     0.12169E-01    -0.30231E-02
     0.12004E+02    -0.70616E-03     0.11639E-01    -0.15012E-02
     0.12054E+02    -0.55026E-03     0.10998E-01     0.71010E-04
     0.12104E+02    -0.37143E-03     0.10231E-01     0.17366E-02
     0.12154E+02    -0.17960E-03     0.96344E-02     0.34458E-02
     0.12204E+02    -0.33948E-04     0.94912E-02     0.51030E-02
     0.12254E+02     0.33682E-04     0.96603E-02     0.67208E-02
     0.12304E+02     0.14573E-04     0.10187E-01     0.84133E-02
     0.12354E+02    -0.52594E-04     0.11198E-01     0.10313E-01
     0.12404E+02    -0.14344E-03     0.12124E-01     0.12617E-01
     0.12454E+02    -0.18468E-03     0.13125E-01     0.15877E-01
     0.12504E+02    -0.10023E-03     0.13925E-01     0.20151E-01
     0.12555E+02     0.41477E-05     0.13797E-01     0.24540E-01
     0.12605E+02     0.69959E-05     0.12797E-01     0.27628E-01
     0.12655E+02    -0.16801E-03     0.10855E-01     0.28764E-01
     0.12705E+02    -0.45122E-03     0.82995E-02     0.28361E-01
     0.12755E+02    -0.71142E-03     0.59848E-02     0.26902E-01
     0.12805E+02    -0.97668E-03     0.44347E-02     0.24794E-01
     0.12855E+02    -0.12181E-02     0.38494E-02     0.22266E-01
     0.12905E+02    -0.14391E-02     0.39048E-02     0.19493E-01
     0.12955E+02    -0.16236E-02     0.43508E-02     0.16941E-01
     0.13005E+02    -0.17312E-02     0.45471E-02     0.14897E-01
     0.13055E+02    -0.17984E-02     0.43665E-02     0.13448E-01
     0.13105E+02    -0.18452E-02     0.36698E-02     0.12365E-01
     0.13155E+02    -0.18868E-02     0.24493E-02     0.11411E-01
     0.13206E+02    -0.19172E-02     0.10263E-02     0.10585E-01
     0.13256E+02    -0.19293E-02    -0.30071E-03     0.99123E-02
     0.13306E+02    -0.19413E-02    -0.14639E-02     0.94347E-02
     0.13356E+02    -0.19428E-02    -0.24538E-02     0.92203E-02
     0.13406E+02    -0.19270E-02    -0.33200E-02     0.92375E-02
     0.13456E+02    -0.18870E-02    -0.41202E-02     0.94702E-02
     0.13506E+02    -0.18202E-02    -0.48910E-02     0.98462E-02
     0.13556E+02    -0.17371E-02    -0.56018E-02     0.10187E-01
     0.13606E+02    -0.16659E-02    -0.61041E-02     0.10374E-01
     0.13656E+02    -0.16048E-02    -0.62173E-02     0.10400E-01
     0.13706E+02    -0.15404E-02    -0.58153E-02     0.10432E-01
     0.13757E+02    -0.14629E-02    -0.49324E-02     0.10672E-01
     0.13807E+02    -0.13629E-02    -0.38991E-02     0.11255E-01
     0.13857E+02    -0.12492E-02    -0.30796E-02     0.11920E-01
     0.13907E+02    -0.11551E-02    -0.28978E-02     0.12284E-01
     0.13957E+02    -0.10918E-02    -0.37161E-02     0.12129E-01
     0.14007E+02    -0.10774E-02    -0.56617E-02     0.11597E-01
     0.14058E+02    -0.11342E-02    -0.81764E-02     0.10588E-01
     0.14108E+02    -0.11962E-02    -0.10805E-01     0.92752E-02
     0.14158E+02    -0.12083E-02    -0.12987E-01     0.79407E-02
     0.14209E+02    -0.11623E-02    -0.14233E-01     0.67254E-02
     0.14259E+02    -0.10257E-02    -0.14474E-01     0.57055E-02
     0.14310E+02    -0.79246E-03    -0.14150E-01     0.51044E-02
     0.14360E+02    -0.50077E-03    -0.13049E-01     0.47771E-02
     0.14411E+02    -0.15403E-03    -0.11654E-01     0.47260E-02
     0.14462E+02     0.20895E-03    -0.10755E-01     0.47931E-02
     0.14500E+02     0.42535E-03    -0.10754E-01     0.46489E-02
     0.14551E+02     0.63638E-03    -0.11765E-01     0.37688E-02
     0.14602E+02     0.76609E-03    -0.14153E-01     0.22789E-02
     0.14653E+02     0.88952E-03    -0.17667E-01     0.49052E-03
     0.14704E+02     0.10552E-02    -0.22034E-01    -0.13451E-02
     0.14755E+02     0.12858E-02    -0.27030E-01    -0.29309E-02
     0.14806E+02     0.15941E-02    -0.32491E-01    -0.40548E-02
     0.14857E+02     0.20037E-02    -0.38107E-01    -0.45186E-02
     0.14908E+02     0.25179E-02    -0.43501E-01    -0.44167E-02
     0.14959E+02     0.31131E-02    -0.48376E-01    -0.36830E-02
     0.15011E+02     0.37119E-02    -0.52474E-01    -0.29303E-02
     0.15062E+02     0.42139E-02    -0.55685E-01    -0.28298E-02
     0.15113E+02     0.46191E-02    -0.58300E-01    -0.33362E-02
     0.15151E+02     0.48734E-02    -0.60158E-01    -0.42631E-02
     0.15201E+02     0.51770E-02    -0.62947E-01    -0.56187E-02
     0.15252E+02     0.55039E-02    -0.66476E-01    -0.66091E-02
     0.15302E+02     0.59035E-02    -0.70766E-01    -0.68384E-02
     0.15353E+02     0.63502E-02    -0.75554E-01    -0.62688E-02
     0.15403E+02     0.68033E-02    -0.80421E-01    -0.47561E-02
     0.15453E+02     0.72229E-02    -0.84976E-01    -0.23508E-02
     0.15503E+02     0.75716E-02    -0.89028E-01     0.75820E-03
     0.15554E+02     0.78394E-02    -0.92673E-01     0.43835E-02
     0.15604E+02     0.80328E-02    -0.96135E-01     0.84459E-02
     0.15654E+02     0.81842E-02    -0.99668E-01     0.12995E-01
     0.15704E+02     0.83281E-02    -0.10322E+00     0.18133E-01
     0.15754E+02     0.84437E-02    -0.10611E+00     0.23714E-01
     0.15804E+02     0.84340E-02    -0.10734E+00     0.29546E-01
     0.15855E+02     0.82670E-02    -0.10658E+00     0.35273E-01
     0.15905E+02     0.78918E-02    -0.10409E+00     0.40378E-01
     0.15955E+02     0.72754E-02    -0.10052E+00     0.44732E-01
     0.16005E+02     0.64048E-02    -0.96250E-01     0.48431E-01
     0.16055E+02     0.53617E-02    -0.91503E-01     0.51692E-01
     0.16105E+02     0.42662E-02    -0.86238E-01     0.54736E-01
     0.16155E+02     0.32083E-02    -0.80199E-01     0.57736E-01
     0.16205E+02     0.22441E-02    -0.73117E-01     0.60763E-01
     0.16255E+02     0.13732E-02    -0.64835E-01     0.63771E-01
     0.16305E+02     0.57555E-03    -0.55599E-01     0.66650E-01
     0.16356E+02    -0.14667E-03    -0.45820E-01     0.69205E-01
     0.16406E+02    -0.80427E-03    -0.35944E-01     0.71123E-01
     0.16456E+02    -0.14736E-02    -0.26257E-01     0.71909E-01
     0.16506E+02    -0.21869E-02    -0.16982E-01     0.71086E-01
     0.16556E+02    -0.29913E-02    -0.82079E-02     0.68342E-01
     0.16606E+02    -0.38464E-02    -0.14700E-03     0.63984E-01
     0.16656E+02    -0.46600E-02     0.70724E-02     0.58711E-01
     0.16706E+02    -0.53548E-02     0.13496E-01     0.53272E-01
     0.16757E+02    -0.59074E-02     0.19243E-01     0.48200E-01
     0.16807E+02    -0.63252E-02     0.24253E-01     0.43667E-01
     0.16857E+02    -0.66251E-02     0.28222E-01     0.39565E-01
     0.16907E+02    -0.68494E-02     0.31158E-01     0.35438E-01
     0.16957E+02    -0.70855E-02     0.33312E-01     0.30806E-01
     0.17008E+02    -0.73589E-02     0.34824E-01     0.25169E-01
     0.17058E+02    -0.76404E-02     0.35711E-01     0.18680E-01
     0.17108E+02    -0.78413E-02     0.35716E-01     0.11781E-01
     0.17158E+02    -0.79541E-02     0.34971E-01     0.50366E-02
     0.17208E+02    -0.79622E-02     0.33167E-01    -0.10705E-02
     0.17259E+02    -0.78603E-02     0.30410E-01    -0.63652E-02
     0.17309E+02    -0.76798E-02     0.26967E-01    -0.11117E-01
     0.17359E+02    -0.74050E-02     0.23025E-01    -0.15505E-01
     0.17410E+02    -0.70296E-02     0.18815E-01    -0.19594E-01
     0.17460E+02    -0.65514E-02     0.14319E-01    -0.23421E-01
     0.17510E+02    -0.59468E-02     0.93203E-02    -0.26737E-01
     0.17560E+02    -0.51916E-02     0.35661E-02    -0.29263E-01
     0.17611E+02    -0.42608E-02    -0.28691E-02    -0.30334E-01
     0.17661E+02    -0.32151E-02    -0.96226E-02    -0.30090E-01
     0.17711E+02    -0.21384E-02    -0.16005E-01    -0.28955E-01
     0.17762E+02    -0.10948E-02    -0.20959E-01    -0.27385E-01
     0.17812E+02    -0.16727E-03    -0.24628E-01    -0.25661E-01
     0.17862E+02     0.62704E-03    -0.27203E-01    -0.23861E-01
     0.17900E+02     0.11342E-02    -0.29124E-01    -0.22456E-01
     0.17950E+02     0.17009E-02    -0.32391E-01    -0.20487E-01
     0.18001E+02     0.21860E-02    -0.36882E-01    -0.18291E-01
     0.18051E+02     0.26347E-02    -0.42906E-01    -0.15825E-01
     0.18101E+02     0.30724E-02    -0.50270E-01    -0.13139E-01
     0.18152E+02     0.35225E-02    -0.58334E-01    -0.99383E-02
     0.18202E+02     0.39562E-02    -0.66014E-01    -0.63330E-02
     0.18252E+02     0.43201E-02    -0.72279E-01    -0.25900E-02
     0.18302E+02     0.45502E-02    -0.76216E-01     0.95984E-03
     0.18353E+02     0.47221E-02    -0.78096E-01     0.41114E-02
     0.18403E+02     0.48840E-02    -0.78645E-01     0.70312E-02
     0.18453E+02     0.49604E-02    -0.77978E-01     0.97503E-02
     0.18503E+02     0.50298E-02    -0.76153E-01     0.12546E-01
     0.18553E+02     0.50643E-02    -0.73723E-01     0.15794E-01
     0.18604E+02     0.50938E-02    -0.70990E-01     0.19610E-01
     0.18654E+02     0.51137E-02    -0.68049E-01     0.23933E-01
     0.18704E+02     0.50916E-02    -0.64956E-01     0.28600E-01
     0.18754E+02     0.50044E-02    -0.61867E-01     0.33422E-01
     0.18804E+02     0.48310E-02    -0.58718E-01     0.38218E-01
     0.18854E+02     0.45629E-02    -0.55417E-01     0.42745E-01
     0.18905E+02     0.41877E-02    -0.52089E-01     0.46739E-01
     0.18955E+02     0.36995E-02    -0.48889E-01     0.49958E-01
     0.19005E+02     0.31260E-02    -0.45935E-01     0.52228E-01
     0.19055E+02     0.24880E-02    -0.43248E-01     0.53597E-01
     0.19105E+02     0.17985E-02    -0.40816E-01     0.54233E-01
     0.19155E+02     0.10816E-02    -0.38550E-01     0.54279E-01
     0.19205E+02     0.38284E-03    -0.36270E-01     0.53748E-01
     0.19255E+02    -0.25795E-03    -0.33795E-01     0.52544E-01
     0.19305E+02    -0.81920E-03    -0.31055E-01     0.50739E-01
     0.19355E+02    -0.13139E-02    -0.28201E-01     0.48386E-01
     0.19405E+02    -0.17706E-02    -0.25512E-01     0.45408E-01
     0.19455E+02    -0.21941E-02    -0.23137E-01     0.41792E-01
     0.19505E+02    -0.25684E-02    -0.21063E-01     0.37705E-01
     0.19555E+02    -0.28598E-02    -0.19142E-01     0.33477E-01
     0.19605E+02    -0.30360E-02    -0.17295E-01     0.29559E-01
     0.19655E+02    -0.30833E-02    -0.15647E-01     0.26177E-01
     0.19705E+02    -0.30324E-02    -0.14136E-01     0.23254E-01
     0.19755E+02    -0.29156E-02    -0.12835E-01     0.20589E-01
     0.19805E+02    -0.27906E-02    -0.12132E-01     0.18015E-01
     0.19855E+02    -0.26879E-02    -0.12190E-01     0.15305E-01
     0.19905E+02    -0.25979E-02    -0.13091E-01     0.12435E-01
     0.19954E+02    -0.25181E-02    -0.14831E-01     0.95241E-02
     0.20004E+02    -0.24288E-02    -0.17289E-01     0.67880E-02
     0.20054E+02    -0.23036E-02    -0.20361E-01     0.43432E-02
     0.20104E+02    -0.21195E-02    -0.23987E-01     0.21832E-02
     0.20154E+02    -0.18824E-02    -0.27961E-01     0.25110E-03
     0.20204E+02    -0.15891E-02    -0.32068E-01    -0.15022E-02
     0.20253E+02    -0.12442E-02    -0.36051E-01    -0.31186E-02
     0.20303E+02    -0.87103E-03    -0.39798E-01    -0.46834E-02
     0.20353E+02    -0.48493E-03    -0.43315E-01    -0.62786E-02
     0.20403E+02    -0.98764E-04    -0.46669E-01    -0.79766E-02
     0.20453E+02     0.30124E-03    -0.49942E-01    -0.96858E-02
     0.20503E+02     0.73952E-03    -0.53235E-01    -0.11322E-01
     0.20553E+02     0.12239E-02    -0.56645E-01    -0.12894E-01
     0.20603E+02     0.17580E-02    -0.60181E-01    -0.14431E-01
     0.20653E+02     0.23312E-02    -0.63807E-01    -0.15977E-01
     0.20703E+02     0.29310E-02    -0.67576E-01    -0.17492E-01
     0.20753E+02     0.35538E-02    -0.71531E-01    -0.18974E-01
     0.20803E+02     0.42051E-02    -0.75605E-01    -0.20422E-01
     0.20853E+02     0.48896E-02    -0.79752E-01    -0.21958E-01
     0.20903E+02     0.56136E-02    -0.83912E-01    -0.23834E-01
     0.20952E+02     0.63816E-02    -0.88062E-01    -0.26373E-01
     0.21002E+02     0.72020E-02    -0.92300E-01    -0.29574E-01
     0.21052E+02     0.81103E-02    -0.96743E-01    -0.33211E-01
     0.21102E+02     0.91314E-02    -0.10150E+00    -0.37062E-01
     0.21152E+02     0.10287E-01    -0.10682E+00    -0.40817E-01
     0.21202E+02     0.11590E-01    -0.11298E+00    -0.44235E-01
     0.21251E+02     0.13017E-01    -0.12007E+00    -0.47264E-01
     0.21301E+02     0.14545E-01    -0.12799E+00    -0.50024E-01
     0.21351E+02     0.16099E-01    -0.13659E+00    -0.52841E-01
     0.21400E+02     0.17638E-01    -0.14586E+00    -0.56021E-01
     0.21450E+02     0.19133E-01    -0.15608E+00    -0.59772E-01
     0.21512E+02     0.20875E-01    -0.17089E+00    -0.65321E-01
     0.21562E+02     0.22151E-01    -0.18466E+00    -0.70103E-01
     0.21611E+02     0.23352E-01    -0.19977E+00    -0.74485E-01
     0.21661E+02     0.24532E-01    -0.21531E+00    -0.77502E-01
     0.21711E+02     0.25713E-01    -0.23015E+00    -0.78657E-01
     0.21760E+02     0.26838E-01    -0.24311E+00    -0.77698E-01
     0.21810E+02     0.27839E-01    -0.25347E+00    -0.74997E-01
     0.21860E+02     0.28736E-01    -0.26143E+00    -0.70420E-01
     0.21909E+02     0.29585E-01    -0.26765E+00    -0.63387E-01
     0.21959E+02     0.30423E-01    -0.27279E+00    -0.53644E-01
     0.22009E+02     0.31190E-01    -0.27689E+00    -0.41444E-01
     0.22058E+02     0.31813E-01    -0.27978E+00    -0.27251E-01
     0.22108E+02     0.32271E-01    -0.28156E+00    -0.11486E-01
     0.22158E+02     0.32546E-01    -0.28238E+00     0.51444E-02
     0.22207E+02     0.32618E-01    -0.28230E+00     0.21703E-01
     0.22257E+02     0.32379E-01    -0.28077E+00     0.37576E-01
     0.22307E+02     0.31855E-01    -0.27755E+00     0.52936E-01
     0.22356E+02     0.31175E-01    -0.27331E+00     0.67966E-01
     0.22406E+02     0.30390E-01    -0.26835E+00     0.82429E-01
     0.22456E+02     0.29400E-01    -0.26245E+00     0.95501E-01
     0.22506E+02     0.28096E-01    -0.25532E+00     0.10632E+00
     0.22556E+02     0.26523E-01    -0.24718E+00     0.11500E+00
     0.22605E+02     0.24818E-01    -0.23840E+00     0.12215E+00
     0.22655E+02     0.23056E-01    -0.22924E+00     0.12796E+00
     0.22705E+02     0.21216E-01    -0.21971E+00     0.13205E+00
     0.22755E+02     0.19268E-01    -0.20986E+00     0.13399E+00
     0.22805E+02     0.17233E-01    -0.19965E+00     0.13344E+00
     0.22855E+02     0.15158E-01    -0.18920E+00     0.13049E+00
     0.22905E+02     0.13083E-01    -0.17853E+00     0.12525E+00
     0.22955E+02     0.11066E-01    -0.16766E+00     0.11823E+00
     0.23005E+02     0.92084E-02    -0.15680E+00     0.11029E+00
     0.23055E+02     0.75543E-02    -0.14585E+00     0.10210E+00
     0.23106E+02     0.60931E-02    -0.13487E+00     0.94012E-01
     0.23156E+02     0.47819E-02    -0.12407E+00     0.86069E-01
     0.23206E+02     0.35827E-02    -0.11404E+00     0.78100E-01
     0.23256E+02     0.24519E-02    -0.10521E+00     0.69762E-01
     0.23306E+02     0.13416E-02    -0.97256E-01     0.60715E-01
     0.23356E+02     0.25478E-03    -0.89758E-01     0.50942E-01
     0.23407E+02    -0.73549E-03    -0.82571E-01     0.40850E-01
     0.23457E+02    -0.15476E-02    -0.75727E-01     0.31046E-01
     0.23507E+02    -0.21484E-02    -0.69218E-01     0.22046E-01
     0.23557E+02    -0.25512E-02    -0.63096E-01     0.14078E-01
     0.23608E+02    -0.28119E-02    -0.57654E-01     0.70973E-02
     0.23658E+02    -0.30034E-02    -0.53139E-01     0.86490E-03
     0.23708E+02    -0.31608E-02    -0.49799E-01    -0.48237E-02
     0.23758E+02    -0.32994E-02    -0.47667E-01    -0.10044E-01
     0.23809E+02    -0.34078E-02    -0.46429E-01    -0.14761E-01
     0.23859E+02    -0.34500E-02    -0.45773E-01    -0.18800E-01
     0.23909E+02    -0.34090E-02    -0.45389E-01    -0.22073E-01
     0.23960E+02    -0.32901E-02    -0.44902E-01    -0.24599E-01
     0.24010E+02    -0.31209E-02    -0.44084E-01    -0.26402E-01
     0.24060E+02    -0.29166E-02    -0.43222E-01    -0.27471E-01
     0.24110E+02    -0.27087E-02    -0.42627E-01    -0.27847E-01
     0.24161E+02    -0.25236E-02    -0.42458E-01    -0.27499E-01
     0.24211E+02    -0.23788E-02    -0.42728E-01    -0.26405E-01
     0.24261E+02    -0.22717E-02    -0.43400E-01    -0.24610E-01
     0.24311E+02    -0.21890E-02    -0.44454E-01    -0.22142E-01
     0.24362E+02    -0.21095E-02    -0.45845E-01    -0.18950E-01
     0.24412E+02    -0.20139E-02    -0.47504E-01    -0.14938E-01
     0.24462E+02    -0.18876E-02    -0.49331E-01    -0.99884E-02
     0.24512E+02    -0.17349E-02    -0.51017E-01    -0.40679E-02
     0.24563E+02    -0.16058E-02    -0.52053E-01     0.24577E-02
     0.24600E+02    -0.15806E-02    -0.52109E-01     0.73850E-02
     0.24650E+02    -0.16917E-02    -0.51647E-01     0.13463E-01
     0.24701E+02    -0.19446E-02    -0.50434E-01     0.18737E-01
     0.24751E+02    -0.22829E-02    -0.48824E-01     0.23200E-01
     0.24801E+02    -0.27150E-02    -0.47077E-01     0.27082E-01
     0.24851E+02    -0.31809E-02    -0.45654E-01     0.30526E-01
     0.24901E+02    -0.36216E-02    -0.44790E-01     0.33745E-01
     0.24952E+02    -0.40434E-02    -0.44161E-01     0.36864E-01
     0.25002E+02    -0.44668E-02    -0.43498E-01     0.39796E-01
