     0.12475E-01     0.12131E-12     0.72328E-12    -0.26465E-15
     0.50017E-01     0.11744E-12     0.78626E-12    -0.36958E-15
     0.10007E+00     0.11177E-12     0.86013E-12    -0.66800E-15
     0.15012E+00     0.10558E-12     0.92139E-12    -0.11751E-14
     0.20016E+00     0.98867E-13     0.96901E-12    -0.19096E-14
     0.25019E+00     0.91665E-13     0.10024E-11    -0.28851E-14
     0.30021E+00     0.84127E-13     0.10219E-11    -0.41338E-14
     0.35023E+00     0.76318E-13     0.10273E-11    -0.55035E-14
     0.40024E+00     0.68301E-13     0.10185E-11    -0.66746E-14
     0.45026E+00     0.60038E-13     0.99497E-12    -0.72899E-14
     0.50027E+00     0.51481E-13     0.95638E-12    -0.72278E-14
     0.55028E+00     0.42635E-13     0.90281E-12    -0.69251E-14
     0.60029E+00     0.33618E-13     0.83540E-12    -0.71905E-14
     0.65031E+00     0.24702E-13     0.75674E-12    -0.89319E-14
     0.70033E+00     0.16288E-13     0.67026E-12    -0.13071E-13
     0.75035E+00     0.88782E-14     0.58024E-12    -0.20121E-13
     0.80037E+00     0.29042E-14     0.49046E-12    -0.29762E-13
     0.85039E+00    -0.13949E-14     0.40350E-12    -0.40769E-13
     0.90041E+00    -0.40105E-14     0.32035E-12    -0.51245E-13
     0.95043E+00    -0.51779E-14     0.24065E-12    -0.59185E-13
     0.10005E+01    -0.53275E-14     0.16311E-12    -0.63278E-13
     0.10505E+01    -0.48874E-14     0.86705E-13    -0.63107E-13
     0.11005E+01    -0.40896E-14     0.11222E-13    -0.59760E-13
     0.11505E+01    -0.28985E-14    -0.61831E-13    -0.55517E-13
     0.12006E+01    -0.10414E-14    -0.13042E-12    -0.52733E-13
     0.12506E+01     0.21034E-14    -0.19289E-12    -0.52930E-13
     0.13006E+01     0.59328E-14    -0.25113E-12    -0.56161E-13
     0.13506E+01     0.10261E-13    -0.30632E-12    -0.61681E-13
     0.14007E+01     0.15631E-13    -0.36059E-12    -0.67933E-13
     0.14507E+01     0.21893E-13    -0.41315E-12    -0.74244E-13
     0.15007E+01     0.29002E-13    -0.46328E-12    -0.80134E-13
     0.15507E+01     0.37177E-13    -0.51120E-12    -0.85191E-13
     0.16008E+01     0.46398E-13    -0.55659E-12    -0.90025E-13
     0.16508E+01     0.56634E-13    -0.59934E-12    -0.95817E-13
     0.17008E+01     0.67911E-13    -0.63989E-12    -0.10347E-12
     0.17508E+01     0.80303E-13    -0.67898E-12    -0.11328E-12
     0.18009E+01     0.93935E-13    -0.71777E-12    -0.12490E-12
     0.18509E+01     0.10892E-12    -0.75750E-12    -0.13772E-12
     0.19009E+01     0.12532E-12    -0.79968E-12    -0.15128E-12
     0.19509E+01     0.14314E-12    -0.84583E-12    -0.16558E-12
     0.20010E+01     0.16251E-12    -0.89789E-12    -0.18115E-12
     0.20510E+01     0.18365E-12    -0.95799E-12    -0.19898E-12
     0.21010E+01     0.20685E-12    -0.10280E-11    -0.21990E-12
     0.21510E+01     0.23241E-12    -0.11092E-11    -0.24450E-12
     0.22010E+01     0.26061E-12    -0.12030E-11    -0.27292E-12
     0.22511E+01     0.29178E-12    -0.13110E-11    -0.30502E-12
     0.23011E+01     0.32628E-12    -0.14356E-11    -0.34071E-12
     0.23511E+01     0.36452E-12    -0.15794E-11    -0.38031E-12
     0.24011E+01     0.40702E-12    -0.17458E-11    -0.42473E-12
     0.24512E+01     0.45441E-12    -0.19382E-11    -0.47533E-12
     0.25012E+01     0.50747E-12    -0.21605E-11    -0.53363E-12
     0.25512E+01     0.56708E-12    -0.24173E-11    -0.60099E-12
     0.26012E+01     0.63430E-12    -0.27135E-11    -0.67846E-12
     0.26513E+01     0.71026E-12    -0.30549E-11    -0.76693E-12
     0.27013E+01     0.79622E-12    -0.34482E-11    -0.86736E-12
     0.27513E+01     0.89357E-12    -0.39008E-11    -0.98112E-12
     0.28013E+01     0.10039E-11    -0.44213E-11    -0.11102E-11
     0.28514E+01     0.11291E-11    -0.50195E-11    -0.12572E-11
     0.29014E+01     0.12713E-11    -0.57071E-11    -0.14254E-11
     0.29514E+01     0.14331E-11    -0.64974E-11    -0.16183E-11
     0.30014E+01     0.16175E-11    -0.74062E-11    -0.18398E-11
     0.30514E+01     0.18280E-11    -0.84518E-11    -0.20944E-11
     0.31015E+01     0.20685E-11    -0.96551E-11    -0.23867E-11
     0.31515E+01     0.23436E-11    -0.11041E-10    -0.27223E-11
     0.32015E+01     0.26584E-11    -0.12636E-10    -0.31076E-11
     0.32515E+01     0.30189E-11    -0.14474E-10    -0.35502E-11
     0.33016E+01     0.34321E-11    -0.16591E-10    -0.40590E-11
     0.33516E+01     0.39058E-11    -0.19031E-10    -0.46441E-11
     0.34016E+01     0.44494E-11    -0.21843E-10    -0.53175E-11
     0.34516E+01     0.50734E-11    -0.25084E-10    -0.60931E-11
     0.35017E+01     0.57902E-11    -0.28821E-10    -0.69865E-11
     0.35517E+01     0.66139E-11    -0.33129E-10    -0.80155E-11
     0.36017E+01     0.75609E-11    -0.38098E-10    -0.92009E-11
     0.36517E+01     0.86500E-11    -0.43829E-10    -0.10567E-10
     0.37017E+01     0.99030E-11    -0.50439E-10    -0.12141E-10
     0.37518E+01     0.11345E-10    -0.58067E-10    -0.13955E-10
     0.38018E+01     0.13006E-10    -0.66868E-10    -0.16049E-10
     0.38518E+01     0.14918E-10    -0.77025E-10    -0.18465E-10
     0.39018E+01     0.17121E-10    -0.88748E-10    -0.21254E-10
     0.39519E+01     0.19661E-10    -0.10228E-09    -0.24472E-10
     0.40019E+01     0.22587E-10    -0.11790E-09    -0.28186E-10
     0.40519E+01     0.25962E-10    -0.13594E-09    -0.32473E-10
     0.41019E+01     0.29853E-10    -0.15676E-09    -0.37422E-10
     0.41520E+01     0.34340E-10    -0.18080E-09    -0.43134E-10
     0.42020E+01     0.39516E-10    -0.20856E-09    -0.49727E-10
     0.42520E+01     0.45488E-10    -0.24061E-09    -0.57338E-10
     0.43020E+01     0.52377E-10    -0.27763E-09    -0.66123E-10
     0.43521E+01     0.60326E-10    -0.32037E-09    -0.76264E-10
     0.44021E+01     0.69499E-10    -0.36972E-09    -0.87971E-10
     0.44521E+01     0.80084E-10    -0.42670E-09    -0.10149E-09
     0.45021E+01     0.92300E-10    -0.49250E-09    -0.11709E-09
     0.45522E+01     0.10640E-09    -0.56848E-09    -0.13511E-09
     0.46022E+01     0.12267E-09    -0.65621E-09    -0.15591E-09
     0.46522E+01     0.14146E-09    -0.75750E-09    -0.17993E-09
     0.47022E+01     0.16314E-09    -0.87446E-09    -0.20765E-09
     0.47523E+01     0.18817E-09    -0.10095E-08    -0.23966E-09
     0.48023E+01     0.21706E-09    -0.11654E-08    -0.27662E-09
     0.48523E+01     0.25041E-09    -0.13454E-08    -0.31928E-09
     0.49023E+01     0.28890E-09    -0.15532E-08    -0.36852E-09
     0.49524E+01     0.33334E-09    -0.17931E-08    -0.42537E-09
     0.50024E+01     0.38464E-09    -0.20700E-08    -0.49099E-09
     0.50524E+01     0.44386E-09    -0.23897E-08    -0.56674E-09
     0.51024E+01     0.51221E-09    -0.27587E-08    -0.65417E-09
     0.51525E+01     0.59112E-09    -0.31847E-08    -0.75511E-09
     0.52025E+01     0.68220E-09    -0.36764E-08    -0.87161E-09
     0.52525E+01     0.78733E-09    -0.42439E-08    -0.10061E-08
     0.53025E+01     0.90869E-09    -0.48990E-08    -0.11613E-08
     0.53526E+01     0.10488E-08    -0.56551E-08    -0.13404E-08
     0.54026E+01     0.12105E-08    -0.65278E-08    -0.15472E-08
     0.54526E+01     0.13971E-08    -0.75350E-08    -0.17859E-08
     0.55027E+01     0.16125E-08    -0.86975E-08    -0.20613E-08
     0.55527E+01     0.18611E-08    -0.10039E-07    -0.23792E-08
     0.56027E+01     0.21481E-08    -0.11588E-07    -0.27461E-08
     0.56527E+01     0.24793E-08    -0.13375E-07    -0.31695E-08
     0.57028E+01     0.28616E-08    -0.15437E-07    -0.36582E-08
     0.57528E+01     0.33028E-08    -0.17818E-07    -0.42222E-08
     0.58028E+01     0.38121E-08    -0.20565E-07    -0.48732E-08
     0.58529E+01     0.43998E-08    -0.23735E-07    -0.56244E-08
     0.59029E+01     0.50781E-08    -0.27394E-07    -0.64913E-08
     0.59529E+01     0.58610E-08    -0.31616E-07    -0.74919E-08
     0.60030E+01     0.67646E-08    -0.36489E-07    -0.86465E-08
     0.60530E+01     0.78073E-08    -0.42113E-07    -0.99791E-08
     0.61030E+01     0.90108E-08    -0.48602E-07    -0.11517E-07
     0.61530E+01     0.10400E-07    -0.56092E-07    -0.13292E-07
     0.62031E+01     0.12003E-07    -0.64735E-07    -0.15340E-07
     0.62531E+01     0.13852E-07    -0.74709E-07    -0.17703E-07
     0.63031E+01     0.15987E-07    -0.86219E-07    -0.20431E-07
     0.63532E+01     0.18451E-07    -0.99502E-07    -0.23579E-07
     0.64032E+01     0.21294E-07    -0.11483E-06    -0.27211E-07
     0.64532E+01     0.24574E-07    -0.13252E-06    -0.31403E-07
     0.65032E+01     0.28360E-07    -0.15293E-06    -0.36239E-07
     0.65532E+01     0.32728E-07    -0.17647E-06    -0.41819E-07
     0.66032E+01     0.37766E-07    -0.20364E-06    -0.48256E-07
     0.66532E+01     0.43578E-07    -0.23496E-06    -0.55681E-07
     0.67031E+01     0.50279E-07    -0.27109E-06    -0.64241E-07
     0.67530E+01     0.58005E-07    -0.31273E-06    -0.74111E-07
     0.68029E+01     0.66911E-07    -0.36075E-06    -0.85489E-07
     0.68528E+01     0.77179E-07    -0.41609E-06    -0.98606E-07
     0.69026E+01     0.89014E-07    -0.47989E-06    -0.11372E-06
     0.69524E+01     0.10266E-06    -0.55343E-06    -0.13115E-06
     0.70021E+01     0.11838E-06    -0.63818E-06    -0.15124E-06
     0.70519E+01     0.13650E-06    -0.73585E-06    -0.17438E-06
     0.71016E+01     0.15738E-06    -0.84841E-06    -0.20106E-06
     0.71513E+01     0.18145E-06    -0.97811E-06    -0.23179E-06
     0.72010E+01     0.20917E-06    -0.11276E-05    -0.26721E-06
     0.72506E+01     0.24112E-06    -0.12998E-05    -0.30802E-06
     0.73002E+01     0.27793E-06    -0.14982E-05    -0.35504E-06
     0.73622E+01     0.33192E-06    -0.17891E-05    -0.42399E-06
     0.74118E+01     0.38255E-06    -0.20620E-05    -0.48865E-06
     0.74614E+01     0.44088E-06    -0.23763E-05    -0.56313E-06
     0.75109E+01     0.50807E-06    -0.27384E-05    -0.64894E-06
     0.75605E+01     0.58548E-06    -0.31555E-05    -0.74779E-06
     0.76100E+01     0.67465E-06    -0.36360E-05    -0.86166E-06
     0.76595E+01     0.77739E-06    -0.41895E-05    -0.99284E-06
     0.77090E+01     0.89574E-06    -0.48272E-05    -0.11440E-05
     0.77585E+01     0.10321E-05    -0.55617E-05    -0.13180E-05
     0.78081E+01     0.11892E-05    -0.64079E-05    -0.15185E-05
     0.78576E+01     0.13701E-05    -0.73826E-05    -0.17495E-05
     0.79071E+01     0.15786E-05    -0.85055E-05    -0.20156E-05
     0.79566E+01     0.18188E-05    -0.97991E-05    -0.23222E-05
     0.80061E+01     0.20955E-05    -0.11289E-04    -0.26754E-05
     0.80556E+01     0.24143E-05    -0.13006E-04    -0.30822E-05
     0.81051E+01     0.27816E-05    -0.14984E-04    -0.35509E-05
     0.81546E+01     0.32049E-05    -0.17262E-04    -0.40909E-05
     0.82042E+01     0.36926E-05    -0.19888E-04    -0.47130E-05
     0.82537E+01     0.42545E-05    -0.22912E-04    -0.54298E-05
     0.83033E+01     0.49022E-05    -0.26398E-04    -0.62558E-05
     0.83529E+01     0.56486E-05    -0.30414E-04    -0.72076E-05
     0.84025E+01     0.65088E-05    -0.35042E-04    -0.83045E-05
     0.84521E+01     0.75004E-05    -0.40375E-04    -0.95686E-05
     0.85018E+01     0.86434E-05    -0.46522E-04    -0.11025E-04
     0.85515E+01     0.99611E-05    -0.53607E-04    -0.12705E-04
     0.86012E+01     0.11480E-04    -0.61774E-04    -0.14641E-04
     0.86509E+01     0.13232E-04    -0.71188E-04    -0.16872E-04
     0.87007E+01     0.15252E-04    -0.82041E-04    -0.19445E-04
     0.87505E+01     0.17581E-04    -0.94554E-04    -0.22412E-04
     0.88004E+01     0.20268E-04    -0.10898E-03    -0.25833E-04
     0.88503E+01     0.23367E-04    -0.12562E-03    -0.29778E-04
     0.89002E+01     0.26942E-04    -0.14481E-03    -0.34329E-04
     0.89502E+01     0.31067E-04    -0.16694E-03    -0.39578E-04
     0.90002E+01     0.35826E-04    -0.19246E-03    -0.45633E-04
     0.90502E+01     0.41316E-04    -0.22189E-03    -0.52617E-04
     0.91003E+01     0.47645E-04    -0.25581E-03    -0.60667E-04
     0.91503E+01     0.54941E-04    -0.29489E-03    -0.69946E-04
     0.92004E+01     0.63352E-04    -0.33992E-03    -0.80641E-04
     0.92504E+01     0.73047E-04    -0.39180E-03    -0.92968E-04
     0.93005E+01     0.84222E-04    -0.45157E-03    -0.10717E-03
     0.93505E+01     0.97103E-04    -0.52042E-03    -0.12355E-03
     0.94006E+01     0.11195E-03    -0.59972E-03    -0.14242E-03
     0.94506E+01     0.12906E-03    -0.69105E-03    -0.16417E-03
     0.95007E+01     0.14878E-03    -0.79622E-03    -0.18923E-03
     0.95507E+01     0.17150E-03    -0.91732E-03    -0.21811E-03
     0.96008E+01     0.19769E-03    -0.10567E-02    -0.25140E-03
     0.96508E+01     0.22786E-03    -0.12172E-02    -0.28977E-03
     0.97009E+01     0.26263E-03    -0.14019E-02    -0.33399E-03
     0.97510E+01     0.30270E-03    -0.16145E-02    -0.38497E-03
     0.98010E+01     0.34887E-03    -0.18591E-02    -0.44372E-03
     0.98511E+01     0.40207E-03    -0.21404E-02    -0.51145E-03
     0.99011E+01     0.46336E-03    -0.24640E-02    -0.58953E-03
     0.99512E+01     0.53399E-03    -0.28360E-02    -0.67956E-03
     0.10001E+02     0.61536E-03    -0.32635E-02    -0.78338E-03
     0.10051E+02     0.70911E-03    -0.37548E-02    -0.90311E-03
     0.10101E+02     0.81714E-03    -0.43190E-02    -0.10412E-02
     0.10151E+02     0.94159E-03    -0.49667E-02    -0.12006E-02
     0.10201E+02     0.10850E-02    -0.57098E-02    -0.13844E-02
     0.10251E+02     0.12502E-02    -0.65617E-02    -0.15965E-02
     0.10302E+02     0.14405E-02    -0.75377E-02    -0.18414E-02
     0.10352E+02     0.16597E-02    -0.86548E-02    -0.21240E-02
     0.10402E+02     0.19123E-02    -0.99320E-02    -0.24501E-02
     0.10452E+02     0.22032E-02    -0.11391E-01    -0.28267E-02
     0.10502E+02     0.25383E-02    -0.13054E-01    -0.32613E-02
     0.10552E+02     0.29242E-02    -0.14947E-01    -0.37626E-02
     0.10602E+02     0.33684E-02    -0.17096E-01    -0.43405E-02
     0.10652E+02     0.38794E-02    -0.19529E-01    -0.50065E-02
     0.10702E+02     0.44670E-02    -0.22274E-01    -0.57734E-02
     0.10752E+02     0.51422E-02    -0.25360E-01    -0.66549E-02
     0.10802E+02     0.59170E-02    -0.28814E-01    -0.76654E-02
     0.10852E+02     0.68050E-02    -0.32664E-01    -0.88189E-02
     0.10902E+02     0.78219E-02    -0.36926E-01    -0.10130E-01
     0.10952E+02     0.89845E-02    -0.41595E-01    -0.11613E-01
     0.11002E+02     0.10308E-01    -0.46633E-01    -0.13281E-01
     0.11052E+02     0.11808E-01    -0.52009E-01    -0.15146E-01
     0.11103E+02     0.13503E-01    -0.57652E-01    -0.17186E-01
     0.11153E+02     0.15399E-01    -0.63380E-01    -0.19363E-01
     0.11203E+02     0.17511E-01    -0.69023E-01    -0.21637E-01
     0.11253E+02     0.19823E-01    -0.74392E-01    -0.23890E-01
     0.11303E+02     0.22274E-01    -0.79366E-01    -0.26026E-01
     0.11353E+02     0.24864E-01    -0.83865E-01    -0.28171E-01
     0.11403E+02     0.27568E-01    -0.87599E-01    -0.30176E-01
     0.11453E+02     0.30282E-01    -0.89959E-01    -0.32033E-01
     0.11503E+02     0.32974E-01    -0.89791E-01    -0.33825E-01
     0.11553E+02     0.35693E-01    -0.86123E-01    -0.35919E-01
     0.11603E+02     0.38705E-01    -0.77196E-01    -0.38505E-01
     0.11653E+02     0.42227E-01    -0.61009E-01    -0.39548E-01
     0.11703E+02     0.45849E-01    -0.38310E-01    -0.35472E-01
     0.11753E+02     0.48349E-01    -0.15007E-01    -0.20721E-01
     0.11803E+02     0.48283E-01     0.31381E-02    -0.27349E-03
     0.11854E+02     0.45685E-01     0.17685E-01     0.15085E-01
     0.11904E+02     0.42184E-01     0.30838E-01     0.21827E-01
     0.11954E+02     0.38864E-01     0.44142E-01     0.22296E-01
     0.12004E+02     0.35821E-01     0.58872E-01     0.20429E-01
     0.12054E+02     0.33061E-01     0.73525E-01     0.18847E-01
     0.12104E+02     0.30384E-01     0.86649E-01     0.17998E-01
     0.12154E+02     0.27726E-01     0.97668E-01     0.17789E-01
     0.12204E+02     0.25114E-01     0.10678E+00     0.17881E-01
     0.12254E+02     0.22591E-01     0.11471E+00     0.18073E-01
     0.12304E+02     0.20181E-01     0.12210E+00     0.18324E-01
     0.12354E+02     0.17922E-01     0.12953E+00     0.18540E-01
     0.12404E+02     0.15856E-01     0.13748E+00     0.18608E-01
     0.12454E+02     0.14026E-01     0.14622E+00     0.18503E-01
     0.12504E+02     0.12502E-01     0.15642E+00     0.18268E-01
     0.12555E+02     0.11307E-01     0.16864E+00     0.17873E-01
     0.12605E+02     0.10488E-01     0.18355E+00     0.17422E-01
     0.12655E+02     0.10072E-01     0.20105E+00     0.16995E-01
     0.12705E+02     0.97533E-02     0.21796E+00     0.16722E-01
     0.12755E+02     0.86177E-02     0.22799E+00     0.16346E-01
     0.12805E+02     0.70547E-02     0.22809E+00     0.15573E-01
     0.12855E+02     0.37796E-02     0.21193E+00     0.13791E-01
     0.12905E+02    -0.67077E-03     0.18057E+00     0.11420E-01
     0.12955E+02    -0.51796E-02     0.14268E+00     0.92158E-02
     0.13005E+02    -0.89513E-02     0.10575E+00     0.77887E-02
     0.13055E+02    -0.11772E-01     0.73690E-01     0.73637E-02
     0.13105E+02    -0.13774E-01     0.47490E-01     0.76745E-02
     0.13155E+02    -0.15123E-01     0.26311E-01     0.82989E-02
     0.13206E+02    -0.16004E-01     0.89602E-02     0.87840E-02
     0.13256E+02    -0.16519E-01    -0.53348E-02     0.87566E-02
     0.13306E+02    -0.16733E-01    -0.17087E-01     0.82990E-02
     0.13356E+02    -0.16620E-01    -0.26974E-01     0.71541E-02
     0.13406E+02    -0.16281E-01    -0.35122E-01     0.51247E-02
     0.13456E+02    -0.15713E-01    -0.41553E-01     0.23437E-02
     0.13506E+02    -0.14956E-01    -0.46558E-01    -0.74602E-03
     0.13556E+02    -0.14054E-01    -0.50326E-01    -0.36436E-02
     0.13606E+02    -0.13075E-01    -0.53084E-01    -0.60390E-02
     0.13656E+02    -0.12072E-01    -0.55068E-01    -0.77917E-02
     0.13706E+02    -0.11070E-01    -0.56414E-01    -0.88155E-02
     0.13757E+02    -0.10090E-01    -0.57167E-01    -0.92032E-02
     0.13807E+02    -0.91299E-02    -0.57262E-01    -0.91808E-02
     0.13857E+02    -0.81874E-02    -0.56845E-01    -0.88959E-02
     0.13907E+02    -0.72752E-02    -0.55899E-01    -0.84052E-02
     0.13957E+02    -0.63860E-02    -0.54046E-01    -0.76928E-02
     0.14007E+02    -0.54971E-02    -0.51276E-01    -0.68309E-02
     0.14058E+02    -0.46068E-02    -0.47660E-01    -0.57118E-02
     0.14108E+02    -0.37261E-02    -0.43653E-01    -0.42390E-02
     0.14158E+02    -0.28774E-02    -0.39641E-01    -0.27047E-02
     0.14209E+02    -0.21022E-02    -0.36102E-01    -0.14063E-02
     0.14259E+02    -0.14512E-02    -0.33563E-01    -0.72307E-03
     0.14310E+02    -0.94782E-03    -0.32358E-01    -0.80541E-03
     0.14360E+02    -0.53020E-03    -0.32025E-01    -0.14313E-02
     0.14411E+02    -0.15624E-03    -0.32478E-01    -0.22189E-02
     0.14462E+02     0.21992E-03    -0.32998E-01    -0.27841E-02
     0.14500E+02     0.55777E-03    -0.33032E-01    -0.28677E-02
     0.14551E+02     0.10871E-02    -0.32186E-01    -0.25339E-02
     0.14602E+02     0.17266E-02    -0.29833E-01    -0.15970E-02
     0.14653E+02     0.25062E-02    -0.25809E-01    -0.55604E-03
     0.14704E+02     0.33075E-02    -0.20446E-01     0.14835E-03
     0.14755E+02     0.40175E-02    -0.14552E-01     0.36942E-03
     0.14806E+02     0.45367E-02    -0.90408E-02     0.26915E-03
     0.14857E+02     0.47714E-02    -0.48444E-02    -0.26179E-03
     0.14908E+02     0.48211E-02    -0.16991E-02    -0.81462E-03
     0.14959E+02     0.47995E-02     0.87176E-03    -0.92663E-03
     0.15011E+02     0.47285E-02     0.32961E-02    -0.41795E-03
     0.15062E+02     0.46770E-02     0.56753E-02     0.49584E-03
     0.15113E+02     0.46085E-02     0.81209E-02     0.15688E-02
     0.15151E+02     0.45378E-02     0.10014E-01     0.23520E-02
     0.15201E+02     0.43909E-02     0.12456E-01     0.31637E-02
     0.15252E+02     0.41950E-02     0.14795E-01     0.35371E-02
     0.15302E+02     0.39743E-02     0.17022E-01     0.35865E-02
     0.15353E+02     0.37320E-02     0.19076E-01     0.34113E-02
     0.15403E+02     0.34852E-02     0.20845E-01     0.31818E-02
     0.15453E+02     0.32613E-02     0.22286E-01     0.30158E-02
     0.15503E+02     0.30284E-02     0.23394E-01     0.29594E-02
     0.15554E+02     0.28000E-02     0.24168E-01     0.29161E-02
     0.15604E+02     0.25803E-02     0.24727E-01     0.28233E-02
     0.15654E+02     0.23747E-02     0.25159E-01     0.25718E-02
     0.15704E+02     0.21729E-02     0.25449E-01     0.20739E-02
     0.15754E+02     0.19556E-02     0.25539E-01     0.13619E-02
     0.15804E+02     0.17019E-02     0.25321E-01     0.62593E-03
     0.15855E+02     0.13772E-02     0.24577E-01     0.18897E-03
     0.15905E+02     0.99417E-03     0.23395E-01     0.24268E-03
     0.15955E+02     0.59177E-03     0.22022E-01     0.84668E-03
     0.16005E+02     0.21137E-03     0.20673E-01     0.19280E-02
     0.16055E+02    -0.11981E-03     0.19492E-01     0.32619E-02
     0.16105E+02    -0.40429E-03     0.18438E-01     0.45394E-02
     0.16155E+02    -0.65021E-03     0.17383E-01     0.55430E-02
     0.16205E+02    -0.86750E-03     0.16175E-01     0.61942E-02
     0.16255E+02    -0.10637E-02     0.14745E-01     0.65514E-02
     0.16305E+02    -0.12421E-02     0.13060E-01     0.67232E-02
     0.16356E+02    -0.14054E-02     0.11156E-01     0.68315E-02
     0.16406E+02    -0.15460E-02     0.91072E-02     0.69392E-02
     0.16456E+02    -0.16636E-02     0.69921E-02     0.70564E-02
     0.16506E+02    -0.17631E-02     0.49041E-02     0.71572E-02
     0.16556E+02    -0.18457E-02     0.28994E-02     0.71638E-02
     0.16606E+02    -0.19136E-02     0.10272E-02     0.70668E-02
     0.16656E+02    -0.19576E-02    -0.64121E-03     0.68153E-02
     0.16706E+02    -0.19812E-02    -0.20710E-02     0.64381E-02
     0.16757E+02    -0.19586E-02    -0.31675E-02     0.59386E-02
     0.16807E+02    -0.18777E-02    -0.39007E-02     0.52493E-02
     0.16857E+02    -0.17389E-02    -0.42733E-02     0.43277E-02
     0.16907E+02    -0.15482E-02    -0.43691E-02     0.32440E-02
     0.16957E+02    -0.13320E-02    -0.42935E-02     0.20308E-02
     0.17008E+02    -0.11036E-02    -0.41574E-02     0.70694E-03
     0.17058E+02    -0.88372E-03    -0.39567E-02    -0.70124E-03
     0.17108E+02    -0.67633E-03    -0.38237E-02    -0.21105E-02
     0.17158E+02    -0.48460E-03    -0.37595E-02    -0.34137E-02
     0.17208E+02    -0.30900E-03    -0.36815E-02    -0.44906E-02
     0.17259E+02    -0.15337E-03    -0.35839E-02    -0.51965E-02
     0.17309E+02    -0.38604E-04    -0.34804E-02    -0.54001E-02
     0.17359E+02     0.51068E-04    -0.33237E-02    -0.51843E-02
     0.17410E+02     0.11772E-03    -0.30944E-02    -0.45997E-02
     0.17460E+02     0.15951E-03    -0.27815E-02    -0.38123E-02
     0.17510E+02     0.19053E-03    -0.23310E-02    -0.29569E-02
     0.17560E+02     0.21303E-03    -0.17452E-02    -0.22044E-02
     0.17611E+02     0.22143E-03    -0.10554E-02    -0.16779E-02
     0.17661E+02     0.22562E-03    -0.32806E-03    -0.13204E-02
     0.17711E+02     0.21743E-03     0.37235E-03    -0.10489E-02
     0.17762E+02     0.20038E-03     0.10038E-02    -0.67764E-03
     0.17812E+02     0.19082E-03     0.15467E-02    -0.14646E-03
     0.17862E+02     0.20567E-03     0.20554E-02     0.64431E-03
     0.17900E+02     0.23936E-03     0.24560E-02     0.14062E-02
     0.17950E+02     0.31393E-03     0.30596E-02     0.26072E-02
     0.18001E+02     0.41529E-03     0.37488E-02     0.39345E-02
     0.18051E+02     0.52228E-03     0.44653E-02     0.52519E-02
     0.18101E+02     0.60154E-03     0.51114E-02     0.63053E-02
     0.18152E+02     0.65326E-03     0.55798E-02     0.69377E-02
     0.18202E+02     0.66644E-03     0.57131E-02     0.71090E-02
     0.18252E+02     0.65537E-03     0.55696E-02     0.68425E-02
     0.18302E+02     0.59869E-03     0.52208E-02     0.62633E-02
     0.18353E+02     0.50337E-03     0.45570E-02     0.53883E-02
     0.18403E+02     0.38258E-03     0.35836E-02     0.42566E-02
     0.18453E+02     0.26212E-03     0.23858E-02     0.29738E-02
     0.18503E+02     0.18778E-03     0.11306E-02     0.16639E-02
     0.18553E+02     0.20103E-03    -0.91398E-04     0.49603E-03
     0.18604E+02     0.29758E-03    -0.13146E-02    -0.34635E-03
     0.18654E+02     0.47087E-03    -0.25597E-02    -0.88362E-03
     0.18704E+02     0.67528E-03    -0.39839E-02    -0.10829E-02
     0.18754E+02     0.87975E-03    -0.57286E-02    -0.98729E-03
     0.18804E+02     0.10889E-02    -0.78350E-02    -0.71074E-03
     0.18854E+02     0.13061E-02    -0.10233E-01    -0.35664E-03
     0.18905E+02     0.15533E-02    -0.12836E-01    -0.34925E-04
     0.18955E+02     0.18451E-02    -0.15533E-01     0.17665E-03
     0.19005E+02     0.21846E-02    -0.18325E-01     0.23710E-03
     0.19055E+02     0.25598E-02    -0.21278E-01     0.16983E-03
     0.19105E+02     0.29699E-02    -0.24308E-01     0.70768E-05
     0.19155E+02     0.34703E-02    -0.27148E-01    -0.93898E-04
     0.19205E+02     0.41155E-02    -0.29458E-01    -0.29800E-04
     0.19255E+02     0.49019E-02    -0.31089E-01     0.17162E-03
     0.19305E+02     0.57955E-02    -0.32542E-01     0.53026E-03
     0.19355E+02     0.67507E-02    -0.34562E-01     0.99861E-03
     0.19405E+02     0.77129E-02    -0.37849E-01     0.14542E-02
     0.19455E+02     0.85962E-02    -0.43115E-01     0.16789E-02
     0.19505E+02     0.93966E-02    -0.50649E-01     0.15827E-02
     0.19555E+02     0.10173E-01    -0.60089E-01     0.12574E-02
     0.19605E+02     0.11027E-01    -0.70817E-01     0.67035E-03
     0.19655E+02     0.12074E-01    -0.82052E-01    -0.12405E-03
     0.19705E+02     0.13364E-01    -0.93198E-01    -0.87968E-03
     0.19755E+02     0.14904E-01    -0.10398E+00    -0.13316E-02
     0.19805E+02     0.16655E-01    -0.11438E+00    -0.13822E-02
     0.19855E+02     0.18585E-01    -0.12444E+00    -0.95938E-03
     0.19905E+02     0.20633E-01    -0.13432E+00    -0.17082E-03
     0.19954E+02     0.22724E-01    -0.14417E+00     0.72859E-03
     0.20004E+02     0.24836E-01    -0.15400E+00     0.15040E-02
     0.20054E+02     0.26942E-01    -0.16365E+00     0.19147E-02
     0.20104E+02     0.28992E-01    -0.17281E+00     0.19640E-02
     0.20154E+02     0.30942E-01    -0.18093E+00     0.16750E-02
     0.20204E+02     0.32766E-01    -0.18731E+00     0.12031E-02
     0.20253E+02     0.34474E-01    -0.19136E+00     0.60244E-03
     0.20303E+02     0.36110E-01    -0.19246E+00     0.25096E-04
     0.20353E+02     0.37685E-01    -0.18995E+00    -0.38953E-03
     0.20403E+02     0.39135E-01    -0.18382E+00    -0.44385E-03
     0.20453E+02     0.40359E-01    -0.17476E+00    -0.29505E-04
     0.20503E+02     0.41204E-01    -0.16390E+00     0.86887E-03
     0.20553E+02     0.41567E-01    -0.15205E+00     0.19966E-02
     0.20603E+02     0.41405E-01    -0.13937E+00     0.29569E-02
     0.20653E+02     0.40882E-01    -0.12527E+00     0.34436E-02
     0.20703E+02     0.40213E-01    -0.10916E+00     0.33550E-02
     0.20753E+02     0.39617E-01    -0.90108E-01     0.30461E-02
     0.20803E+02     0.39098E-01    -0.68148E-01     0.29033E-02
     0.20853E+02     0.38596E-01    -0.44154E-01     0.30176E-02
     0.20903E+02     0.37936E-01    -0.19470E-01     0.37633E-02
     0.20952E+02     0.36976E-01     0.48117E-02     0.47994E-02
     0.21002E+02     0.35735E-01     0.28532E-01     0.56509E-02
     0.21052E+02     0.34390E-01     0.52201E-01     0.60307E-02
     0.21102E+02     0.33096E-01     0.76348E-01     0.61273E-02
     0.21152E+02     0.31873E-01     0.10091E+00     0.62040E-02
     0.21202E+02     0.30648E-01     0.12526E+00     0.65281E-02
     0.21251E+02     0.29320E-01     0.14862E+00     0.70452E-02
     0.21301E+02     0.27846E-01     0.17059E+00     0.75464E-02
     0.21351E+02     0.26288E-01     0.19135E+00     0.79158E-02
     0.21400E+02     0.24775E-01     0.21164E+00     0.82197E-02
     0.21450E+02     0.23389E-01     0.23189E+00     0.86105E-02
     0.21512E+02     0.21747E-01     0.25614E+00     0.94304E-02
     0.21562E+02     0.20218E-01     0.27254E+00     0.10260E-01
     0.21611E+02     0.18338E-01     0.28482E+00     0.11048E-01
     0.21661E+02     0.16234E-01     0.29358E+00     0.11572E-01
     0.21711E+02     0.14223E-01     0.30035E+00     0.11692E-01
     0.21760E+02     0.12429E-01     0.30556E+00     0.11586E-01
     0.21810E+02     0.10756E-01     0.30808E+00     0.11522E-01
     0.21860E+02     0.88087E-02     0.30490E+00     0.11627E-01
     0.21909E+02     0.63800E-02     0.29393E+00     0.11917E-01
     0.21959E+02     0.35211E-02     0.27473E+00     0.12188E-01
     0.22009E+02     0.34476E-03     0.24768E+00     0.12101E-01
     0.22058E+02    -0.29861E-02     0.21380E+00     0.11587E-01
     0.22108E+02    -0.62294E-02     0.17494E+00     0.10689E-01
     0.22158E+02    -0.92019E-02     0.13404E+00     0.95027E-02
     0.22207E+02    -0.11719E-01     0.93487E-01     0.80526E-02
     0.22257E+02    -0.13722E-01     0.55607E-01     0.68391E-02
     0.22307E+02    -0.15269E-01     0.21599E-01     0.60099E-02
     0.22356E+02    -0.16406E-01    -0.74796E-02     0.56422E-02
     0.22406E+02    -0.17151E-01    -0.31214E-01     0.56517E-02
     0.22456E+02    -0.17494E-01    -0.49687E-01     0.59287E-02
     0.22506E+02    -0.17528E-01    -0.63728E-01     0.62597E-02
     0.22556E+02    -0.17449E-01    -0.74389E-01     0.66152E-02
     0.22605E+02    -0.17384E-01    -0.81628E-01     0.68891E-02
     0.22655E+02    -0.16973E-01    -0.85382E-01     0.70899E-02
     0.22705E+02    -0.16307E-01    -0.85535E-01     0.72837E-02
     0.22755E+02    -0.15559E-01    -0.82776E-01     0.75986E-02
     0.22805E+02    -0.14689E-01    -0.77531E-01     0.81794E-02
     0.22855E+02    -0.13766E-01    -0.70567E-01     0.92180E-02
     0.22905E+02    -0.12882E-01    -0.62841E-01     0.10675E-01
     0.22955E+02    -0.12149E-01    -0.55054E-01     0.12313E-01
     0.23005E+02    -0.11609E-01    -0.47598E-01     0.13908E-01
     0.23055E+02    -0.11232E-01    -0.40327E-01     0.15243E-01
     0.23106E+02    -0.10919E-01    -0.32646E-01     0.16152E-01
     0.23156E+02    -0.10497E-01    -0.23970E-01     0.16637E-01
     0.23206E+02    -0.98921E-02    -0.14219E-01     0.16924E-01
     0.23256E+02    -0.91717E-02    -0.41089E-02     0.17179E-01
     0.23306E+02    -0.85154E-02     0.48831E-02     0.17613E-01
     0.23356E+02    -0.81445E-02     0.11526E-01     0.18218E-01
     0.23407E+02    -0.79881E-02     0.15669E-01     0.18737E-01
     0.23457E+02    -0.79797E-02     0.17635E-01     0.19260E-01
     0.23507E+02    -0.80895E-02     0.18808E-01     0.19821E-01
     0.23557E+02    -0.81154E-02     0.19843E-01     0.20069E-01
     0.23608E+02    -0.79911E-02     0.20859E-01     0.20008E-01
     0.23658E+02    -0.77470E-02     0.22198E-01     0.19665E-01
     0.23708E+02    -0.74573E-02     0.23240E-01     0.19186E-01
     0.23758E+02    -0.71856E-02     0.23131E-01     0.18739E-01
     0.23809E+02    -0.69944E-02     0.21494E-01     0.18366E-01
     0.23859E+02    -0.68991E-02     0.18318E-01     0.18074E-01
     0.23909E+02    -0.68915E-02     0.13685E-01     0.17700E-01
     0.23960E+02    -0.69206E-02     0.79436E-02     0.17101E-01
     0.24010E+02    -0.69804E-02     0.16917E-02     0.16235E-01
     0.24060E+02    -0.69989E-02    -0.45186E-02     0.14999E-01
     0.24110E+02    -0.69593E-02    -0.10390E-01     0.13351E-01
     0.24161E+02    -0.68492E-02    -0.15525E-01     0.11418E-01
     0.24211E+02    -0.66846E-02    -0.19746E-01     0.93074E-02
     0.24261E+02    -0.64880E-02    -0.23072E-01     0.70924E-02
     0.24311E+02    -0.62721E-02    -0.25572E-01     0.48210E-02
     0.24362E+02    -0.60500E-02    -0.27274E-01     0.25692E-02
     0.24412E+02    -0.58299E-02    -0.28155E-01     0.33614E-03
     0.24462E+02    -0.56094E-02    -0.28147E-01    -0.19151E-02
     0.24512E+02    -0.54018E-02    -0.27234E-01    -0.41626E-02
     0.24563E+02    -0.52049E-02    -0.25538E-01    -0.64568E-02
     0.24600E+02    -0.50834E-02    -0.23876E-01    -0.81913E-02
     0.24650E+02    -0.49659E-02    -0.21348E-01    -0.10547E-01
     0.24701E+02    -0.49035E-02    -0.18706E-01    -0.13048E-01
     0.24751E+02    -0.48874E-02    -0.16011E-01    -0.15830E-01
     0.24801E+02    -0.49123E-02    -0.13227E-01    -0.18987E-01
     0.24851E+02    -0.49569E-02    -0.10239E-01    -0.22538E-01
     0.24901E+02    -0.49864E-02    -0.67638E-02    -0.26412E-01
     0.24952E+02    -0.49650E-02    -0.25424E-02    -0.30514E-01
     0.25002E+02    -0.48462E-02     0.25421E-02    -0.34670E-01
