     0.12475E-01     0.18361E-01     0.00000E+00     0.00000E+00
     0.50017E-01     0.18361E-01     0.00000E+00     0.00000E+00
     0.10007E+00     0.18361E-01     0.00000E+00     0.00000E+00
     0.15012E+00     0.18361E-01     0.00000E+00     0.00000E+00
     0.20016E+00     0.18361E-01     0.00000E+00     0.00000E+00
     0.25019E+00     0.18361E-01     0.00000E+00     0.00000E+00
     0.30021E+00     0.18361E-01     0.00000E+00     0.00000E+00
     0.35023E+00     0.18361E-01     0.00000E+00     0.00000E+00
     0.40024E+00     0.18361E-01     0.00000E+00     0.00000E+00
     0.45026E+00     0.18361E-01     0.00000E+00     0.00000E+00
     0.50027E+00     0.18361E-01     0.00000E+00     0.00000E+00
     0.55028E+00     0.18361E-01     0.00000E+00     0.00000E+00
     0.60029E+00     0.18361E-01     0.00000E+00     0.00000E+00
     0.65031E+00     0.18361E-01     0.00000E+00     0.00000E+00
     0.70033E+00     0.18361E-01     0.00000E+00     0.00000E+00
     0.75035E+00     0.18361E-01     0.00000E+00     0.00000E+00
     0.80037E+00     0.18361E-01     0.00000E+00     0.00000E+00
     0.85039E+00     0.18361E-01     0.00000E+00     0.00000E+00
     0.90041E+00     0.18361E-01     0.00000E+00     0.00000E+00
     0.95043E+00     0.18361E-01     0.00000E+00     0.00000E+00
     0.10005E+01     0.18361E-01     0.00000E+00     0.00000E+00
     0.10505E+01     0.18361E-01     0.00000E+00     0.00000E+00
     0.11005E+01     0.18361E-01     0.00000E+00     0.00000E+00
     0.11505E+01     0.18361E-01     0.00000E+00     0.00000E+00
     0.12006E+01     0.18361E-01     0.00000E+00     0.00000E+00
     0.12506E+01     0.18361E-01     0.00000E+00     0.00000E+00
     0.13006E+01     0.18361E-01     0.00000E+00     0.00000E+00
     0.13506E+01     0.18361E-01     0.00000E+00     0.00000E+00
     0.14007E+01     0.18361E-01     0.00000E+00     0.00000E+00
     0.14507E+01     0.18361E-01     0.00000E+00     0.00000E+00
     0.15007E+01     0.18361E-01     0.00000E+00     0.00000E+00
     0.15507E+01     0.18361E-01     0.00000E+00     0.00000E+00
     0.16008E+01     0.18361E-01     0.00000E+00     0.00000E+00
     0.16508E+01     0.18361E-01     0.00000E+00     0.00000E+00
     0.17008E+01     0.18361E-01     0.00000E+00     0.00000E+00
     0.17508E+01     0.18361E-01     0.00000E+00     0.00000E+00
     0.18009E+01     0.18361E-01     0.00000E+00     0.00000E+00
     0.18509E+01     0.18361E-01     0.00000E+00     0.00000E+00
     0.19009E+01     0.18361E-01     0.00000E+00     0.00000E+00
     0.19509E+01     0.18361E-01     0.00000E+00     0.00000E+00
     0.20010E+01     0.18361E-01     0.00000E+00     0.00000E+00
     0.20510E+01     0.18361E-01     0.00000E+00     0.00000E+00
     0.21010E+01     0.18361E-01     0.00000E+00     0.00000E+00
     0.21510E+01     0.18361E-01     0.00000E+00     0.00000E+00
     0.22010E+01     0.18361E-01     0.00000E+00     0.00000E+00
     0.22511E+01     0.18361E-01     0.00000E+00     0.00000E+00
     0.23011E+01     0.18361E-01     0.00000E+00     0.00000E+00
     0.23511E+01     0.18361E-01     0.00000E+00     0.00000E+00
     0.24011E+01     0.18361E-01     0.00000E+00     0.00000E+00
     0.24512E+01     0.18361E-01     0.00000E+00     0.00000E+00
     0.25012E+01     0.18361E-01     0.00000E+00     0.00000E+00
     0.25512E+01     0.18361E-01     0.00000E+00     0.00000E+00
     0.26012E+01     0.18361E-01     0.00000E+00     0.00000E+00
     0.26513E+01     0.18361E-01     0.00000E+00     0.00000E+00
     0.27013E+01     0.18361E-01     0.00000E+00     0.00000E+00
     0.27513E+01     0.18361E-01     0.00000E+00     0.00000E+00
     0.28013E+01     0.18361E-01     0.00000E+00     0.00000E+00
     0.28514E+01     0.18361E-01     0.00000E+00     0.00000E+00
     0.29014E+01     0.18361E-01     0.00000E+00     0.00000E+00
     0.29514E+01     0.18361E-01     0.00000E+00     0.00000E+00
     0.30014E+01     0.18361E-01     0.00000E+00     0.00000E+00
     0.30514E+01     0.18361E-01     0.00000E+00     0.00000E+00
     0.31015E+01     0.18361E-01     0.00000E+00     0.00000E+00
     0.31515E+01     0.18361E-01     0.00000E+00     0.00000E+00
     0.32015E+01     0.18361E-01     0.00000E+00     0.00000E+00
     0.32515E+01     0.18361E-01     0.00000E+00     0.00000E+00
     0.33016E+01     0.18361E-01     0.00000E+00     0.00000E+00
     0.33516E+01     0.18361E-01     0.00000E+00     0.00000E+00
     0.34016E+01     0.18361E-01     0.00000E+00     0.00000E+00
     0.34516E+01     0.18361E-01     0.00000E+00     0.00000E+00
     0.35017E+01     0.18361E-01     0.00000E+00     0.00000E+00
     0.35517E+01     0.18361E-01     0.00000E+00     0.00000E+00
     0.36017E+01     0.18361E-01     0.00000E+00     0.00000E+00
     0.36517E+01     0.18361E-01     0.00000E+00     0.00000E+00
     0.37017E+01     0.18361E-01     0.00000E+00     0.00000E+00
     0.37518E+01     0.18361E-01     0.00000E+00     0.00000E+00
     0.38018E+01     0.18361E-01     0.00000E+00     0.00000E+00
     0.38518E+01     0.18361E-01     0.00000E+00     0.00000E+00
     0.39018E+01     0.18361E-01     0.00000E+00     0.00000E+00
     0.39519E+01     0.18361E-01     0.00000E+00     0.00000E+00
     0.40019E+01     0.18361E-01     0.00000E+00     0.00000E+00
     0.40519E+01     0.18361E-01     0.00000E+00     0.00000E+00
     0.41019E+01     0.18361E-01     0.00000E+00     0.00000E+00
     0.41520E+01     0.18361E-01     0.00000E+00     0.00000E+00
     0.42020E+01     0.18361E-01     0.00000E+00     0.00000E+00
     0.42520E+01     0.18361E-01     0.00000E+00     0.00000E+00
     0.43020E+01     0.18361E-01     0.00000E+00     0.00000E+00
     0.43521E+01     0.18361E-01     0.00000E+00     0.00000E+00
     0.44021E+01     0.18361E-01     0.00000E+00     0.00000E+00
     0.44521E+01     0.18361E-01     0.00000E+00     0.00000E+00
     0.45021E+01     0.18361E-01     0.00000E+00     0.00000E+00
     0.45522E+01     0.18361E-01     0.00000E+00     0.00000E+00
     0.46022E+01     0.18361E-01     0.00000E+00     0.00000E+00
     0.46522E+01     0.18361E-01     0.00000E+00     0.00000E+00
     0.47022E+01     0.18361E-01     0.00000E+00     0.00000E+00
     0.47523E+01     0.18361E-01     0.00000E+00     0.00000E+00
     0.48023E+01     0.18361E-01     0.00000E+00     0.00000E+00
     0.48523E+01     0.18361E-01     0.00000E+00     0.00000E+00
     0.49023E+01     0.18361E-01     0.00000E+00     0.00000E+00
     0.49524E+01     0.18361E-01     0.00000E+00     0.00000E+00
     0.50024E+01     0.18361E-01     0.00000E+00     0.00000E+00
     0.50524E+01     0.18361E-01     0.00000E+00     0.00000E+00
     0.51024E+01     0.18361E-01     0.00000E+00     0.00000E+00
     0.51525E+01     0.18361E-01     0.00000E+00     0.00000E+00
     0.52025E+01     0.18361E-01     0.00000E+00     0.00000E+00
     0.52525E+01     0.18361E-01     0.00000E+00     0.00000E+00
     0.53025E+01     0.18361E-01     0.00000E+00     0.00000E+00
     0.53526E+01     0.18361E-01     0.00000E+00     0.00000E+00
     0.54026E+01     0.18361E-01     0.00000E+00     0.00000E+00
     0.54526E+01     0.18361E-01     0.00000E+00     0.00000E+00
     0.55027E+01     0.18361E-01     0.00000E+00     0.00000E+00
     0.55527E+01     0.18361E-01     0.00000E+00     0.00000E+00
     0.56027E+01     0.18361E-01     0.00000E+00     0.00000E+00
     0.56527E+01     0.18361E-01     0.00000E+00     0.00000E+00
     0.57028E+01     0.18361E-01     0.00000E+00     0.00000E+00
     0.57528E+01     0.18361E-01     0.00000E+00     0.00000E+00
     0.58028E+01     0.18361E-01     0.00000E+00     0.00000E+00
     0.58529E+01     0.18361E-01     0.00000E+00     0.00000E+00
     0.59029E+01     0.18361E-01     0.00000E+00     0.00000E+00
     0.59529E+01     0.18361E-01     0.00000E+00     0.00000E+00
     0.60030E+01     0.18361E-01     0.00000E+00     0.00000E+00
     0.60530E+01     0.18361E-01     0.00000E+00     0.00000E+00
     0.61030E+01     0.18361E-01     0.00000E+00     0.00000E+00
     0.61530E+01     0.18361E-01     0.00000E+00     0.00000E+00
     0.62031E+01     0.18361E-01     0.00000E+00     0.00000E+00
     0.62531E+01     0.18361E-01     0.00000E+00     0.00000E+00
     0.63031E+01     0.18361E-01     0.00000E+00     0.00000E+00
     0.63532E+01     0.18361E-01     0.00000E+00     0.00000E+00
     0.64032E+01     0.18361E-01     0.00000E+00     0.00000E+00
     0.64532E+01     0.18361E-01     0.00000E+00     0.00000E+00
     0.65032E+01     0.19604E-01     0.18031E+00    -0.26817E-03
     0.65532E+01     0.21680E-01     0.22057E+00    -0.63511E-02
     0.66032E+01     0.24778E-01     0.24138E+00    -0.12438E-01
     0.66532E+01     0.29136E-01     0.25335E+00    -0.17858E-01
     0.67031E+01     0.33772E-01     0.25520E+00    -0.16587E-01
     0.67530E+01     0.37498E-01     0.26576E+00    -0.89118E-02
     0.68029E+01     0.41075E-01     0.27810E+00    -0.21904E-02
     0.68528E+01     0.44524E-01     0.28396E+00     0.23156E-02
     0.69026E+01     0.47809E-01     0.28217E+00     0.55121E-02
     0.69524E+01     0.50805E-01     0.27496E+00     0.74892E-02
     0.70021E+01     0.53421E-01     0.26247E+00     0.76466E-02
     0.70519E+01     0.55720E-01     0.24656E+00     0.64084E-02
     0.71016E+01     0.57700E-01     0.22544E+00     0.52048E-02
     0.71513E+01     0.59278E-01     0.19914E+00     0.45496E-02
     0.72010E+01     0.60395E-01     0.16937E+00     0.43573E-02
     0.72506E+01     0.61017E-01     0.13735E+00     0.46876E-02
     0.73002E+01     0.61222E-01     0.10329E+00     0.55263E-02
     0.73622E+01     0.61050E-01     0.55800E-01     0.66166E-02
     0.74118E+01     0.60668E-01     0.14600E-01     0.74372E-02
     0.74614E+01     0.60011E-01    -0.28139E-01     0.83879E-02
     0.75109E+01     0.58977E-01    -0.70782E-01     0.94465E-02
     0.75605E+01     0.57503E-01    -0.11236E+00     0.10243E-01
     0.76100E+01     0.55686E-01    -0.15416E+00     0.10503E-01
     0.76595E+01     0.53723E-01    -0.19941E+00     0.10184E-01
     0.77090E+01     0.51729E-01    -0.24979E+00     0.96735E-02
     0.77585E+01     0.49614E-01    -0.30436E+00     0.96419E-02
     0.78081E+01     0.47175E-01    -0.36043E+00     0.10572E-01
     0.78576E+01     0.44205E-01    -0.41468E+00     0.12089E-01
     0.79071E+01     0.40634E-01    -0.46592E+00     0.13274E-01
     0.79566E+01     0.36447E-01    -0.51240E+00     0.13166E-01
     0.80061E+01     0.31566E-01    -0.56648E+00     0.89743E-02
     0.80556E+01     0.26060E-01    -0.63756E+00     0.21082E-02
     0.81051E+01     0.20961E-01    -0.69731E+00     0.11993E-03
     0.81546E+01     0.17934E-01    -0.59125E+00     0.13414E-03
     0.82042E+01     0.17493E-01     0.00000E+00     0.00000E+00
     0.82537E+01     0.17493E-01     0.00000E+00     0.00000E+00
     0.83033E+01     0.17493E-01     0.00000E+00     0.00000E+00
     0.83529E+01     0.17493E-01     0.00000E+00     0.00000E+00
     0.84025E+01     0.17493E-01     0.00000E+00     0.00000E+00
     0.84521E+01     0.17493E-01     0.00000E+00     0.00000E+00
     0.85018E+01     0.17493E-01     0.00000E+00     0.00000E+00
     0.85515E+01     0.17493E-01     0.00000E+00     0.00000E+00
     0.86012E+01     0.17493E-01     0.00000E+00     0.00000E+00
     0.86509E+01     0.17493E-01     0.00000E+00     0.00000E+00
     0.87007E+01     0.17493E-01     0.00000E+00     0.00000E+00
     0.87505E+01     0.17493E-01     0.00000E+00     0.00000E+00
     0.88004E+01     0.17493E-01     0.00000E+00     0.00000E+00
     0.88503E+01     0.17493E-01     0.00000E+00     0.00000E+00
     0.89002E+01     0.17493E-01     0.00000E+00     0.00000E+00
     0.89502E+01     0.17493E-01     0.00000E+00     0.00000E+00
     0.90002E+01     0.17493E-01     0.00000E+00     0.00000E+00
     0.90502E+01     0.17493E-01     0.00000E+00     0.00000E+00
     0.91003E+01     0.17493E-01     0.00000E+00     0.00000E+00
     0.91503E+01     0.17493E-01     0.00000E+00     0.00000E+00
     0.92004E+01     0.17493E-01     0.00000E+00     0.00000E+00
     0.92504E+01     0.17493E-01     0.00000E+00     0.00000E+00
     0.93005E+01     0.17493E-01     0.00000E+00     0.00000E+00
     0.93505E+01     0.17493E-01     0.00000E+00     0.00000E+00
     0.94006E+01     0.17493E-01     0.00000E+00     0.00000E+00
     0.94506E+01     0.17493E-01     0.00000E+00     0.00000E+00
     0.95007E+01     0.17493E-01     0.00000E+00     0.00000E+00
     0.95507E+01     0.17493E-01     0.00000E+00     0.00000E+00
     0.96008E+01     0.17493E-01     0.00000E+00     0.00000E+00
     0.96508E+01     0.17493E-01     0.00000E+00     0.00000E+00
     0.97009E+01     0.17493E-01     0.00000E+00     0.00000E+00
     0.97510E+01     0.17493E-01     0.00000E+00     0.00000E+00
     0.98010E+01     0.17493E-01     0.00000E+00     0.00000E+00
     0.98511E+01     0.17493E-01     0.00000E+00     0.00000E+00
     0.99011E+01     0.17493E-01     0.00000E+00     0.00000E+00
     0.99512E+01     0.17493E-01     0.00000E+00     0.00000E+00
     0.10001E+02     0.17493E-01     0.00000E+00     0.00000E+00
     0.10051E+02     0.17493E-01     0.00000E+00     0.00000E+00
     0.10101E+02     0.17493E-01     0.00000E+00     0.00000E+00
     0.10151E+02     0.17493E-01     0.00000E+00     0.00000E+00
     0.10201E+02     0.17493E-01     0.00000E+00     0.00000E+00
     0.10251E+02     0.17493E-01     0.00000E+00     0.00000E+00
     0.10302E+02     0.17493E-01     0.00000E+00     0.00000E+00
     0.10352E+02     0.17493E-01     0.00000E+00     0.00000E+00
     0.10402E+02     0.17493E-01     0.00000E+00     0.00000E+00
     0.10452E+02     0.17493E-01     0.00000E+00     0.00000E+00
     0.10502E+02     0.17493E-01     0.00000E+00     0.00000E+00
     0.10552E+02     0.17493E-01     0.00000E+00     0.00000E+00
     0.10602E+02     0.17493E-01     0.00000E+00     0.00000E+00
     0.10652E+02     0.17493E-01     0.00000E+00     0.00000E+00
     0.10702E+02     0.17493E-01     0.00000E+00     0.00000E+00
     0.10752E+02     0.17493E-01     0.00000E+00     0.00000E+00
     0.10802E+02     0.17493E-01     0.00000E+00     0.00000E+00
     0.10852E+02     0.17493E-01     0.00000E+00     0.00000E+00
     0.10902E+02     0.17493E-01     0.00000E+00     0.00000E+00
     0.10952E+02     0.17493E-01     0.00000E+00     0.00000E+00
     0.11002E+02     0.17493E-01     0.00000E+00     0.00000E+00
     0.11052E+02     0.17493E-01     0.00000E+00     0.00000E+00
     0.11103E+02     0.17493E-01     0.00000E+00     0.00000E+00
     0.11153E+02     0.17493E-01     0.00000E+00     0.00000E+00
     0.11203E+02     0.17493E-01     0.00000E+00     0.00000E+00
     0.11253E+02     0.17493E-01     0.00000E+00     0.00000E+00
     0.11303E+02     0.17493E-01     0.00000E+00     0.00000E+00
     0.11353E+02     0.17493E-01     0.00000E+00     0.00000E+00
     0.11403E+02     0.17493E-01     0.00000E+00     0.00000E+00
     0.11453E+02     0.17493E-01     0.00000E+00     0.00000E+00
     0.11503E+02     0.17493E-01     0.00000E+00     0.00000E+00
     0.11553E+02     0.17493E-01     0.00000E+00     0.00000E+00
     0.11603E+02     0.17493E-01     0.00000E+00     0.00000E+00
     0.11653E+02     0.17493E-01     0.00000E+00     0.00000E+00
     0.11703E+02     0.17493E-01     0.00000E+00     0.00000E+00
     0.11753E+02     0.17493E-01     0.00000E+00     0.00000E+00
     0.11803E+02     0.17493E-01     0.00000E+00     0.00000E+00
     0.11854E+02     0.17493E-01     0.00000E+00     0.00000E+00
     0.11904E+02     0.17493E-01     0.00000E+00     0.00000E+00
     0.11954E+02     0.17493E-01     0.00000E+00     0.00000E+00
     0.12004E+02     0.17493E-01     0.00000E+00     0.00000E+00
     0.12054E+02     0.17493E-01     0.00000E+00     0.00000E+00
     0.12104E+02     0.17493E-01     0.00000E+00     0.00000E+00
     0.12154E+02     0.17493E-01     0.00000E+00     0.00000E+00
     0.12204E+02     0.17493E-01     0.00000E+00     0.00000E+00
     0.12254E+02     0.17493E-01     0.00000E+00     0.00000E+00
     0.12304E+02     0.17493E-01     0.00000E+00     0.00000E+00
     0.12354E+02     0.17493E-01     0.00000E+00     0.00000E+00
     0.12404E+02     0.17493E-01     0.00000E+00     0.00000E+00
     0.12454E+02     0.17493E-01     0.00000E+00     0.00000E+00
     0.12504E+02     0.17493E-01     0.00000E+00     0.00000E+00
     0.12555E+02     0.17493E-01     0.00000E+00     0.00000E+00
     0.12605E+02     0.17493E-01     0.00000E+00     0.00000E+00
     0.12655E+02     0.17493E-01     0.00000E+00     0.00000E+00
     0.12705E+02     0.17493E-01     0.00000E+00     0.00000E+00
     0.12755E+02     0.17493E-01     0.00000E+00     0.00000E+00
     0.12805E+02     0.17493E-01     0.00000E+00     0.00000E+00
     0.12855E+02     0.17493E-01     0.00000E+00     0.00000E+00
     0.12905E+02     0.17493E-01     0.00000E+00     0.00000E+00
     0.12955E+02     0.17493E-01     0.00000E+00     0.00000E+00
     0.13005E+02     0.17493E-01     0.00000E+00     0.00000E+00
     0.13055E+02     0.17493E-01     0.00000E+00     0.00000E+00
     0.13105E+02     0.17493E-01     0.00000E+00     0.00000E+00
     0.13155E+02     0.17493E-01     0.00000E+00     0.00000E+00
     0.13206E+02     0.17493E-01     0.00000E+00     0.00000E+00
     0.13256E+02     0.17493E-01     0.00000E+00     0.00000E+00
     0.13306E+02     0.17493E-01     0.00000E+00     0.00000E+00
     0.13356E+02     0.17493E-01     0.00000E+00     0.00000E+00
     0.13406E+02     0.17493E-01     0.00000E+00     0.00000E+00
     0.13456E+02     0.17493E-01     0.00000E+00     0.00000E+00
     0.13506E+02     0.17493E-01     0.00000E+00     0.00000E+00
     0.13556E+02     0.17493E-01     0.00000E+00     0.00000E+00
     0.13606E+02     0.17493E-01     0.00000E+00     0.00000E+00
     0.13656E+02     0.17493E-01     0.00000E+00     0.00000E+00
     0.13706E+02     0.17493E-01     0.00000E+00     0.00000E+00
     0.13757E+02     0.17493E-01     0.00000E+00     0.00000E+00
     0.13807E+02     0.17493E-01     0.00000E+00     0.00000E+00
     0.13857E+02     0.17493E-01     0.00000E+00     0.00000E+00
     0.13907E+02     0.17493E-01     0.00000E+00     0.00000E+00
     0.13957E+02     0.17493E-01     0.00000E+00     0.00000E+00
     0.14007E+02     0.17493E-01     0.00000E+00     0.00000E+00
     0.14058E+02     0.17493E-01     0.00000E+00     0.00000E+00
     0.14108E+02     0.17493E-01     0.00000E+00     0.00000E+00
     0.14158E+02     0.17493E-01     0.00000E+00     0.00000E+00
     0.14209E+02     0.17493E-01     0.00000E+00     0.00000E+00
     0.14259E+02     0.17493E-01     0.00000E+00     0.00000E+00
     0.14310E+02     0.17493E-01     0.00000E+00     0.00000E+00
     0.14360E+02     0.17493E-01     0.00000E+00     0.00000E+00
     0.14411E+02     0.17493E-01     0.00000E+00     0.00000E+00
     0.14462E+02     0.17493E-01     0.00000E+00     0.00000E+00
     0.14500E+02     0.17493E-01     0.00000E+00     0.00000E+00
     0.14551E+02     0.17493E-01     0.00000E+00     0.00000E+00
     0.14602E+02     0.17493E-01     0.00000E+00     0.00000E+00
     0.14653E+02     0.17493E-01     0.00000E+00     0.00000E+00
     0.14704E+02     0.17493E-01     0.00000E+00     0.00000E+00
     0.14755E+02     0.17493E-01     0.00000E+00     0.00000E+00
     0.14806E+02     0.17493E-01     0.00000E+00     0.00000E+00
     0.14857E+02     0.17493E-01     0.00000E+00     0.00000E+00
     0.14908E+02     0.17493E-01     0.00000E+00     0.00000E+00
     0.14959E+02     0.17493E-01     0.00000E+00     0.00000E+00
     0.15011E+02     0.17493E-01     0.00000E+00     0.00000E+00
     0.15062E+02     0.17493E-01     0.00000E+00     0.00000E+00
     0.15113E+02     0.17493E-01     0.00000E+00     0.00000E+00
     0.15151E+02     0.17493E-01     0.00000E+00     0.00000E+00
     0.15201E+02     0.17493E-01     0.00000E+00     0.00000E+00
     0.15252E+02     0.17493E-01     0.00000E+00     0.00000E+00
     0.15302E+02     0.17493E-01     0.00000E+00     0.00000E+00
     0.15353E+02     0.17493E-01     0.00000E+00     0.00000E+00
     0.15403E+02     0.17493E-01     0.00000E+00     0.00000E+00
     0.15453E+02     0.17493E-01     0.00000E+00     0.00000E+00
     0.15503E+02     0.17493E-01     0.00000E+00     0.00000E+00
     0.15554E+02     0.17493E-01     0.00000E+00     0.00000E+00
     0.15604E+02     0.17493E-01     0.00000E+00     0.00000E+00
     0.15654E+02     0.17493E-01     0.00000E+00     0.00000E+00
     0.15704E+02     0.17493E-01     0.00000E+00     0.00000E+00
     0.15754E+02     0.17493E-01     0.00000E+00     0.00000E+00
     0.15804E+02     0.17493E-01     0.00000E+00     0.00000E+00
     0.15855E+02     0.17493E-01     0.00000E+00     0.00000E+00
     0.15905E+02     0.17493E-01     0.00000E+00     0.00000E+00
     0.15955E+02     0.17493E-01     0.00000E+00     0.00000E+00
     0.16005E+02     0.17493E-01     0.00000E+00     0.00000E+00
     0.16055E+02     0.17493E-01     0.00000E+00     0.00000E+00
     0.16105E+02     0.17493E-01     0.00000E+00     0.00000E+00
     0.16155E+02     0.17493E-01     0.00000E+00     0.00000E+00
     0.16205E+02     0.17493E-01     0.00000E+00     0.00000E+00
     0.16255E+02     0.17493E-01     0.00000E+00     0.00000E+00
     0.16305E+02     0.17493E-01     0.00000E+00     0.00000E+00
     0.16356E+02     0.17493E-01     0.00000E+00     0.00000E+00
     0.16406E+02     0.17493E-01     0.00000E+00     0.00000E+00
     0.16456E+02     0.17493E-01     0.00000E+00     0.00000E+00
     0.16506E+02     0.17493E-01     0.00000E+00     0.00000E+00
     0.16556E+02     0.17493E-01     0.00000E+00     0.00000E+00
     0.16606E+02     0.17493E-01     0.00000E+00     0.00000E+00
     0.16656E+02     0.17493E-01     0.00000E+00     0.00000E+00
     0.16706E+02     0.17493E-01     0.00000E+00     0.00000E+00
     0.16757E+02     0.17493E-01     0.00000E+00     0.00000E+00
     0.16807E+02     0.17493E-01     0.00000E+00     0.00000E+00
     0.16857E+02     0.17493E-01     0.00000E+00     0.00000E+00
     0.16907E+02     0.17493E-01     0.00000E+00     0.00000E+00
     0.16957E+02     0.17493E-01     0.00000E+00     0.00000E+00
     0.17008E+02     0.17493E-01     0.00000E+00     0.00000E+00
     0.17058E+02     0.17493E-01     0.00000E+00     0.00000E+00
     0.17108E+02     0.17493E-01     0.00000E+00     0.00000E+00
     0.17158E+02     0.17493E-01     0.00000E+00     0.00000E+00
     0.17208E+02     0.17493E-01     0.00000E+00     0.00000E+00
     0.17259E+02     0.17493E-01     0.00000E+00     0.00000E+00
     0.17309E+02     0.17493E-01     0.00000E+00     0.00000E+00
     0.17359E+02     0.17493E-01     0.00000E+00     0.00000E+00
     0.17410E+02     0.17493E-01     0.00000E+00     0.00000E+00
     0.17460E+02     0.17493E-01     0.00000E+00     0.00000E+00
     0.17510E+02     0.17493E-01     0.00000E+00     0.00000E+00
     0.17560E+02     0.17493E-01     0.00000E+00     0.00000E+00
     0.17611E+02     0.17493E-01     0.00000E+00     0.00000E+00
     0.17661E+02     0.17493E-01     0.00000E+00     0.00000E+00
     0.17711E+02     0.17493E-01     0.00000E+00     0.00000E+00
     0.17762E+02     0.17493E-01     0.00000E+00     0.00000E+00
     0.17812E+02     0.17493E-01     0.00000E+00     0.00000E+00
     0.17862E+02     0.17493E-01     0.00000E+00     0.00000E+00
     0.17900E+02     0.17493E-01     0.00000E+00     0.00000E+00
     0.17950E+02     0.17493E-01     0.00000E+00     0.00000E+00
     0.18001E+02     0.17493E-01     0.00000E+00     0.00000E+00
     0.18051E+02     0.17493E-01     0.00000E+00     0.00000E+00
     0.18101E+02     0.17493E-01     0.00000E+00     0.00000E+00
     0.18152E+02     0.17493E-01     0.00000E+00     0.00000E+00
     0.18202E+02     0.17493E-01     0.00000E+00     0.00000E+00
     0.18252E+02     0.17493E-01     0.00000E+00     0.00000E+00
     0.18302E+02     0.17493E-01     0.00000E+00     0.00000E+00
     0.18353E+02     0.17493E-01     0.00000E+00     0.00000E+00
     0.18403E+02     0.17493E-01     0.00000E+00     0.00000E+00
     0.18453E+02     0.17493E-01     0.00000E+00     0.00000E+00
     0.18503E+02     0.17493E-01     0.00000E+00     0.00000E+00
     0.18553E+02     0.17493E-01     0.00000E+00     0.00000E+00
     0.18604E+02     0.17493E-01     0.00000E+00     0.00000E+00
     0.18654E+02     0.17493E-01     0.00000E+00     0.00000E+00
     0.18704E+02     0.17493E-01     0.00000E+00     0.00000E+00
     0.18754E+02     0.17493E-01     0.00000E+00     0.00000E+00
     0.18804E+02     0.17493E-01     0.00000E+00     0.00000E+00
     0.18854E+02     0.17493E-01     0.00000E+00     0.00000E+00
     0.18905E+02     0.17493E-01     0.00000E+00     0.00000E+00
     0.18955E+02     0.17493E-01     0.00000E+00     0.00000E+00
     0.19005E+02     0.17493E-01     0.00000E+00     0.00000E+00
     0.19055E+02     0.17493E-01     0.00000E+00     0.00000E+00
     0.19105E+02     0.17493E-01     0.00000E+00     0.00000E+00
     0.19155E+02     0.17493E-01     0.00000E+00     0.00000E+00
     0.19205E+02     0.17493E-01     0.00000E+00     0.00000E+00
     0.19255E+02     0.17493E-01     0.00000E+00     0.00000E+00
     0.19305E+02     0.17493E-01     0.00000E+00     0.00000E+00
     0.19355E+02     0.17493E-01     0.00000E+00     0.00000E+00
     0.19405E+02     0.17493E-01     0.00000E+00     0.00000E+00
     0.19455E+02     0.17493E-01     0.00000E+00     0.00000E+00
     0.19505E+02     0.17493E-01     0.00000E+00     0.00000E+00
     0.19555E+02     0.17493E-01     0.00000E+00     0.00000E+00
     0.19605E+02     0.17493E-01     0.00000E+00     0.00000E+00
     0.19655E+02     0.17493E-01     0.00000E+00     0.00000E+00
     0.19705E+02     0.17493E-01     0.00000E+00     0.00000E+00
     0.19755E+02     0.17493E-01     0.00000E+00     0.00000E+00
     0.19805E+02     0.17493E-01     0.00000E+00     0.00000E+00
     0.19855E+02     0.17493E-01     0.00000E+00     0.00000E+00
     0.19905E+02     0.17493E-01     0.00000E+00     0.00000E+00
     0.19954E+02     0.17493E-01     0.00000E+00     0.00000E+00
     0.20004E+02     0.17493E-01     0.00000E+00     0.00000E+00
     0.20054E+02     0.17493E-01     0.00000E+00     0.00000E+00
     0.20104E+02     0.17493E-01     0.00000E+00     0.00000E+00
     0.20154E+02     0.17493E-01     0.00000E+00     0.00000E+00
     0.20204E+02     0.17493E-01     0.00000E+00     0.00000E+00
     0.20253E+02     0.17493E-01     0.00000E+00     0.00000E+00
     0.20303E+02     0.17493E-01     0.00000E+00     0.00000E+00
     0.20353E+02     0.17493E-01     0.00000E+00     0.00000E+00
     0.20403E+02     0.17493E-01     0.00000E+00     0.00000E+00
     0.20453E+02     0.17493E-01     0.00000E+00     0.00000E+00
     0.20503E+02     0.17493E-01     0.00000E+00     0.00000E+00
     0.20553E+02     0.17493E-01     0.00000E+00     0.00000E+00
     0.20603E+02     0.17493E-01     0.00000E+00     0.00000E+00
     0.20653E+02     0.17493E-01     0.00000E+00     0.00000E+00
     0.20703E+02     0.17493E-01     0.00000E+00     0.00000E+00
     0.20753E+02     0.17493E-01     0.00000E+00     0.00000E+00
     0.20803E+02     0.17493E-01     0.00000E+00     0.00000E+00
     0.20853E+02     0.17493E-01     0.00000E+00     0.00000E+00
     0.20903E+02     0.17493E-01     0.00000E+00     0.00000E+00
     0.20952E+02     0.17493E-01     0.00000E+00     0.00000E+00
     0.21002E+02     0.17493E-01     0.00000E+00     0.00000E+00
     0.21052E+02     0.17493E-01     0.00000E+00     0.00000E+00
     0.21102E+02     0.17493E-01     0.00000E+00     0.00000E+00
     0.21152E+02     0.17493E-01     0.00000E+00     0.00000E+00
     0.21202E+02     0.17493E-01     0.00000E+00     0.00000E+00
     0.21251E+02     0.17493E-01     0.00000E+00     0.00000E+00
     0.21301E+02     0.17493E-01     0.00000E+00     0.00000E+00
     0.21351E+02     0.17493E-01     0.00000E+00     0.00000E+00
     0.21400E+02     0.17493E-01     0.00000E+00     0.00000E+00
     0.21450E+02     0.17493E-01     0.00000E+00     0.00000E+00
     0.21512E+02     0.17493E-01     0.00000E+00     0.00000E+00
     0.21562E+02     0.17493E-01     0.00000E+00     0.00000E+00
     0.21611E+02     0.17493E-01     0.00000E+00     0.00000E+00
     0.21661E+02     0.17493E-01     0.00000E+00     0.00000E+00
     0.21711E+02     0.17493E-01     0.00000E+00     0.00000E+00
     0.21760E+02     0.17493E-01     0.00000E+00     0.00000E+00
     0.21810E+02     0.17493E-01     0.00000E+00     0.00000E+00
     0.21860E+02     0.17493E-01     0.00000E+00     0.00000E+00
     0.21909E+02     0.17493E-01     0.00000E+00     0.00000E+00
     0.21959E+02     0.17493E-01     0.00000E+00     0.00000E+00
     0.22009E+02     0.17493E-01     0.00000E+00     0.00000E+00
     0.22058E+02     0.17493E-01     0.00000E+00     0.00000E+00
     0.22108E+02     0.17493E-01     0.00000E+00     0.00000E+00
     0.22158E+02     0.17493E-01     0.00000E+00     0.00000E+00
     0.22207E+02     0.17493E-01     0.00000E+00     0.00000E+00
     0.22257E+02     0.17493E-01     0.00000E+00     0.00000E+00
     0.22307E+02     0.17493E-01     0.00000E+00     0.00000E+00
     0.22356E+02     0.17493E-01     0.00000E+00     0.00000E+00
     0.22406E+02     0.17493E-01     0.00000E+00     0.00000E+00
     0.22456E+02     0.17493E-01     0.00000E+00     0.00000E+00
     0.22506E+02     0.17493E-01     0.00000E+00     0.00000E+00
     0.22556E+02     0.17493E-01     0.00000E+00     0.00000E+00
     0.22605E+02     0.17493E-01     0.00000E+00     0.00000E+00
     0.22655E+02     0.17493E-01     0.00000E+00     0.00000E+00
     0.22705E+02     0.17493E-01     0.00000E+00     0.00000E+00
     0.22755E+02     0.17493E-01     0.00000E+00     0.00000E+00
     0.22805E+02     0.17493E-01     0.00000E+00     0.00000E+00
     0.22855E+02     0.17493E-01     0.00000E+00     0.00000E+00
     0.22905E+02     0.17493E-01     0.00000E+00     0.00000E+00
     0.22955E+02     0.17493E-01     0.00000E+00     0.00000E+00
     0.23005E+02     0.17493E-01     0.00000E+00     0.00000E+00
     0.23055E+02     0.17493E-01     0.00000E+00     0.00000E+00
     0.23106E+02     0.17493E-01     0.00000E+00     0.00000E+00
     0.23156E+02     0.17493E-01     0.00000E+00     0.00000E+00
     0.23206E+02     0.17493E-01     0.00000E+00     0.00000E+00
     0.23256E+02     0.17493E-01     0.00000E+00     0.00000E+00
     0.23306E+02     0.17493E-01     0.00000E+00     0.00000E+00
     0.23356E+02     0.17493E-01     0.00000E+00     0.00000E+00
     0.23407E+02     0.17493E-01     0.00000E+00     0.00000E+00
     0.23457E+02     0.17493E-01     0.00000E+00     0.00000E+00
     0.23507E+02     0.17493E-01     0.00000E+00     0.00000E+00
     0.23557E+02     0.17493E-01     0.00000E+00     0.00000E+00
     0.23608E+02     0.17493E-01     0.00000E+00     0.00000E+00
     0.23658E+02     0.17493E-01     0.00000E+00     0.00000E+00
     0.23708E+02     0.17493E-01     0.00000E+00     0.00000E+00
     0.23758E+02     0.17493E-01     0.00000E+00     0.00000E+00
     0.23809E+02     0.17493E-01     0.00000E+00     0.00000E+00
     0.23859E+02     0.17493E-01     0.00000E+00     0.00000E+00
     0.23909E+02     0.17493E-01     0.00000E+00     0.00000E+00
     0.23960E+02     0.17493E-01     0.00000E+00     0.00000E+00
     0.24010E+02     0.17493E-01     0.00000E+00     0.00000E+00
     0.24060E+02     0.17493E-01     0.00000E+00     0.00000E+00
     0.24110E+02     0.17493E-01     0.00000E+00     0.00000E+00
     0.24161E+02     0.17493E-01     0.00000E+00     0.00000E+00
     0.24211E+02     0.17493E-01     0.00000E+00     0.00000E+00
     0.24261E+02     0.17493E-01     0.00000E+00     0.00000E+00
     0.24311E+02     0.17493E-01     0.00000E+00     0.00000E+00
     0.24362E+02     0.17493E-01     0.00000E+00     0.00000E+00
     0.24412E+02     0.17493E-01     0.00000E+00     0.00000E+00
     0.24462E+02     0.17493E-01     0.00000E+00     0.00000E+00
     0.24512E+02     0.17493E-01     0.00000E+00     0.00000E+00
     0.24563E+02     0.17493E-01     0.00000E+00     0.00000E+00
     0.24600E+02     0.17493E-01     0.00000E+00     0.00000E+00
     0.24650E+02     0.18070E-01    -0.99747E-02    -0.64630E+00
     0.24701E+02     0.19275E-01     0.82059E-01    -0.83691E+00
     0.24751E+02     0.20597E-01     0.14168E+00    -0.65062E+00
     0.24801E+02     0.22691E-01     0.17752E+00    -0.49248E+00
     0.24851E+02     0.25969E-01     0.19583E+00    -0.40904E+00
     0.24901E+02     0.30164E-01     0.18749E+00    -0.37597E+00
     0.24952E+02     0.32139E-01     0.16711E+00    -0.24568E+00
     0.25002E+02     0.34104E-01     0.15827E+00    -0.19461E+00
