     0.12475E-01     0.10422E-12     0.61586E-12    -0.28635E-15
     0.50017E-01     0.10188E-12     0.67000E-12    -0.37864E-15
     0.10007E+00     0.98436E-13     0.73457E-12    -0.63035E-15
     0.15012E+00     0.94619E-13     0.78970E-12    -0.10422E-14
     0.20016E+00     0.90444E-13     0.83475E-12    -0.16244E-14
     0.25019E+00     0.85925E-13     0.86917E-12    -0.23906E-14
     0.30021E+00     0.81069E-13     0.89256E-12    -0.33466E-14
     0.35023E+00     0.75893E-13     0.90464E-12    -0.44744E-14
     0.40024E+00     0.70436E-13     0.90529E-12    -0.57797E-14
     0.45026E+00     0.64757E-13     0.89453E-12    -0.72115E-14
     0.50027E+00     0.58904E-13     0.87249E-12    -0.86665E-14
     0.55028E+00     0.52878E-13     0.83916E-12    -0.10018E-13
     0.60029E+00     0.46658E-13     0.79461E-12    -0.11258E-13
     0.65031E+00     0.40245E-13     0.73922E-12    -0.12615E-13
     0.70033E+00     0.33717E-13     0.67388E-12    -0.14534E-13
     0.75035E+00     0.27273E-13     0.60043E-12    -0.17533E-13
     0.80037E+00     0.21261E-13     0.52162E-12    -0.22002E-13
     0.85039E+00     0.16116E-13     0.44082E-12    -0.28044E-13
     0.90041E+00     0.12202E-13     0.36130E-12    -0.34986E-13
     0.95043E+00     0.97343E-14     0.28542E-12    -0.42036E-13
     0.10005E+01     0.87233E-14     0.21419E-12    -0.48074E-13
     0.10505E+01     0.89478E-14     0.14723E-12    -0.52183E-13
     0.11005E+01     0.10000E-13     0.83126E-13    -0.54032E-13
     0.11505E+01     0.11434E-13     0.20496E-13    -0.54043E-13
     0.12006E+01     0.13026E-13    -0.41404E-13    -0.53425E-13
     0.12506E+01     0.14789E-13    -0.10276E-12    -0.53649E-13
     0.13006E+01     0.17142E-13    -0.16206E-12    -0.55733E-13
     0.13506E+01     0.20506E-13    -0.21784E-12    -0.59850E-13
     0.14007E+01     0.25334E-13    -0.26877E-12    -0.65581E-13
     0.14507E+01     0.31673E-13    -0.31567E-12    -0.71868E-13
     0.15007E+01     0.38776E-13    -0.36059E-12    -0.78577E-13
     0.15507E+01     0.46580E-13    -0.40453E-12    -0.85231E-13
     0.16008E+01     0.55194E-13    -0.44820E-12    -0.91493E-13
     0.16508E+01     0.64797E-13    -0.49145E-12    -0.97600E-13
     0.17008E+01     0.75637E-13    -0.53365E-12    -0.10450E-12
     0.17508E+01     0.87880E-13    -0.57445E-12    -0.11298E-12
     0.18009E+01     0.10157E-12    -0.61391E-12    -0.12349E-12
     0.18509E+01     0.11668E-12    -0.65262E-12    -0.13589E-12
     0.19009E+01     0.13353E-12    -0.69307E-12    -0.14986E-12
     0.19509E+01     0.15232E-12    -0.73747E-12    -0.16508E-12
     0.20010E+01     0.17311E-12    -0.78714E-12    -0.18173E-12
     0.20510E+01     0.19593E-12    -0.84286E-12    -0.20042E-12
     0.21010E+01     0.22095E-12    -0.90575E-12    -0.22184E-12
     0.21510E+01     0.24854E-12    -0.97729E-12    -0.24660E-12
     0.22010E+01     0.27911E-12    -0.10592E-11    -0.27515E-12
     0.22511E+01     0.31308E-12    -0.11534E-11    -0.30777E-12
     0.23011E+01     0.35089E-12    -0.12620E-11    -0.34474E-12
     0.23511E+01     0.39303E-12    -0.13877E-11    -0.38640E-12
     0.24011E+01     0.44009E-12    -0.15336E-11    -0.43334E-12
     0.24512E+01     0.49279E-12    -0.17031E-11    -0.48648E-12
     0.25012E+01     0.55198E-12    -0.19001E-11    -0.54699E-12
     0.25512E+01     0.61863E-12    -0.21285E-11    -0.61625E-12
     0.26012E+01     0.69386E-12    -0.23926E-11    -0.69566E-12
     0.26513E+01     0.77889E-12    -0.26971E-11    -0.78665E-12
     0.27013E+01     0.87516E-12    -0.30477E-11    -0.89065E-12
     0.27513E+01     0.98429E-12    -0.34513E-11    -0.10093E-11
     0.28013E+01     0.11082E-11    -0.39160E-11    -0.11444E-11
     0.28514E+01     0.12490E-11    -0.44514E-11    -0.12986E-11
     0.29014E+01     0.14093E-11    -0.50683E-11    -0.14751E-11
     0.29514E+01     0.15920E-11    -0.57793E-11    -0.16775E-11
     0.30014E+01     0.18005E-11    -0.65985E-11    -0.19101E-11
     0.30514E+01     0.20387E-11    -0.75422E-11    -0.21778E-11
     0.31015E+01     0.23112E-11    -0.86296E-11    -0.24855E-11
     0.31515E+01     0.26231E-11    -0.98826E-11    -0.28389E-11
     0.32015E+01     0.29804E-11    -0.11327E-10    -0.32447E-11
     0.32515E+01     0.33899E-11    -0.12991E-10    -0.37108E-11
     0.33016E+01     0.38597E-11    -0.14910E-10    -0.42466E-11
     0.33516E+01     0.43988E-11    -0.17122E-10    -0.48633E-11
     0.34016E+01     0.50177E-11    -0.19673E-10    -0.55732E-11
     0.34516E+01     0.57287E-11    -0.22615E-10    -0.63908E-11
     0.35017E+01     0.65457E-11    -0.26007E-10    -0.73323E-11
     0.35517E+01     0.74851E-11    -0.29922E-10    -0.84169E-11
     0.36017E+01     0.85657E-11    -0.34437E-10    -0.96667E-11
     0.36517E+01     0.98091E-11    -0.39648E-10    -0.11107E-10
     0.37017E+01     0.11240E-10    -0.45661E-10    -0.12769E-10
     0.37518E+01     0.12889E-10    -0.52601E-10    -0.14685E-10
     0.38018E+01     0.14787E-10    -0.60611E-10    -0.16897E-10
     0.38518E+01     0.16975E-10    -0.69857E-10    -0.19449E-10
     0.39018E+01     0.19495E-10    -0.80530E-10    -0.22394E-10
     0.39519E+01     0.22401E-10    -0.92852E-10    -0.25794E-10
     0.40019E+01     0.25751E-10    -0.10708E-09    -0.29717E-10
     0.40519E+01     0.29614E-10    -0.12351E-09    -0.34247E-10
     0.41019E+01     0.34070E-10    -0.14247E-09    -0.39475E-10
     0.41520E+01     0.39210E-10    -0.16438E-09    -0.45511E-10
     0.42020E+01     0.45140E-10    -0.18967E-09    -0.52477E-10
     0.42520E+01     0.51982E-10    -0.21887E-09    -0.60518E-10
     0.43020E+01     0.59876E-10    -0.25260E-09    -0.69801E-10
     0.43521E+01     0.68985E-10    -0.29154E-09    -0.80516E-10
     0.44021E+01     0.79497E-10    -0.33650E-09    -0.92887E-10
     0.44521E+01     0.91629E-10    -0.38843E-09    -0.10717E-09
     0.45021E+01     0.10563E-09    -0.44838E-09    -0.12366E-09
     0.45522E+01     0.12179E-09    -0.51760E-09    -0.14269E-09
     0.46022E+01     0.14045E-09    -0.59753E-09    -0.16467E-09
     0.46522E+01     0.16198E-09    -0.68982E-09    -0.19005E-09
     0.47022E+01     0.18683E-09    -0.79638E-09    -0.21934E-09
     0.47523E+01     0.21552E-09    -0.91940E-09    -0.25315E-09
     0.48023E+01     0.24864E-09    -0.10614E-08    -0.29219E-09
     0.48523E+01     0.28687E-09    -0.12254E-08    -0.33725E-09
     0.49023E+01     0.33100E-09    -0.14147E-08    -0.38927E-09
     0.49524E+01     0.38194E-09    -0.16332E-08    -0.44931E-09
     0.50024E+01     0.44074E-09    -0.18855E-08    -0.51862E-09
     0.50524E+01     0.50862E-09    -0.21767E-08    -0.59862E-09
     0.51024E+01     0.58696E-09    -0.25128E-08    -0.69096E-09
     0.51525E+01     0.67740E-09    -0.29008E-08    -0.79756E-09
     0.52025E+01     0.78179E-09    -0.33486E-08    -0.92059E-09
     0.52525E+01     0.90229E-09    -0.38655E-08    -0.10626E-08
     0.53025E+01     0.10414E-08    -0.44621E-08    -0.12265E-08
     0.53526E+01     0.12019E-08    -0.51507E-08    -0.14157E-08
     0.54026E+01     0.13872E-08    -0.59455E-08    -0.16340E-08
     0.54526E+01     0.16011E-08    -0.68628E-08    -0.18860E-08
     0.55027E+01     0.18480E-08    -0.79214E-08    -0.21768E-08
     0.55527E+01     0.21329E-08    -0.91433E-08    -0.25125E-08
     0.56027E+01     0.24617E-08    -0.10553E-07    -0.28999E-08
     0.56527E+01     0.28413E-08    -0.12181E-07    -0.33469E-08
     0.57028E+01     0.32793E-08    -0.14059E-07    -0.38629E-08
     0.57528E+01     0.37849E-08    -0.16227E-07    -0.44584E-08
     0.58028E+01     0.43684E-08    -0.18728E-07    -0.51456E-08
     0.58529E+01     0.50419E-08    -0.21615E-07    -0.59387E-08
     0.59029E+01     0.58191E-08    -0.24947E-07    -0.68540E-08
     0.59529E+01     0.67162E-08    -0.28791E-07    -0.79104E-08
     0.60030E+01     0.77514E-08    -0.33229E-07    -0.91294E-08
     0.60530E+01     0.89462E-08    -0.38349E-07    -0.10536E-07
     0.61030E+01     0.10325E-07    -0.44259E-07    -0.12160E-07
     0.61530E+01     0.11916E-07    -0.51078E-07    -0.14034E-07
     0.62031E+01     0.13753E-07    -0.58948E-07    -0.16196E-07
     0.62531E+01     0.15872E-07    -0.68031E-07    -0.18691E-07
     0.63031E+01     0.18318E-07    -0.78511E-07    -0.21571E-07
     0.63532E+01     0.21141E-07    -0.90606E-07    -0.24894E-07
     0.64032E+01     0.24398E-07    -0.10456E-06    -0.28729E-07
     0.64532E+01     0.28157E-07    -0.12067E-06    -0.33154E-07
     0.65032E+01     0.32494E-07    -0.13925E-06    -0.38260E-07
     0.65532E+01     0.37498E-07    -0.16069E-06    -0.44151E-07
     0.66032E+01     0.43271E-07    -0.18542E-06    -0.50947E-07
     0.66532E+01     0.49929E-07    -0.21395E-06    -0.58785E-07
     0.67031E+01     0.57606E-07    -0.24684E-06    -0.67822E-07
     0.67530E+01     0.66458E-07    -0.28476E-06    -0.78242E-07
     0.68029E+01     0.76662E-07    -0.32848E-06    -0.90254E-07
     0.68528E+01     0.88425E-07    -0.37888E-06    -0.10410E-06
     0.69026E+01     0.10198E-06    -0.43696E-06    -0.12006E-06
     0.69524E+01     0.11761E-06    -0.50392E-06    -0.13846E-06
     0.70021E+01     0.13563E-06    -0.58108E-06    -0.15966E-06
     0.70519E+01     0.15639E-06    -0.67001E-06    -0.18410E-06
     0.71016E+01     0.18031E-06    -0.77249E-06    -0.21225E-06
     0.71513E+01     0.20788E-06    -0.89058E-06    -0.24470E-06
     0.72010E+01     0.23964E-06    -0.10267E-05    -0.28209E-06
     0.72506E+01     0.27625E-06    -0.11834E-05    -0.32516E-06
     0.73002E+01     0.31842E-06    -0.13641E-05    -0.37480E-06
     0.73622E+01     0.38027E-06    -0.16290E-05    -0.44758E-06
     0.74118E+01     0.43826E-06    -0.18773E-05    -0.51583E-06
     0.74614E+01     0.50507E-06    -0.21635E-05    -0.59445E-06
     0.75109E+01     0.58204E-06    -0.24931E-05    -0.68502E-06
     0.75605E+01     0.67072E-06    -0.28728E-05    -0.78935E-06
     0.76100E+01     0.77287E-06    -0.33103E-05    -0.90953E-06
     0.76595E+01     0.89054E-06    -0.38141E-05    -0.10480E-05
     0.77090E+01     0.10261E-05    -0.43946E-05    -0.12074E-05
     0.77585E+01     0.11823E-05    -0.50631E-05    -0.13911E-05
     0.78081E+01     0.13622E-05    -0.58333E-05    -0.16027E-05
     0.78576E+01     0.15694E-05    -0.67205E-05    -0.18465E-05
     0.79071E+01     0.18082E-05    -0.77424E-05    -0.21273E-05
     0.79566E+01     0.20832E-05    -0.89196E-05    -0.24507E-05
     0.80061E+01     0.24001E-05    -0.10276E-04    -0.28233E-05
     0.80556E+01     0.27652E-05    -0.11838E-04    -0.32525E-05
     0.81051E+01     0.31859E-05    -0.13638E-04    -0.37470E-05
     0.81546E+01     0.36705E-05    -0.15711E-04    -0.43166E-05
     0.82042E+01     0.42289E-05    -0.18099E-04    -0.49728E-05
     0.82537E+01     0.48723E-05    -0.20851E-04    -0.57288E-05
     0.83033E+01     0.56138E-05    -0.24022E-04    -0.65999E-05
     0.83529E+01     0.64682E-05    -0.27675E-04    -0.76036E-05
     0.84025E+01     0.74530E-05    -0.31884E-04    -0.87602E-05
     0.84521E+01     0.85880E-05    -0.36735E-04    -0.10093E-04
     0.85018E+01     0.98963E-05    -0.42325E-04    -0.11629E-04
     0.85515E+01     0.11404E-04    -0.48767E-04    -0.13399E-04
     0.86012E+01     0.13143E-04    -0.56192E-04    -0.15440E-04
     0.86509E+01     0.15147E-04    -0.64751E-04    -0.17792E-04
     0.87007E+01     0.17459E-04    -0.74617E-04    -0.20503E-04
     0.87505E+01     0.20124E-04    -0.85990E-04    -0.23629E-04
     0.88004E+01     0.23197E-04    -0.99103E-04    -0.27233E-04
     0.88503E+01     0.26742E-04    -0.11422E-03    -0.31389E-04
     0.89002E+01     0.30831E-04    -0.13165E-03    -0.36183E-04
     0.89502E+01     0.35548E-04    -0.15176E-03    -0.41711E-04
     0.90002E+01     0.40991E-04    -0.17494E-03    -0.48087E-04
     0.90502E+01     0.47268E-04    -0.20167E-03    -0.55440E-04
     0.91003E+01     0.54503E-04    -0.23247E-03    -0.63915E-04
     0.91503E+01     0.62843E-04    -0.26795E-03    -0.73681E-04
     0.92004E+01     0.72456E-04    -0.30883E-03    -0.84935E-04
     0.92504E+01     0.83535E-04    -0.35591E-03    -0.97904E-04
     0.93005E+01     0.96304E-04    -0.41014E-03    -0.11285E-03
     0.93505E+01     0.11102E-03    -0.47259E-03    -0.13007E-03
     0.94006E+01     0.12797E-03    -0.54451E-03    -0.14991E-03
     0.94506E+01     0.14751E-03    -0.62730E-03    -0.17276E-03
     0.95007E+01     0.17003E-03    -0.72262E-03    -0.19910E-03
     0.95507E+01     0.19596E-03    -0.83233E-03    -0.22944E-03
     0.96008E+01     0.22585E-03    -0.95859E-03    -0.26440E-03
     0.96508E+01     0.26028E-03    -0.11039E-02    -0.30467E-03
     0.97009E+01     0.29994E-03    -0.12710E-02    -0.35106E-03
     0.97510E+01     0.34562E-03    -0.14632E-02    -0.40451E-03
     0.98010E+01     0.39824E-03    -0.16842E-02    -0.46607E-03
     0.98511E+01     0.45885E-03    -0.19382E-02    -0.53700E-03
     0.99011E+01     0.52864E-03    -0.22301E-02    -0.61869E-03
     0.99512E+01     0.60902E-03    -0.25654E-02    -0.71280E-03
     0.10001E+02     0.70157E-03    -0.29502E-02    -0.82120E-03
     0.10051E+02     0.80813E-03    -0.33919E-02    -0.94607E-03
     0.10101E+02     0.93081E-03    -0.38982E-02    -0.10899E-02
     0.10151E+02     0.10720E-02    -0.44785E-02    -0.12555E-02
     0.10201E+02     0.12345E-02    -0.51428E-02    -0.14463E-02
     0.10251E+02     0.14215E-02    -0.59026E-02    -0.16659E-02
     0.10302E+02     0.16367E-02    -0.67706E-02    -0.19188E-02
     0.10352E+02     0.18841E-02    -0.77611E-02    -0.22100E-02
     0.10402E+02     0.21686E-02    -0.88901E-02    -0.25449E-02
     0.10452E+02     0.24957E-02    -0.10175E-01    -0.29296E-02
     0.10502E+02     0.28714E-02    -0.11633E-01    -0.33708E-02
     0.10552E+02     0.33027E-02    -0.13283E-01    -0.38765E-02
     0.10602E+02     0.37973E-02    -0.15144E-01    -0.44549E-02
     0.10652E+02     0.43637E-02    -0.17233E-01    -0.51154E-02
     0.10702E+02     0.50119E-02    -0.19569E-01    -0.58693E-02
     0.10752E+02     0.57531E-02    -0.22164E-01    -0.67278E-02
     0.10802E+02     0.65997E-02    -0.25029E-01    -0.77020E-02
     0.10852E+02     0.75674E-02    -0.28175E-01    -0.87984E-02
     0.10902E+02     0.86642E-02    -0.31584E-01    -0.10014E-01
     0.10952E+02     0.98965E-02    -0.35237E-01    -0.11357E-01
     0.11002E+02     0.11279E-01    -0.39117E-01    -0.12826E-01
     0.11052E+02     0.12815E-01    -0.43155E-01    -0.14413E-01
     0.11103E+02     0.14524E-01    -0.47246E-01    -0.16164E-01
     0.11153E+02     0.16450E-01    -0.51239E-01    -0.18001E-01
     0.11203E+02     0.18579E-01    -0.54894E-01    -0.19775E-01
     0.11253E+02     0.20829E-01    -0.58070E-01    -0.21316E-01
     0.11303E+02     0.23152E-01    -0.60590E-01    -0.22683E-01
     0.11353E+02     0.25599E-01    -0.62086E-01    -0.23871E-01
     0.11403E+02     0.28092E-01    -0.62387E-01    -0.24679E-01
     0.11453E+02     0.30518E-01    -0.61252E-01    -0.25101E-01
     0.11503E+02     0.32868E-01    -0.58497E-01    -0.25252E-01
     0.11553E+02     0.35082E-01    -0.53622E-01    -0.25190E-01
     0.11603E+02     0.37169E-01    -0.46057E-01    -0.24909E-01
     0.11653E+02     0.39161E-01    -0.35076E-01    -0.24070E-01
     0.11703E+02     0.41126E-01    -0.20139E-01    -0.21810E-01
     0.11753E+02     0.42972E-01    -0.17626E-02    -0.16911E-01
     0.11803E+02     0.44162E-01     0.17661E-01    -0.77987E-02
     0.11854E+02     0.43746E-01     0.34593E-01     0.45178E-02
     0.11904E+02     0.41204E-01     0.46443E-01     0.15996E-01
     0.11954E+02     0.37094E-01     0.54135E-01     0.21593E-01
     0.12004E+02     0.33019E-01     0.60658E-01     0.20912E-01
     0.12054E+02     0.29761E-01     0.69034E-01     0.16968E-01
     0.12104E+02     0.27533E-01     0.79110E-01     0.13086E-01
     0.12154E+02     0.25862E-01     0.89359E-01     0.11745E-01
     0.12204E+02     0.24047E-01     0.97826E-01     0.12353E-01
     0.12254E+02     0.21837E-01     0.10363E+00     0.13854E-01
     0.12304E+02     0.19401E-01     0.10725E+00     0.14712E-01
     0.12354E+02     0.17062E-01     0.10993E+00     0.14853E-01
     0.12404E+02     0.14950E-01     0.11247E+00     0.14538E-01
     0.12454E+02     0.13071E-01     0.11568E+00     0.14145E-01
     0.12504E+02     0.11465E-01     0.11968E+00     0.13869E-01
     0.12555E+02     0.10118E-01     0.12457E+00     0.13756E-01
     0.12605E+02     0.89808E-02     0.13065E+00     0.13710E-01
     0.12655E+02     0.81059E-02     0.13837E+00     0.13578E-01
     0.12705E+02     0.75766E-02     0.14803E+00     0.13325E-01
     0.12755E+02     0.74263E-02     0.15904E+00     0.12941E-01
     0.12805E+02     0.73133E-02     0.16850E+00     0.12432E-01
     0.12855E+02     0.64204E-02     0.17212E+00     0.11740E-01
     0.12905E+02     0.51269E-02     0.16775E+00     0.10894E-01
     0.12955E+02     0.25067E-02     0.15316E+00     0.97929E-02
     0.13005E+02    -0.10717E-02     0.12894E+00     0.85836E-02
     0.13055E+02    -0.49324E-02     0.99440E-01     0.74814E-02
     0.13105E+02    -0.84109E-02     0.69417E-01     0.66934E-02
     0.13155E+02    -0.11133E-01     0.42392E-01     0.62670E-02
     0.13206E+02    -0.13044E-01     0.19966E-01     0.60366E-02
     0.13256E+02    -0.14222E-01     0.22996E-02     0.58132E-02
     0.13306E+02    -0.14792E-01    -0.11190E-01     0.54455E-02
     0.13356E+02    -0.14919E-01    -0.21312E-01     0.47985E-02
     0.13406E+02    -0.14803E-01    -0.29030E-01     0.37322E-02
     0.13456E+02    -0.14495E-01    -0.34995E-01     0.22421E-02
     0.13506E+02    -0.14047E-01    -0.39762E-01     0.41893E-03
     0.13556E+02    -0.13451E-01    -0.43494E-01    -0.15375E-02
     0.13606E+02    -0.12705E-01    -0.46268E-01    -0.33971E-02
     0.13656E+02    -0.11858E-01    -0.48101E-01    -0.49876E-02
     0.13706E+02    -0.10952E-01    -0.49145E-01    -0.61874E-02
     0.13757E+02    -0.10000E-01    -0.49626E-01    -0.68588E-02
     0.13807E+02    -0.90601E-02    -0.49719E-01    -0.70073E-02
     0.13857E+02    -0.81515E-02    -0.49544E-01    -0.66987E-02
     0.13907E+02    -0.73059E-02    -0.49171E-01    -0.59835E-02
     0.13957E+02    -0.65365E-02    -0.48580E-01    -0.50891E-02
     0.14007E+02    -0.58387E-02    -0.47730E-01    -0.42026E-02
     0.14058E+02    -0.51666E-02    -0.46472E-01    -0.34533E-02
     0.14108E+02    -0.44849E-02    -0.44655E-01    -0.29559E-02
     0.14158E+02    -0.37410E-02    -0.42277E-01    -0.27464E-02
     0.14209E+02    -0.29482E-02    -0.39441E-01    -0.27841E-02
     0.14259E+02    -0.21303E-02    -0.36362E-01    -0.30102E-02
     0.14310E+02    -0.13320E-02    -0.33367E-01    -0.32884E-02
     0.14360E+02    -0.61757E-03    -0.30862E-01    -0.34493E-02
     0.14411E+02    -0.54578E-04    -0.29153E-01    -0.34529E-02
     0.14462E+02     0.39738E-03    -0.28175E-01    -0.32176E-02
     0.14500E+02     0.67965E-03    -0.27675E-01    -0.28147E-02
     0.14551E+02     0.10430E-02    -0.27127E-01    -0.19513E-02
     0.14602E+02     0.14168E-02    -0.26274E-01    -0.90860E-03
     0.14653E+02     0.18190E-02    -0.24716E-01     0.35496E-04
     0.14704E+02     0.22522E-02    -0.22166E-01     0.60869E-03
     0.14755E+02     0.27153E-02    -0.18530E-01     0.63801E-03
     0.14806E+02     0.32148E-02    -0.13936E-01     0.10388E-03
     0.14857E+02     0.37016E-02    -0.88399E-02    -0.74865E-03
     0.14908E+02     0.40914E-02    -0.38102E-02    -0.16325E-02
     0.14959E+02     0.43232E-02     0.55553E-03    -0.22281E-02
     0.15011E+02     0.43937E-02     0.38379E-02    -0.22442E-02
     0.15062E+02     0.43807E-02     0.61416E-02    -0.17177E-02
     0.15113E+02     0.42768E-02     0.78106E-02    -0.76355E-03
     0.15151E+02     0.41855E-02     0.87624E-02     0.10916E-04
     0.15201E+02     0.40140E-02     0.98918E-02     0.92473E-03
     0.15252E+02     0.38026E-02     0.11027E-01     0.15100E-02
     0.15302E+02     0.35809E-02     0.12310E-01     0.17285E-02
     0.15353E+02     0.33716E-02     0.13695E-01     0.16041E-02
     0.15403E+02     0.31626E-02     0.15154E-01     0.13462E-02
     0.15453E+02     0.29766E-02     0.16609E-01     0.11345E-02
     0.15503E+02     0.28013E-02     0.17951E-01     0.11017E-02
     0.15554E+02     0.26353E-02     0.19108E-01     0.12277E-02
     0.15604E+02     0.24730E-02     0.20046E-01     0.14878E-02
     0.15654E+02     0.22965E-02     0.20790E-01     0.16887E-02
     0.15704E+02     0.21116E-02     0.21331E-01     0.16476E-02
     0.15754E+02     0.19097E-02     0.21722E-01     0.13638E-02
     0.15804E+02     0.17007E-02     0.21948E-01     0.95874E-03
     0.15855E+02     0.14766E-02     0.21911E-01     0.61235E-03
     0.15905E+02     0.12193E-02     0.21506E-01     0.52293E-03
     0.15955E+02     0.92205E-03     0.20658E-01     0.79104E-03
     0.16005E+02     0.58355E-03     0.19409E-01     0.14345E-02
     0.16055E+02     0.21693E-03     0.17867E-01     0.23750E-02
     0.16105E+02    -0.13886E-03     0.16208E-01     0.34284E-02
     0.16155E+02    -0.43709E-03     0.14617E-01     0.43487E-02
     0.16205E+02    -0.66277E-03     0.13193E-01     0.49653E-02
     0.16255E+02    -0.81071E-03     0.11901E-01     0.52193E-02
     0.16305E+02    -0.92128E-03     0.10632E-01     0.52504E-02
     0.16356E+02    -0.10249E-02     0.92810E-02     0.51233E-02
     0.16406E+02    -0.11282E-02     0.77861E-02     0.49524E-02
     0.16456E+02    -0.12403E-02     0.61576E-02     0.48020E-02
     0.16506E+02    -0.13589E-02     0.44634E-02     0.46781E-02
     0.16556E+02    -0.14773E-02     0.28026E-02     0.45638E-02
     0.16606E+02    -0.15857E-02     0.12570E-02     0.44255E-02
     0.16656E+02    -0.16785E-02    -0.11715E-03     0.42327E-02
     0.16706E+02    -0.17372E-02    -0.12968E-02     0.39555E-02
     0.16757E+02    -0.17572E-02    -0.22965E-02     0.36174E-02
     0.16807E+02    -0.17385E-02    -0.31210E-02     0.32489E-02
     0.16857E+02    -0.16702E-02    -0.37548E-02     0.28252E-02
     0.16907E+02    -0.15526E-02    -0.41770E-02     0.23139E-02
     0.16957E+02    -0.13797E-02    -0.43744E-02     0.16927E-02
     0.17008E+02    -0.11753E-02    -0.43717E-02     0.99116E-03
     0.17058E+02    -0.95223E-03    -0.41475E-02     0.26092E-03
     0.17108E+02    -0.72852E-03    -0.38335E-02    -0.47255E-03
     0.17158E+02    -0.52001E-03    -0.34976E-02    -0.11804E-02
     0.17208E+02    -0.33618E-03    -0.31544E-02    -0.18299E-02
     0.17259E+02    -0.18056E-03    -0.28302E-02    -0.23671E-02
     0.17309E+02    -0.58373E-04    -0.25402E-02    -0.27026E-02
     0.17359E+02     0.19581E-04    -0.23034E-02    -0.27789E-02
     0.17410E+02     0.71701E-04    -0.20768E-02    -0.26382E-02
     0.17460E+02     0.10121E-03    -0.18335E-02    -0.22926E-02
     0.17510E+02     0.10808E-03    -0.15580E-02    -0.18453E-02
     0.17560E+02     0.10492E-03    -0.12359E-02    -0.13723E-02
     0.17611E+02     0.99119E-04    -0.84741E-03    -0.95200E-03
     0.17661E+02     0.92081E-04    -0.42358E-03    -0.65985E-03
     0.17711E+02     0.89216E-04    -0.89742E-05    -0.49366E-03
     0.17762E+02     0.96998E-04     0.37010E-03    -0.39312E-03
     0.17812E+02     0.11497E-03     0.70346E-03    -0.24685E-03
     0.17862E+02     0.14153E-03     0.99175E-03     0.19677E-04
     0.17900E+02     0.17055E-03     0.11917E-02     0.33663E-03
     0.17950E+02     0.22268E-03     0.14679E-02     0.91980E-03
     0.18001E+02     0.29053E-03     0.17862E-02     0.16512E-02
     0.18051E+02     0.37091E-03     0.21592E-02     0.24648E-02
     0.18101E+02     0.46811E-03     0.25627E-02     0.32839E-02
     0.18152E+02     0.57021E-03     0.29522E-02     0.40051E-02
     0.18202E+02     0.65211E-03     0.32840E-02     0.45104E-02
     0.18252E+02     0.67352E-03     0.34538E-02     0.47376E-02
     0.18302E+02     0.66842E-03     0.33601E-02     0.46913E-02
     0.18353E+02     0.64258E-03     0.29563E-02     0.43516E-02
     0.18403E+02     0.59748E-03     0.22258E-02     0.38024E-02
     0.18453E+02     0.54712E-03     0.11854E-02     0.31131E-02
     0.18503E+02     0.51161E-03    -0.11805E-03     0.23502E-02
     0.18553E+02     0.51156E-03    -0.15947E-02     0.15629E-02
     0.18604E+02     0.56961E-03    -0.31487E-02     0.83650E-03
     0.18654E+02     0.70585E-03    -0.47103E-02     0.25650E-03
     0.18704E+02     0.91946E-03    -0.62561E-02    -0.15030E-03
     0.18754E+02     0.11885E-02    -0.78450E-02    -0.33771E-03
     0.18804E+02     0.14898E-02    -0.95650E-02    -0.33708E-03
     0.18854E+02     0.18008E-02    -0.11521E-01    -0.16667E-03
     0.18905E+02     0.21133E-02    -0.13782E-01     0.92077E-04
     0.18955E+02     0.24292E-02    -0.16359E-01     0.34533E-03
     0.19005E+02     0.27729E-02    -0.19217E-01     0.51586E-03
     0.19055E+02     0.31713E-02    -0.22307E-01     0.56106E-03
     0.19105E+02     0.36337E-02    -0.25620E-01     0.49074E-03
     0.19155E+02     0.41671E-02    -0.29168E-01     0.32289E-03
     0.19205E+02     0.47735E-02    -0.32925E-01     0.12721E-03
     0.19255E+02     0.54616E-02    -0.36884E-01     0.35968E-05
     0.19305E+02     0.62602E-02    -0.40942E-01     0.22338E-04
     0.19355E+02     0.71981E-02    -0.45026E-01     0.21540E-03
     0.19405E+02     0.82632E-02    -0.49222E-01     0.56684E-03
     0.19455E+02     0.94463E-02    -0.53777E-01     0.10064E-02
     0.19505E+02     0.10707E-01    -0.59128E-01     0.14163E-02
     0.19555E+02     0.11989E-01    -0.65694E-01     0.16217E-02
     0.19605E+02     0.13272E-01    -0.73715E-01     0.15503E-02
     0.19655E+02     0.14557E-01    -0.83221E-01     0.12355E-02
     0.19705E+02     0.15872E-01    -0.93914E-01     0.76967E-03
     0.19755E+02     0.17283E-01    -0.10527E+00     0.21073E-03
     0.19805E+02     0.18856E-01    -0.11669E+00    -0.30635E-03
     0.19855E+02     0.20596E-01    -0.12767E+00    -0.65710E-03
     0.19905E+02     0.22491E-01    -0.13784E+00    -0.72764E-03
     0.19954E+02     0.24528E-01    -0.14698E+00    -0.52377E-03
     0.20004E+02     0.26623E-01    -0.15500E+00    -0.10905E-03
     0.20054E+02     0.28687E-01    -0.16189E+00     0.42321E-03
     0.20104E+02     0.30641E-01    -0.16756E+00     0.93097E-03
     0.20154E+02     0.32424E-01    -0.17196E+00     0.12556E-02
     0.20204E+02     0.34009E-01    -0.17492E+00     0.12984E-02
     0.20253E+02     0.35354E-01    -0.17614E+00     0.11326E-02
     0.20303E+02     0.36393E-01    -0.17518E+00     0.85580E-03
     0.20353E+02     0.37230E-01    -0.17183E+00     0.51683E-03
     0.20403E+02     0.37894E-01    -0.16578E+00     0.24156E-03
     0.20453E+02     0.38401E-01    -0.15686E+00     0.16191E-03
     0.20503E+02     0.38757E-01    -0.14519E+00     0.34519E-03
     0.20553E+02     0.38881E-01    -0.13110E+00     0.85035E-03
     0.20603E+02     0.38722E-01    -0.11555E+00     0.15718E-02
     0.20653E+02     0.38230E-01    -0.99468E-01     0.24013E-02
     0.20703E+02     0.37356E-01    -0.83234E-01     0.31347E-02
     0.20753E+02     0.36165E-01    -0.66769E-01     0.34895E-02
     0.20803E+02     0.34876E-01    -0.49419E-01     0.35047E-02
     0.20853E+02     0.33690E-01    -0.30501E-01     0.32950E-02
     0.20903E+02     0.32701E-01    -0.98558E-02     0.31384E-02
     0.20952E+02     0.31890E-01     0.12055E-01     0.33929E-02
     0.21002E+02     0.31050E-01     0.34189E-01     0.40649E-02
     0.21052E+02     0.29998E-01     0.55514E-01     0.48696E-02
     0.21102E+02     0.28697E-01     0.75572E-01     0.54882E-02
     0.21152E+02     0.27296E-01     0.94686E-01     0.57197E-02
     0.21202E+02     0.26019E-01     0.11348E+00     0.57587E-02
     0.21251E+02     0.24928E-01     0.13219E+00     0.58179E-02
     0.21301E+02     0.23959E-01     0.15043E+00     0.61345E-02
     0.21351E+02     0.22949E-01     0.16749E+00     0.66359E-02
     0.21400E+02     0.21816E-01     0.18291E+00     0.71097E-02
     0.21450E+02     0.20614E-01     0.19672E+00     0.74727E-02
     0.21512E+02     0.19267E-01     0.21252E+00     0.78850E-02
     0.21562E+02     0.18369E-01     0.22443E+00     0.83136E-02
     0.21611E+02     0.17539E-01     0.23492E+00     0.88807E-02
     0.21661E+02     0.16521E-01     0.24266E+00     0.94691E-02
     0.21711E+02     0.15154E-01     0.24718E+00     0.98484E-02
     0.21760E+02     0.13658E-01     0.24867E+00     0.10020E-01
     0.21810E+02     0.12234E-01     0.24812E+00     0.99917E-02
     0.21860E+02     0.11031E-01     0.24603E+00     0.98862E-02
     0.21909E+02     0.99137E-02     0.24139E+00     0.98532E-02
     0.21959E+02     0.84622E-02     0.23220E+00     0.99596E-02
     0.22009E+02     0.64413E-02     0.21715E+00     0.10120E-01
     0.22058E+02     0.39357E-02     0.19641E+00     0.10182E-01
     0.22108E+02     0.11127E-02     0.17096E+00     0.10001E-01
     0.22158E+02    -0.17901E-02     0.14247E+00     0.95777E-02
     0.22207E+02    -0.45537E-02     0.11263E+00     0.90591E-02
     0.22257E+02    -0.70587E-02     0.82998E-01     0.85773E-02
     0.22307E+02    -0.92394E-02     0.54840E-01     0.81988E-02
     0.22356E+02    -0.11080E-01     0.29048E-01     0.79589E-02
     0.22406E+02    -0.12597E-01     0.61417E-02     0.79299E-02
     0.22456E+02    -0.13830E-01    -0.13542E-01     0.81003E-02
     0.22506E+02    -0.14791E-01    -0.29794E-01     0.83665E-02
     0.22556E+02    -0.15476E-01    -0.42641E-01     0.86162E-02
     0.22605E+02    -0.15905E-01    -0.52177E-01     0.87738E-02
     0.22655E+02    -0.16067E-01    -0.58592E-01     0.88612E-02
     0.22705E+02    -0.15998E-01    -0.62266E-01     0.89297E-02
     0.22755E+02    -0.15842E-01    -0.63594E-01     0.90394E-02
     0.22805E+02    -0.15484E-01    -0.62941E-01     0.92989E-02
     0.22855E+02    -0.15021E-01    -0.60424E-01     0.97621E-02
     0.22905E+02    -0.14475E-01    -0.56353E-01     0.10490E-01
     0.22955E+02    -0.13864E-01    -0.51057E-01     0.11452E-01
     0.23005E+02    -0.13249E-01    -0.44937E-01     0.12526E-01
     0.23055E+02    -0.12669E-01    -0.38438E-01     0.13593E-01
     0.23106E+02    -0.12166E-01    -0.31971E-01     0.14541E-01
     0.23156E+02    -0.11760E-01    -0.25789E-01     0.15247E-01
     0.23206E+02    -0.11393E-01    -0.19855E-01     0.15696E-01
     0.23256E+02    -0.10993E-01    -0.13949E-01     0.15996E-01
     0.23306E+02    -0.10475E-01    -0.78045E-02     0.16252E-01
     0.23356E+02    -0.98054E-02    -0.14444E-02     0.16553E-01
     0.23407E+02    -0.90620E-02     0.46265E-02     0.16983E-01
     0.23457E+02    -0.83914E-02     0.96202E-02     0.17415E-01
     0.23507E+02    -0.79891E-02     0.12690E-01     0.17810E-01
     0.23557E+02    -0.78304E-02     0.13875E-01     0.18149E-01
     0.23608E+02    -0.77882E-02     0.13708E-01     0.18331E-01
     0.23658E+02    -0.77381E-02     0.12798E-01     0.18251E-01
     0.23708E+02    -0.75556E-02     0.11721E-01     0.17916E-01
     0.23758E+02    -0.72388E-02     0.10883E-01     0.17371E-01
     0.23809E+02    -0.68160E-02     0.10049E-01     0.16709E-01
     0.23859E+02    -0.63723E-02     0.89806E-02     0.15995E-01
     0.23909E+02    -0.60069E-02     0.72296E-02     0.15268E-01
     0.23960E+02    -0.57635E-02     0.45246E-02     0.14521E-01
     0.24010E+02    -0.57012E-02     0.93119E-03     0.13612E-01
     0.24060E+02    -0.57649E-02    -0.33143E-02     0.12486E-01
     0.24110E+02    -0.58565E-02    -0.77515E-02     0.11112E-01
     0.24161E+02    -0.59211E-02    -0.11996E-01     0.94575E-02
     0.24211E+02    -0.59397E-02    -0.15779E-01     0.75632E-02
     0.24261E+02    -0.59055E-02    -0.18889E-01     0.55172E-02
     0.24311E+02    -0.58432E-02    -0.21193E-01     0.34350E-02
     0.24362E+02    -0.57738E-02    -0.22703E-01     0.13255E-02
     0.24412E+02    -0.57102E-02    -0.23468E-01    -0.79649E-03
     0.24462E+02    -0.56683E-02    -0.23520E-01    -0.29278E-02
     0.24512E+02    -0.56410E-02    -0.22915E-01    -0.50891E-02
     0.24563E+02    -0.56115E-02    -0.21731E-01    -0.73056E-02
     0.24600E+02    -0.55836E-02    -0.20499E-01    -0.90243E-02
     0.24650E+02    -0.55408E-02    -0.18476E-01    -0.11412E-01
     0.24701E+02    -0.55014E-02    -0.16106E-01    -0.13916E-01
     0.24751E+02    -0.54786E-02    -0.13511E-01    -0.16525E-01
     0.24801E+02    -0.54805E-02    -0.10841E-01    -0.19227E-01
     0.24851E+02    -0.55057E-02    -0.82119E-02    -0.22020E-01
     0.24901E+02    -0.55460E-02    -0.56810E-02    -0.24910E-01
     0.24952E+02    -0.55888E-02    -0.31650E-02    -0.27896E-01
     0.25002E+02    -0.56135E-02    -0.62846E-03    -0.30981E-01
