     0.12475E-01     0.26630E-09     0.15560E-08    -0.14997E-12
     0.50017E-01     0.28498E-09     0.16460E-08    -0.22902E-11
     0.10007E+00     0.31239E-09     0.17770E-08    -0.85504E-11
     0.15012E+00     0.34318E-09     0.19298E-08    -0.18562E-10
     0.20016E+00     0.37804E-09     0.21147E-08    -0.32380E-10
     0.25019E+00     0.41783E-09     0.23420E-08    -0.50156E-10
     0.30021E+00     0.46364E-09     0.26226E-08    -0.72123E-10
     0.35023E+00     0.51678E-09     0.29684E-08    -0.99262E-10
     0.40024E+00     0.57880E-09     0.33929E-08    -0.13236E-09
     0.45026E+00     0.65158E-09     0.39118E-08    -0.17032E-09
     0.50027E+00     0.73735E-09     0.45443E-08    -0.21242E-09
     0.55028E+00     0.83879E-09     0.53134E-08    -0.25648E-09
     0.60029E+00     0.95911E-09     0.62468E-08    -0.30013E-09
     0.65031E+00     0.11022E-08     0.73782E-08    -0.34308E-09
     0.70033E+00     0.12725E-08     0.87464E-08    -0.38698E-09
     0.75035E+00     0.14755E-08     0.10396E-07    -0.43480E-09
     0.80037E+00     0.17172E-08     0.12377E-07    -0.49176E-09
     0.85039E+00     0.20047E-08     0.14744E-07    -0.56328E-09
     0.90041E+00     0.23459E-08     0.17554E-07    -0.65615E-09
     0.95043E+00     0.27495E-08     0.20869E-07    -0.77829E-09
     0.10005E+01     0.32252E-08     0.24750E-07    -0.93663E-09
     0.10505E+01     0.37835E-08     0.29262E-07    -0.11366E-08
     0.11005E+01     0.44359E-08     0.34467E-07    -0.13819E-08
     0.11505E+01     0.51950E-08     0.40432E-07    -0.16737E-08
     0.12006E+01     0.60744E-08     0.47225E-07    -0.20101E-08
     0.12506E+01     0.70893E-08     0.54928E-07    -0.23880E-08
     0.13006E+01     0.82567E-08     0.63634E-07    -0.28040E-08
     0.13506E+01     0.95965E-08     0.73460E-07    -0.32541E-08
     0.14007E+01     0.11131E-07     0.84556E-07    -0.37359E-08
     0.14507E+01     0.12889E-07     0.97112E-07    -0.42509E-08
     0.15007E+01     0.14900E-07     0.11137E-06    -0.48053E-08
     0.15507E+01     0.17204E-07     0.12763E-06    -0.54099E-08
     0.16008E+01     0.19845E-07     0.14625E-06    -0.60809E-08
     0.16508E+01     0.22877E-07     0.16767E-06    -0.68384E-08
     0.17008E+01     0.26362E-07     0.19239E-06    -0.77064E-08
     0.17508E+01     0.30373E-07     0.22100E-06    -0.87128E-08
     0.18009E+01     0.34994E-07     0.25413E-06    -0.98892E-08
     0.18509E+01     0.40323E-07     0.29254E-06    -0.11274E-07
     0.19009E+01     0.46470E-07     0.33704E-06    -0.12909E-07
     0.19509E+01     0.53564E-07     0.38856E-06    -0.14841E-07
     0.20010E+01     0.61752E-07     0.44817E-06    -0.17122E-07
     0.20510E+01     0.71205E-07     0.51709E-06    -0.19805E-07
     0.21010E+01     0.82118E-07     0.59674E-06    -0.22952E-07
     0.21510E+01     0.94718E-07     0.68876E-06    -0.26627E-07
     0.22010E+01     0.10927E-06     0.79506E-06    -0.30903E-07
     0.22511E+01     0.12607E-06     0.91789E-06    -0.35859E-07
     0.23011E+01     0.14547E-06     0.10598E-05    -0.41586E-07
     0.23511E+01     0.16787E-06     0.12237E-05    -0.48188E-07
     0.24011E+01     0.19373E-06     0.14128E-05    -0.55785E-07
     0.24512E+01     0.22358E-06     0.16312E-05    -0.64514E-07
     0.25012E+01     0.25804E-06     0.18831E-05    -0.74540E-07
     0.25512E+01     0.29780E-06     0.21735E-05    -0.86055E-07
     0.26012E+01     0.34368E-06     0.25085E-05    -0.99289E-07
     0.26513E+01     0.39663E-06     0.28949E-05    -0.11451E-06
     0.27013E+01     0.45772E-06     0.33406E-05    -0.13203E-06
     0.27513E+01     0.52822E-06     0.38549E-05    -0.15221E-06
     0.28013E+01     0.60957E-06     0.44484E-05    -0.17549E-06
     0.28514E+01     0.70345E-06     0.51334E-05    -0.20236E-06
     0.29014E+01     0.81180E-06     0.59240E-05    -0.23337E-06
     0.29514E+01     0.93683E-06     0.68365E-05    -0.26917E-06
     0.30014E+01     0.10811E-05     0.78894E-05    -0.31052E-06
     0.30514E+01     0.12476E-05     0.91045E-05    -0.35827E-06
     0.31015E+01     0.14398E-05     0.10507E-04    -0.41341E-06
     0.31515E+01     0.16615E-05     0.12125E-04    -0.47706E-06
     0.32015E+01     0.19174E-05     0.13992E-04    -0.55055E-06
     0.32515E+01     0.22128E-05     0.16146E-04    -0.63538E-06
     0.33016E+01     0.25536E-05     0.18633E-04    -0.73330E-06
     0.33516E+01     0.29469E-05     0.21502E-04    -0.84631E-06
     0.34016E+01     0.34007E-05     0.24813E-04    -0.97673E-06
     0.34516E+01     0.39245E-05     0.28633E-04    -0.11272E-05
     0.35017E+01     0.45290E-05     0.33042E-04    -0.13009E-05
     0.35517E+01     0.52265E-05     0.38129E-04    -0.15012E-05
     0.36017E+01     0.60315E-05     0.43999E-04    -0.17323E-05
     0.36517E+01     0.69605E-05     0.50772E-04    -0.19989E-05
     0.37017E+01     0.80325E-05     0.58587E-04    -0.23065E-05
     0.37518E+01     0.92697E-05     0.67603E-04    -0.26614E-05
     0.38018E+01     0.10697E-04     0.78007E-04    -0.30707E-05
     0.38518E+01     0.12345E-04     0.90010E-04    -0.35430E-05
     0.39018E+01     0.14246E-04     0.10386E-03    -0.40878E-05
     0.39519E+01     0.16440E-04     0.11983E-03    -0.47162E-05
     0.40019E+01     0.18972E-04     0.13826E-03    -0.54410E-05
     0.40519E+01     0.21894E-04     0.15952E-03    -0.62770E-05
     0.41019E+01     0.25266E-04     0.18404E-03    -0.72412E-05
     0.41520E+01     0.29157E-04     0.21232E-03    -0.83530E-05
     0.42020E+01     0.33647E-04     0.24493E-03    -0.96350E-05
     0.42520E+01     0.38829E-04     0.28254E-03    -0.11113E-04
     0.43020E+01     0.44809E-04     0.32591E-03    -0.12817E-04
     0.43521E+01     0.51711E-04     0.37590E-03    -0.14780E-04
     0.44021E+01     0.59675E-04     0.43354E-03    -0.17043E-04
     0.44521E+01     0.68866E-04     0.49997E-03    -0.19651E-04
     0.45021E+01     0.79473E-04     0.57652E-03    -0.22654E-04
     0.45522E+01     0.91714E-04     0.66473E-03    -0.26112E-04
     0.46022E+01     0.10584E-03     0.76634E-03    -0.30094E-04
     0.46522E+01     0.12215E-03     0.88335E-03    -0.34676E-04
     0.47022E+01     0.14097E-03     0.10181E-02    -0.39947E-04
     0.47523E+01     0.16270E-03     0.11731E-02    -0.46008E-04
     0.48023E+01     0.18778E-03     0.13516E-02    -0.52975E-04
     0.48523E+01     0.21673E-03     0.15568E-02    -0.60979E-04
     0.49023E+01     0.25016E-03     0.17927E-02    -0.70168E-04
     0.49524E+01     0.28877E-03     0.20638E-02    -0.80710E-04
     0.50024E+01     0.33335E-03     0.23751E-02    -0.92795E-04
     0.50524E+01     0.38486E-03     0.27324E-02    -0.10664E-03
     0.51024E+01     0.44437E-03     0.31422E-02    -0.12248E-03
     0.51525E+01     0.51314E-03     0.36118E-02    -0.14060E-03
     0.52025E+01     0.59265E-03     0.41494E-02    -0.16128E-03
     0.52525E+01     0.68459E-03     0.47643E-02    -0.18486E-03
     0.53025E+01     0.79097E-03     0.54667E-02    -0.21168E-03
     0.53526E+01     0.91409E-03     0.62682E-02    -0.24214E-03
     0.54026E+01     0.10567E-02     0.71812E-02    -0.27660E-03
     0.54526E+01     0.12219E-02     0.82196E-02    -0.31551E-03
     0.55027E+01     0.14135E-02     0.93985E-02    -0.35926E-03
     0.55527E+01     0.16359E-02     0.10734E-01    -0.40847E-03
     0.56027E+01     0.18942E-02     0.12244E-01    -0.46402E-03
     0.56527E+01     0.21947E-02     0.13945E-01    -0.52979E-03
     0.57028E+01     0.25448E-02     0.15856E-01    -0.61988E-03
     0.57528E+01     0.29527E-02     0.17996E-01    -0.71368E-03
     0.58028E+01     0.34278E-02     0.20384E-01    -0.78349E-03
     0.58529E+01     0.39817E-02     0.23031E-01    -0.80820E-03
     0.59029E+01     0.46281E-02     0.25952E-01    -0.78998E-03
     0.59529E+01     0.53834E-02     0.29156E-01    -0.74052E-03
     0.60030E+01     0.62263E-02     0.34095E-01    -0.49314E-03
     0.60530E+01     0.70269E-02     0.42250E-01     0.21723E-03
     0.61030E+01     0.78400E-02     0.57017E-01     0.12320E-02
     0.61530E+01     0.87064E-02     0.75823E-01     0.24044E-02
     0.62031E+01     0.96985E-02     0.96336E-01     0.36142E-02
     0.62531E+01     0.10892E-01     0.11642E+00     0.44616E-02
     0.63031E+01     0.12352E-01     0.13563E+00     0.45641E-02
     0.63532E+01     0.14134E-01     0.15428E+00     0.39478E-02
     0.64032E+01     0.16308E-01     0.17171E+00     0.25218E-02
     0.64532E+01     0.18938E-01     0.18449E+00     0.25184E-03
     0.65032E+01     0.22099E-01     0.19498E+00    -0.28453E-02
     0.65532E+01     0.25595E-01     0.20891E+00    -0.62933E-02
     0.66032E+01     0.29196E-01     0.22336E+00    -0.89897E-02
     0.66532E+01     0.32661E-01     0.23871E+00    -0.89022E-02
     0.67031E+01     0.35924E-01     0.25303E+00    -0.66289E-02
     0.67530E+01     0.39099E-01     0.26392E+00    -0.34014E-02
     0.68029E+01     0.42135E-01     0.26948E+00    -0.13737E-03
     0.68528E+01     0.44890E-01     0.26861E+00     0.24473E-02
     0.69026E+01     0.47305E-01     0.26154E+00     0.42169E-02
     0.69524E+01     0.49426E-01     0.25069E+00     0.44672E-02
     0.70021E+01     0.51280E-01     0.23643E+00     0.36683E-02
     0.70519E+01     0.52768E-01     0.21808E+00     0.29931E-02
     0.71016E+01     0.53910E-01     0.19629E+00     0.28372E-02
     0.71513E+01     0.54709E-01     0.17105E+00     0.30654E-02
     0.72010E+01     0.55143E-01     0.14234E+00     0.36115E-02
     0.72506E+01     0.55255E-01     0.11067E+00     0.46159E-02
     0.73002E+01     0.55025E-01     0.76736E-01     0.57327E-02
     0.73622E+01     0.54353E-01     0.33809E-01     0.65089E-02
     0.74118E+01     0.53491E-01    -0.20336E-02     0.66357E-02
     0.74614E+01     0.52389E-01    -0.39440E-01     0.68881E-02
     0.75109E+01     0.51129E-01    -0.78767E-01     0.75903E-02
     0.75605E+01     0.49715E-01    -0.11944E+00     0.86891E-02
     0.76100E+01     0.48056E-01    -0.15987E+00     0.99290E-02
     0.76595E+01     0.46061E-01    -0.19881E+00     0.10913E-01
     0.77090E+01     0.43769E-01    -0.23695E+00     0.11452E-01
     0.77585E+01     0.41350E-01    -0.27656E+00     0.11661E-01
     0.78081E+01     0.38941E-01    -0.31980E+00     0.11845E-01
     0.78576E+01     0.36473E-01    -0.36629E+00     0.12234E-01
     0.79071E+01     0.33698E-01    -0.41324E+00     0.13089E-01
     0.79566E+01     0.30337E-01    -0.45755E+00     0.14408E-01
     0.80061E+01     0.26266E-01    -0.49780E+00     0.16126E-01
     0.80556E+01     0.21601E-01    -0.53535E+00     0.17187E-01
     0.81051E+01     0.16407E-01    -0.57066E+00     0.15677E-01
     0.81546E+01     0.10453E-01    -0.60868E+00     0.95234E-02
     0.82042E+01     0.35114E-02    -0.66177E+00     0.38611E-02
     0.82537E+01    -0.30850E-02    -0.68177E+00     0.42456E-03
     0.83033E+01    -0.66303E-02    -0.69441E+00     0.43061E-03
     0.83529E+01    -0.77073E-02    -0.31876E+00     0.24398E-03
     0.84025E+01    -0.75282E-02     0.00000E+00     0.00000E+00
     0.84521E+01    -0.75282E-02     0.00000E+00     0.00000E+00
     0.85018E+01    -0.75282E-02     0.00000E+00     0.00000E+00
     0.85515E+01    -0.75282E-02     0.00000E+00     0.00000E+00
     0.86012E+01    -0.75282E-02     0.00000E+00     0.00000E+00
     0.86509E+01    -0.75282E-02     0.00000E+00     0.00000E+00
     0.87007E+01    -0.75282E-02     0.00000E+00     0.00000E+00
     0.87505E+01    -0.75282E-02     0.00000E+00     0.00000E+00
     0.88004E+01    -0.75282E-02     0.00000E+00     0.00000E+00
     0.88503E+01    -0.75282E-02     0.00000E+00     0.00000E+00
     0.89002E+01    -0.75282E-02     0.00000E+00     0.00000E+00
     0.89502E+01    -0.75282E-02     0.00000E+00     0.00000E+00
     0.90002E+01    -0.75282E-02     0.00000E+00     0.00000E+00
     0.90502E+01    -0.75282E-02     0.00000E+00     0.00000E+00
     0.91003E+01    -0.75282E-02     0.00000E+00     0.00000E+00
     0.91503E+01    -0.75282E-02     0.00000E+00     0.00000E+00
     0.92004E+01    -0.75282E-02     0.00000E+00     0.00000E+00
     0.92504E+01    -0.75282E-02     0.00000E+00     0.00000E+00
     0.93005E+01    -0.75282E-02     0.00000E+00     0.00000E+00
     0.93505E+01    -0.75282E-02     0.00000E+00     0.00000E+00
     0.94006E+01    -0.75282E-02     0.00000E+00     0.00000E+00
     0.94506E+01    -0.75282E-02     0.00000E+00     0.00000E+00
     0.95007E+01    -0.75282E-02     0.00000E+00     0.00000E+00
     0.95507E+01    -0.75282E-02     0.00000E+00     0.00000E+00
     0.96008E+01    -0.75282E-02     0.00000E+00     0.00000E+00
     0.96508E+01    -0.75282E-02     0.00000E+00     0.00000E+00
     0.97009E+01    -0.75282E-02     0.00000E+00     0.00000E+00
     0.97510E+01    -0.74612E-02     0.18472E-01    -0.30460E-01
     0.98010E+01    -0.69629E-02     0.10906E+00    -0.16719E+00
     0.98511E+01    -0.61688E-02     0.12870E+00    -0.36279E+00
     0.99011E+01    -0.55478E-02     0.11163E+00    -0.30091E+00
     0.99512E+01    -0.48799E-02     0.11291E+00    -0.21995E+00
     0.10001E+02    -0.39998E-02     0.10991E+00    -0.14661E+00
     0.10051E+02    -0.30076E-02     0.95612E-01    -0.92704E-01
     0.10101E+02    -0.19795E-02     0.67729E-01    -0.57925E-01
     0.10151E+02    -0.10552E-02     0.37284E-01    -0.36164E-01
     0.10201E+02    -0.33422E-03     0.91189E-02    -0.24689E-01
     0.10251E+02     0.11471E-03    -0.67802E-02    -0.21243E-01
     0.10302E+02     0.42791E-03    -0.12717E-01    -0.24547E-01
     0.10352E+02     0.68263E-03    -0.12337E-01    -0.31222E-01
     0.10402E+02     0.94171E-03    -0.86733E-02    -0.39403E-01
     0.10452E+02     0.12636E-02    -0.49444E-02    -0.47255E-01
     0.10502E+02     0.15981E-02    -0.31613E-02    -0.52039E-01
     0.10552E+02     0.18854E-02    -0.62276E-02    -0.51752E-01
     0.10602E+02     0.20973E-02    -0.12960E-01    -0.46591E-01
     0.10652E+02     0.22187E-02    -0.21723E-01    -0.38136E-01
     0.10702E+02     0.21911E-02    -0.30892E-01    -0.27669E-01
     0.10752E+02     0.19900E-02    -0.37865E-01    -0.16749E-01
     0.10802E+02     0.16403E-02    -0.42381E-01    -0.74328E-02
     0.10852E+02     0.11601E-02    -0.44846E-01    -0.13798E-02
     0.10902E+02     0.59856E-03    -0.45825E-01     0.50102E-03
     0.10952E+02     0.36934E-04    -0.46284E-01    -0.10712E-02
     0.11002E+02    -0.47147E-03    -0.47121E-01    -0.55470E-02
     0.11052E+02    -0.96201E-03    -0.49007E-01    -0.11164E-01
     0.11103E+02    -0.14302E-02    -0.50152E-01    -0.16766E-01
     0.11153E+02    -0.18463E-02    -0.51316E-01    -0.22413E-01
     0.11203E+02    -0.21980E-02    -0.51866E-01    -0.27778E-01
     0.11253E+02    -0.24917E-02    -0.51183E-01    -0.31909E-01
     0.11303E+02    -0.27348E-02    -0.49172E-01    -0.34091E-01
     0.11353E+02    -0.29238E-02    -0.45968E-01    -0.34487E-01
     0.11403E+02    -0.30792E-02    -0.41884E-01    -0.32833E-01
     0.11453E+02    -0.32003E-02    -0.37403E-01    -0.29791E-01
     0.11503E+02    -0.32902E-02    -0.32915E-01    -0.26223E-01
     0.11553E+02    -0.33553E-02    -0.28751E-01    -0.22785E-01
     0.11603E+02    -0.34166E-02    -0.25321E-01    -0.19415E-01
     0.11653E+02    -0.34819E-02    -0.22788E-01    -0.16493E-01
     0.11703E+02    -0.35515E-02    -0.21047E-01    -0.14335E-01
     0.11753E+02    -0.36251E-02    -0.19820E-01    -0.13164E-01
     0.11803E+02    -0.37005E-02    -0.18963E-01    -0.13077E-01
     0.11854E+02    -0.37723E-02    -0.18484E-01    -0.13671E-01
     0.11904E+02    -0.38301E-02    -0.17859E-01    -0.15092E-01
     0.11954E+02    -0.38719E-02    -0.16903E-01    -0.17075E-01
     0.12004E+02    -0.38896E-02    -0.15412E-01    -0.19492E-01
     0.12054E+02    -0.38766E-02    -0.13324E-01    -0.22160E-01
     0.12104E+02    -0.38321E-02    -0.10716E-01    -0.24756E-01
     0.12154E+02    -0.37602E-02    -0.78868E-02    -0.26980E-01
     0.12204E+02    -0.36668E-02    -0.53430E-02    -0.28567E-01
     0.12254E+02    -0.35517E-02    -0.27042E-02    -0.29400E-01
     0.12304E+02    -0.34276E-02    -0.57087E-03    -0.29823E-01
     0.12354E+02    -0.33060E-02     0.45025E-03    -0.29774E-01
     0.12404E+02    -0.31815E-02     0.12062E-02    -0.29321E-01
     0.12454E+02    -0.30571E-02     0.17703E-02    -0.28516E-01
     0.12504E+02    -0.29343E-02     0.21071E-02    -0.27523E-01
     0.12555E+02    -0.28138E-02     0.23281E-02    -0.26545E-01
     0.12605E+02    -0.26927E-02     0.24325E-02    -0.25745E-01
     0.12655E+02    -0.25691E-02     0.24406E-02    -0.25235E-01
     0.12705E+02    -0.24420E-02     0.24054E-02    -0.25127E-01
     0.12755E+02    -0.23101E-02     0.21397E-02    -0.25434E-01
     0.12805E+02    -0.21728E-02     0.14316E-02    -0.26082E-01
     0.12855E+02    -0.20335E-02     0.15060E-03    -0.26825E-01
     0.12905E+02    -0.18984E-02    -0.14625E-02    -0.27410E-01
     0.12955E+02    -0.17705E-02    -0.34952E-02    -0.27591E-01
     0.13005E+02    -0.16555E-02    -0.58432E-02    -0.27309E-01
     0.13055E+02    -0.15590E-02    -0.81296E-02    -0.26489E-01
     0.13105E+02    -0.14860E-02    -0.96701E-02    -0.25260E-01
     0.13155E+02    -0.14351E-02    -0.10490E-01    -0.23869E-01
     0.13206E+02    -0.14032E-02    -0.10810E-01    -0.22482E-01
     0.13256E+02    -0.13815E-02    -0.10822E-01    -0.21409E-01
     0.13306E+02    -0.13632E-02    -0.10810E-01    -0.20866E-01
     0.13356E+02    -0.13478E-02    -0.10909E-01    -0.20861E-01
     0.13406E+02    -0.13340E-02    -0.11112E-01    -0.21367E-01
     0.13456E+02    -0.13206E-02    -0.11273E-01    -0.22218E-01
     0.13506E+02    -0.13083E-02    -0.11402E-01    -0.23165E-01
     0.13556E+02    -0.12969E-02    -0.11515E-01    -0.23998E-01
     0.13606E+02    -0.12845E-02    -0.11590E-01    -0.24619E-01
     0.13656E+02    -0.12700E-02    -0.11621E-01    -0.24921E-01
     0.13706E+02    -0.12542E-02    -0.11589E-01    -0.25021E-01
     0.13757E+02    -0.12356E-02    -0.11465E-01    -0.25016E-01
     0.13807E+02    -0.12160E-02    -0.11297E-01    -0.24831E-01
     0.13857E+02    -0.11958E-02    -0.11137E-01    -0.24530E-01
     0.13907E+02    -0.11753E-02    -0.11025E-01    -0.24228E-01
     0.13957E+02    -0.11584E-02    -0.11033E-01    -0.23877E-01
     0.14007E+02    -0.11456E-02    -0.11409E-01    -0.23452E-01
     0.14058E+02    -0.11413E-02    -0.12390E-01    -0.22971E-01
     0.14108E+02    -0.11499E-02    -0.13869E-01    -0.22497E-01
     0.14158E+02    -0.11746E-02    -0.15572E-01    -0.22088E-01
     0.14209E+02    -0.12166E-02    -0.17143E-01    -0.21768E-01
     0.14259E+02    -0.12746E-02    -0.18193E-01    -0.21562E-01
     0.14310E+02    -0.13447E-02    -0.18503E-01    -0.21471E-01
     0.14360E+02    -0.14149E-02    -0.18380E-01    -0.21466E-01
     0.14411E+02    -0.14787E-02    -0.17999E-01    -0.21525E-01
     0.14462E+02    -0.15356E-02    -0.17539E-01    -0.21688E-01
     0.14500E+02    -0.15734E-02    -0.17189E-01    -0.21856E-01
     0.14551E+02    -0.16146E-02    -0.16603E-01    -0.22109E-01
     0.14602E+02    -0.16442E-02    -0.15889E-01    -0.22382E-01
     0.14653E+02    -0.16624E-02    -0.15079E-01    -0.22630E-01
     0.14704E+02    -0.16708E-02    -0.14212E-01    -0.22824E-01
     0.14755E+02    -0.16707E-02    -0.13306E-01    -0.22960E-01
     0.14806E+02    -0.16639E-02    -0.12452E-01    -0.23021E-01
     0.14857E+02    -0.16530E-02    -0.11719E-01    -0.23001E-01
     0.14908E+02    -0.16397E-02    -0.11125E-01    -0.22897E-01
     0.14959E+02    -0.16241E-02    -0.10664E-01    -0.22785E-01
     0.15011E+02    -0.16055E-02    -0.10269E-01    -0.22716E-01
     0.15062E+02    -0.15829E-02    -0.98938E-02    -0.22724E-01
     0.15113E+02    -0.15551E-02    -0.94822E-02    -0.22817E-01
     0.15151E+02    -0.15297E-02    -0.91176E-02    -0.22921E-01
     0.15201E+02    -0.14877E-02    -0.85257E-02    -0.23155E-01
     0.15252E+02    -0.14344E-02    -0.77991E-02    -0.23525E-01
     0.15302E+02    -0.13682E-02    -0.69567E-02    -0.23997E-01
     0.15353E+02    -0.12893E-02    -0.60598E-02    -0.24538E-01
     0.15403E+02    -0.11994E-02    -0.51345E-02    -0.25064E-01
     0.15453E+02    -0.11091E-02    -0.45672E-02    -0.25408E-01
     0.15503E+02    -0.10215E-02    -0.45765E-02    -0.25496E-01
     0.15554E+02    -0.93751E-03    -0.57584E-02    -0.25193E-01
     0.15604E+02    -0.86772E-03    -0.81569E-02    -0.24459E-01
     0.15654E+02    -0.82180E-03    -0.11307E-01    -0.23372E-01
     0.15704E+02    -0.80653E-03    -0.14464E-01    -0.22086E-01
     0.15754E+02    -0.82310E-03    -0.16759E-01    -0.20794E-01
     0.15804E+02    -0.86638E-03    -0.17560E-01    -0.19679E-01
     0.15855E+02    -0.92458E-03    -0.17272E-01    -0.18884E-01
     0.15905E+02    -0.98088E-03    -0.16674E-01    -0.18441E-01
     0.15955E+02    -0.10341E-02    -0.16131E-01    -0.18380E-01
     0.16005E+02    -0.10765E-02    -0.15419E-01    -0.18630E-01
     0.16055E+02    -0.11033E-02    -0.14513E-01    -0.19126E-01
     0.16105E+02    -0.11125E-02    -0.13445E-01    -0.19779E-01
     0.16155E+02    -0.11042E-02    -0.12273E-01    -0.20506E-01
     0.16205E+02    -0.10788E-02    -0.11042E-01    -0.21250E-01
     0.16255E+02    -0.10369E-02    -0.97946E-02    -0.21969E-01
     0.16305E+02    -0.97920E-03    -0.85765E-02    -0.22627E-01
     0.16356E+02    -0.90836E-03    -0.74222E-02    -0.23243E-01
     0.16406E+02    -0.82840E-03    -0.63791E-02    -0.23834E-01
     0.16456E+02    -0.74556E-03    -0.56060E-02    -0.24338E-01
     0.16506E+02    -0.66637E-03    -0.52188E-02    -0.24635E-01
     0.16556E+02    -0.59452E-03    -0.51995E-02    -0.24723E-01
     0.16606E+02    -0.52738E-03    -0.55588E-02    -0.24530E-01
     0.16656E+02    -0.46429E-03    -0.59518E-02    -0.24095E-01
     0.16706E+02    -0.40415E-03    -0.61237E-02    -0.23530E-01
     0.16757E+02    -0.34518E-03    -0.59971E-02    -0.23000E-01
     0.16807E+02    -0.28081E-03    -0.57805E-02    -0.22528E-01
     0.16857E+02    -0.20803E-03    -0.54699E-02    -0.22142E-01
     0.16907E+02    -0.12690E-03    -0.51080E-02    -0.21855E-01
     0.16957E+02    -0.38520E-04    -0.47138E-02    -0.21631E-01
     0.17008E+02     0.51329E-04    -0.44982E-02    -0.21404E-01
     0.17058E+02     0.14095E-03    -0.47647E-02    -0.21101E-01
     0.17108E+02     0.22599E-03    -0.59500E-02    -0.20599E-01
     0.17158E+02     0.29522E-03    -0.80227E-02    -0.19872E-01
     0.17208E+02     0.33862E-03    -0.10534E-01    -0.18974E-01
     0.17259E+02     0.35230E-03    -0.12815E-01    -0.17997E-01
     0.17309E+02     0.33705E-03    -0.14301E-01    -0.17053E-01
     0.17359E+02     0.29735E-03    -0.14822E-01    -0.16281E-01
     0.17410E+02     0.24542E-03    -0.14635E-01    -0.15874E-01
     0.17460E+02     0.19998E-03    -0.14225E-01    -0.15780E-01
     0.17510E+02     0.16241E-03    -0.13749E-01    -0.15891E-01
     0.17560E+02     0.13196E-03    -0.13334E-01    -0.16263E-01
     0.17611E+02     0.10619E-03    -0.13040E-01    -0.16990E-01
     0.17661E+02     0.85046E-04    -0.12863E-01    -0.17891E-01
     0.17711E+02     0.67834E-04    -0.12753E-01    -0.18790E-01
     0.17762E+02     0.53452E-04    -0.12663E-01    -0.19541E-01
     0.17812E+02     0.39136E-04    -0.12607E-01    -0.20038E-01
     0.17862E+02     0.22313E-04    -0.12685E-01    -0.20298E-01
     0.17900E+02     0.65695E-05    -0.13007E-01    -0.20351E-01
     0.17950E+02    -0.23467E-04    -0.13914E-01    -0.20323E-01
     0.18001E+02    -0.68201E-04    -0.15224E-01    -0.20220E-01
     0.18051E+02    -0.13038E-03    -0.16462E-01    -0.20116E-01
     0.18101E+02    -0.20679E-03    -0.16852E-01    -0.20094E-01
     0.18152E+02    -0.28412E-03    -0.16549E-01    -0.20354E-01
     0.18202E+02    -0.35431E-03    -0.16066E-01    -0.20841E-01
     0.18252E+02    -0.40951E-03    -0.15371E-01    -0.21599E-01
     0.18302E+02    -0.44093E-03    -0.14362E-01    -0.22651E-01
     0.18353E+02    -0.43557E-03    -0.12886E-01    -0.23812E-01
     0.18403E+02    -0.38414E-03    -0.10856E-01    -0.24962E-01
     0.18453E+02    -0.27903E-03    -0.84075E-02    -0.25983E-01
     0.18503E+02    -0.12084E-03    -0.46284E-02    -0.26668E-01
     0.18553E+02     0.83754E-04    -0.36027E-03    -0.27030E-01
     0.18604E+02     0.34651E-03     0.36086E-02    -0.27332E-01
     0.18654E+02     0.67355E-03     0.67684E-02    -0.27520E-01
     0.18704E+02     0.10491E-02     0.95783E-02    -0.27368E-01
     0.18754E+02     0.14728E-02     0.12026E-01    -0.26967E-01
     0.18804E+02     0.19434E-02     0.14063E-01    -0.26344E-01
     0.18854E+02     0.24578E-02     0.15648E-01    -0.25475E-01
     0.18905E+02     0.30133E-02     0.16753E-01    -0.24615E-01
     0.18955E+02     0.36042E-02     0.17342E-01    -0.23925E-01
     0.19005E+02     0.42266E-02     0.16321E-01    -0.23525E-01
     0.19055E+02     0.48603E-02     0.14453E-01    -0.23715E-01
     0.19105E+02     0.53543E-02     0.14139E-01    -0.20095E-01
     0.19155E+02     0.56980E-02     0.15772E-01    -0.15707E-01
     0.19205E+02     0.59270E-02     0.19433E-01    -0.99419E-02
     0.19255E+02     0.61033E-02     0.22366E-01    -0.13186E-02
     0.19305E+02     0.63038E-02     0.23329E-01     0.25545E-02
     0.19355E+02     0.64949E-02     0.23474E-01     0.38787E-03
     0.19405E+02     0.67037E-02     0.22288E-01    -0.43362E-02
     0.19455E+02     0.69520E-02     0.18038E-01    -0.83421E-02
     0.19505E+02     0.72457E-02     0.10414E-01    -0.11227E-01
     0.19555E+02     0.75287E-02     0.83124E-03    -0.12204E-01
     0.19605E+02     0.77710E-02    -0.10317E-01    -0.11976E-01
     0.19655E+02     0.79503E-02    -0.21838E-01    -0.11618E-01
     0.19705E+02     0.80213E-02    -0.33060E-01    -0.11323E-01
     0.19755E+02     0.78893E-02    -0.41911E-01    -0.11120E-01
     0.19805E+02     0.75099E-02    -0.47580E-01    -0.10548E-01
     0.19855E+02     0.69605E-02    -0.52352E-01    -0.92851E-02
     0.19905E+02     0.63066E-02    -0.58681E-01    -0.76031E-02
     0.19954E+02     0.55627E-02    -0.66776E-01    -0.55044E-02
     0.20004E+02     0.47489E-02    -0.76748E-01    -0.32326E-02
     0.20054E+02     0.39030E-02    -0.89045E-01    -0.10365E-02
     0.20104E+02     0.28903E-02    -0.10185E+00     0.21517E-03
     0.20154E+02     0.14769E-02    -0.10173E+00     0.24283E-03
     0.20204E+02     0.24402E-03    -0.98073E-01     0.46408E-03
     0.20253E+02    -0.84167E-03    -0.94615E-01     0.57707E-03
     0.20303E+02    -0.18269E-02    -0.93668E-01     0.54016E-03
     0.20353E+02    -0.27189E-02    -0.94681E-01     0.31605E-03
     0.20403E+02    -0.35357E-02    -0.98603E-01     0.73676E-04
     0.20453E+02    -0.42912E-02    -0.11002E+00    -0.15148E-03
     0.20503E+02    -0.50037E-02    -0.13030E+00    -0.41525E-03
     0.20553E+02    -0.56809E-02    -0.16032E+00    -0.67843E-03
     0.20603E+02    -0.63193E-02    -0.20326E+00    -0.11514E-02
     0.20653E+02    -0.69073E-02    -0.20550E+00    -0.11365E-02
     0.20703E+02    -0.74355E-02    -0.17512E+00    -0.14884E-02
     0.20753E+02    -0.75086E-02     0.00000E+00     0.00000E+00
     0.20803E+02    -0.75086E-02     0.00000E+00     0.00000E+00
     0.20853E+02    -0.75086E-02     0.00000E+00     0.00000E+00
     0.20903E+02    -0.75086E-02     0.00000E+00     0.00000E+00
     0.20952E+02    -0.75086E-02     0.00000E+00     0.00000E+00
     0.21002E+02    -0.75086E-02     0.00000E+00     0.00000E+00
     0.21052E+02    -0.75086E-02     0.00000E+00     0.00000E+00
     0.21102E+02    -0.75086E-02     0.00000E+00     0.00000E+00
     0.21152E+02    -0.75086E-02     0.00000E+00     0.00000E+00
     0.21202E+02    -0.75086E-02     0.00000E+00     0.00000E+00
     0.21251E+02    -0.74714E-02     0.97821E-02    -0.10137E-01
     0.21301E+02    -0.72976E-02     0.44801E-01    -0.24472E-01
     0.21351E+02    -0.69498E-02     0.10321E+00    -0.44166E-01
     0.21400E+02    -0.63895E-02     0.15684E+00    -0.89302E-01
     0.21450E+02    -0.56848E-02     0.14931E+00    -0.96631E-01
     0.21512E+02    -0.46478E-02     0.13457E+00    -0.86645E-01
     0.21562E+02    -0.36913E-02     0.11746E+00    -0.73035E-01
     0.21611E+02    -0.26358E-02     0.93017E-01    -0.60107E-01
     0.21661E+02    -0.15050E-02     0.66206E-01    -0.50142E-01
     0.21711E+02    -0.32737E-03     0.41230E-01    -0.43736E-01
     0.21760E+02     0.88154E-03     0.22355E-01    -0.39340E-01
     0.21810E+02     0.20370E-02     0.13170E-01    -0.36367E-01
     0.21860E+02     0.31740E-02     0.13380E-01    -0.33831E-01
     0.21909E+02     0.43765E-02     0.17033E-01    -0.31084E-01
     0.21959E+02     0.56535E-02     0.21272E-01    -0.25030E-01
     0.22009E+02     0.67036E-02     0.28036E-01    -0.17305E-01
     0.22058E+02     0.74421E-02     0.40635E-01    -0.43615E-02
     0.22108E+02     0.79173E-02     0.50843E-01     0.56868E-02
     0.22158E+02     0.83921E-02     0.54996E-01     0.64898E-02
     0.22207E+02     0.90916E-02     0.58761E-01     0.57409E-02
     0.22257E+02     0.10160E-01     0.53785E-01     0.55820E-02
     0.22307E+02     0.11235E-01     0.41865E-01     0.58906E-02
     0.22356E+02     0.12279E-01     0.31089E-01     0.59473E-02
     0.22406E+02     0.13257E-01     0.20365E-01     0.56916E-02
     0.22456E+02     0.14158E-01     0.91708E-02     0.60694E-02
     0.22506E+02     0.14883E-01    -0.96867E-03     0.69726E-02
     0.22556E+02     0.15433E-01    -0.10190E-01     0.10049E-01
     0.22605E+02     0.15859E-01    -0.20104E-01     0.14516E-01
     0.22655E+02     0.16123E-01    -0.31828E-01     0.19867E-01
     0.22705E+02     0.16059E-01    -0.44035E-01     0.24813E-01
     0.22755E+02     0.15627E-01    -0.53647E-01     0.28827E-01
     0.22805E+02     0.14871E-01    -0.62484E-01     0.31937E-01
     0.22855E+02     0.13880E-01    -0.72265E-01     0.34585E-01
     0.22905E+02     0.12733E-01    -0.83426E-01     0.36554E-01
     0.22955E+02     0.11452E-01    -0.96016E-01     0.37904E-01
     0.23005E+02     0.10065E-01    -0.11000E+00     0.38692E-01
     0.23055E+02     0.85942E-02    -0.12592E+00     0.39537E-01
     0.23106E+02     0.70498E-02    -0.14487E+00     0.39462E-01
     0.23156E+02     0.54236E-02    -0.17013E+00     0.37900E-01
     0.23206E+02     0.36712E-02    -0.20555E+00     0.33169E-01
     0.23256E+02     0.16918E-02    -0.23011E+00     0.25720E-01
     0.23306E+02    -0.81702E-03    -0.22289E+00     0.17395E-01
     0.23356E+02    -0.28028E-02    -0.21742E+00     0.11090E-01
     0.23407E+02    -0.43654E-02    -0.21637E+00     0.58076E-02
     0.23457E+02    -0.56029E-02    -0.22428E+00     0.28999E-02
     0.23507E+02    -0.65501E-02    -0.24891E+00     0.14128E-02
     0.23557E+02    -0.72358E-02    -0.20553E+00     0.75731E-03
     0.23608E+02    -0.75234E-02     0.00000E+00     0.00000E+00
     0.23658E+02    -0.75234E-02     0.00000E+00     0.00000E+00
     0.23708E+02    -0.75234E-02     0.00000E+00     0.00000E+00
     0.23758E+02    -0.75234E-02     0.00000E+00     0.00000E+00
     0.23809E+02    -0.75234E-02     0.00000E+00     0.00000E+00
     0.23859E+02    -0.75234E-02     0.00000E+00     0.00000E+00
     0.23909E+02    -0.75234E-02     0.00000E+00     0.00000E+00
     0.23960E+02    -0.75116E-02     0.38230E-02     0.17366E-03
     0.24010E+02    -0.72749E-02     0.60603E-01    -0.11569E-02
     0.24060E+02    -0.65644E-02     0.19228E+00    -0.36210E-01
     0.24110E+02    -0.53773E-02     0.18986E+00    -0.54593E-01
     0.24161E+02    -0.37715E-02     0.18033E+00    -0.56699E-01
     0.24211E+02    -0.17294E-02     0.16797E+00    -0.58566E-01
     0.24261E+02     0.78435E-03     0.13462E+00    -0.66192E-01
     0.24311E+02     0.36404E-02     0.97705E-01    -0.83880E-01
     0.24362E+02     0.61030E-02     0.81169E-01    -0.91964E-01
     0.24412E+02     0.75472E-02     0.78066E-01    -0.59489E-01
     0.24462E+02     0.90447E-02     0.87229E-01    -0.49281E-01
     0.24512E+02     0.10695E-01     0.10540E+00    -0.51822E-01
     0.24563E+02     0.12450E-01     0.12199E+00    -0.57568E-01
     0.24600E+02     0.13989E-01     0.13140E+00    -0.64088E-01
     0.24650E+02     0.16522E-01     0.13513E+00    -0.76931E-01
     0.24701E+02     0.19525E-01     0.13634E+00    -0.90890E-01
     0.24751E+02     0.22696E-01     0.13333E+00    -0.10060E+00
     0.24801E+02     0.25512E-01     0.12865E+00    -0.10727E+00
     0.24851E+02     0.27753E-01     0.12509E+00    -0.11272E+00
     0.24901E+02     0.29699E-01     0.12216E+00    -0.12049E+00
     0.24952E+02     0.31650E-01     0.11772E+00    -0.13323E+00
     0.25002E+02     0.33432E-01     0.10812E+00    -0.14783E+00
