     0.12475E-01     0.68926E-11     0.41685E-10    -0.42602E-12
     0.50017E-01     0.70163E-11     0.45727E-10    -0.67180E-12
     0.10007E+00     0.72055E-11     0.51344E-10    -0.14286E-11
     0.15012E+00     0.74302E-11     0.57256E-10    -0.27429E-11
     0.20016E+00     0.76996E-11     0.63513E-10    -0.46973E-11
     0.25019E+00     0.80252E-11     0.70172E-10    -0.73823E-11
     0.30021E+00     0.84205E-11     0.77306E-10    -0.10897E-10
     0.35023E+00     0.89018E-11     0.85003E-10    -0.15350E-10
     0.40024E+00     0.94878E-11     0.93369E-10    -0.20868E-10
     0.45026E+00     0.10200E-10     0.10253E-09    -0.27598E-10
     0.50027E+00     0.11063E-10     0.11264E-09    -0.35714E-10
     0.55028E+00     0.12104E-10     0.12387E-09    -0.45417E-10
     0.60029E+00     0.13355E-10     0.13644E-09    -0.56943E-10
     0.65031E+00     0.14852E-10     0.15059E-09    -0.70559E-10
     0.70033E+00     0.16636E-10     0.16662E-09    -0.86574E-10
     0.75035E+00     0.18753E-10     0.18488E-09    -0.10533E-09
     0.80037E+00     0.21257E-10     0.20576E-09    -0.12723E-09
     0.85039E+00     0.24207E-10     0.22972E-09    -0.15271E-09
     0.90041E+00     0.27672E-10     0.25729E-09    -0.18225E-09
     0.95043E+00     0.31727E-10     0.28908E-09    -0.21642E-09
     0.10005E+01     0.36464E-10     0.32577E-09    -0.25585E-09
     0.10505E+01     0.41983E-10     0.36816E-09    -0.30125E-09
     0.11005E+01     0.48402E-10     0.41717E-09    -0.35347E-09
     0.11505E+01     0.55859E-10     0.47389E-09    -0.41347E-09
     0.12006E+01     0.64511E-10     0.53955E-09    -0.48237E-09
     0.12506E+01     0.74540E-10     0.61558E-09    -0.56148E-09
     0.13006E+01     0.86156E-10     0.70364E-09    -0.65232E-09
     0.13506E+01     0.99604E-10     0.80563E-09    -0.75668E-09
     0.14007E+01     0.11516E-09     0.92375E-09    -0.87662E-09
     0.14507E+01     0.13316E-09     0.10605E-08    -0.10146E-08
     0.15007E+01     0.15397E-09     0.12188E-08    -0.11733E-08
     0.15507E+01     0.17802E-09     0.14021E-08    -0.13560E-08
     0.16008E+01     0.20582E-09     0.16142E-08    -0.15665E-08
     0.16508E+01     0.23794E-09     0.18595E-08    -0.18091E-08
     0.17008E+01     0.27506E-09     0.21434E-08    -0.20889E-08
     0.17508E+01     0.31792E-09     0.24717E-08    -0.24115E-08
     0.18009E+01     0.36743E-09     0.28513E-08    -0.27838E-08
     0.18509E+01     0.42461E-09     0.32903E-08    -0.32134E-08
     0.19009E+01     0.49063E-09     0.37976E-08    -0.37093E-08
     0.19509E+01     0.56686E-09     0.43840E-08    -0.42816E-08
     0.20010E+01     0.65488E-09     0.50615E-08    -0.49424E-08
     0.20510E+01     0.75650E-09     0.58444E-08    -0.57053E-08
     0.21010E+01     0.87383E-09     0.67488E-08    -0.65861E-08
     0.21510E+01     0.10093E-08     0.77936E-08    -0.76029E-08
     0.22010E+01     0.11657E-08     0.90003E-08    -0.87767E-08
     0.22511E+01     0.13462E-08     0.10394E-07    -0.10132E-07
     0.23011E+01     0.15546E-08     0.12004E-07    -0.11696E-07
     0.23511E+01     0.17952E-08     0.13862E-07    -0.13501E-07
     0.24011E+01     0.20729E-08     0.16008E-07    -0.15584E-07
     0.24512E+01     0.23935E-08     0.18486E-07    -0.17988E-07
     0.25012E+01     0.27635E-08     0.21346E-07    -0.20763E-07
     0.25512E+01     0.31906E-08     0.24648E-07    -0.23965E-07
     0.26012E+01     0.36835E-08     0.28460E-07    -0.27660E-07
     0.26513E+01     0.42524E-08     0.32860E-07    -0.31924E-07
     0.27013E+01     0.49091E-08     0.37938E-07    -0.36844E-07
     0.27513E+01     0.56669E-08     0.43800E-07    -0.42523E-07
     0.28013E+01     0.65416E-08     0.50566E-07    -0.49075E-07
     0.28514E+01     0.75510E-08     0.58374E-07    -0.56637E-07
     0.29014E+01     0.87159E-08     0.67386E-07    -0.65362E-07
     0.29514E+01     0.10060E-07     0.77787E-07    -0.75432E-07
     0.30014E+01     0.11612E-07     0.89790E-07    -0.87051E-07
     0.30514E+01     0.13402E-07     0.10364E-06    -0.10046E-06
     0.31015E+01     0.15469E-07     0.11963E-06    -0.11593E-06
     0.31515E+01     0.17853E-07     0.13808E-06    -0.13379E-06
     0.32015E+01     0.20605E-07     0.15937E-06    -0.15440E-06
     0.32515E+01     0.23781E-07     0.18394E-06    -0.17817E-06
     0.33016E+01     0.27446E-07     0.21230E-06    -0.20561E-06
     0.33516E+01     0.31675E-07     0.24502E-06    -0.23728E-06
     0.34016E+01     0.36556E-07     0.28279E-06    -0.27382E-06
     0.34516E+01     0.42188E-07     0.32637E-06    -0.31599E-06
     0.35017E+01     0.48688E-07     0.37666E-06    -0.36465E-06
     0.35517E+01     0.56189E-07     0.43470E-06    -0.42081E-06
     0.36017E+01     0.64845E-07     0.50167E-06    -0.48562E-06
     0.36517E+01     0.74834E-07     0.57896E-06    -0.56041E-06
     0.37017E+01     0.86362E-07     0.66816E-06    -0.64671E-06
     0.37518E+01     0.99665E-07     0.77109E-06    -0.74631E-06
     0.38018E+01     0.11502E-06     0.88987E-06    -0.86125E-06
     0.38518E+01     0.13273E-06     0.10269E-05    -0.99389E-06
     0.39018E+01     0.15318E-06     0.11851E-05    -0.11470E-05
     0.39519E+01     0.17677E-06     0.13677E-05    -0.13236E-05
     0.40019E+01     0.20400E-06     0.15783E-05    -0.15274E-05
     0.40519E+01     0.23542E-06     0.18215E-05    -0.17627E-05
     0.41019E+01     0.27168E-06     0.21020E-05    -0.20342E-05
     0.41520E+01     0.31352E-06     0.24258E-05    -0.23474E-05
     0.42020E+01     0.36181E-06     0.27994E-05    -0.27090E-05
     0.42520E+01     0.41753E-06     0.32306E-05    -0.31262E-05
     0.43020E+01     0.48184E-06     0.37281E-05    -0.36076E-05
     0.43521E+01     0.55605E-06     0.43023E-05    -0.41632E-05
     0.44021E+01     0.64169E-06     0.49649E-05    -0.48044E-05
     0.44521E+01     0.74052E-06     0.57296E-05    -0.55443E-05
     0.45021E+01     0.85456E-06     0.66121E-05    -0.63981E-05
     0.45522E+01     0.98617E-06     0.76304E-05    -0.73834E-05
     0.46022E+01     0.11380E-05     0.88055E-05    -0.85203E-05
     0.46522E+01     0.13133E-05     0.10162E-04    -0.98324E-05
     0.47022E+01     0.15156E-05     0.11727E-04    -0.11346E-04
     0.47523E+01     0.17490E-05     0.13532E-04    -0.13093E-04
     0.48023E+01     0.20183E-05     0.15616E-04    -0.15109E-04
     0.48523E+01     0.23291E-05     0.18021E-04    -0.17436E-04
     0.49023E+01     0.26877E-05     0.20796E-04    -0.20120E-04
     0.49524E+01     0.31015E-05     0.23999E-04    -0.23217E-04
     0.50024E+01     0.35791E-05     0.27694E-04    -0.26791E-04
     0.50524E+01     0.41301E-05     0.31958E-04    -0.30915E-04
     0.51024E+01     0.47660E-05     0.36878E-04    -0.35673E-04
     0.51525E+01     0.54997E-05     0.42556E-04    -0.41163E-04
     0.52025E+01     0.63463E-05     0.49107E-04    -0.47497E-04
     0.52525E+01     0.73231E-05     0.56666E-04    -0.54805E-04
     0.53025E+01     0.84502E-05     0.65389E-04    -0.63236E-04
     0.53526E+01     0.97506E-05     0.75453E-04    -0.72962E-04
     0.54026E+01     0.11251E-04     0.87065E-04    -0.84183E-04
     0.54526E+01     0.12982E-04     0.10046E-03    -0.97127E-04
     0.55027E+01     0.14979E-04     0.11592E-03    -0.11206E-03
     0.55527E+01     0.17284E-04     0.13376E-03    -0.12928E-03
     0.56027E+01     0.19942E-04     0.15433E-03    -0.14915E-03
     0.56527E+01     0.23009E-04     0.17807E-03    -0.17206E-03
     0.57028E+01     0.26546E-04     0.20546E-03    -0.19848E-03
     0.57528E+01     0.30627E-04     0.23705E-03    -0.22896E-03
     0.58028E+01     0.35335E-04     0.27350E-03    -0.26410E-03
     0.58529E+01     0.40765E-04     0.31554E-03    -0.30462E-03
     0.59029E+01     0.47028E-04     0.36404E-03    -0.35134E-03
     0.59529E+01     0.54252E-04     0.41998E-03    -0.40521E-03
     0.60030E+01     0.62584E-04     0.48451E-03    -0.46731E-03
     0.60530E+01     0.72193E-04     0.55894E-03    -0.53889E-03
     0.61030E+01     0.83276E-04     0.64479E-03    -0.62140E-03
     0.61530E+01     0.96056E-04     0.74381E-03    -0.71650E-03
     0.62031E+01     0.11079E-03     0.85802E-03    -0.82609E-03
     0.62531E+01     0.12779E-03     0.98974E-03    -0.95237E-03
     0.63031E+01     0.14739E-03     0.11417E-02    -0.10979E-02
     0.63532E+01     0.16999E-03     0.13169E-02    -0.12655E-02
     0.64032E+01     0.19604E-03     0.15190E-02    -0.14585E-02
     0.64532E+01     0.22608E-03     0.17520E-02    -0.16809E-02
     0.65032E+01     0.26072E-03     0.20208E-02    -0.19369E-02
     0.65532E+01     0.30065E-03     0.23308E-02    -0.22316E-02
     0.66032E+01     0.34667E-03     0.26882E-02    -0.25708E-02
     0.66532E+01     0.39972E-03     0.31004E-02    -0.29609E-02
     0.67031E+01     0.46084E-03     0.35755E-02    -0.34096E-02
     0.67530E+01     0.53126E-03     0.41232E-02    -0.39253E-02
     0.68029E+01     0.61240E-03     0.47548E-02    -0.45180E-02
     0.68528E+01     0.70590E-03     0.54831E-02    -0.51990E-02
     0.69026E+01     0.81364E-03     0.63230E-02    -0.59810E-02
     0.69524E+01     0.93780E-03     0.72919E-02    -0.68788E-02
     0.70021E+01     0.10809E-02     0.84099E-02    -0.79090E-02
     0.70519E+01     0.12459E-02     0.97003E-02    -0.90908E-02
     0.71016E+01     0.14361E-02     0.11190E-01    -0.10446E-01
     0.71513E+01     0.16555E-02     0.12911E-01    -0.11998E-01
     0.72010E+01     0.19086E-02     0.14900E-01    -0.13774E-01
     0.72506E+01     0.22007E-02     0.17200E-01    -0.15807E-01
     0.73002E+01     0.25379E-02     0.19861E-01    -0.18128E-01
     0.73622E+01     0.30336E-02     0.23782E-01    -0.21494E-01
     0.74118E+01     0.34994E-02     0.27473E-01    -0.24611E-01
     0.74614E+01     0.40369E-02     0.31740E-01    -0.28155E-01
     0.75109E+01     0.46568E-02     0.36670E-01    -0.32174E-01
     0.75605E+01     0.53724E-02     0.42372E-01    -0.36717E-01
     0.76100E+01     0.61990E-02     0.48976E-01    -0.41826E-01
     0.76595E+01     0.71540E-02     0.56628E-01    -0.47539E-01
     0.77090E+01     0.82556E-02     0.65485E-01    -0.53886E-01
     0.77585E+01     0.95255E-02     0.75712E-01    -0.60863E-01
     0.78081E+01     0.10987E-01     0.87435E-01    -0.68440E-01
     0.78576E+01     0.12642E-01     0.10069E+00    -0.76694E-01
     0.79071E+01     0.14470E-01     0.11547E+00    -0.85755E-01
     0.79566E+01     0.16459E-01     0.13190E+00    -0.95644E-01
     0.80061E+01     0.18613E-01     0.15026E+00    -0.10603E+00
     0.80556E+01     0.20937E-01     0.17076E+00    -0.11617E+00
     0.81051E+01     0.23403E-01     0.19320E+00    -0.12495E+00
     0.81546E+01     0.25951E-01     0.21675E+00    -0.13113E+00
     0.82042E+01     0.28435E-01     0.24012E+00    -0.13364E+00
     0.82537E+01     0.30781E-01     0.26175E+00    -0.13249E+00
     0.83033E+01     0.32819E-01     0.27992E+00    -0.12815E+00
     0.83529E+01     0.34469E-01     0.29457E+00    -0.12042E+00
     0.84025E+01     0.35913E-01     0.30697E+00    -0.10875E+00
     0.84521E+01     0.37115E-01     0.31771E+00    -0.93458E-01
     0.85018E+01     0.38057E-01     0.32457E+00    -0.73262E-01
     0.85515E+01     0.38764E-01     0.32957E+00    -0.52411E-01
     0.86012E+01     0.39321E-01     0.33379E+00    -0.28488E-01
     0.86509E+01     0.39623E-01     0.33608E+00    -0.17930E-02
     0.87007E+01     0.39650E-01     0.33618E+00     0.24797E-01
     0.87505E+01     0.39321E-01     0.33404E+00     0.50653E-01
     0.88004E+01     0.38649E-01     0.32945E+00     0.76225E-01
     0.88503E+01     0.37580E-01     0.32229E+00     0.10052E+00
     0.89002E+01     0.36031E-01     0.31217E+00     0.12214E+00
     0.89502E+01     0.34138E-01     0.29933E+00     0.14018E+00
     0.90002E+01     0.31831E-01     0.28575E+00     0.15611E+00
     0.90502E+01     0.29143E-01     0.27015E+00     0.16883E+00
     0.91003E+01     0.26292E-01     0.25358E+00     0.17896E+00
     0.91503E+01     0.23349E-01     0.23644E+00     0.18678E+00
     0.92004E+01     0.20400E-01     0.21907E+00     0.19282E+00
     0.92504E+01     0.17465E-01     0.20148E+00     0.19701E+00
     0.93005E+01     0.14579E-01     0.18386E+00     0.19968E+00
     0.93505E+01     0.11762E-01     0.16671E+00     0.20044E+00
     0.94006E+01     0.90272E-02     0.15019E+00     0.19902E+00
     0.94506E+01     0.63812E-02     0.13395E+00     0.19522E+00
     0.95007E+01     0.38002E-02     0.11708E+00     0.18875E+00
     0.95507E+01     0.12843E-02     0.97777E-01     0.18035E+00
     0.96008E+01    -0.10783E-02     0.74916E-01     0.17075E+00
     0.96508E+01    -0.33394E-02     0.49259E-01     0.15889E+00
     0.97009E+01    -0.55387E-02     0.22567E-01     0.14442E+00
     0.97510E+01    -0.75615E-02    -0.72568E-03     0.12802E+00
     0.98010E+01    -0.93483E-02    -0.19096E-01     0.11024E+00
     0.98511E+01    -0.10948E-01    -0.33123E-01     0.91528E-01
     0.99011E+01    -0.12350E-01    -0.43789E-01     0.72795E-01
     0.99512E+01    -0.13513E-01    -0.51628E-01     0.54904E-01
     0.10001E+02    -0.14417E-01    -0.57384E-01     0.38431E-01
     0.10051E+02    -0.15064E-01    -0.62168E-01     0.23620E-01
     0.10101E+02    -0.15444E-01    -0.66613E-01     0.10584E-01
     0.10151E+02    -0.15512E-01    -0.70337E-01    -0.20193E-03
     0.10201E+02    -0.15423E-01    -0.73393E-01    -0.93265E-02
     0.10251E+02    -0.15128E-01    -0.75109E-01    -0.17127E-01
     0.10302E+02    -0.14734E-01    -0.75536E-01    -0.23224E-01
     0.10352E+02    -0.14301E-01    -0.74801E-01    -0.28148E-01
     0.10402E+02    -0.13855E-01    -0.73082E-01    -0.32108E-01
     0.10452E+02    -0.13416E-01    -0.70624E-01    -0.35520E-01
     0.10502E+02    -0.12969E-01    -0.67711E-01    -0.38517E-01
     0.10552E+02    -0.12493E-01    -0.64700E-01    -0.41255E-01
     0.10602E+02    -0.11978E-01    -0.61800E-01    -0.43656E-01
     0.10652E+02    -0.11420E-01    -0.59029E-01    -0.45562E-01
     0.10702E+02    -0.10808E-01    -0.56381E-01    -0.46541E-01
     0.10752E+02    -0.10160E-01    -0.53684E-01    -0.46730E-01
     0.10802E+02    -0.95081E-02    -0.50657E-01    -0.46644E-01
     0.10852E+02    -0.88685E-02    -0.46936E-01    -0.46401E-01
     0.10902E+02    -0.82088E-02    -0.41983E-01    -0.45467E-01
     0.10952E+02    -0.74991E-02    -0.35654E-01    -0.43881E-01
     0.11002E+02    -0.67207E-02    -0.27994E-01    -0.41743E-01
     0.11052E+02    -0.58277E-02    -0.19917E-01    -0.38271E-01
     0.11103E+02    -0.48122E-02    -0.13488E-01    -0.33124E-01
     0.11153E+02    -0.39828E-02    -0.10518E-01    -0.27512E-01
     0.11203E+02    -0.34854E-02    -0.94018E-02    -0.22676E-01
     0.11253E+02    -0.32984E-02    -0.90672E-02    -0.19070E-01
     0.11303E+02    -0.33407E-02    -0.88873E-02    -0.16651E-01
     0.11353E+02    -0.35077E-02    -0.83120E-02    -0.15328E-01
     0.11403E+02    -0.36675E-02    -0.72661E-02    -0.14725E-01
     0.11453E+02    -0.37229E-02    -0.61791E-02    -0.14534E-01
     0.11503E+02    -0.36372E-02    -0.48255E-02    -0.14485E-01
     0.11553E+02    -0.34264E-02    -0.34284E-02    -0.14329E-01
     0.11603E+02    -0.30565E-02    -0.17245E-02    -0.13703E-01
     0.11653E+02    -0.25847E-02     0.32561E-03    -0.12556E-01
     0.11703E+02    -0.20726E-02     0.21639E-02    -0.11282E-01
     0.11753E+02    -0.16274E-02     0.33243E-02    -0.10230E-01
     0.11803E+02    -0.12857E-02     0.37920E-02    -0.90973E-02
     0.11854E+02    -0.10491E-02     0.39825E-02    -0.80224E-02
     0.11904E+02    -0.87323E-03     0.38280E-02    -0.68751E-02
     0.11954E+02    -0.71340E-03     0.32967E-02    -0.55189E-02
     0.12004E+02    -0.56397E-03     0.23520E-02    -0.41796E-02
     0.12054E+02    -0.39252E-03     0.10893E-02    -0.25827E-02
     0.12104E+02    -0.19360E-03    -0.24524E-03    -0.59987E-03
     0.12154E+02    -0.56622E-05    -0.10746E-02     0.15344E-02
     0.12204E+02     0.13301E-03    -0.11497E-02     0.36223E-02
     0.12254E+02     0.21095E-03    -0.64035E-03     0.57703E-02
     0.12304E+02     0.23571E-03     0.90173E-03     0.82451E-02
     0.12354E+02     0.23079E-03     0.35236E-02     0.11304E-01
     0.12404E+02     0.25636E-03     0.70910E-02     0.15709E-01
     0.12454E+02     0.39232E-03     0.10512E-01     0.22067E-01
     0.12504E+02     0.51041E-03     0.12379E-01     0.29007E-01
     0.12555E+02     0.48860E-03     0.12153E-01     0.34466E-01
     0.12605E+02     0.21951E-03     0.10930E-01     0.37327E-01
     0.12655E+02    -0.21106E-03     0.84066E-02     0.37540E-01
     0.12705E+02    -0.62697E-03     0.55054E-02     0.36078E-01
     0.12755E+02    -0.10027E-02     0.27645E-02     0.33372E-01
     0.12805E+02    -0.13171E-02     0.86639E-03     0.29918E-01
     0.12855E+02    -0.15822E-02     0.29153E-03     0.26168E-01
     0.12905E+02    -0.17761E-02     0.26535E-03     0.22393E-01
     0.12955E+02    -0.18932E-02     0.59484E-03     0.19398E-01
     0.13005E+02    -0.19228E-02     0.94248E-03     0.17176E-01
     0.13055E+02    -0.19304E-02     0.95412E-03     0.15425E-01
     0.13105E+02    -0.19406E-02     0.52718E-03     0.13923E-01
     0.13155E+02    -0.19571E-02    -0.35628E-03     0.12661E-01
     0.13206E+02    -0.19666E-02    -0.14680E-02     0.11877E-01
     0.13256E+02    -0.19629E-02    -0.25125E-02     0.11468E-01
     0.13306E+02    -0.19512E-02    -0.34211E-02     0.11320E-01
     0.13356E+02    -0.19203E-02    -0.43301E-02     0.11589E-01
     0.13406E+02    -0.18795E-02    -0.54028E-02     0.12164E-01
     0.13456E+02    -0.18220E-02    -0.66171E-02     0.12762E-01
     0.13506E+02    -0.17684E-02    -0.78919E-02     0.13247E-01
     0.13556E+02    -0.17162E-02    -0.89381E-02     0.13477E-01
     0.13606E+02    -0.16641E-02    -0.94598E-02     0.13477E-01
     0.13656E+02    -0.16140E-02    -0.92133E-02     0.13467E-01
     0.13706E+02    -0.15339E-02    -0.80716E-02     0.13635E-01
     0.13757E+02    -0.14134E-02    -0.61497E-02     0.14256E-01
     0.13807E+02    -0.12648E-02    -0.43061E-02     0.15384E-01
     0.13857E+02    -0.11865E-02    -0.34246E-02     0.16375E-01
     0.13907E+02    -0.11448E-02    -0.38178E-02     0.16682E-01
     0.13957E+02    -0.11282E-02    -0.57933E-02     0.16226E-01
     0.14007E+02    -0.11751E-02    -0.90471E-02     0.15365E-01
     0.14058E+02    -0.12834E-02    -0.12455E-01     0.14262E-01
     0.14108E+02    -0.13639E-02    -0.15603E-01     0.12913E-01
     0.14158E+02    -0.13593E-02    -0.17737E-01     0.11528E-01
     0.14209E+02    -0.12825E-02    -0.18266E-01     0.10270E-01
     0.14259E+02    -0.11041E-02    -0.18072E-01     0.94287E-02
     0.14310E+02    -0.84405E-03    -0.16873E-01     0.89758E-02
     0.14360E+02    -0.52988E-03    -0.14834E-01     0.88324E-02
     0.14411E+02    -0.15535E-03    -0.12700E-01     0.88968E-02
     0.14462E+02     0.16325E-03    -0.11376E-01     0.86172E-02
     0.14500E+02     0.33588E-03    -0.11201E-01     0.80011E-02
     0.14551E+02     0.47423E-03    -0.12446E-01     0.67799E-02
     0.14602E+02     0.57953E-03    -0.15394E-01     0.51026E-02
     0.14653E+02     0.68908E-03    -0.19643E-01     0.30947E-02
     0.14704E+02     0.86842E-03    -0.24709E-01     0.11094E-02
     0.14755E+02     0.11514E-02    -0.30497E-01    -0.49559E-03
     0.14806E+02     0.15422E-02    -0.36994E-01    -0.14104E-02
     0.14857E+02     0.20430E-02    -0.43810E-01    -0.13030E-02
     0.14908E+02     0.26396E-02    -0.50315E-01    -0.24008E-03
     0.14959E+02     0.32676E-02    -0.55884E-01     0.75154E-03
     0.15011E+02     0.37773E-02    -0.59934E-01     0.81546E-03
     0.15062E+02     0.41471E-02    -0.62402E-01     0.11465E-03
     0.15113E+02     0.44209E-02    -0.63989E-01    -0.18460E-02
     0.15151E+02     0.46223E-02    -0.65094E-01    -0.36230E-02
     0.15201E+02     0.49601E-02    -0.67349E-01    -0.59413E-02
     0.15252E+02     0.53922E-02    -0.71112E-01    -0.78257E-02
     0.15302E+02     0.58990E-02    -0.76235E-01    -0.85437E-02
     0.15353E+02     0.64602E-02    -0.82217E-01    -0.80637E-02
     0.15403E+02     0.70322E-02    -0.88344E-01    -0.63692E-02
     0.15453E+02     0.75462E-02    -0.94046E-01    -0.36648E-02
     0.15503E+02     0.79569E-02    -0.99221E-01    -0.85368E-04
     0.15554E+02     0.82501E-02    -0.10401E+00     0.39860E-02
     0.15604E+02     0.84562E-02    -0.10874E+00     0.83350E-02
     0.15654E+02     0.86527E-02    -0.11376E+00     0.13046E-01
     0.15704E+02     0.88277E-02    -0.11875E+00     0.18153E-01
     0.15754E+02     0.89684E-02    -0.12239E+00     0.23646E-01
     0.15804E+02     0.89703E-02    -0.12378E+00     0.29373E-01
     0.15855E+02     0.87637E-02    -0.12301E+00     0.34977E-01
     0.15905E+02     0.82938E-02    -0.12047E+00     0.40107E-01
     0.15955E+02     0.75994E-02    -0.11696E+00     0.44767E-01
     0.16005E+02     0.67027E-02    -0.11281E+00     0.49223E-01
     0.16055E+02     0.56717E-02    -0.10815E+00     0.53957E-01
     0.16105E+02     0.46073E-02    -0.10276E+00     0.59061E-01
     0.16155E+02     0.35681E-02    -0.96090E-01     0.64313E-01
     0.16205E+02     0.25829E-02    -0.87879E-01     0.69349E-01
     0.16255E+02     0.16560E-02    -0.78329E-01     0.73775E-01
     0.16305E+02     0.80423E-03    -0.67803E-01     0.77762E-01
     0.16356E+02     0.43741E-04    -0.56716E-01     0.81070E-01
     0.16406E+02    -0.71989E-03    -0.45244E-01     0.82874E-01
     0.16456E+02    -0.15664E-02    -0.33626E-01     0.82808E-01
     0.16506E+02    -0.25210E-02    -0.21983E-01     0.80314E-01
     0.16556E+02    -0.35430E-02    -0.10905E-01     0.76039E-01
     0.16606E+02    -0.45099E-02    -0.92541E-03     0.70931E-01
     0.16656E+02    -0.53313E-02     0.79100E-02     0.65900E-01
     0.16706E+02    -0.59786E-02     0.15893E-01     0.61261E-01
     0.16757E+02    -0.64787E-02     0.23000E-01     0.56905E-01
     0.16807E+02    -0.68573E-02     0.29031E-01     0.52655E-01
     0.16857E+02    -0.71631E-02     0.33811E-01     0.48116E-01
     0.16907E+02    -0.74911E-02     0.37534E-01     0.42439E-01
     0.16957E+02    -0.78583E-02     0.40321E-01     0.35663E-01
     0.17008E+02    -0.82490E-02     0.42181E-01     0.27868E-01
     0.17058E+02    -0.85578E-02     0.42793E-01     0.19922E-01
     0.17108E+02    -0.87250E-02     0.42283E-01     0.12173E-01
     0.17158E+02    -0.87761E-02     0.40055E-01     0.47450E-02
     0.17208E+02    -0.86794E-02     0.36886E-01    -0.21165E-02
     0.17259E+02    -0.84802E-02     0.33019E-01    -0.83931E-02
     0.17309E+02    -0.82115E-02     0.28889E-01    -0.14183E-01
     0.17359E+02    -0.78842E-02     0.24606E-01    -0.19478E-01
     0.17410E+02    -0.74856E-02     0.19851E-01    -0.24356E-01
     0.17460E+02    -0.69712E-02     0.14194E-01    -0.28562E-01
     0.17510E+02    -0.62770E-02     0.69281E-02    -0.31291E-01
     0.17560E+02    -0.53620E-02    -0.11192E-02    -0.32375E-01
     0.17611E+02    -0.42571E-02    -0.95498E-02    -0.32080E-01
     0.17661E+02    -0.30928E-02    -0.17249E-01    -0.30626E-01
     0.17711E+02    -0.19693E-02    -0.22901E-01    -0.29015E-01
     0.17762E+02    -0.94911E-03    -0.26217E-01    -0.27983E-01
     0.17812E+02    -0.42324E-04    -0.27992E-01    -0.27289E-01
     0.17862E+02     0.73512E-03    -0.29474E-01    -0.26625E-01
     0.17900E+02     0.12427E-02    -0.30831E-01    -0.26116E-01
     0.17950E+02     0.18648E-02    -0.34155E-01    -0.24798E-01
     0.18001E+02     0.24748E-02    -0.39956E-01    -0.22526E-01
     0.18051E+02     0.29982E-02    -0.48717E-01    -0.19390E-01
     0.18101E+02     0.34860E-02    -0.59801E-01    -0.15484E-01
     0.18152E+02     0.39753E-02    -0.70987E-01    -0.10494E-01
     0.18202E+02     0.43979E-02    -0.80393E-01    -0.53089E-02
     0.18252E+02     0.46626E-02    -0.86508E-01    -0.46752E-03
     0.18302E+02     0.48443E-02    -0.89662E-01     0.37385E-02
     0.18353E+02     0.49751E-02    -0.90316E-01     0.67862E-02
     0.18403E+02     0.50746E-02    -0.89526E-01     0.90738E-02
     0.18453E+02     0.51730E-02    -0.87422E-01     0.11389E-01
     0.18503E+02     0.53028E-02    -0.84814E-01     0.14313E-01
     0.18553E+02     0.54575E-02    -0.81888E-01     0.18018E-01
     0.18604E+02     0.55747E-02    -0.78926E-01     0.22560E-01
     0.18654E+02     0.56154E-02    -0.76001E-01     0.27656E-01
     0.18704E+02     0.55831E-02    -0.73045E-01     0.33101E-01
     0.18754E+02     0.54755E-02    -0.70168E-01     0.38662E-01
     0.18804E+02     0.52789E-02    -0.67311E-01     0.44004E-01
     0.18854E+02     0.49746E-02    -0.64397E-01     0.48755E-01
     0.18905E+02     0.45442E-02    -0.61451E-01     0.52710E-01
     0.18955E+02     0.39885E-02    -0.58425E-01     0.55979E-01
     0.19005E+02     0.33257E-02    -0.55520E-01     0.58570E-01
     0.19055E+02     0.25918E-02    -0.52867E-01     0.60410E-01
     0.19105E+02     0.18129E-02    -0.50296E-01     0.61513E-01
     0.19155E+02     0.10289E-02    -0.47412E-01     0.61892E-01
     0.19205E+02     0.26101E-03    -0.44015E-01     0.61571E-01
     0.19255E+02    -0.44393E-03    -0.40203E-01     0.60494E-01
     0.19305E+02    -0.10745E-02    -0.36362E-01     0.58582E-01
     0.19355E+02    -0.16488E-02    -0.32816E-01     0.55699E-01
     0.19405E+02    -0.21771E-02    -0.29699E-01     0.51926E-01
     0.19455E+02    -0.26549E-02    -0.26951E-01     0.47639E-01
     0.19505E+02    -0.30518E-02    -0.24378E-01     0.43188E-01
     0.19555E+02    -0.33242E-02    -0.22025E-01     0.38939E-01
     0.19605E+02    -0.34401E-02    -0.19900E-01     0.35083E-01
     0.19655E+02    -0.34524E-02    -0.17756E-01     0.31401E-01
     0.19705E+02    -0.33931E-02    -0.15726E-01     0.27731E-01
     0.19755E+02    -0.32913E-02    -0.14063E-01     0.24017E-01
     0.19805E+02    -0.31745E-02    -0.13094E-01     0.20373E-01
     0.19855E+02    -0.30800E-02    -0.13042E-01     0.16745E-01
     0.19905E+02    -0.29885E-02    -0.13870E-01     0.13200E-01
     0.19954E+02    -0.28759E-02    -0.15617E-01     0.98729E-02
     0.20004E+02    -0.27236E-02    -0.18300E-01     0.68889E-02
     0.20054E+02    -0.25256E-02    -0.21758E-01     0.43206E-02
     0.20104E+02    -0.22839E-02    -0.25764E-01     0.21588E-02
     0.20154E+02    -0.19919E-02    -0.30199E-01     0.34249E-03
     0.20204E+02    -0.16771E-02    -0.34820E-01    -0.12168E-02
     0.20253E+02    -0.13586E-02    -0.39449E-01    -0.25948E-02
     0.20303E+02    -0.10322E-02    -0.43955E-01    -0.39905E-02
     0.20353E+02    -0.68927E-03    -0.48247E-01    -0.55780E-02
     0.20403E+02    -0.30684E-03    -0.52285E-01    -0.73035E-02
     0.20453E+02     0.12129E-03    -0.56108E-01    -0.90347E-02
     0.20503E+02     0.58512E-03    -0.59790E-01    -0.10732E-01
     0.20553E+02     0.10878E-02    -0.63397E-01    -0.12380E-01
     0.20603E+02     0.16240E-02    -0.67003E-01    -0.13927E-01
     0.20653E+02     0.21983E-02    -0.70687E-01    -0.15285E-01
     0.20703E+02     0.28199E-02    -0.74527E-01    -0.16347E-01
     0.20753E+02     0.34628E-02    -0.78535E-01    -0.17254E-01
     0.20803E+02     0.41125E-02    -0.82576E-01    -0.18349E-01
     0.20853E+02     0.47583E-02    -0.86425E-01    -0.19937E-01
     0.20903E+02     0.54072E-02    -0.90046E-01    -0.22348E-01
     0.20952E+02     0.60839E-02    -0.93797E-01    -0.25745E-01
     0.21002E+02     0.68594E-02    -0.97805E-01    -0.29617E-01
     0.21052E+02     0.77862E-02    -0.10180E+00    -0.33356E-01
     0.21102E+02     0.88695E-02    -0.10587E+00    -0.36826E-01
     0.21152E+02     0.10104E-01    -0.11062E+00    -0.39840E-01
     0.21202E+02     0.11467E-01    -0.11626E+00    -0.42250E-01
     0.21251E+02     0.12934E-01    -0.12251E+00    -0.44210E-01
     0.21301E+02     0.14429E-01    -0.12920E+00    -0.46727E-01
     0.21351E+02     0.15922E-01    -0.13660E+00    -0.50088E-01
     0.21400E+02     0.17374E-01    -0.14548E+00    -0.54740E-01
     0.21450E+02     0.18733E-01    -0.15693E+00    -0.60777E-01
     0.21512E+02     0.20286E-01    -0.17563E+00    -0.69517E-01
     0.21562E+02     0.21477E-01    -0.19349E+00    -0.76465E-01
     0.21611E+02     0.22727E-01    -0.21255E+00    -0.82194E-01
     0.21661E+02     0.24094E-01    -0.23132E+00    -0.85541E-01
     0.21711E+02     0.25484E-01    -0.24798E+00    -0.86646E-01
     0.21760E+02     0.26755E-01    -0.26140E+00    -0.85979E-01
     0.21810E+02     0.27910E-01    -0.27192E+00    -0.83528E-01
     0.21860E+02     0.29053E-01    -0.28074E+00    -0.78612E-01
     0.21909E+02     0.30229E-01    -0.28866E+00    -0.70505E-01
     0.21959E+02     0.31370E-01    -0.29559E+00    -0.59168E-01
     0.22009E+02     0.32351E-01    -0.30105E+00    -0.45178E-01
     0.22058E+02     0.33116E-01    -0.30499E+00    -0.28930E-01
     0.22108E+02     0.33666E-01    -0.30745E+00    -0.11097E-01
     0.22158E+02     0.33894E-01    -0.30796E+00     0.71185E-02
     0.22207E+02     0.33856E-01    -0.30693E+00     0.24980E-01
     0.22257E+02     0.33548E-01    -0.30412E+00     0.42486E-01
     0.22307E+02     0.33023E-01    -0.29978E+00     0.59816E-01
     0.22356E+02     0.32330E-01    -0.29445E+00     0.76487E-01
     0.22406E+02     0.31421E-01    -0.28843E+00     0.91815E-01
     0.22456E+02     0.30184E-01    -0.28141E+00     0.10494E+00
     0.22506E+02     0.28654E-01    -0.27333E+00     0.11586E+00
     0.22556E+02     0.26969E-01    -0.26453E+00     0.12531E+00
     0.22605E+02     0.25187E-01    -0.25532E+00     0.13345E+00
     0.22655E+02     0.23251E-01    -0.24582E+00     0.13957E+00
     0.22705E+02     0.21155E-01    -0.23626E+00     0.14314E+00
     0.22755E+02     0.18957E-01    -0.22641E+00     0.14391E+00
     0.22805E+02     0.16697E-01    -0.21623E+00     0.14196E+00
     0.22855E+02     0.14428E-01    -0.20557E+00     0.13730E+00
     0.22905E+02     0.12193E-01    -0.19399E+00     0.13042E+00
     0.22955E+02     0.10143E-01    -0.18162E+00     0.12288E+00
     0.23005E+02     0.83250E-02    -0.16820E+00     0.11529E+00
     0.23055E+02     0.67258E-02    -0.15402E+00     0.10775E+00
     0.23106E+02     0.52949E-02    -0.13910E+00     0.10009E+00
     0.23156E+02     0.39974E-02    -0.12412E+00     0.92213E-01
     0.23206E+02     0.27711E-02    -0.10960E+00     0.83772E-01
     0.23256E+02     0.15433E-02    -0.95603E-01     0.74373E-01
     0.23306E+02     0.32729E-03    -0.82558E-01     0.64051E-01
     0.23356E+02    -0.79822E-03    -0.70614E-01     0.53308E-01
     0.23407E+02    -0.17453E-02    -0.59849E-01     0.42760E-01
     0.23457E+02    -0.24649E-02    -0.50383E-01     0.32827E-01
     0.23507E+02    -0.29624E-02    -0.42225E-01     0.23657E-01
     0.23557E+02    -0.32854E-02    -0.35461E-01     0.15211E-01
     0.23608E+02    -0.34978E-02    -0.30185E-01     0.73954E-02
     0.23658E+02    -0.36501E-02    -0.26676E-01     0.16842E-03
     0.23708E+02    -0.37673E-02    -0.24937E-01    -0.63443E-02
     0.23758E+02    -0.38652E-02    -0.24411E-01    -0.12235E-01
     0.23809E+02    -0.38905E-02    -0.24711E-01    -0.17266E-01
     0.23859E+02    -0.38355E-02    -0.25425E-01    -0.21383E-01
     0.23909E+02    -0.37050E-02    -0.26112E-01    -0.24674E-01
     0.23960E+02    -0.34993E-02    -0.26807E-01    -0.27225E-01
     0.24010E+02    -0.32495E-02    -0.27526E-01    -0.29111E-01
     0.24060E+02    -0.29722E-02    -0.28227E-01    -0.30306E-01
     0.24110E+02    -0.27101E-02    -0.29171E-01    -0.30765E-01
     0.24161E+02    -0.24622E-02    -0.30437E-01    -0.30538E-01
     0.24211E+02    -0.22376E-02    -0.32091E-01    -0.29437E-01
     0.24261E+02    -0.20509E-02    -0.34195E-01    -0.27446E-01
     0.24311E+02    -0.18863E-02    -0.36749E-01    -0.24553E-01
     0.24362E+02    -0.17086E-02    -0.39760E-01    -0.20623E-01
     0.24412E+02    -0.14881E-02    -0.43225E-01    -0.15366E-01
     0.24462E+02    -0.12121E-02    -0.46831E-01    -0.85405E-02
     0.24512E+02    -0.94847E-03    -0.49548E-01    -0.59242E-03
     0.24563E+02    -0.84504E-03    -0.50500E-01     0.68749E-02
     0.24600E+02    -0.92153E-03    -0.50486E-01     0.11830E-01
     0.24650E+02    -0.11149E-02    -0.49342E-01     0.17542E-01
     0.24701E+02    -0.14431E-02    -0.47189E-01     0.22338E-01
     0.24751E+02    -0.19022E-02    -0.44881E-01     0.26639E-01
     0.24801E+02    -0.23738E-02    -0.42826E-01     0.30324E-01
     0.24851E+02    -0.28162E-02    -0.41244E-01     0.33941E-01
     0.24901E+02    -0.32342E-02    -0.39854E-01     0.37636E-01
     0.24952E+02    -0.36579E-02    -0.38220E-01     0.41372E-01
     0.25002E+02    -0.41165E-02    -0.36099E-01     0.44816E-01
