     0.12475E-01     0.54592E-11     0.33013E-10    -0.34879E-12
     0.50017E-01     0.55400E-11     0.36195E-10    -0.54589E-12
     0.10007E+00     0.56645E-11     0.40580E-10    -0.11508E-11
     0.15012E+00     0.58134E-11     0.45152E-10    -0.21993E-11
     0.20016E+00     0.59939E-11     0.49942E-10    -0.37548E-11
     0.25019E+00     0.62144E-11     0.54988E-10    -0.58845E-11
     0.30021E+00     0.64853E-11     0.60339E-10    -0.86595E-11
     0.35023E+00     0.68187E-11     0.66050E-10    -0.12156E-10
     0.40024E+00     0.72290E-11     0.72193E-10    -0.16464E-10
     0.45026E+00     0.77318E-11     0.78852E-10    -0.21685E-10
     0.50027E+00     0.83449E-11     0.86130E-10    -0.27946E-10
     0.55028E+00     0.90881E-11     0.94153E-10    -0.35394E-10
     0.60029E+00     0.99840E-11     0.10307E-09    -0.44203E-10
     0.65031E+00     0.11058E-10     0.11305E-09    -0.54573E-10
     0.70033E+00     0.12339E-10     0.12429E-09    -0.66731E-10
     0.75035E+00     0.13861E-10     0.13704E-09    -0.80935E-10
     0.80037E+00     0.15662E-10     0.15156E-09    -0.97474E-10
     0.85039E+00     0.17785E-10     0.16817E-09    -0.11667E-09
     0.90041E+00     0.20281E-10     0.18722E-09    -0.13889E-09
     0.95043E+00     0.23206E-10     0.20913E-09    -0.16455E-09
     0.10005E+01     0.26625E-10     0.23440E-09    -0.19413E-09
     0.10505E+01     0.30611E-10     0.26359E-09    -0.22816E-09
     0.11005E+01     0.35250E-10     0.29733E-09    -0.26728E-09
     0.11505E+01     0.40638E-10     0.33639E-09    -0.31220E-09
     0.12006E+01     0.46888E-10     0.38159E-09    -0.36378E-09
     0.12506E+01     0.54131E-10     0.43393E-09    -0.42299E-09
     0.13006E+01     0.62519E-10     0.49454E-09    -0.49098E-09
     0.13506E+01     0.72225E-10     0.56472E-09    -0.56908E-09
     0.14007E+01     0.83454E-10     0.64599E-09    -0.65884E-09
     0.14507E+01     0.96439E-10     0.74010E-09    -0.76207E-09
     0.15007E+01     0.11145E-09     0.84907E-09    -0.88088E-09
     0.15507E+01     0.12881E-09     0.97523E-09    -0.10177E-08
     0.16008E+01     0.14886E-09     0.11213E-08    -0.11753E-08
     0.16508E+01     0.17204E-09     0.12903E-08    -0.13571E-08
     0.17008E+01     0.19881E-09     0.14858E-08    -0.15667E-08
     0.17508E+01     0.22974E-09     0.17120E-08    -0.18085E-08
     0.18009E+01     0.26546E-09     0.19736E-08    -0.20875E-08
     0.18509E+01     0.30670E-09     0.22762E-08    -0.24095E-08
     0.19009E+01     0.35434E-09     0.26259E-08    -0.27813E-08
     0.19509E+01     0.40934E-09     0.30302E-08    -0.32105E-08
     0.20010E+01     0.47285E-09     0.34974E-08    -0.37060E-08
     0.20510E+01     0.54619E-09     0.40373E-08    -0.42782E-08
     0.21010E+01     0.63086E-09     0.46611E-08    -0.49389E-08
     0.21510E+01     0.72863E-09     0.53818E-08    -0.57017E-08
     0.22010E+01     0.84150E-09     0.62142E-08    -0.65824E-08
     0.22511E+01     0.97182E-09     0.71756E-08    -0.75992E-08
     0.23011E+01     0.11223E-08     0.82860E-08    -0.87729E-08
     0.23511E+01     0.12959E-08     0.95682E-08    -0.10128E-07
     0.24011E+01     0.14964E-08     0.11049E-07    -0.11691E-07
     0.24512E+01     0.17279E-08     0.12759E-07    -0.13496E-07
     0.25012E+01     0.19950E-08     0.14733E-07    -0.15579E-07
     0.25512E+01     0.23034E-08     0.17012E-07    -0.17984E-07
     0.26012E+01     0.26594E-08     0.19643E-07    -0.20758E-07
     0.26513E+01     0.30702E-08     0.22680E-07    -0.23960E-07
     0.27013E+01     0.35444E-08     0.26187E-07    -0.27656E-07
     0.27513E+01     0.40918E-08     0.30234E-07    -0.31920E-07
     0.28013E+01     0.47235E-08     0.34906E-07    -0.36842E-07
     0.28514E+01     0.54526E-08     0.40298E-07    -0.42521E-07
     0.29014E+01     0.62941E-08     0.46522E-07    -0.49075E-07
     0.29514E+01     0.72653E-08     0.53706E-07    -0.56637E-07
     0.30014E+01     0.83861E-08     0.61997E-07    -0.65365E-07
     0.30514E+01     0.96795E-08     0.71565E-07    -0.75436E-07
     0.31015E+01     0.11172E-07     0.82609E-07    -0.87058E-07
     0.31515E+01     0.12895E-07     0.95354E-07    -0.10047E-06
     0.32015E+01     0.14883E-07     0.11006E-06    -0.11595E-06
     0.32515E+01     0.17177E-07     0.12704E-06    -0.13381E-06
     0.33016E+01     0.19825E-07     0.14663E-06    -0.15442E-06
     0.33516E+01     0.22881E-07     0.16923E-06    -0.17820E-06
     0.34016E+01     0.26407E-07     0.19532E-06    -0.20565E-06
     0.34516E+01     0.30476E-07     0.22543E-06    -0.23732E-06
     0.35017E+01     0.35172E-07     0.26017E-06    -0.27387E-06
     0.35517E+01     0.40591E-07     0.30027E-06    -0.31605E-06
     0.36017E+01     0.46845E-07     0.34654E-06    -0.36472E-06
     0.36517E+01     0.54062E-07     0.39994E-06    -0.42089E-06
     0.37017E+01     0.62390E-07     0.46156E-06    -0.48572E-06
     0.37518E+01     0.72001E-07     0.53267E-06    -0.56052E-06
     0.38018E+01     0.83093E-07     0.61474E-06    -0.64685E-06
     0.38518E+01     0.95892E-07     0.70944E-06    -0.74647E-06
     0.39018E+01     0.11066E-06     0.81873E-06    -0.86143E-06
     0.39519E+01     0.12771E-06     0.94485E-06    -0.99410E-06
     0.40019E+01     0.14738E-06     0.10904E-05    -0.11472E-05
     0.40519E+01     0.17008E-06     0.12584E-05    -0.13239E-05
     0.41019E+01     0.19628E-06     0.14522E-05    -0.15278E-05
     0.41520E+01     0.22651E-06     0.16759E-05    -0.17631E-05
     0.42020E+01     0.26139E-06     0.19340E-05    -0.20346E-05
     0.42520E+01     0.30165E-06     0.22319E-05    -0.23480E-05
     0.43020E+01     0.34812E-06     0.25756E-05    -0.27096E-05
     0.43521E+01     0.40173E-06     0.29723E-05    -0.31269E-05
     0.44021E+01     0.46360E-06     0.34301E-05    -0.36084E-05
     0.44521E+01     0.53501E-06     0.39585E-05    -0.41642E-05
     0.45021E+01     0.61740E-06     0.45681E-05    -0.48055E-05
     0.45522E+01     0.71249E-06     0.52717E-05    -0.55455E-05
     0.46022E+01     0.82222E-06     0.60836E-05    -0.63995E-05
     0.46522E+01     0.94885E-06     0.70205E-05    -0.73850E-05
     0.47022E+01     0.10950E-05     0.81018E-05    -0.85223E-05
     0.47523E+01     0.12636E-05     0.93495E-05    -0.98346E-05
     0.48023E+01     0.14582E-05     0.10789E-04    -0.11349E-04
     0.48523E+01     0.16828E-05     0.12451E-04    -0.13096E-04
     0.49023E+01     0.19419E-05     0.14368E-04    -0.15113E-04
     0.49524E+01     0.22409E-05     0.16581E-04    -0.17440E-04
     0.50024E+01     0.25860E-05     0.19134E-04    -0.20125E-04
     0.50524E+01     0.29842E-05     0.22081E-04    -0.23223E-04
     0.51024E+01     0.34436E-05     0.25481E-04    -0.26797E-04
     0.51525E+01     0.39738E-05     0.29404E-04    -0.30922E-04
     0.52025E+01     0.45856E-05     0.33931E-04    -0.35681E-04
     0.52525E+01     0.52915E-05     0.39155E-04    -0.41172E-04
     0.53025E+01     0.61060E-05     0.45183E-04    -0.47508E-04
     0.53526E+01     0.70458E-05     0.52138E-04    -0.54817E-04
     0.54026E+01     0.81302E-05     0.60164E-04    -0.63250E-04
     0.54526E+01     0.93814E-05     0.69424E-04    -0.72979E-04
     0.55027E+01     0.10825E-04     0.80108E-04    -0.84202E-04
     0.55527E+01     0.12491E-04     0.92436E-04    -0.97149E-04
     0.56027E+01     0.14412E-04     0.10666E-03    -0.11208E-03
     0.56527E+01     0.16629E-04     0.12307E-03    -0.12931E-03
     0.57028E+01     0.19186E-04     0.14200E-03    -0.14918E-03
     0.57528E+01     0.22137E-04     0.16384E-03    -0.17210E-03
     0.58028E+01     0.25540E-04     0.18904E-03    -0.19853E-03
     0.58529E+01     0.29467E-04     0.21812E-03    -0.22901E-03
     0.59029E+01     0.33995E-04     0.25165E-03    -0.26417E-03
     0.59529E+01     0.39219E-04     0.29034E-03    -0.30470E-03
     0.60030E+01     0.45245E-04     0.33497E-03    -0.35144E-03
     0.60530E+01     0.52195E-04     0.38645E-03    -0.40532E-03
     0.61030E+01     0.60210E-04     0.44583E-03    -0.46745E-03
     0.61530E+01     0.69454E-04     0.51432E-03    -0.53906E-03
     0.62031E+01     0.80115E-04     0.59333E-03    -0.62161E-03
     0.62531E+01     0.92410E-04     0.68446E-03    -0.71675E-03
     0.63031E+01     0.10659E-03     0.78956E-03    -0.82640E-03
     0.63532E+01     0.12294E-03     0.91079E-03    -0.95274E-03
     0.64032E+01     0.14179E-03     0.10506E-02    -0.10983E-02
     0.64532E+01     0.16352E-03     0.12119E-02    -0.12660E-02
     0.65032E+01     0.18858E-03     0.13978E-02    -0.14592E-02
     0.65532E+01     0.21747E-03     0.16123E-02    -0.16817E-02
     0.66032E+01     0.25076E-03     0.18596E-02    -0.19378E-02
     0.66532E+01     0.28914E-03     0.21447E-02    -0.22326E-02
     0.67031E+01     0.33335E-03     0.24734E-02    -0.25717E-02
     0.67530E+01     0.38428E-03     0.28523E-02    -0.29618E-02
     0.68029E+01     0.44296E-03     0.32890E-02    -0.34103E-02
     0.68528E+01     0.51056E-03     0.37925E-02    -0.39260E-02
     0.69026E+01     0.58843E-03     0.43731E-02    -0.45187E-02
     0.69524E+01     0.67816E-03     0.50426E-02    -0.51997E-02
     0.70021E+01     0.78154E-03     0.58148E-02    -0.59820E-02
     0.70519E+01     0.90067E-03     0.67058E-02    -0.68805E-02
     0.71016E+01     0.10380E-02     0.77339E-02    -0.79119E-02
     0.71513E+01     0.11962E-02     0.89209E-02    -0.90954E-02
     0.72010E+01     0.13787E-02     0.10292E-01    -0.10453E-01
     0.72506E+01     0.15891E-02     0.11876E-01    -0.12009E-01
     0.73002E+01     0.18318E-02     0.13708E-01    -0.13792E-01
     0.73622E+01     0.21885E-02     0.16406E-01    -0.16388E-01
     0.74118E+01     0.25237E-02     0.18951E-01    -0.18803E-01
     0.74614E+01     0.29110E-02     0.21900E-01    -0.21560E-01
     0.75109E+01     0.33584E-02     0.25321E-01    -0.24704E-01
     0.75605E+01     0.38755E-02     0.29289E-01    -0.28282E-01
     0.76100E+01     0.44733E-02     0.33895E-01    -0.32343E-01
     0.76595E+01     0.51643E-02     0.39245E-01    -0.36940E-01
     0.77090E+01     0.59622E-02     0.45465E-01    -0.42132E-01
     0.77585E+01     0.68813E-02     0.52699E-01    -0.47979E-01
     0.78081E+01     0.79426E-02     0.61117E-01    -0.54486E-01
     0.78576E+01     0.91750E-02     0.70910E-01    -0.61587E-01
     0.79071E+01     0.10601E-01     0.82310E-01    -0.69260E-01
     0.79566E+01     0.12221E-01     0.95486E-01    -0.77644E-01
     0.80061E+01     0.14004E-01     0.11038E+00    -0.87029E-01
     0.80556E+01     0.15899E-01     0.12679E+00    -0.97672E-01
     0.81051E+01     0.17882E-01     0.14455E+00    -0.10952E+00
     0.81546E+01     0.19954E-01     0.16370E+00    -0.12197E+00
     0.82042E+01     0.22159E-01     0.18441E+00    -0.13371E+00
     0.82537E+01     0.24546E-01     0.20659E+00    -0.14297E+00
     0.83033E+01     0.27110E-01     0.22962E+00    -0.14727E+00
     0.83529E+01     0.29810E-01     0.25222E+00    -0.14545E+00
     0.84025E+01     0.32370E-01     0.27190E+00    -0.13911E+00
     0.84521E+01     0.34326E-01     0.28647E+00    -0.12969E+00
     0.85018E+01     0.35694E-01     0.29716E+00    -0.11817E+00
     0.85515E+01     0.36859E-01     0.30672E+00    -0.10401E+00
     0.86012E+01     0.37808E-01     0.31589E+00    -0.86799E-01
     0.86509E+01     0.38474E-01     0.32260E+00    -0.66363E-01
     0.87007E+01     0.38954E-01     0.32898E+00    -0.43798E-01
     0.87505E+01     0.39272E-01     0.33491E+00    -0.18104E-01
     0.88004E+01     0.39160E-01     0.33799E+00     0.76398E-02
     0.88503E+01     0.38633E-01     0.33911E+00     0.32428E-01
     0.89002E+01     0.37746E-01     0.33861E+00     0.56347E-01
     0.89502E+01     0.36469E-01     0.33272E+00     0.78129E-01
     0.90002E+01     0.34720E-01     0.32559E+00     0.98412E-01
     0.90502E+01     0.32615E-01     0.31547E+00     0.11628E+00
     0.91003E+01     0.30195E-01     0.30246E+00     0.13144E+00
     0.91503E+01     0.27587E-01     0.28690E+00     0.14425E+00
     0.92004E+01     0.24914E-01     0.26916E+00     0.15514E+00
     0.92504E+01     0.22258E-01     0.24990E+00     0.16485E+00
     0.93005E+01     0.19666E-01     0.22979E+00     0.17324E+00
     0.93505E+01     0.17043E-01     0.20904E+00     0.17954E+00
     0.94006E+01     0.14350E-01     0.18802E+00     0.18305E+00
     0.94506E+01     0.11631E-01     0.16720E+00     0.18390E+00
     0.95007E+01     0.89884E-02     0.14717E+00     0.18286E+00
     0.95507E+01     0.64678E-02     0.12854E+00     0.18033E+00
     0.96008E+01     0.39914E-02     0.11085E+00     0.17574E+00
     0.96508E+01     0.14541E-02     0.92921E-01     0.16851E+00
     0.97009E+01    -0.10758E-02     0.74252E-01     0.15903E+00
     0.97510E+01    -0.35089E-02     0.54432E-01     0.14768E+00
     0.98010E+01    -0.58086E-02     0.32956E-01     0.13428E+00
     0.98511E+01    -0.78307E-02     0.10117E-01     0.12014E+00
     0.99011E+01    -0.94286E-02    -0.10601E-01     0.10592E+00
     0.99512E+01    -0.10685E-01    -0.27790E-01     0.91044E-01
     0.10001E+02    -0.11729E-01    -0.41664E-01     0.75375E-01
     0.10051E+02    -0.12622E-01    -0.52058E-01     0.59570E-01
     0.10101E+02    -0.13352E-01    -0.59697E-01     0.44630E-01
     0.10151E+02    -0.13934E-01    -0.65543E-01     0.30956E-01
     0.10201E+02    -0.14370E-01    -0.69918E-01     0.18817E-01
     0.10251E+02    -0.14582E-01    -0.72585E-01     0.86584E-02
     0.10302E+02    -0.14607E-01    -0.74019E-01     0.20677E-03
     0.10352E+02    -0.14457E-01    -0.74385E-01    -0.70934E-02
     0.10402E+02    -0.14178E-01    -0.74141E-01    -0.13230E-01
     0.10452E+02    -0.13794E-01    -0.73445E-01    -0.18706E-01
     0.10502E+02    -0.13347E-01    -0.72335E-01    -0.23468E-01
     0.10552E+02    -0.12854E-01    -0.70609E-01    -0.27649E-01
     0.10602E+02    -0.12341E-01    -0.68713E-01    -0.31195E-01
     0.10652E+02    -0.11823E-01    -0.66467E-01    -0.34241E-01
     0.10702E+02    -0.11300E-01    -0.63782E-01    -0.36803E-01
     0.10752E+02    -0.10732E-01    -0.60875E-01    -0.38122E-01
     0.10802E+02    -0.10145E-01    -0.57921E-01    -0.38780E-01
     0.10852E+02    -0.95453E-02    -0.55000E-01    -0.38622E-01
     0.10902E+02    -0.89353E-02    -0.51970E-01    -0.37328E-01
     0.10952E+02    -0.82795E-02    -0.48631E-01    -0.34321E-01
     0.11002E+02    -0.75652E-02    -0.44624E-01    -0.30054E-01
     0.11052E+02    -0.68789E-02    -0.39666E-01    -0.25515E-01
     0.11103E+02    -0.63182E-02    -0.34200E-01    -0.21809E-01
     0.11153E+02    -0.58569E-02    -0.28187E-01    -0.19473E-01
     0.11203E+02    -0.54403E-02    -0.21775E-01    -0.18603E-01
     0.11253E+02    -0.50083E-02    -0.15582E-01    -0.18516E-01
     0.11303E+02    -0.45279E-02    -0.10157E-01    -0.19131E-01
     0.11353E+02    -0.40569E-02    -0.61980E-02    -0.20027E-01
     0.11403E+02    -0.36605E-02    -0.41504E-02    -0.20245E-01
     0.11453E+02    -0.33642E-02    -0.38921E-02    -0.19607E-01
     0.11503E+02    -0.31361E-02    -0.48832E-02    -0.18047E-01
     0.11553E+02    -0.29232E-02    -0.67327E-02    -0.15798E-01
     0.11603E+02    -0.27405E-02    -0.85636E-02    -0.12993E-01
     0.11653E+02    -0.25622E-02    -0.99586E-02    -0.10335E-01
     0.11703E+02    -0.23272E-02    -0.10761E-01    -0.78903E-02
     0.11753E+02    -0.19987E-02    -0.11263E-01    -0.52886E-02
     0.11803E+02    -0.15874E-02    -0.11733E-01    -0.26090E-02
     0.11854E+02    -0.11091E-02    -0.12159E-01     0.25241E-03
     0.11904E+02    -0.64323E-03    -0.12280E-01     0.33223E-02
     0.11954E+02    -0.29192E-03    -0.12113E-01     0.60504E-02
     0.12004E+02    -0.12474E-03    -0.11569E-01     0.79851E-02
     0.12054E+02    -0.90953E-04    -0.10754E-01     0.94343E-02
     0.12104E+02    -0.12424E-03    -0.95456E-02     0.10489E-01
     0.12154E+02    -0.24468E-03    -0.84390E-02     0.11446E-01
     0.12204E+02    -0.37105E-03    -0.73591E-02     0.12654E-01
     0.12254E+02    -0.45706E-03    -0.63980E-02     0.13876E-01
     0.12304E+02    -0.49266E-03    -0.56553E-02     0.14952E-01
     0.12354E+02    -0.46692E-03    -0.51171E-02     0.15997E-01
     0.12404E+02    -0.39854E-03    -0.46359E-02     0.17071E-01
     0.12454E+02    -0.31573E-03    -0.40279E-02     0.18070E-01
     0.12504E+02    -0.23483E-03    -0.30164E-02     0.19055E-01
     0.12555E+02    -0.15540E-03    -0.12479E-02     0.20238E-01
     0.12605E+02    -0.84611E-04     0.13081E-02     0.21584E-01
     0.12655E+02    -0.69937E-04     0.37938E-02     0.22738E-01
     0.12705E+02    -0.15884E-03     0.54156E-02     0.23533E-01
     0.12755E+02    -0.31860E-03     0.60737E-02     0.23872E-01
     0.12805E+02    -0.53371E-03     0.52508E-02     0.23814E-01
     0.12855E+02    -0.76845E-03     0.30174E-02     0.23613E-01
     0.12905E+02    -0.10325E-02    -0.62329E-04     0.23574E-01
     0.12955E+02    -0.12662E-02    -0.33563E-02     0.23863E-01
     0.13005E+02    -0.14379E-02    -0.62385E-02     0.23728E-01
     0.13055E+02    -0.15716E-02    -0.83329E-02     0.22520E-01
     0.13105E+02    -0.16880E-02    -0.96060E-02     0.20485E-01
     0.13155E+02    -0.17847E-02    -0.10292E-01     0.18163E-01
     0.13206E+02    -0.18321E-02    -0.10591E-01     0.15954E-01
     0.13256E+02    -0.18143E-02    -0.11009E-01     0.14105E-01
     0.13306E+02    -0.17621E-02    -0.11424E-01     0.13018E-01
     0.13356E+02    -0.16747E-02    -0.11880E-01     0.12620E-01
     0.13406E+02    -0.16118E-02    -0.12063E-01     0.12509E-01
     0.13456E+02    -0.15875E-02    -0.11906E-01     0.12411E-01
     0.13506E+02    -0.15972E-02    -0.11427E-01     0.12288E-01
     0.13556E+02    -0.16305E-02    -0.10882E-01     0.12168E-01
     0.13606E+02    -0.16591E-02    -0.10723E-01     0.11977E-01
     0.13656E+02    -0.16531E-02    -0.11031E-01     0.11909E-01
     0.13706E+02    -0.16089E-02    -0.11838E-01     0.11949E-01
     0.13757E+02    -0.15284E-02    -0.12979E-01     0.11967E-01
     0.13807E+02    -0.14343E-02    -0.14110E-01     0.11877E-01
     0.13857E+02    -0.13128E-02    -0.14895E-01     0.11695E-01
     0.13907E+02    -0.11658E-02    -0.15190E-01     0.11391E-01
     0.13957E+02    -0.10098E-02    -0.15259E-01     0.10834E-01
     0.14007E+02    -0.86787E-03    -0.15181E-01     0.10167E-01
     0.14058E+02    -0.75355E-03    -0.15141E-01     0.93725E-02
     0.14108E+02    -0.65895E-03    -0.15248E-01     0.83834E-02
     0.14158E+02    -0.61929E-03    -0.16113E-01     0.72727E-02
     0.14209E+02    -0.62262E-03    -0.17838E-01     0.59959E-02
     0.14259E+02    -0.62966E-03    -0.20216E-01     0.45910E-02
     0.14310E+02    -0.59991E-03    -0.23093E-01     0.30161E-02
     0.14360E+02    -0.49320E-03    -0.26179E-01     0.13901E-02
     0.14411E+02    -0.30389E-03    -0.29258E-01    -0.28234E-03
     0.14462E+02    -0.15044E-04    -0.32035E-01    -0.20018E-02
     0.14500E+02     0.26620E-03    -0.33828E-01    -0.33406E-02
     0.14551E+02     0.72706E-03    -0.35931E-01    -0.50030E-02
     0.14602E+02     0.12607E-02    -0.38006E-01    -0.63178E-02
     0.14653E+02     0.18649E-02    -0.40424E-01    -0.68283E-02
     0.14704E+02     0.24998E-02    -0.43356E-01    -0.65184E-02
     0.14755E+02     0.30859E-02    -0.46693E-01    -0.57253E-02
     0.14806E+02     0.35523E-02    -0.50537E-01    -0.50600E-02
     0.14857E+02     0.39070E-02    -0.54791E-01    -0.51305E-02
     0.14908E+02     0.41517E-02    -0.59456E-01    -0.59675E-02
     0.14959E+02     0.43539E-02    -0.64739E-01    -0.74705E-02
     0.15011E+02     0.46477E-02    -0.70627E-01    -0.87869E-02
     0.15062E+02     0.50658E-02    -0.77186E-01    -0.93192E-02
     0.15113E+02     0.56343E-02    -0.84053E-01    -0.87586E-02
     0.15151E+02     0.60843E-02    -0.89208E-01    -0.76850E-02
     0.15201E+02     0.66444E-02    -0.96022E-01    -0.60686E-02
     0.15252E+02     0.71091E-02    -0.10250E+00    -0.43515E-02
     0.15302E+02     0.74874E-02    -0.10837E+00    -0.24257E-02
     0.15353E+02     0.78129E-02    -0.11363E+00    -0.22305E-03
     0.15403E+02     0.81336E-02    -0.11845E+00     0.27494E-02
     0.15453E+02     0.84623E-02    -0.12308E+00     0.68975E-02
     0.15503E+02     0.88011E-02    -0.12770E+00     0.12402E-01
     0.15554E+02     0.91317E-02    -0.13207E+00     0.19169E-01
     0.15604E+02     0.93441E-02    -0.13492E+00     0.26871E-01
     0.15654E+02     0.93750E-02    -0.13597E+00     0.34881E-01
     0.15704E+02     0.91725E-02    -0.13446E+00     0.42689E-01
     0.15754E+02     0.87498E-02    -0.13132E+00     0.49675E-01
     0.15804E+02     0.81194E-02    -0.12689E+00     0.55805E-01
     0.15855E+02     0.72381E-02    -0.12125E+00     0.61276E-01
     0.15905E+02     0.62534E-02    -0.11430E+00     0.66154E-01
     0.15955E+02     0.52125E-02    -0.10627E+00     0.70182E-01
     0.16005E+02     0.41229E-02    -0.97374E-01     0.73089E-01
     0.16055E+02     0.30094E-02    -0.87792E-01     0.74926E-01
     0.16105E+02     0.19080E-02    -0.77657E-01     0.75930E-01
     0.16155E+02     0.85292E-03    -0.67410E-01     0.76542E-01
     0.16205E+02    -0.11116E-03    -0.57693E-01     0.77468E-01
     0.16255E+02    -0.95014E-03    -0.48648E-01     0.78881E-01
     0.16305E+02    -0.17664E-02    -0.40050E-01     0.80304E-01
     0.16356E+02    -0.26569E-02    -0.31394E-01     0.80392E-01
     0.16406E+02    -0.36469E-02    -0.22646E-01     0.78041E-01
     0.16456E+02    -0.46882E-02    -0.14018E-01     0.73407E-01
     0.16506E+02    -0.56561E-02    -0.56840E-02     0.67143E-01
     0.16556E+02    -0.64363E-02     0.22935E-02     0.60092E-01
     0.16606E+02    -0.70024E-02     0.97399E-02     0.52812E-01
     0.16656E+02    -0.74092E-02     0.16522E-01     0.45463E-01
     0.16706E+02    -0.76353E-02     0.22031E-01     0.38908E-01
     0.16757E+02    -0.77577E-02     0.26352E-01     0.32516E-01
     0.16807E+02    -0.78754E-02     0.29364E-01     0.25782E-01
     0.16857E+02    -0.79943E-02     0.31267E-01     0.18483E-01
     0.16907E+02    -0.81178E-02     0.32045E-01     0.11058E-01
     0.16957E+02    -0.82044E-02     0.31961E-01     0.38871E-02
     0.17008E+02    -0.82085E-02     0.31072E-01    -0.25805E-02
     0.17058E+02    -0.81000E-02     0.29358E-01    -0.82517E-02
     0.17108E+02    -0.78769E-02     0.26866E-01    -0.12962E-01
     0.17158E+02    -0.75727E-02     0.23592E-01    -0.17074E-01
     0.17208E+02    -0.72233E-02     0.19308E-01    -0.20841E-01
     0.17259E+02    -0.68474E-02     0.13700E-01    -0.23709E-01
     0.17309E+02    -0.63450E-02     0.72116E-02    -0.25066E-01
     0.17359E+02    -0.57459E-02     0.56242E-04    -0.25835E-01
     0.17410E+02    -0.50713E-02    -0.76130E-02    -0.26214E-01
     0.17460E+02    -0.43969E-02    -0.15239E-01    -0.26661E-01
     0.17510E+02    -0.37198E-02    -0.22079E-01    -0.27256E-01
     0.17560E+02    -0.29972E-02    -0.28081E-01    -0.27993E-01
     0.17611E+02    -0.22209E-02    -0.34048E-01    -0.28250E-01
     0.17661E+02    -0.14134E-02    -0.40075E-01    -0.27997E-01
     0.17711E+02    -0.61054E-03    -0.46203E-01    -0.27366E-01
     0.17762E+02     0.17075E-03    -0.52527E-01    -0.26374E-01
     0.17812E+02     0.91840E-03    -0.59106E-01    -0.24779E-01
     0.17862E+02     0.16506E-02    -0.65529E-01    -0.22657E-01
     0.17900E+02     0.22224E-02    -0.69921E-01    -0.20436E-01
     0.17950E+02     0.30361E-02    -0.74697E-01    -0.16340E-01
     0.18001E+02     0.38369E-02    -0.77897E-01    -0.11713E-01
     0.18051E+02     0.45101E-02    -0.79453E-01    -0.73541E-02
     0.18101E+02     0.50175E-02    -0.80324E-01    -0.35794E-02
     0.18152E+02     0.53894E-02    -0.81039E-01    -0.36186E-03
     0.18202E+02     0.56314E-02    -0.81528E-01     0.24448E-02
     0.18252E+02     0.56862E-02    -0.82257E-01     0.48277E-02
     0.18302E+02     0.56007E-02    -0.83825E-01     0.73307E-02
     0.18353E+02     0.54672E-02    -0.85518E-01     0.10142E-01
     0.18403E+02     0.52718E-02    -0.86799E-01     0.13161E-01
     0.18453E+02     0.50191E-02    -0.87473E-01     0.16602E-01
     0.18503E+02     0.47854E-02    -0.87509E-01     0.20399E-01
     0.18553E+02     0.45714E-02    -0.86754E-01     0.24462E-01
     0.18604E+02     0.43873E-02    -0.84819E-01     0.28753E-01
     0.18654E+02     0.42280E-02    -0.81347E-01     0.33108E-01
     0.18704E+02     0.40491E-02    -0.76452E-01     0.37302E-01
     0.18754E+02     0.38304E-02    -0.70436E-01     0.41276E-01
     0.18804E+02     0.35819E-02    -0.63625E-01     0.44927E-01
     0.18854E+02     0.32817E-02    -0.56702E-01     0.48201E-01
     0.18905E+02     0.29011E-02    -0.50123E-01     0.50678E-01
     0.18955E+02     0.24343E-02    -0.44187E-01     0.52173E-01
     0.19005E+02     0.19056E-02    -0.38908E-01     0.52799E-01
     0.19055E+02     0.13617E-02    -0.34420E-01     0.52958E-01
     0.19105E+02     0.80840E-03    -0.30878E-01     0.52418E-01
     0.19155E+02     0.21244E-03    -0.28160E-01     0.50486E-01
     0.19205E+02    -0.43083E-03    -0.26017E-01     0.46913E-01
     0.19255E+02    -0.10924E-02    -0.24176E-01     0.42078E-01
     0.19305E+02    -0.17352E-02    -0.22477E-01     0.36733E-01
     0.19355E+02    -0.22647E-02    -0.21066E-01     0.31800E-01
     0.19405E+02    -0.26400E-02    -0.20213E-01     0.27917E-01
     0.19455E+02    -0.28814E-02    -0.20102E-01     0.25023E-01
     0.19505E+02    -0.30368E-02    -0.20597E-01     0.22708E-01
     0.19555E+02    -0.31313E-02    -0.21506E-01     0.20502E-01
     0.19605E+02    -0.31995E-02    -0.22839E-01     0.18103E-01
     0.19655E+02    -0.32333E-02    -0.24604E-01     0.15342E-01
     0.19705E+02    -0.32254E-02    -0.26632E-01     0.12280E-01
     0.19755E+02    -0.31583E-02    -0.28795E-01     0.90995E-02
     0.19805E+02    -0.30236E-02    -0.31027E-01     0.59211E-02
     0.19855E+02    -0.28147E-02    -0.33267E-01     0.27136E-02
     0.19905E+02    -0.25470E-02    -0.35553E-01    -0.54141E-03
     0.19954E+02    -0.22315E-02    -0.37951E-01    -0.37940E-02
     0.20004E+02    -0.18853E-02    -0.40481E-01    -0.69736E-02
     0.20054E+02    -0.15305E-02    -0.43159E-01    -0.97642E-02
     0.20104E+02    -0.11825E-02    -0.45980E-01    -0.12062E-01
     0.20154E+02    -0.83905E-03    -0.48977E-01    -0.13906E-01
     0.20204E+02    -0.50333E-03    -0.52193E-01    -0.15251E-01
     0.20253E+02    -0.17576E-03    -0.55677E-01    -0.16118E-01
     0.20303E+02     0.15528E-03    -0.59376E-01    -0.16659E-01
     0.20353E+02     0.51249E-03    -0.63284E-01    -0.16846E-01
     0.20403E+02     0.90957E-03    -0.67382E-01    -0.16741E-01
     0.20453E+02     0.13479E-02    -0.71530E-01    -0.16642E-01
     0.20503E+02     0.17974E-02    -0.75483E-01    -0.16834E-01
     0.20553E+02     0.22443E-02    -0.79058E-01    -0.17485E-01
     0.20603E+02     0.27018E-02    -0.82293E-01    -0.18735E-01
     0.20653E+02     0.31861E-02    -0.85307E-01    -0.20463E-01
     0.20703E+02     0.37486E-02    -0.88250E-01    -0.22231E-01
     0.20753E+02     0.44288E-02    -0.91269E-01    -0.23669E-01
     0.20803E+02     0.52082E-02    -0.94541E-01    -0.24932E-01
     0.20853E+02     0.60423E-02    -0.98248E-01    -0.26562E-01
     0.20903E+02     0.69059E-02    -0.10274E+00    -0.28905E-01
     0.20952E+02     0.77767E-02    -0.10863E+00    -0.32162E-01
     0.21002E+02     0.86624E-02    -0.11601E+00    -0.36389E-01
     0.21052E+02     0.95706E-02    -0.12446E+00    -0.41687E-01
     0.21102E+02     0.10529E-01    -0.13335E+00    -0.47974E-01
     0.21152E+02     0.11605E-01    -0.14213E+00    -0.54789E-01
     0.21202E+02     0.12888E-01    -0.15075E+00    -0.61502E-01
     0.21251E+02     0.14406E-01    -0.15936E+00    -0.67629E-01
     0.21301E+02     0.16116E-01    -0.16809E+00    -0.73032E-01
     0.21351E+02     0.17927E-01    -0.17725E+00    -0.77652E-01
     0.21400E+02     0.19786E-01    -0.18723E+00    -0.81182E-01
     0.21450E+02     0.21678E-01    -0.19822E+00    -0.83466E-01
     0.21512E+02     0.24059E-01    -0.21266E+00    -0.83854E-01
     0.21562E+02     0.25892E-01    -0.22390E+00    -0.82372E-01
     0.21611E+02     0.27584E-01    -0.23463E+00    -0.79694E-01
     0.21661E+02     0.29018E-01    -0.24522E+00    -0.75871E-01
     0.21711E+02     0.30191E-01    -0.25609E+00    -0.70733E-01
     0.21760E+02     0.31116E-01    -0.26713E+00    -0.63965E-01
     0.21810E+02     0.31802E-01    -0.27782E+00    -0.55423E-01
     0.21860E+02     0.32298E-01    -0.28728E+00    -0.44896E-01
     0.21909E+02     0.32657E-01    -0.29475E+00    -0.32148E-01
     0.21959E+02     0.32968E-01    -0.29987E+00    -0.16722E-01
     0.22009E+02     0.33377E-01    -0.30287E+00     0.10712E-02
     0.22058E+02     0.33663E-01    -0.30318E+00     0.20133E-01
     0.22108E+02     0.33551E-01    -0.30114E+00     0.38766E-01
     0.22158E+02     0.33212E-01    -0.29720E+00     0.56523E-01
     0.22207E+02     0.32833E-01    -0.29230E+00     0.73760E-01
     0.22257E+02     0.32296E-01    -0.28672E+00     0.90267E-01
     0.22307E+02     0.31497E-01    -0.28007E+00     0.10568E+00
     0.22356E+02     0.30420E-01    -0.27235E+00     0.11952E+00
     0.22406E+02     0.29080E-01    -0.26385E+00     0.13133E+00
     0.22456E+02     0.27503E-01    -0.25475E+00     0.14085E+00
     0.22506E+02     0.25731E-01    -0.24514E+00     0.14814E+00
     0.22556E+02     0.23850E-01    -0.23501E+00     0.15376E+00
     0.22605E+02     0.21915E-01    -0.22424E+00     0.15776E+00
     0.22655E+02     0.19939E-01    -0.21261E+00     0.16020E+00
     0.22705E+02     0.17975E-01    -0.20075E+00     0.16126E+00
     0.22755E+02     0.16001E-01    -0.18947E+00     0.16064E+00
     0.22805E+02     0.13926E-01    -0.17941E+00     0.15745E+00
     0.22855E+02     0.11691E-01    -0.17073E+00     0.15116E+00
     0.22905E+02     0.93289E-02    -0.16252E+00     0.14202E+00
     0.22955E+02     0.70143E-02    -0.15422E+00     0.13075E+00
     0.23005E+02     0.49035E-02    -0.14495E+00     0.11841E+00
     0.23055E+02     0.30877E-02    -0.13399E+00     0.10611E+00
     0.23106E+02     0.16102E-02    -0.12137E+00     0.94368E-01
     0.23156E+02     0.41954E-03    -0.10727E+00     0.83043E-01
     0.23206E+02    -0.57060E-03    -0.92220E-01     0.71565E-01
     0.23256E+02    -0.14153E-02    -0.77281E-01     0.59635E-01
     0.23306E+02    -0.21384E-02    -0.63878E-01     0.47311E-01
     0.23356E+02    -0.27595E-02    -0.52840E-01     0.34935E-01
     0.23407E+02    -0.32918E-02    -0.44191E-01     0.22944E-01
     0.23457E+02    -0.37300E-02    -0.37731E-01     0.11774E-01
     0.23507E+02    -0.40939E-02    -0.33122E-01     0.17221E-02
     0.23557E+02    -0.43399E-02    -0.30067E-01    -0.66924E-02
     0.23608E+02    -0.44383E-02    -0.28139E-01    -0.13379E-01
     0.23658E+02    -0.44265E-02    -0.26640E-01    -0.18776E-01
     0.23708E+02    -0.43200E-02    -0.25426E-01    -0.23257E-01
     0.23758E+02    -0.41295E-02    -0.24431E-01    -0.26918E-01
     0.23809E+02    -0.38867E-02    -0.23608E-01    -0.29809E-01
     0.23859E+02    -0.36436E-02    -0.23326E-01    -0.31960E-01
     0.23909E+02    -0.34075E-02    -0.23843E-01    -0.33380E-01
     0.23960E+02    -0.31754E-02    -0.25314E-01    -0.34046E-01
     0.24010E+02    -0.29431E-02    -0.27693E-01    -0.34072E-01
     0.24060E+02    -0.26987E-02    -0.30682E-01    -0.33215E-01
     0.24110E+02    -0.24326E-02    -0.33952E-01    -0.31373E-01
     0.24161E+02    -0.21320E-02    -0.37268E-01    -0.28700E-01
     0.24211E+02    -0.18021E-02    -0.40414E-01    -0.25157E-01
     0.24261E+02    -0.14679E-02    -0.43126E-01    -0.20767E-01
     0.24311E+02    -0.11777E-02    -0.44898E-01    -0.15871E-01
     0.24362E+02    -0.96241E-03    -0.45476E-01    -0.10853E-01
     0.24412E+02    -0.87181E-03    -0.45037E-01    -0.59320E-02
     0.24462E+02    -0.94856E-03    -0.43727E-01    -0.12622E-02
     0.24512E+02    -0.11258E-02    -0.41515E-01     0.31440E-02
     0.24563E+02    -0.13567E-02    -0.39132E-01     0.76187E-02
     0.24600E+02    -0.15373E-02    -0.37450E-01     0.11211E-01
     0.24650E+02    -0.17573E-02    -0.35623E-01     0.16368E-01
     0.24701E+02    -0.19525E-02    -0.34162E-01     0.21780E-01
     0.24751E+02    -0.21668E-02    -0.32779E-01     0.27019E-01
     0.24801E+02    -0.24578E-02    -0.31226E-01     0.31710E-01
     0.24851E+02    -0.28483E-02    -0.29558E-01     0.35660E-01
     0.24901E+02    -0.33263E-02    -0.27904E-01     0.38879E-01
     0.24952E+02    -0.38658E-02    -0.26398E-01     0.41470E-01
     0.25002E+02    -0.44269E-02    -0.25046E-01     0.43638E-01
