  6.0829435E-02  0.0000000E+00  0.0000000E+00  0.0000000E+00
   1.034100      0.0000000E+00  0.0000000E+00  0.0000000E+00
   2.007364      0.0000000E+00  0.0000000E+00  0.0000000E+00
   3.041438      0.0000000E+00  0.0000000E+00  0.0000000E+00
   4.014658      0.0000000E+00  0.0000000E+00  0.0000000E+00
   5.048667      0.0000000E+00  0.0000000E+00  0.0000000E+00
   6.021813      0.0000000E+00  0.0000000E+00  0.0000000E+00
   7.055732      0.0000000E+00  0.0000000E+00  0.0000000E+00
   8.028780      0.0000000E+00  0.0000000E+00  0.0000000E+00
   9.001776      0.0000000E+00  0.0000000E+00  0.0000000E+00
   10.03552      0.0000000E+00  0.0000000E+00  0.0000000E+00
   11.00832      0.0000000E+00  0.0000000E+00  0.0000000E+00
   12.04175      0.0000000E+00  0.0000000E+00  0.0000000E+00
   13.01423     -3.4583154E-37 -1.5807203E-36  7.5284901E-37
   14.04734     -2.9973496E-35 -1.2323465E-34  6.1609507E-35
   15.01956     -1.2770094E-33 -5.2153275E-33  2.5690100E-33
   16.05244     -5.5094321E-32 -2.2379950E-31  1.0862721E-31
   17.02451     -1.5779306E-30 -6.3803584E-30  3.0583410E-30
   18.05730     -4.6394626E-29 -1.8675589E-28  8.8450818E-29
   19.02937     -9.5331683E-28 -3.8224475E-27  1.7920081E-27
   20.00151     -1.6972233E-26 -6.7803310E-26  3.1494511E-26
   21.03452     -3.1249973E-25 -1.2438624E-24  5.7266115E-25
   22.00689     -4.2616463E-24 -1.6907814E-23  7.7254584E-24
   23.03999     -6.0159498E-23 -2.3789720E-22  1.0790909E-22
   24.01227     -6.4833486E-22 -2.5562607E-21  1.1523043E-21
   25.04526     -7.2290957E-21 -2.8417564E-20  1.2733101E-20
   26.01740     -6.3153392E-20 -2.4758193E-19  1.1036357E-19
   27.05020     -5.6987031E-19 -2.2278447E-18  9.8814675E-19
   28.02213     -4.1189363E-18 -1.6061432E-17  7.0934237E-18
   29.05467     -3.0671146E-17 -1.1928286E-16  5.2461184E-17
   30.02636     -1.8647827E-16 -7.2345682E-16  3.1703919E-16
   31.05862     -1.1640739E-15 -4.5045254E-15  1.9671326E-15
   32.03000     -6.0315497E-15 -2.3283763E-14  1.0137620E-14
   33.00122     -2.9028930E-14 -1.1179171E-13  4.8540843E-14
   34.03299     -1.4247846E-13 -5.4727560E-13  2.3701294E-13
   35.00393     -5.9245387E-13 -2.2700565E-12  9.8098374E-13
   36.03536     -2.4979428E-12 -9.5453558E-12  4.1167993E-12
   37.00594     -9.0269476E-12 -3.4403966E-11  1.4815458E-11
   38.03701     -3.2868836E-11 -1.2490700E-10  5.3723168E-11
   39.00725     -1.0367766E-10 -3.9286016E-10  1.6884423E-10
   40.03793     -3.2733802E-10 -1.2363688E-09  5.3118265E-10
   41.00777     -9.0431912E-10 -3.4046699E-09  1.4628898E-09
   42.03799     -2.4842948E-09 -9.3191304E-09  4.0062673E-09
   43.00737     -6.0306933E-09 -2.2539908E-08  9.6979313E-09
   44.03707     -1.4466955E-08 -5.3846790E-08  2.3194369E-08
   45.00592     -3.0970288E-08 -1.1479281E-07  4.9504287E-08
   46.03498     -6.5145926E-08 -2.4032397E-07  1.0375270E-07
   47.00317     -1.2350765E-07 -4.5345601E-07  1.9587772E-07
   48.03146     -2.2891511E-07 -8.3595393E-07  3.6097157E-07
   49.05927     -3.9853546E-07 -1.4471830E-06  6.2364711E-07
   50.02613     -6.3587237E-07 -2.2964939E-06  9.8544558E-07
   51.05286     -9.8802116E-07 -3.5477130E-06  1.5097272E-06
   52.01861     -1.4136823E-06 -5.0374751E-06  2.1460510E-06
   53.04405     -2.0046609E-06 -6.9163598E-06  3.2739138E-06
   54.00850     -2.7929520E-06 -8.7245826E-06  4.7275553E-06
   55.03246     -5.7296725E-06 -1.9178102E-05  1.0699279E-05
   56.05562     -1.6643606E-05 -5.6803397E-05  3.2547607E-05
   57.01782     -4.2212010E-05 -1.4481771E-04  8.1522361E-05
   58.03934     -1.0190246E-04 -3.4991579E-04  1.9204000E-04
   59.05999     -2.2575645E-04 -7.7439705E-04  4.1508957E-04
   60.01983     -4.4694077E-04 -1.5303300E-03  8.0368976E-04
   61.03884     -8.6508406E-04 -2.9541990E-03  1.5194445E-03
   62.05704     -1.5657508E-03 -5.3290785E-03  2.6834523E-03
   63.01463     -2.5733297E-03 -8.7239165E-03  4.3037315E-03
   64.03135     -4.0909075E-03 -1.3796215E-02  6.6563273E-03
   65.04736     -6.1038868E-03 -2.0451488E-02  9.6482821E-03
   66.00299     -8.4281005E-03 -2.8029459E-02  1.2947160E-02
   67.01774     -1.1272689E-02 -3.7134036E-02  1.6778352E-02
   68.03188     -1.4382288E-02 -4.6842720E-02  2.0721318E-02
   69.04547     -1.7630173E-02 -5.6667853E-02  2.4572764E-02
   70.05851     -2.0921504E-02 -6.6249065E-02  2.8224297E-02
   71.01147     -2.4023460E-02 -7.4908547E-02  3.1470165E-02
   72.02348     -2.7335348E-02 -8.3773710E-02  3.4793995E-02
   73.03499     -3.0708406E-02 -9.2455395E-02  3.8101543E-02
   74.04597     -3.4189638E-02 -0.1011279      4.1443091E-02
   75.05583     -3.7784908E-02 -0.1098294      4.4790287E-02
   76.00484     -4.1244023E-02 -0.1179554      4.7850985E-02
   77.01152     -4.4970978E-02 -0.1263961      5.0849468E-02
   78.01646     -4.8728671E-02 -0.1345461      5.3482920E-02
   79.01958     -5.2524883E-02 -0.1424308      5.5749383E-02
   80.02087     -5.6396574E-02 -0.1501755      5.7658575E-02
   81.02026     -6.0350597E-02 -0.1578082      5.9272628E-02
   82.01777     -6.4363174E-02 -0.1652224      6.0628168E-02
   83.01337     -6.8395294E-02 -0.1722369      6.1795846E-02
   84.00707     -7.2458223E-02 -0.1788507      6.2978871E-02
   85.05719     -7.6918863E-02 -0.1858291      6.4581580E-02
   86.04707     -8.1402458E-02 -0.1930060      6.6985376E-02
   87.03518     -8.6406961E-02 -0.2014141      7.0801973E-02
   88.02155     -9.2175446E-02 -0.2116996      7.6210499E-02
   89.00626     -9.8746061E-02 -0.2240876      8.3343066E-02
   90.04720     -0.1065480     -0.2392277      9.2612259E-02
   91.02876     -0.1145708     -0.2549803      0.1025839    
   92.00893     -0.1231010     -0.2716998      0.1132193    
   93.04534     -0.1325634     -0.2899882      0.1248033    
   94.02293     -0.1418044     -0.3071328      0.1357090    
   95.05682     -0.1518558     -0.3240400      0.1468953    
   96.03037     -0.1616202     -0.3377113      0.1571074    
   97.00484     -0.1717363     -0.3488036      0.1673806    
   98.03573     -0.1828692     -0.3572152      0.1785836    
   99.00856     -0.1934573     -0.3624401      0.1897476    
   100.0379     -0.2049024     -0.3656644      0.2015936    
   101.0094     -0.2166173     -0.3623922      0.2112430    
   102.0374     -0.2300932     -0.3508578      0.2189306    
   103.0078     -0.2434581     -0.3329992      0.2229988    
   104.0317     -0.2576296     -0.3106434      0.2233652    
   105.0303     -0.2699475     -0.2947495      0.2224884    
   106.0278     -0.2808480     -0.2886655      0.2217344    
   107.0445     -0.2924587     -0.2885610      0.2170878    
   108.0254     -0.3046268     -0.2897430      0.2117135    
   109.0504     -0.3189499     -0.2914773      0.2098987    
   110.0122     -0.3340663     -0.2935176      0.2147553    
   111.0376     -0.3522076     -0.2929063      0.2171915    
   112.0008     -0.3698488     -0.2888491      0.2202491    
   113.0017     -0.3890089     -0.2779538      0.2315213    
   114.0261     -0.4085266     -0.2743551      0.2321224    
   115.0437     -0.4274451     -0.2725060      0.2220750    
   116.0503     -0.4406114     -0.2902916      0.2189857    
   117.0076     -0.4528489     -0.3263267      0.2238306    
   118.0497     -0.4759676     -0.3612450      0.3084622    
   119.0493     -0.4970908     -0.7940221     -0.5309944    
   120.0520     -0.5189229     -0.5019516      -1.385784    
   121.0514     -0.5481369     -0.3568194      -2.791519    
   122.0402     -0.5500306      0.7352899      -2.842826    
   123.0220     -0.4764313     -0.1707588     -0.6835555    
   124.0108     -0.4330566     -0.2972204     -0.2518844    
   125.0484     -0.4569121      0.1777109      0.1424417    
   126.0300     -0.4883877      0.5831767     -6.7863077E-02
   127.0137     -0.5467011      0.9412916      -1.858270    
   128.0498     -0.5734378     -0.8710352      0.9321634    
   129.0295     -0.5695868      -3.049526     -0.1738678    
   130.0075     -0.5730597     -0.5763121       2.777449    
   131.0383     -0.5305975     -0.2840478     -0.2019976    
   132.0134     -0.4860002     -0.5317687     -0.3612617    
   133.0416     -0.4902071     -0.5019432      8.8831484E-02
   134.0147     -0.4829507     -0.2731467      0.1936621    
   135.0413     -0.4737759     -0.1305439      0.4111664    
   136.0133     -0.4877949     -1.9334026E-02  0.8341951    
   137.0389     -0.4804460      0.1345986      0.3576205    
   138.0098     -0.5306647     -0.1519402      0.1886217    
   139.0301     -0.5247896     -0.5592670       1.235610    
   140.0499     -0.5385779     -2.9955663E-02   1.438363    
   141.0118     -0.5618901      0.7765819      -3.189530    
   142.0220     -0.5737028      -1.889473     -0.7864724    
   143.0271     -0.5720261     -1.9947501E-02 -0.2634593    
   144.0146     -0.5713867     -0.4531919      0.9232668    
   145.0101     -0.5711873      3.2669023E-02  0.2155014    
   146.0012     -0.5720417       1.324874      -2.838082    
   147.0397     -0.5678436       2.886626       1.215479    
   148.0227     -0.5631500       3.132063      1.3506537E-02
   149.0462     -6.2782459E-02   7.363439       1.450023    
   150.0399      0.4350359       6.272334       1.406216    
   151.0394      0.6047491       5.997709      0.6455717    
   152.0117      0.5353341       6.237495      0.6987392    
   153.0282      0.6056762       6.412531       1.521060    
   154.0107      0.6775452       6.448316       2.198895    
   155.0334      0.6360553       6.825179       2.405000    
   156.0163      0.6882146       7.309284       1.549846    
   157.0315       1.039448       6.784146     -0.3230945    
   158.0190       1.461365       5.851342      -1.079216    
   159.0083       1.653689       5.324840     -0.8763815    
   160.0271       1.741489       5.051379     -0.6307806    
   161.0381       1.811125       4.823963     -0.3566226    
   162.0333       1.945856       4.615592     -1.4576820E-02
   163.0078       2.136798       4.368717      0.2110337    
   164.0412       2.293112       4.089076      0.2705252    
   165.0325       3.232083       2.966031     -0.8601966    
   166.0123       3.349123       2.772380      -1.048830    
   167.0075       3.419105       2.529598      -1.047021    
   168.0104       3.772110       1.755242      -1.183048    
   169.0009       3.923470       1.271853      -1.235865    
   170.0240       4.404046      0.4918346     -0.8179511    
   171.0320       4.249471      0.5417355     -0.8437794    
   172.0292       4.120215      0.5859268     -0.9680238    
   173.0428       4.176982      0.4540249      -1.173042    
   174.0249       4.349333      0.1290402      -1.313850    
   175.0345       4.470471     -3.8043059E-02  -1.399301    
   176.0087       4.455194     -1.7243169E-02  -1.532855    
   177.0335       4.302385      4.4960719E-02  -1.642904    
   178.0503       4.129344      0.1354777      -1.770754    
   179.0390       3.969167      0.2239064      -1.853383    
   180.0133       3.815757      0.2869029      -1.891777    
   181.0084       3.670627      0.3240580      -1.902042    
   182.0191       3.529101      0.3564255      -1.879050    
   183.0340       3.407362      0.3541110      -1.835517    
   184.0162       3.298138      0.3276159      -1.767516    
   185.0142       3.188251      0.3010221      -1.691499    
   186.0226       3.085436      0.2666164      -1.603101    
   187.0355       3.032356      0.1595499      -1.509880    
   188.0045       3.000338      7.0970647E-02  -1.412969    
   189.0043       2.918814      4.5836598E-02  -1.312616    
   190.0235       2.821737      1.3590942E-02  -1.245785    
   191.0326       2.734534     -7.5808880E-03  -1.203746    
   192.0372       2.644823     -5.6005684E-03  -1.155742    
   193.0370       2.549076      6.4765387E-03  -1.098189    
   194.0019       2.453694     -1.8924845E-03  -1.049906    
   195.0105       2.365694     -2.7210416E-02  -1.011132    
   196.0117       2.287371     -4.6204869E-02 -0.9688876    
   197.0221       2.206652     -6.6276118E-02 -0.9269067    
   198.0099       2.130723     -0.1017226     -0.8947844    
   199.0336       2.044972     -0.1297702     -0.8631260    
   200.0318       1.960929     -0.1541080     -0.8519579    
   201.0314       1.870874     -0.1654106     -0.8306072    
   202.0491       1.778130     -0.1549048     -0.8011658    
   203.0307       1.699083     -9.9211931E-02 -0.7958761    
   204.0069       1.636359     -2.8662313E-02 -0.8221516    
   205.0345       1.567256      1.2806252E-02 -0.8422121    
   206.0057       1.501425      2.6549038E-02 -0.8354525    
   207.0252       1.793683     -0.3081003     -6.8796068E-02
   208.0326       1.796978     -0.3524104      0.1105421    
   209.0387       1.719704     -0.3039205      0.1252238    
   210.0371       1.648816     -0.2420310      0.1416604    
   211.0032       1.590680     -0.1906772      0.1804308    
   212.0103       1.535491     -0.1689903      0.2617010    
   213.0280       1.491012     -0.1697899      0.4178429    
   214.0392       1.430723     -0.1747859      0.5599636    
   215.0383       1.429191     -0.2310562      0.7588455    
   216.0164       1.571405     -0.3386072       1.213124    
   217.0248       1.752523     -0.1128386       1.576190    
   218.0211       1.752877     -7.7210933E-02   1.782045    
   219.0126       1.686505     -0.1628312       1.942858    
   220.0152       1.637210     -0.2692022       2.170300    
   221.0133       1.571363     -0.3872756       2.422925    
   222.0078       1.510051     -0.5370179       2.750865    
   223.0076       1.368463     -0.8531958       2.890613    
   224.0092       1.202127      -1.385818       2.860685    
   225.0297       1.065027      -1.510457       3.031389    
   226.0359      0.9330639      -1.489972       3.330989    
   227.0238      0.7577099      -1.565961       3.785513    
   228.0001      0.5753976      -1.773986       4.257694    
   229.0281      0.4727022      -1.990271       4.573360    
   230.0290      0.4179530      -2.152499       4.771547    
   231.0148      0.3793506      -2.172977       4.815681    
   232.0013      0.3674719      -2.082208       4.827685    
   233.0021      0.3590534      -1.912016       4.811954    
   234.0056      0.3421520      -1.745766       4.726286    
   235.0102      0.3273623      -1.597949       4.570630    
   236.0018      0.3160741      -1.521516       4.378871    
   237.0050      0.3067075      -1.540829       4.167622    
   238.0035      0.2847230      -1.601770       4.002189    
   239.0033      0.2461278      -1.645654       3.874170    
   240.0023      0.1936784      -1.699550       3.750926    
   241.0025      0.1407093      -1.771280       3.652769    
   242.0053      7.8998685E-02  -1.843161       3.585199    
   243.0044      1.7638126E-02  -1.906252       3.494719    
   244.0023     -4.6316978E-02  -1.947337       3.450564    
   245.0033     -0.1169316      -1.967465       3.406978    
   246.0014     -0.1996608      -1.945420       3.347390    
   247.0003     -0.2855600      -2.012026       3.034102    
   248.0007     -0.2846500      -2.265799       1.933105    
   249.0013     -0.1835810      -2.414279      0.5762863    
   250.0004     -0.1538611      -2.375260      5.3521503E-02
   251.0005     -0.1942315      -2.395004     -8.4271632E-02
   252.0010     -0.2547799      -2.377979     -7.8233831E-02
   253.0021     -0.3371356      -2.358782      0.2191543    
   254.0006     -0.4376552      -2.349811      0.7711596    
   254.9998     -0.5234814      -2.944039       1.522899    
   256.0002     -0.5478922      -1.920110       2.377775    
   257.0016     -0.5517244      -2.556504       2.872410    
   258.0012     -0.5548362      -2.771047       2.885761    
   259.0002     -0.5575042      -2.872564       2.612864    
   260.0003     -0.5611441      -2.674140       2.087342    
   261.0000     -7.7172779E-02  0.2513857       5.992319    
   262.0003     -0.2127604      0.1764033       5.098646    
   262.9993     -0.3080941      0.6485112       4.527728    
   263.9996     -0.3800301      0.9308773       4.092237    
   264.9993     -0.4141452       1.073299       3.952199    
   266.0005     -0.4266370      0.9765384       3.813160    
   266.9992      0.8420112       7.712178       4.270321    
   267.9993       3.333877       5.206419      -2.589089    
   269.0001       2.793883       4.851361     -0.3806773    
   269.9986       2.101984       5.422788      3.6779627E-02
   270.9972       1.991163       6.455635       1.296635    
   271.9978       1.491205       6.415768       1.915500    
   272.9977       1.839487       7.005029       4.001503    
   273.9968       1.576161       6.445296       4.094699    
   274.9967       1.089285       5.639304       3.709924    
   275.9973       1.484169       6.834378       2.383420    
   276.9958       3.889637       7.752413      -2.082781    
   277.9970       3.098344       8.116822      -1.903155    
   278.9964       3.697608       9.123812      -1.364305    
   279.9964       3.981214       9.202712     -0.5630276    
   280.9971       4.902223       10.39078      0.5449154    
   281.9973       4.451634       8.937946       1.745511    
   282.9964       5.380388       8.175226      -1.391220    
   283.9969       6.176789       3.733423     -0.7986396    
   284.9968       8.557014       1.787419      -4.411229    
   285.9971       6.835675      0.8150226      -4.392530    
   286.9977       9.346599       3.233307      -10.67849    
   287.9972       7.193174      0.6385736      -9.814678    
   288.9968       6.488718      -2.213481      -8.612434    
   289.9976       8.219223      -2.132886      -9.921557    
   290.9970       6.838885      -2.605976      -7.630269    
   291.9963       2.660469     -0.4869092      -3.497561    
   292.9968       3.990618     -0.2527371      -2.400339    
   293.9958       4.778530       5.691947      -3.313653    
   294.9959       6.039804       6.846586      -1.095141    
   295.9953       5.237545       4.358935       3.799860    
   296.9946       9.026914      -1.253889      -3.260733    
   297.9949       9.048493      -2.081298      -4.651036    
   298.9943       8.730383      -3.375316      -4.520918    
   299.9949       7.545758      -2.347695      -1.958575    
   300.9943       5.724217      -5.008985      0.7272203    
   301.9952       8.374736      -7.825831      -1.298956    
   302.9949       10.89907      -7.008135      0.7268760    
   303.9950       9.334296      -7.371063      8.4530711E-02
   304.9943       6.478881      -7.055894      0.4869196    
   305.9954       6.272800      -6.628698       1.090030    
   306.9948       12.88717       2.386093      -2.634151    
   307.9950       14.86979       6.608364     -0.3829418    
   308.9951       8.938008       5.679474       2.994785    
   309.9953       4.626255      0.7957334       4.247523    
   310.9947       3.547564     -0.5318521       2.028672    
   311.9963       4.308935       1.853676      -3.975499    
   312.9957       5.733553       4.957114      -3.571117    
   313.9955       4.676535       1.993919      -3.417623    
   314.9943       3.725845     -0.6475831      -2.795824    
   315.9946       12.04910      -10.93280      -3.859492    
   316.9938       7.943895      -10.71581       7.495366    
   317.9944       8.246165      -7.217990       7.024641    
   318.9942       10.19825      -6.515512       4.313217    
   319.9942       8.282554      -5.359192       1.793477    
   320.9943       6.298826      -4.952485     -3.6583245E-02
   321.9948       4.858344      -4.853595     -0.8341820    
   322.9941       6.013435      -5.222010      -3.097611    
   323.9944       3.727999      -3.890741      -1.615137    
   324.9949       2.710023      -3.010389      6.1688300E-02
   325.9945       2.285671      -2.933376       1.166134    
   326.9960       2.012342      -4.017773      0.5220118    
