  6.0829435E-02 -3.8212866E-07  7.3207707E-09  2.2361932E-18
   1.034100     -6.1853374E-05  1.3435558E-05  5.0452161E-13
   2.007364     -2.4635828E-04  9.5345546E-05 -2.6666514E-12
   3.041438     -6.2125566E-04  3.2485128E-04  2.6049269E-12
   4.014658     -1.1934753E-03  7.2778162E-04  1.2496596E-11
   5.048667     -2.0868743E-03  1.3952518E-03  4.0439832E-11
   6.021813     -3.2256972E-03  2.2718525E-03  3.0432209E-11
   7.055732     -4.7440571E-03  3.4811199E-03  5.0797828E-11
   8.028780     -6.4049312E-03  4.8867264E-03  3.3781023E-11
   9.001776     -8.1836060E-03  6.5500266E-03 -2.5039401E-10
   10.03552     -1.0052866E-02  8.5851802E-03 -1.5895794E-10
   11.00832     -1.1669514E-02  1.0720924E-02 -1.5004885E-10
   12.04175     -1.3159095E-02  1.3164436E-02  1.4058797E-10
   13.01423     -1.4390982E-02  1.5561875E-02  2.9759434E-10
   14.04734     -1.5671147E-02  1.8130956E-02  4.7129127E-09
   15.01956     -1.7024668E-02  2.0480745E-02  1.4107854E-08
   16.05244     -1.8780909E-02  2.2792643E-02  3.9397165E-08
   17.02451     -2.0812238E-02  2.4684180E-02  9.7528890E-08
   18.05730     -2.3395361E-02  2.6286619E-02  2.3557543E-07
   19.02937     -2.6230710E-02  2.7355686E-02  5.1535761E-07
   20.00151     -2.9469840E-02  2.8001530E-02  9.6928068E-07
   21.03452     -3.3359770E-02  2.8280705E-02  1.9502734E-06
   22.00689     -3.7403803E-02  2.8234435E-02  3.5347944E-06
   23.03999     -4.1987535E-02  2.7931096E-02  6.1968040E-06
   24.01227     -4.6442796E-02  2.7460221E-02  9.9219733E-06
   25.04526     -5.1238377E-02  2.6815677E-02  1.5421590E-05
   26.01740     -5.5804748E-02  2.6112380E-02  2.2183349E-05
   27.05020     -6.0761038E-02  2.5273353E-02  3.0900952E-05
   28.02213     -6.5549783E-02  2.4368444E-02  4.0331979E-05
   29.05467     -7.0768557E-02  2.3227328E-02  5.1253995E-05
   30.02636     -7.5818427E-02  2.1939130E-02  6.1980165E-05
   31.05862     -8.1378825E-02  2.0323684E-02  7.3527532E-05
   32.03000     -8.6839803E-02  1.8566759E-02  8.4370877E-05
   33.00122     -9.2541963E-02  1.6558418E-02  9.5164200E-05
   34.03299     -9.8880701E-02  1.4089133E-02  1.0665571E-04
   35.00393     -0.1051624      1.1371219E-02  1.1760958E-04
   36.03536     -0.1122931      7.9722470E-03  1.2947667E-04
   37.00594     -0.1195713      4.2005666E-03  1.4087340E-04
   38.03701     -0.1280227     -5.2101858E-04  1.5320041E-04
   39.00725     -0.1367076     -5.7241460E-03  1.6501120E-04
   40.03793     -0.1467449     -1.2118324E-02  1.7791388E-04
   41.00777     -0.1569928     -1.8973341E-02  1.9061085E-04
   42.03799     -0.1687802     -2.7163213E-02  2.0500940E-04
   43.00737     -0.1807452     -3.5753619E-02  2.1974911E-04
   44.03707     -0.1943855     -4.5849849E-02  2.3716630E-04
   45.00592     -0.2080883     -5.6260560E-02  2.5585186E-04
   46.03498     -0.2235396     -6.8232365E-02  2.7903871E-04
   47.00317     -0.2388489     -8.0274813E-02  3.0480672E-04
   48.03146     -0.2557878     -9.3793079E-02  3.3692969E-04
   49.05927     -0.2732552     -0.1079467      3.7411056E-04
   50.02613     -0.2900584     -0.1217367      4.1346342E-04
   51.05286     -0.3081937     -0.1367569      4.5934776E-04
   52.01861     -0.3254007     -0.1511165      5.0564791E-04
   53.04405     -0.3436366     -0.1664693      5.5745465E-04
   54.00850     -0.3605624     -0.1808640      6.0803763E-04
   55.03246     -0.3781202     -0.1959343      6.6314224E-04
   56.05562     -0.3951049     -0.2106223      7.1922992E-04
   57.01782     -0.4104593     -0.2239952      7.7287841E-04
   58.03934     -0.4259936     -0.2376468      8.3138514E-04
   59.05999     -0.4406289     -0.2506500      8.9244224E-04
   60.01983     -0.4535166     -0.2622270      9.5306651E-04
   61.03884     -0.4662154     -0.2737698      1.0214834E-03
   62.05704     -0.4778541     -0.2845193      1.0945476E-03
   63.01463     -0.4878369     -0.2939419      1.1682969E-03
   64.03135     -0.4974484     -0.3032721      1.2526858E-03
   65.04736     -0.5060958     -0.3119617      1.3438609E-03
   66.00299     -0.5134072     -0.3196072      1.4362007E-03
   67.01774     -0.5203357     -0.3272207      1.5416135E-03
   68.03188     -0.5264327     -0.3343729      1.6550826E-03
   69.04547     -0.5317561     -0.3411301      1.7766930E-03
   70.05851     -0.5363920     -0.3475463      1.9059578E-03
   71.01147     -0.5401972     -0.3533043      2.0336360E-03
   72.02348     -0.5436674     -0.3591357      2.1746524E-03
   73.03499     -0.5465127     -0.3646621      2.3201164E-03
   74.04597     -0.5486860     -0.3698510      2.4689762E-03
   75.05583     -0.5501553     -0.3746500      2.6198062E-03
   76.00484     -0.5508544     -0.3787540      2.7622876E-03
   77.01152     -0.5507760     -0.3825949      2.9137356E-03
   78.01646     -0.5497072     -0.3857681      3.0649395E-03
   79.01958     -0.5474830     -0.3880808      3.2158550E-03
   80.02087     -0.5439176     -0.3893131      3.3672303E-03
   81.02026     -0.5387872     -0.3892302      3.5206997E-03
   82.01777     -0.5318077     -0.3875922      3.6788981E-03
   83.01337     -0.5226848     -0.3841262      3.8450526E-03
   84.00707     -0.5110999     -0.3785244      4.0223412E-03
   85.05719     -0.4957642     -0.3699216      4.2252149E-03
   86.04707     -0.4780171     -0.3589849      4.4329758E-03
   87.03518     -0.4567944     -0.3450858      4.6564229E-03
   88.02155     -0.4318668     -0.3280416      4.8935753E-03
   89.00626     -0.4030549     -0.3077075      5.1405733E-03
   90.04720     -0.3681554     -0.2824733      5.4063741E-03
   91.02876     -0.3309508     -0.2550802      5.6540305E-03
   92.00893     -0.2896129     -0.2242267      5.8918423E-03
   93.04534     -0.2414244     -0.1878623      6.1286734E-03
   94.02293     -0.1918924     -0.1501742      6.3379160E-03
   95.05682     -0.1354066     -0.1069692      6.5462217E-03
   96.03037     -7.8614376E-02 -6.3433386E-02  6.7318510E-03
   97.00484     -1.8610755E-02 -1.7447375E-02  6.9069420E-03
   98.03573      4.7790185E-02  3.3354253E-02  7.0767598E-03
   99.00856      0.1126255      8.2834266E-02  7.2169811E-03
   100.0379      0.1828923      0.1362742      7.3386827E-03
   101.0094      0.2502829      0.1872695      7.4264300E-03
   102.0374      0.3222851      0.2413771      7.4936892E-03
   103.0078      0.3905387      0.2922330      7.5409701E-03
   104.0317      0.4624848      0.3453314      7.5869304E-03
   105.0303      0.5320907      0.3963249      7.6382230E-03
   106.0278      0.6013286      0.4464174      7.7082310E-03
   107.0445      0.6711162      0.4962622      7.8047714E-03
   108.0254      0.7371860      0.5429368      7.9204142E-03
   109.0504      0.8048400      0.5901306      8.0542201E-03
   110.0122      0.8670833      0.6328362      8.1812311E-03
   111.0376      0.9319119      0.6764880      8.3092824E-03
   112.0008      0.9911309      0.7156242      8.4171128E-03
   113.0017       1.050849      0.7543759      8.5092001E-03
   114.0261       1.110011      0.7920337      8.5713081E-03
   115.0437       1.166667      0.8274348      8.5889818E-03
   116.0503       1.220455      0.8605198      8.5539734E-03
   117.0076       1.269427      0.8902240      8.4678037E-03
   118.0497       1.320337      0.9205427      8.3133131E-03
   119.0493       1.366886      0.9474979      8.1043402E-03
   120.0520       1.411330      0.9723481      7.8329509E-03
   121.0514       1.453223      0.9949449      7.5008124E-03
   122.0402       1.492051       1.015195      7.1169413E-03
   123.0220       1.527848       1.033200      6.6939946E-03
   124.0108       1.561057       1.049129      6.2431614E-03
   125.0484       1.592801       1.063386      5.7592560E-03
   126.0300       1.619790       1.074520      5.2986327E-03
   127.0137       1.643702       1.083376      4.8337583E-03
   128.0498       1.665349       1.090207      4.3378454E-03
   129.0295       1.682399       1.094294      3.8642476E-03
   130.0075       1.696069       1.096055      3.3901671E-03
   131.0383       1.706817       1.095387      2.8902006E-03
   132.0134       1.713493       1.092384      2.4134491E-03
   133.0416       1.716848       1.086749      1.9012234E-03
   134.0147       1.716597       1.079087      1.4081736E-03
   135.0413       1.712875       1.068498      8.8777806E-04
   136.0133       1.706294       1.056045      3.9892853E-04
   137.0389       1.696320       1.040411     -1.2652190E-04
   138.0098       1.683938       1.023499     -6.6304154E-04
   139.0301       1.667829       1.003882     -1.2977064E-03
   140.0499       1.648372      0.9826925     -2.0056802E-03
   141.0118       1.627262      0.9612539     -2.7125936E-03
   142.0220       1.603048      0.9369412     -3.4531038E-03
   143.0271       1.577711      0.9106051     -4.1688597E-03
   144.0146       1.551994      0.8825775     -4.8804632E-03
   145.0101       1.525035      0.8525001     -5.6715691E-03
   146.0012       1.496598      0.8213399     -6.5928940E-03
   147.0397       1.464621      0.7878994     -7.7177007E-03
   148.0227       1.432472      0.7554786     -8.8915424E-03
   149.0462       1.397942      0.7203294     -1.0154396E-02
   150.0399       1.364408      0.6841464     -1.1364459E-02
   151.0394       1.331027      0.6454456     -1.2550781E-02
   152.0117       1.298222      0.6060309     -1.3696202E-02
   153.0282       1.262265      0.5638720     -1.4921459E-02
   154.0107       1.225047      0.5227733     -1.6161101E-02
   155.0334       1.184132      0.4793680     -1.7519699E-02
   156.0163       1.144090      0.4361394     -1.8881191E-02
   157.0315       1.103188      0.3890736     -2.0326385E-02
   158.0190       1.063665      0.3409167     -2.1759829E-02
   159.0083       1.022838      0.2911254     -2.3229280E-02
   160.0271      0.9777336      0.2391766     -2.4786506E-02
   161.0381      0.9292234      0.1871572     -2.6351076E-02
   162.0333      0.8784146      0.1348774     -2.7827317E-02
   163.0078      0.8264938      8.2031906E-02 -2.9099042E-02
   164.0412      0.7688245      2.4385495E-02 -3.0172091E-02
   165.0325      0.7096798     -3.1416107E-02 -3.0937860E-02
   166.0123      0.6465338     -8.6028844E-02 -3.1505026E-02
   167.0075      0.5781273     -0.1407873     -3.1924780E-02
   168.0104      0.5066949     -0.1960092     -3.2127764E-02
   169.0009      0.4353016     -0.2514423     -3.1990156E-02
   170.0240      0.3608990     -0.3098418     -3.1420186E-02
   171.0320      0.2861448     -0.3682331     -3.0481825E-02
   172.0292      0.2105353     -0.4267227     -2.9300028E-02
   173.0428      0.1326943     -0.4872158     -2.7892420E-02
   174.0249      5.7053834E-02 -0.5469734     -2.6262913E-02
   175.0345     -2.1056024E-02 -0.6091809     -2.4225844E-02
   176.0087     -9.7204432E-02 -0.6694772     -2.1966636E-02
   177.0335     -0.1776705     -0.7332236     -1.9567320E-02
   178.0503     -0.2567146     -0.7972831     -1.7579736E-02
   179.0390     -0.3328275     -0.8603027     -1.6328324E-02
   180.0133     -0.4090042     -0.9222344     -1.5807159E-02
   181.0084     -0.4903305     -0.9844982     -1.5840089E-02
   182.0191     -0.5772595      -1.047149     -1.6232500E-02
   183.0340     -0.6679620      -1.110796     -1.6897365E-02
   184.0162     -0.7588788      -1.173808     -1.7845800E-02
   185.0142     -0.8558378      -1.238810     -1.9094616E-02
   186.0226     -0.9592251      -1.305138     -2.0347150E-02
   187.0355      -1.066712      -1.373339     -2.1092961E-02
   188.0045      -1.170702      -1.441291     -2.1048469E-02
   189.0043      -1.279478      -1.514304     -2.0430269E-02
   190.0235      -1.394343      -1.590920     -1.9790575E-02
   191.0326      -1.512750      -1.669027     -1.9572208E-02
   192.0372      -1.632915      -1.750539     -1.9586228E-02
   193.0370      -1.752872      -1.836372     -1.9189270E-02
   194.0019      -1.870318      -1.922634     -1.7943721E-02
   195.0105      -1.997638      -2.014269     -1.5895747E-02
   196.0117      -2.129017      -2.105768     -1.3871890E-02
   197.0221      -2.263993      -2.199436     -1.2526694E-02
   198.0099      -2.395397      -2.293109     -1.1816584E-02
   199.0336      -2.529629      -2.391873     -1.1007598E-02
   200.0318      -2.658309      -2.488369     -9.7017959E-03
   201.0314      -2.784653      -2.583584     -8.2787247E-03
   202.0491      -2.910313      -2.677458     -7.5631789E-03
   203.0307      -3.028063      -2.763380     -7.8881877E-03
   204.0069      -3.140270      -2.842722     -8.6914375E-03
   205.0345      -3.250272      -2.918035     -9.2029693E-03
   206.0057      -3.344454      -2.979720     -9.1097215E-03
   207.0252      -3.431607      -3.032000     -8.7905750E-03
   208.0326      -3.504181      -3.068395     -8.7345839E-03
   209.0387      -3.561922      -3.086984     -8.9507783E-03
   210.0371      -3.596159      -3.084379     -8.9485319E-03
   211.0032      -3.604881      -3.057995     -8.7707629E-03
   212.0103      -3.584980      -3.003652     -9.6834563E-03
   213.0280      -3.518278      -2.927149     -1.5014195E-02
   214.0392      -3.382611      -2.847508     -3.1293806E-02
   215.0383      -3.144807      -2.803478     -7.0347585E-02
   216.0164      -2.750088      -2.852162     -0.1477321    
   217.0248      -2.122173      -3.030410     -0.2760572    
   218.0211      -1.394451      -3.209365     -0.4106602    
   219.0126      -1.023986      -3.074415     -0.4540860    
   220.0152      -1.324761      -2.482736     -0.3650427    
   221.0133      -1.809156      -1.774417     -0.2351851    
   222.0078      -1.952793      -1.347510     -0.1791837    
   223.0076      -1.591082      -1.335709     -0.2421410    
   224.0092     -0.8327543      -1.585981     -0.3809773    
   225.0297     -0.2523062      -1.675141     -0.4588490    
   226.0359     -0.4529720      -1.319896     -0.3660949    
   227.0238     -0.9032993     -0.8488197     -0.1768479    
   228.0001     -0.8577410     -0.7258462      8.3043233E-05
   229.0281     -4.3036547E-02  -1.099219      0.1634783    
   230.0290       1.082018      -1.577404      0.3789749    
   231.0148       1.289552      -1.571184      0.6491652    
   232.0013      0.7289893      -1.182404      0.8069196    
   233.0021      0.5047238     -0.9705330      0.7304761    
   234.0056      0.7696009      -1.040683      0.5188314    
   235.0102      0.7849981      -1.012913      0.3751732    
   236.0018      0.3033969     -0.7561423      0.3795449    
   237.0050     -7.9262769E-03 -0.5610542      0.4287632    
   238.0035      0.1869947     -0.6054792      0.4146234    
   239.0033      0.4788446     -0.6869280      0.3573103    
   240.0023      0.3565629     -0.6209356      0.3403075    
   241.0025      0.3268854     -0.9003931      0.2910188    
   242.0053       3.169374      -4.094673     -0.7381325    
   243.0044       11.99220      -10.03689      -1.880680    
   244.0023      -6.201838      -37.84746      -4.953090    
   245.0033      -8.747339       48.92590     -0.2311295    
   246.0014      -6.114139       66.69870      -22.98368    
   247.0003      -8.373925      -3.277577      -52.43447    
   248.0007      -11.12972       6.319663       4.092321    
   249.0013      -8.327891       16.24065      -50.41345    
   250.0004      -6.855242      -64.87719       6.394887    
   251.0005      -8.676003      -29.77355       39.71539    
   252.0010      -8.377936       23.20696       47.09159    
   253.0021      -8.722693      -16.81832       46.20734    
   254.0006      -7.826469      -6.032246       57.10326    
   254.9998       6.047368       87.04424      -96.59556    
   256.0002      -8.902082       34.14189       32.80739    
   257.0016      -8.744209       43.56498       22.33739    
   258.0012      -9.106177       33.08336       30.77771    
   259.0002      -8.598262      -43.24681       25.87962    
   260.0003      -9.739599       28.35370       24.82856    
   261.0000      -9.461385       30.78477       27.30596    
   262.0003      -8.816501       33.61879       34.57927    
   262.9993      -8.833108       36.36320       31.42253    
   263.9996      -9.528477       31.44920       25.26754    
   264.9993      -10.38547       6.962441      -27.17201    
   266.0005      -4.437395       34.67345       73.61796    
   266.9992      -2.516780       91.70582       9.798893    
   267.9993      -1.143372       91.41994      -38.67405    
   269.0001      -11.20885      -2.680347      -1.620413    
   269.9986      -11.24491      0.0000000E+00  0.0000000E+00
   270.9972      -11.18739       3.057526     -0.6793632    
   271.9978      -11.13489      -5.892305      -4.110158    
   272.9977      -8.867419       16.18618       44.87767    
   273.9968      -9.489650       3.739424      -40.63997    
   274.9967      -10.67525      -8.491434      0.4186390    
   275.9973      -10.56672      -23.80239       6.514226    
   276.9958      -10.40186      -25.51566       10.93896    
   277.9970      -8.685035      -36.77839       33.20041    
   278.9964      -10.49578      -19.95959      -16.73897    
   279.9964      -10.92287      -13.79210      -8.329426    
   280.9971      -9.089323      -40.10221      -21.21611    
   281.9973      -8.952984       16.69335      -43.74233    
   282.9964      -3.177280      -10.45476      -88.02682    
   283.9969      -9.081265       45.13971       5.349894    
   284.9968      3.9877992E-02   81.13433      -66.56783    
   285.9971      0.5702507      -107.3680       2.542297    
   286.9977      -2.622478       91.38689       7.121814    
   287.9972       79.11674      -2.119226       8.605501    
   288.9968      -7.402737       56.08970      -23.80750    
   289.9976      -7.079152      -6.571395      -63.14353    
   290.9970      -8.810822      -23.81651       42.00350    
   291.9963      -7.866039       13.30352      -55.51007    
   292.9968      -10.76516       7.105689       19.07425    
   293.9958      -10.64671       8.026100       21.58915    
   294.9959      -11.05803       3.922177       10.56512    
   295.9953      -10.52605       8.857430       23.88359    
   296.9946      -11.05489       3.969073       10.69299    
   297.9949      -10.36173       9.877688       26.69290    
   298.9943      -10.60913       8.214421       22.35848    
   299.9949      -9.603694       13.07620       37.18502    
   300.9943      -9.891033       11.57642       33.73158    
   301.9952       12.83474       73.50834       134.7677    
   302.9949       3.318173      -119.0708      -7.225557    
   303.9950      -4.047861       66.66869      -50.58923    
   304.9943      -7.160497       2.399977       62.80708    
   305.9954      -8.307006       51.84021      -11.76251    
   306.9948      -10.06436       29.54511      -15.12908    
   307.9950      -10.27015       22.57851      -19.75175    
   308.9951      -10.24062       14.28421      -26.92295    
   309.9953      -10.51070       10.17175      -23.67437    
   310.9947      -10.45681       9.339954      -25.09116    
   311.9963      -10.13284       10.79832      -30.29876    
   312.9957      -11.34035      -1.333157      -2.834200    
   313.9955      -9.604568       39.25549       3.444105    
   314.9943      -8.207232       14.02159      -52.22103    
   315.9946      -10.93810      -10.01965       12.01124    
   316.9938      -7.944231      -55.93092       7.306036    
   317.9944      -8.793820       47.00219      -11.78952    
   318.9942      -9.450934       39.47481      -12.05443    
   319.9942      -9.592306       34.60846      -19.16085    
   320.9943      -9.371715       36.47157      -21.23933    
   321.9948      -10.03027       31.68013      -11.47229    
   322.9941      -9.014688       43.08725      -16.58360    
   323.9944       3.457021       119.8594     -4.5034759E-02
   324.9949      -9.046430       26.79665       37.17968    
   325.9945      -7.773123       38.04348       43.61418    
   326.9960      -9.973131      -30.71244       15.74931    
