  6.0829435E-02  0.0000000E+00  0.0000000E+00  0.0000000E+00
   1.034100      0.0000000E+00  0.0000000E+00  0.0000000E+00
   2.007364      0.0000000E+00  0.0000000E+00  0.0000000E+00
   3.041438      0.0000000E+00  0.0000000E+00  0.0000000E+00
   4.014658      0.0000000E+00  0.0000000E+00  0.0000000E+00
   5.048667      0.0000000E+00  0.0000000E+00  0.0000000E+00
   6.021813     -5.2581866E-37 -1.7827720E-36 -1.1400541E-36
   7.055732     -7.7035133E-35 -2.3603536E-34 -1.4988011E-34
   8.028780     -5.0968087E-33 -1.5243468E-32 -9.5575207E-33
   9.001776     -2.4766121E-31 -7.2633312E-31 -4.5019078E-31
   10.03552     -1.1502133E-29 -3.3151580E-29 -2.0320117E-29
   11.00832     -3.3668828E-28 -9.5701289E-28 -5.8097713E-28
   12.04175     -9.7612223E-27 -2.7394945E-26 -1.6474204E-26
   13.01423     -1.9283323E-25 -5.3557527E-25 -3.1941792E-25
   14.04734     -3.8434384E-24 -1.0571259E-23 -6.2530720E-24
   15.01956     -5.5173077E-23 -1.5052241E-22 -8.8391410E-23
   16.05244     -8.0675697E-22 -2.1840468E-21 -1.2732278E-21
   17.02451     -8.8579807E-21 -2.3823960E-20 -1.3798715E-20
   18.05730     -9.9512406E-20 -2.6596581E-19 -1.5304001E-19
   19.02937     -8.6736370E-19 -2.3057488E-18 -1.3189847E-18
   20.00151     -6.8306230E-18 -1.8068758E-17 -1.0278143E-17
   21.03452     -5.5107715E-17 -1.4507402E-16 -8.2052300E-17
   22.00689     -3.5811492E-16 -9.3882601E-16 -5.2825003E-16
   23.03999     -2.3796364E-15 -6.2128105E-15 -3.4773140E-15
   24.01227     -1.2990702E-14 -3.3794646E-14 -1.8824137E-14
   25.04526     -7.2305429E-14 -1.8742865E-13 -1.0388562E-13
   26.01740     -3.3630181E-13 -8.6901086E-13 -4.7949486E-13
   27.05020     -1.5884131E-12 -4.0915418E-12 -2.2470979E-12
   28.02213     -6.3604139E-12 -1.6337423E-11 -8.9344296E-12
   29.05467     -2.5731313E-11 -6.5904844E-11 -3.5883112E-11
   30.02636     -8.9358528E-11 -2.2828024E-10 -1.2379441E-10
   31.05862     -3.1165379E-10 -7.9406032E-10 -4.2885220E-10
   32.03000     -9.4345509E-10 -2.3980287E-09 -1.2903515E-09
   33.00122     -2.6764881E-09 -6.7870936E-09 -3.6392198E-09
   34.03299     -7.5569213E-09 -1.9117241E-08 -1.0213682E-08
   35.00393     -1.8815173E-08 -4.7496030E-08 -2.5289578E-08
   36.03536     -4.6346663E-08 -1.1674609E-07 -6.1924979E-08
   37.00594     -1.0164401E-07 -2.5557196E-07 -1.3501089E-07
   38.03701     -2.1894367E-07 -5.4956200E-07 -2.8885157E-07
   39.00725     -4.2274823E-07 -1.0595945E-06 -5.5393804E-07
   40.03793     -7.9195308E-07 -1.9804006E-06 -1.0340699E-06
   41.00777     -1.3718935E-06 -3.3067590E-06 -1.8816282E-06
   42.03799     -2.4583758E-06 -5.7336001E-06 -3.2728542E-06
   43.00737     -4.1342591E-06 -1.0115828E-05 -5.6699796E-06
   44.03707     -1.0415874E-05 -2.5614825E-05 -1.4746443E-05
   45.00592     -2.4379244E-05 -5.9876551E-05 -3.4400291E-05
   46.03498     -5.5507855E-05 -1.3620195E-04 -7.7740064E-05
   47.00317     -1.1320798E-04 -2.7756882E-04 -1.5732566E-04
   48.03146     -2.2779831E-04 -5.5816688E-04 -3.1375428E-04
   49.05927     -4.3312155E-04 -1.0606259E-03 -5.9107720E-04
   50.02613     -7.5360056E-04 -1.8444604E-03 -1.0193550E-03
   51.05286     -1.2861529E-03 -3.1464596E-03 -1.7229499E-03
   52.01861     -2.0224238E-03 -4.9460693E-03 -2.6839075E-03
   53.04405     -3.1034464E-03 -7.5880303E-03 -4.0761591E-03
   54.00850     -4.4257189E-03 -1.0819800E-02 -5.7546338E-03
   55.03246     -6.1462936E-03 -1.5026170E-02 -7.9038059E-03
   56.05562     -8.1461538E-03 -1.9917818E-02 -1.0356163E-02
   57.01782     -1.0217025E-02 -2.4987256E-02 -1.2845587E-02
   58.03934     -1.2540233E-02 -3.0681625E-02 -1.5578265E-02
   59.05999     -1.4925530E-02 -3.6539983E-02 -1.8318772E-02
   60.01983     -1.7195551E-02 -4.2131681E-02 -2.0868454E-02
   61.03884     -1.9629804E-02 -4.8152711E-02 -2.3545321E-02
   62.05704     -2.2097055E-02 -5.4288730E-02 -2.6204340E-02
   63.01463     -2.4450859E-02 -6.0179584E-02 -2.8692165E-02
   64.03135     -2.6963517E-02 -6.6512629E-02 -3.1290546E-02
   65.04736     -2.9441575E-02 -7.2808057E-02 -3.3785015E-02
   66.00299     -3.1691860E-02 -7.8571387E-02 -3.5981297E-02
   67.01774     -3.3953551E-02 -8.4412232E-02 -3.8114130E-02
   68.03188     -3.6062647E-02 -8.9904986E-02 -4.0030781E-02
   69.04547     -3.8023140E-02 -9.5050260E-02 -4.1747469E-02
   70.05851     -3.9859872E-02 -9.9900573E-02 -4.3298356E-02
   71.01147     -4.1522719E-02 -0.1043069     -4.4658162E-02
   72.02348     -4.3311160E-02 -0.1090405     -4.6096455E-02
   73.03499     -4.5265134E-02 -0.1141652     -4.7686774E-02
   74.04597     -4.7553621E-02 -0.1200763     -4.9623247E-02
   75.05583     -5.0317135E-02 -0.1270848     -5.2077617E-02
   76.00484     -5.3420458E-02 -0.1348122     -5.4954872E-02
   77.01152     -5.7267535E-02 -0.1442325     -5.8633372E-02
   78.01646     -6.1688840E-02 -0.1548965     -6.2920950E-02
   79.01958     -6.6707872E-02 -0.1668579     -6.7749985E-02
   80.02087     -7.2303206E-02 -0.1800511     -7.3011361E-02
   81.02026     -7.8339279E-02 -0.1941088     -7.8553140E-02
   82.01777     -8.4628485E-02 -0.2085275     -8.4201932E-02
   83.01337     -9.1074459E-02 -0.2230516     -8.9826323E-02
   84.00707     -9.7701997E-02 -0.2377591     -9.5382079E-02
   85.05719     -0.1049679     -0.2536756     -0.1012179    
   86.04707     -0.1120666     -0.2690273     -0.1067182    
   87.03518     -0.1193932     -0.2846567     -0.1122240    
   88.02155     -0.1269740     -0.3006071     -0.1177520    
   89.00626     -0.1348247     -0.3168795     -0.1233188    
   90.04720     -0.1433975     -0.3343191     -0.1292778    
   91.02876     -0.1517101     -0.3509047     -0.1350169    
   92.00893     -0.1602845     -0.3677664     -0.1409384    
   93.04534     -0.1697751     -0.3862020     -0.1474680    
   94.02293     -0.1792105     -0.4041887     -0.1538649    
   95.05682     -0.1896595     -0.4236946     -0.1608194    
   96.03037     -0.1998072     -0.4426771     -0.1675947    
   97.00484     -0.2102050     -0.4627371     -0.1747813    
   98.03573     -0.2216177     -0.4854726     -0.1830594    
   99.00856     -0.2330135     -0.5084221     -0.1916826    
   100.0379     -0.2459233     -0.5342505     -0.2017409    
   101.0094     -0.2589729     -0.5600823     -0.2120951    
   102.0374     -0.2735977     -0.5891089     -0.2239959    
   103.0078     -0.2879594     -0.6184122     -0.2362690    
   104.0317     -0.3035046     -0.6516576     -0.2505201    
   105.0303     -0.3190418     -0.6865152     -0.2658674    
   106.0278     -0.3350825     -0.7236469     -0.2826505    
   107.0445     -0.3521757     -0.7636006     -0.3011005    
   108.0254     -0.3695021     -0.8037701     -0.3199435    
   109.0504     -0.3884585     -0.8471102     -0.3405159    
   110.0122     -0.4069255     -0.8889713     -0.3606088    
   111.0376     -0.4272611     -0.9347583     -0.3829890    
   112.0008     -0.4470334     -0.9785852     -0.4050514    
   113.0017     -0.4683681      -1.024812     -0.4290871    
   114.0261     -0.4910773      -1.073152     -0.4548186    
   115.0437     -0.5146177      -1.122347     -0.4812539    
   116.0503     -0.5390971      -1.171713     -0.5076370    
   117.0076     -0.5633439      -1.219578     -0.5329003    
   118.0497     -0.5902101      -1.274181     -0.5617647    
   119.0493     -0.6162470      -1.329416     -0.5916382    
   120.0520     -0.6429103      -1.386771     -0.6237429    
   121.0514     -0.6700999      -1.445854     -0.6581628    
   122.0402     -0.6974962      -1.506724     -0.6950337    
   123.0220     -0.7250240      -1.569999     -0.7344372    
   124.0108     -0.7526432      -1.637673     -0.7776909    
   125.0484     -0.7811701      -1.713906     -0.8284961    
   126.0300     -0.8080315      -1.789802     -0.8821527    
   127.0137     -0.8353987      -1.867405     -0.9410021    
   128.0498     -0.8651459      -1.949251      -1.008143    
   129.0295     -0.8947809      -2.026657      -1.076439    
   130.0075     -0.9253563      -2.104464      -1.151414    
   131.0383     -0.9574108      -2.187701      -1.239656    
   132.0134     -0.9865769      -2.287884      -1.325463    
   133.0416      -1.016217      -2.354761      -1.421417    
   134.0147      -1.037122      -2.405473      -1.499334    
   135.0413      -1.051489      -2.419816      -1.560083    
   136.0133      -1.062918      -2.413222      -1.616802    
   137.0389      -1.073893      -2.415170      -1.680783    
   138.0098      -1.084742      -2.409020      -1.746556    
   139.0301      -1.096526      -2.386701      -1.818018    
   140.0499      -1.108914      -2.355730      -1.887435    
   141.0118      -1.121121      -2.318613      -1.943813    
   142.0220      -1.134584      -2.280866      -1.996380    
   143.0271      -1.147251      -2.250113      -2.053229    
   144.0146      -1.152178      -2.150509      -2.144263    
   145.0101      -1.154806      -2.175168      -2.385539    
   146.0012      -1.159814      -1.748822      -2.478789    
   147.0397      -1.211107     -0.9640083      -1.794647    
   148.0227      -1.222285       2.132509      -1.775837    
   149.0462     -0.8367367       7.176353       1.633729    
   150.0399     -0.6072230       6.250504       3.249408    
   151.0394     -0.2198741       5.899559       2.965171    
   152.0117      3.9120894E-02   5.602571       2.714626    
   153.0282      0.2324715       5.327754       2.493056    
   154.0107      0.3817781       5.132283       2.329379    
   155.0334      0.5188959       4.998231       2.174688    
   156.0163      0.6388131       4.896893       2.029187    
   157.0315      0.7524776       4.807450       1.889983    
   158.0190      0.8532870       4.736348       1.767357    
   159.0083      0.9450194       4.677275       1.648514    
   160.0271       1.027206       4.628005       1.543294    
   161.0381       1.103926       4.570909       1.447679    
   162.0333       1.168315       4.522417       1.383282    
   163.0078       1.213147       4.472602       1.337457    
   164.0412       1.249215       4.415496       1.308952    
   165.0325       1.286623       4.366028       1.296216    
   166.0123       1.324217       4.316978       1.281489    
   167.0075       1.365414       4.275468       1.258807    
   168.0104       1.402890       4.240458       1.236233    
   169.0009       1.405156       4.182815       1.251695    
   170.0240       1.401629       4.114979       1.272612    
   171.0320       1.407376       4.060019       1.272221    
   172.0292       1.420457       4.014193       1.248417    
   173.0428       1.424819       3.959937       1.228866    
   174.0249       1.420653       3.905051       1.214307    
   175.0345       1.411298       3.856301       1.197186    
   176.0087       1.396172       3.807348       1.181604    
   177.0335       1.389090       3.752594       1.143003    
   178.0503       2.678992       2.051437     -0.6354301    
   179.0390       3.314157       1.316120      -1.332660    
   180.0133       3.238060       1.322398      -1.301781    
   181.0084       3.123406       1.307724      -1.256720    
   182.0191       3.018387       1.263016      -1.233263    
   183.0340       2.916542       1.228450      -1.243326    
   184.0162       2.836837       1.225048      -1.260569    
   185.0142       2.779125       1.221852      -1.310840    
   186.0226       2.745787       1.208261      -1.398415    
   187.0355       3.061491      0.7113475      -1.219273    
   188.0045       3.522671      7.9594858E-02  -1.038987    
   189.0043       3.466075      5.7574332E-02  -1.065438    
   190.0235       3.416416     -3.1264022E-02  -1.019873    
   191.0326       3.424678     -0.2041145     -0.9549392    
   192.0372       3.480237     -0.4481926     -0.9018734    
   193.0370       3.403864     -0.5157791     -0.8572792    
   194.0019       3.296068     -0.5373419     -0.8207937    
   195.0105       3.187906     -0.5741648     -0.7706401    
   196.0117       3.120107     -0.6480290     -0.6803738    
   197.0221       3.391500     -0.8933580     -0.2744722    
   198.0099       3.336220     -0.9007280     -0.3038859    
   199.0336       3.179086     -0.9167186     -0.2448399    
   200.0318       3.102873      -1.016955     -0.1008379    
   201.0314       2.996669      -1.049789     -3.9089926E-02
   202.0491       2.928713      -1.086837      3.4459181E-02
   203.0307       2.892555      -1.184657      0.1237957    
   204.0069       2.773792      -1.214271      0.1278529    
   205.0345       2.714758      -1.222790      0.2170104    
   206.0057       2.645796      -1.249818      0.2549708    
   207.0252       2.650761      -1.322312      0.3938594    
   208.0326       2.686865      -1.366879      0.5480585    
   209.0387       2.628749      -1.376535      0.5655198    
   210.0371       2.555462      -1.417212      0.5681815    
   211.0032       2.463959      -1.468727      0.5301632    
   212.0103       2.374431      -1.570241      0.4960692    
   213.0280       2.286981      -1.679073      0.4738837    
   214.0392       2.263184      -1.740089      0.4800389    
   215.0383       2.255163      -1.689966      0.4338942    
   216.0164       2.214082      -1.652087      0.3603287    
   217.0248       2.148178      -1.658787      0.2882811    
   218.0211       2.052456      -1.713431      0.2508583    
   219.0126       1.951387      -1.781313      0.2325929    
   220.0152       1.860508      -1.841603      0.2390288    
   221.0133       1.771159      -1.901300      0.2461865    
   222.0078       1.679218      -1.962256      0.2256958    
   223.0076       1.595484      -2.025919      0.1932691    
   224.0092       1.522805      -2.076686      0.1679958    
   225.0297       1.452054      -2.115649      0.1446911    
   226.0359       1.373776      -2.163945      9.5944390E-02
   227.0238       1.287587      -2.218809      3.0900326E-02
   228.0001       1.207117      -2.267271     -2.5143057E-02
   229.0281       1.130256      -2.316133     -7.0547000E-02
   230.0290       1.047672      -2.358826     -0.1229599    
   231.0148      0.9566117      -2.396923     -0.1859526    
   232.0013      0.8635651      -2.422890     -0.2363762    
   233.0021      0.7705696      -2.447695     -0.2784265    
   234.0056      0.6827937      -2.476431     -0.3121559    
   235.0102      0.5993581      -2.501163     -0.3397860    
   236.0018      0.5225045      -2.522751     -0.3638115    
   237.0050      0.4488597      -2.545181     -0.3912883    
   238.0035      0.3787356      -2.573148     -0.4252965    
   239.0033      0.3136674      -2.617536     -0.4674141    
   240.0023      0.2536657      -2.678427     -0.5144988    
   241.0025      0.1927805      -2.739876     -0.5545315    
   242.0053      0.1312259      -2.801054     -0.5872903    
   243.0044      7.0438161E-02  -2.862259     -0.6153154    
   244.0023      3.8829923E-03  -2.911226     -0.6258302    
   245.0033     -6.8001859E-02  -2.948910     -0.6235009    
   246.0014     -0.1397481      -2.982452     -0.6253050    
   247.0003     -0.2060542      -3.022920     -0.6443343    
   248.0007     -0.2676168      -3.070670     -0.6822692    
   249.0013     -0.3284281      -3.119291     -0.7306936    
   250.0004     -0.3909588      -3.165865     -0.7829437    
   251.0005     -0.4523616      -3.216836     -0.8407742    
   252.0010     -0.5123480      -3.277599     -0.9025652    
   253.0021     -0.5705745      -3.335239     -0.9651644    
   254.0006     -0.6223617      -3.393728      -1.035635    
   254.9998     -0.6667961      -3.453933      -1.110860    
   256.0002     -0.7094281      -3.489465      -1.176993    
   257.0016     -0.7502950      -3.494267      -1.237537    
   258.0012     -0.7857814      -3.487972      -1.301535    
   259.0002     -0.8140324      -3.486529      -1.367690    
   260.0003     -0.8394503      -3.488145      -1.424242    
   261.0000     -0.8657798      -3.471287      -1.465389    
   262.0003     -0.8943967      -3.430526      -1.494219    
   262.9993     -0.9181562      -3.371640      -1.522769    
   263.9996      0.8195589       3.109639      -3.111830    
   264.9993      0.7998309       3.838889      -2.970526    
   266.0005      0.9389092       3.146278      -3.589146    
   266.9992      0.4514303       1.433625      -3.273079    
   267.9993      0.1360895       1.339265      -2.357399    
   269.0001       2.429133       4.663749       3.066761    
   269.9986       2.255458       3.892586       3.891396    
   270.9972       1.655467       2.980211       3.587439    
   271.9978       1.478371       2.401966       3.529155    
   272.9977       1.604720       2.515443       3.679217    
   273.9968       1.988154       3.156089       4.015870    
   274.9967       1.529897       2.183270       4.045428    
   275.9973       1.044563       1.522900       3.681558    
   276.9958      0.6372407       1.081985       3.138451    
   277.9970      0.3802390      0.8456317       2.769214    
   278.9964      0.1574922      0.6158223       2.425827    
   279.9964     -9.2777565E-02  0.2802545       2.005225    
   280.9971     -0.2915495     -1.5727771E-02   1.626323    
   281.9973     -0.3982481     -0.2554728       1.177373    
   282.9964      1.2208181E-02  -2.966857      0.9029528    
   283.9969       3.490847      -7.879122      -2.382044    
   284.9968       5.475657      -5.438750      -1.721705    
   285.9971       5.978291      -3.772067      -1.720105    
   286.9977       6.609643      -1.408308      -2.176527    
   287.9972       5.596875     -0.9669994      -2.460351    
   288.9968       8.372077       1.950616      -3.981348    
   289.9976       7.883239       2.034222      -4.992368    
   290.9970       8.277341       1.943515      -3.872417    
   291.9963       10.11273       1.992462      -5.023321    
   292.9968       10.38419     -0.5018275      -2.329673    
   293.9958       8.461465      -1.285994      -2.331909    
   294.9959       7.432564      -1.228381      -2.344893    
   295.9953       7.371436      -2.566697      -3.020700    
   296.9946       5.357342      -3.243790      -2.546668    
   297.9949       4.370215      -3.441242      -2.652006    
   298.9943       5.814374      -6.517886      -5.474751    
   299.9949       4.870407      -3.954737      -6.414697    
   300.9943       7.999236      -5.205932      -7.575152    
   301.9952       7.395337      -9.006305      -4.973215    
   302.9949       4.924606      -10.07399      -3.182585    
   303.9950       7.807184      -9.345701      -6.979514    
   304.9943       9.597350      -10.49286      -10.26908    
   305.9954       7.986087      -13.24042      -9.193806    
   306.9948       6.181581      -13.87267      -9.384268    
   307.9950       4.372079      -12.52998      -10.22559    
   308.9951       5.305911      -12.38701      -4.947875    
   309.9953       3.391200      -9.594979      -1.089142    
   310.9947       5.539838      -12.98956       1.173162    
   311.9963       5.409552      -13.35455      0.2142729    
   312.9957       6.395401      -13.97664      -2.321973    
   313.9955       10.45063      -16.27120      -2.808325    
   314.9943       8.369451      -14.06574      -2.448193    
   315.9946       9.059534      -16.43229       3.142417    
   316.9938       8.126864      -17.33157       2.425975    
   317.9944       7.895458      -17.87654       2.553962    
   318.9942       7.467978      -16.32967      0.4096384    
   319.9942       10.51759      -16.85550      -3.144634    
   320.9943       12.05941      -17.90121      -1.758447    
   321.9948       11.38847      -16.40493      -2.776813    
   322.9941       11.24112      -12.58546      -4.100622    
   323.9944       10.85693      -8.893029      -3.519911    
   324.9949       10.89698      -8.048411      -2.346502    
   325.9945       9.531031      -8.831634      -1.366402    
   326.9960       8.824548      -10.73646      -1.011259    
