  6.0829435E-02  0.0000000E+00  0.0000000E+00  0.0000000E+00
   1.034100      0.0000000E+00  0.0000000E+00  0.0000000E+00
   2.007364      0.0000000E+00  0.0000000E+00  0.0000000E+00
   3.041438      0.0000000E+00  0.0000000E+00  0.0000000E+00
   4.014658      0.0000000E+00  0.0000000E+00  0.0000000E+00
   5.048667      0.0000000E+00  0.0000000E+00  0.0000000E+00
   6.021813      0.0000000E+00  0.0000000E+00  0.0000000E+00
   7.055732      0.0000000E+00  0.0000000E+00  0.0000000E+00
   8.028780      0.0000000E+00  0.0000000E+00  0.0000000E+00
   9.001776      0.0000000E+00  0.0000000E+00  0.0000000E+00
   10.03552      0.0000000E+00  0.0000000E+00  0.0000000E+00
   11.00832      0.0000000E+00  0.0000000E+00  0.0000000E+00
   12.04175     -1.5508850E-38 -1.0786129E-37 -1.5252732E-37
   13.01423     -5.0004331E-36 -1.8550793E-35 -2.1868682E-35
   14.04734     -2.7215048E-34 -1.0050571E-33 -1.1733474E-33
   15.01956     -9.3430194E-33 -3.4485924E-32 -3.9962467E-32
   16.05244     -3.2705413E-31 -1.2068713E-30 -1.3882148E-30
   17.02451     -7.8141079E-30 -2.8831629E-29 -3.2948695E-29
   18.05730     -1.9239543E-28 -7.0983379E-28 -8.0600587E-28
   19.02937     -3.3895604E-27 -1.2504998E-26 -1.4120356E-26
   20.00151     -5.2350689E-26 -1.9312131E-25 -2.1695450E-25
   21.03452     -8.3867126E-25 -3.0934401E-24 -3.4580238E-24
   22.00689     -1.0136444E-23 -3.7381026E-23 -4.1610579E-23
   23.03999     -1.2713295E-22 -4.6870157E-22 -5.1963336E-22
   24.01227     -1.2365209E-21 -4.5570180E-21 -5.0351187E-21
   25.04526     -1.2469649E-20 -4.5932509E-20 -5.0589972E-20
   26.01740     -9.9845379E-20 -3.6757826E-19 -4.0378592E-19
   27.05020     -8.2733013E-19 -3.0436462E-18 -3.3353608E-18
   28.02213     -5.5541741E-18 -2.0417435E-17 -2.2330746E-17
   29.05467     -3.8481478E-17 -1.4132861E-16 -1.5430440E-16
   30.02636     -2.1984882E-16 -8.0663265E-16 -8.7951894E-16
   31.05862     -1.2918962E-15 -4.7345051E-15 -5.1565871E-15
   32.03000     -6.3562949E-15 -2.3266164E-14 -2.5321027E-14
   33.00122     -2.9190609E-14 -1.0670512E-13 -1.1607180E-13
   34.03299     -1.3702643E-13 -5.0011384E-13 -5.4388839E-13
   35.00393     -5.4906887E-13 -2.0007294E-12 -2.1759957E-12
   36.03536     -2.2373889E-12 -8.1372660E-12 -8.8535099E-12
   37.00594     -7.8689546E-12 -2.8562527E-11 -3.1097624E-11
   38.03701     -2.7988355E-11 -1.0135603E-10 -1.1047037E-10
   39.00725     -8.6809913E-11 -3.1361327E-10 -3.4227968E-10
   40.03793     -2.7081429E-10 -9.7559938E-10 -1.0667257E-09
   41.00777     -7.4418877E-10 -2.6731182E-09 -2.9289129E-09
   42.03799     -2.0468551E-09 -7.3274831E-09 -8.0495779E-09
   43.00737     -5.0088196E-09 -1.7869024E-08 -1.9684917E-08
   44.03707     -1.2209911E-08 -4.3385636E-08 -4.7953449E-08
   45.00592     -2.6717787E-08 -9.4551112E-08 -1.0486435E-07
   46.03498     -5.7892134E-08 -2.0391364E-07 -2.2704708E-07
   47.00317     -1.1337463E-07 -3.9741604E-07 -4.4426261E-07
   48.03146     -2.1798714E-07 -7.5976635E-07 -8.5322432E-07
   49.05927     -3.9256892E-07 -1.3591603E-06 -1.5343677E-06
   50.02613     -6.3934777E-07 -2.1965134E-06 -2.4946780E-06
   51.05286     -9.9083024E-07 -3.3679223E-06 -3.8571375E-06
   52.01861     -1.3744972E-06 -4.6085170E-06 -5.3367489E-06
   53.04405     -1.7703802E-06 -5.8155424E-06 -6.8585737E-06
   54.00850     -2.0882746E-06 -6.7043352E-06 -7.9892479E-06
   55.03246     -3.3377962E-06 -1.1123595E-05 -1.2828886E-05
   56.05562     -9.8784485E-06 -3.3651697E-05 -3.8607144E-05
   57.01782     -2.5174040E-05 -8.5819316E-05 -9.9702869E-05
   58.03934     -6.0073526E-05 -2.0462835E-04 -2.3906927E-04
   59.05999     -1.3155513E-04 -4.4765620E-04 -5.2417751E-04
   60.01983     -2.5849699E-04 -8.7845745E-04 -1.0299404E-03
   61.03884     -4.9851439E-04 -1.6912980E-03 -1.9849783E-03
   62.05704     -9.0382347E-04 -3.0604312E-03 -3.5956919E-03
   63.01463     -1.4957602E-03 -5.0540413E-03 -5.9457305E-03
   64.03135     -2.4087245E-03 -8.1178481E-03 -9.5670307E-03
   65.04736     -3.6596507E-03 -1.2297854E-02 -1.4523680E-02
   66.00299     -5.1613408E-03 -1.7291903E-02 -2.0465236E-02
   67.01774     -7.0856549E-03 -2.3656838E-02 -2.8061179E-02
   68.03188     -9.3039712E-03 -3.0945238E-02 -3.6783218E-02
   69.04547     -1.1754151E-02 -3.8934715E-02 -4.6367381E-02
   70.05851     -1.4371577E-02 -4.7398161E-02 -5.6552000E-02
   71.01147     -1.6940476E-02 -5.5633608E-02 -6.6484831E-02
   72.02348     -1.9754482E-02 -6.4584084E-02 -7.7254869E-02
   73.03499     -2.2646455E-02 -7.3704220E-02 -8.8179648E-02
   74.04597     -2.5620854E-02 -8.2988061E-02 -9.9252783E-02
   75.05583     -2.8690223E-02 -9.2456326E-02 -0.1104520    
   76.00484     -3.1671185E-02 -0.1015472     -0.1210188    
   77.01152     -3.4937564E-02 -0.1114257     -0.1321627    
   78.01646     -3.8312841E-02 -0.1215793     -0.1430475    
   79.01958     -4.1813828E-02 -0.1320700     -0.1534633    
   80.02087     -4.5460913E-02 -0.1429639     -0.1632446    
   81.02026     -4.9274985E-02 -0.1543088     -0.1723521    
   82.01777     -5.3268485E-02 -0.1660939     -0.1808325    
   83.01337     -5.7428021E-02 -0.1781808     -0.1886859    
   84.00707     -6.1726689E-02 -0.1902964     -0.1959233    
   85.05719     -6.6421427E-02 -0.2028146     -0.2029505    
   86.04707     -7.1033679E-02 -0.2141368     -0.2089486    
   87.03518     -7.5858861E-02 -0.2249192     -0.2146139    
   88.02155     -8.0909930E-02 -0.2353950     -0.2206552    
   89.00626     -8.6205892E-02 -0.2459647     -0.2277004    
   90.04720     -9.2119582E-02 -0.2576366     -0.2365959    
   91.02876     -9.8036967E-02 -0.2692470     -0.2464865    
   92.00893     -0.1043174     -0.2813110     -0.2577051    
   93.04534     -0.1113030     -0.2944558     -0.2710631    
   94.02293     -0.1181672     -0.3075343     -0.2850217    
   95.05682     -0.1257552     -0.3222072     -0.3005353    
   96.03037     -0.1332966     -0.3365050     -0.3152793    
   97.00484     -0.1413253     -0.3507774     -0.3295907    
   98.03573     -0.1504685     -0.3656450     -0.3428455    
   99.00856     -0.1600017     -0.3793375     -0.3510055    
   100.0379     -0.1708290     -0.3930536     -0.3566764    
   101.0094     -0.1808048     -0.4063427     -0.3636467    
   102.0374     -0.1905343     -0.4216102     -0.3774763    
   103.0078     -0.1986823     -0.4369105     -0.4008710    
   104.0317     -0.2066055     -0.4531489     -0.4388980    
   105.0303     -0.2154001     -0.4716989     -0.4749229    
   106.0278     -0.2283393     -0.5029777     -0.4799257    
   107.0445     -0.2460998     -0.5354782     -0.4455644    
   108.0254     -0.2644677     -0.5518360     -0.4042428    
   109.0504     -0.2815683     -0.5354052     -0.3819993    
   110.0122     -0.2935841     -0.4832454     -0.3541110    
   111.0376     -0.3028103     -0.3504907     -0.2305298    
   112.0008     -0.3091807     -0.3088470     -9.7485960E-02
   113.0017     -0.2960238     -0.2849892      0.3077967    
   114.0261     -0.2961318     -0.4231406      0.6731650    
   115.0437     -0.2998852     -0.4232551      0.7886812    
   116.0503     -0.3064733     -0.2777142      0.8808890    
   117.0076     -0.3150330     -4.4345938E-02   1.009025    
   118.0497     -0.3196224      0.2418167      0.8705595    
   119.0493     -0.3109591     -0.2977494      0.2641843    
   120.0520     -0.3008991     -0.4692094     -0.3091254    
   121.0514     -0.2967894      1.1288437E-02 -0.3670780    
   122.0402     -0.2982013      0.1995743      0.1460789    
   123.0220     -0.2981987      0.1860564      0.3197723    
   124.0108     -0.3022577      0.1692115      0.4922130    
   125.0484     -0.3020312      8.0221795E-02  0.5139976    
   126.0300     -0.2963083     -0.1342948     -1.2961147E-02
   127.0137     -0.3067253     -0.1643333      6.5057431E-03
   128.0498     -0.3147583     -8.5883722E-02  0.2199574    
   129.0295     -0.3084951      3.4045245E-02  0.4960378    
   130.0075     -0.3063289      0.1200069      0.8798720    
   131.0383     -0.2983570      0.1559353      0.5202666    
   132.0134     -0.2951954      2.1711735E-02  0.4209897    
   133.0416     -0.2970144      3.9984904E-02  0.3354344    
   134.0147     -0.3018577      9.9055596E-02  0.4109173    
   135.0413     -0.2991019      8.0433317E-02  0.3155529    
   136.0133     -0.2861242     -9.2518725E-02  0.1095800    
   137.0389     -0.2668526     -0.4006055     -7.2826095E-02
   138.0098     -0.2715244     -0.3793600     -0.1603528    
   139.0301     -0.2788850     -0.2666809     -0.1259392    
   140.0499     -0.2883734     -0.2096378      0.1235091    
   141.0118     -0.2894787     -0.2584917      0.2601603    
   142.0220     -0.2865615     -0.3340728      0.3457510    
   143.0271     -0.2818531     -0.4089770      0.3778957    
   144.0146     -0.2793054     -0.4521400      0.4990708    
   145.0101     -0.2826735     -0.5092144      0.7315981    
   146.0012     -0.2941887     -0.4873303      0.8821326    
   147.0397     -0.3046694     -0.4451877       1.099234    
   148.0227     -0.3118277     -0.4067414       1.342950    
   149.0462     -0.2250180       2.248832       1.067629    
   150.0399      0.2282154       6.211750     -0.2994910    
   151.0394      0.2530705       6.496205      4.6758931E-02
   152.0117      0.3511491       6.686526      0.3644005    
   153.0282      0.4738533       6.726232      0.2919182    
   154.0107      0.6021636       6.428721      6.0526971E-02
   155.0334      0.7088369       5.606972      0.6042718    
   156.0163      0.8430661       4.816401       1.544995    
   157.0315      0.9741257       4.408871       1.864340    
   158.0190       1.066914       4.239396       1.904995    
   159.0083       1.132353       4.132715       1.883887    
   160.0271       1.170828       4.069315       1.848621    
   161.0381       1.240530       4.031039       1.713861    
   162.0333       1.398729       4.122087       1.410874    
   163.0078       1.474803       4.215017       1.320827    
   164.0412       1.499727       4.231064       1.301391    
   165.0325       1.513757       4.186491       1.269594    
   166.0123       1.535110       4.144531       1.251105    
   167.0075       1.550248       4.081282       1.219745    
   168.0104       1.560285       4.007840       1.215889    
   169.0009       1.567943       3.928349       1.209492    
   170.0240       1.582397       3.841833       1.210823    
   171.0320       4.019882     -0.1087259      -1.286470    
   172.0292       3.961797     -0.2596732      -1.455937    
   173.0428       3.885848     -0.1659353      -1.527492    
   174.0249       3.793950     -0.1605382      -1.558924    
   175.0345       3.698242     -0.2043463      -1.558487    
   176.0087       3.602101     -0.2079849      -1.551866    
   177.0335       3.523049     -0.1734487      -1.578004    
   178.0503       3.439993     -0.1494719      -1.630873    
   179.0390       3.374740     -0.1173069      -1.713376    
   180.0133       3.327292     -7.0352554E-02  -1.801054    
   181.0084       3.285452     -1.6736082E-03  -1.915681    
   182.0191       3.294034     -8.8751717E-03  -2.074023    
   183.0340       3.274812     -5.3841304E-02  -2.171266    
   184.0162       3.256227     -9.8668307E-02  -2.255599    
   185.0142       3.211118     -0.1101718      -2.317706    
   186.0226       3.147844     -7.0541397E-02  -2.373477    
   187.0355       3.065143      0.1165953      -2.424271    
   188.0045       2.972511      0.3734433      -2.471173    
   189.0043       2.877449      0.4809562      -2.512763    
   190.0235       2.771873      0.4420094      -2.547983    
   191.0326       2.664195      0.3602059      -2.588971    
   192.0372       2.560892      0.2902756      -2.624002    
   193.0370       2.443580      0.2198197      -2.628670    
   194.0019       2.324615      0.1473704      -2.630671    
   195.0105       2.204156      8.7557651E-02  -2.640482    
   196.0117       2.124156      2.1875819E-02  -2.574883    
   197.0221       2.492310     -0.4248250      -1.764457    
   198.0099       3.092410      -1.256327     -0.8049347    
   199.0336       2.790755      -1.084243      -1.017052    
   200.0318       2.584651      -1.008912      -1.153289    
   201.0314       2.436653     -0.9711273      -1.214100    
   202.0491       2.344912     -0.9811037      -1.241645    
   203.0307       2.234460     -0.9507020      -1.261114    
   204.0069       2.132194     -0.9687300      -1.290124    
   205.0345       2.076228      -1.068593      -1.288686    
   206.0057       2.251196      -1.142602     -0.8696724    
   207.0252       2.260202      -1.226755     -0.8733241    
   208.0326       2.166291      -1.169011      -1.071556    
   209.0387       2.040734     -0.9206856      -1.274605    
   210.0371       1.941842     -0.6990616      -1.392915    
   211.0032       1.879568     -0.4891013      -1.363312    
   212.0103       1.751289     -0.1616888      -1.265263    
   213.0280       1.654528      0.3175958     -0.9180377    
   214.0392       1.857899      0.7764819     -9.0472154E-02
   215.0383       2.078909      0.8951696      0.6113724    
   216.0164       2.123630      0.8962166      0.9639720    
   217.0248       2.095451      0.7975027       1.223164    
   218.0211       2.015417      0.6323051       1.354781    
   219.0126       1.930950      0.4259630       1.426148    
   220.0152       1.859134      0.2068714       1.494752    
   221.0133       1.788280      2.3548428E-02   1.517710    
   222.0078       1.715468     -0.1188672       1.511420    
   223.0076       1.646871     -0.2414625       1.501191    
   224.0092       1.578966     -0.3492074       1.492029    
   225.0297       1.503576     -0.4331623       1.488831    
   226.0359       1.429948     -0.4995405       1.484034    
   227.0238       1.367848     -0.5748907       1.473848    
   228.0001       1.313241     -0.6573603       1.467883    
   229.0281       1.252021     -0.7249529       1.452873    
   230.0290       1.188100     -0.7719139       1.418119    
   231.0148       1.121244     -0.8078936       1.366446    
   232.0013       1.050100     -0.8362909       1.304952    
   233.0021      0.9840891     -0.8782471       1.231890    
   234.0056      0.9267468     -0.9393836       1.146826    
   235.0102      0.8754451      -1.007547       1.047225    
   236.0018      0.8319615      -1.085691      0.9464161    
   237.0050      0.7932516      -1.181314      0.8566572    
   238.0035      0.7491163      -1.254114      0.7751864    
   239.0033      0.6903516      -1.298796      0.6964501    
   240.0023      0.6273439      -1.327436      0.6148931    
   241.0025      0.5686685      -1.349495      0.5352194    
   242.0053      0.5188384      -1.372864      0.4692583    
   243.0044      0.4782760      -1.397927      0.4199447    
   244.0023      0.4453456      -1.429976      0.3783866    
   245.0033      0.4203844      -1.475379      0.3210743    
   246.0014      0.4055240      -1.540801      0.2187119    
   247.0003      0.3897212      -1.597469      0.1007446    
   248.0007      0.3589627      -1.613346      2.0788725E-02
   249.0013      0.3200518      -1.596837     -1.6696112E-02
   250.0004      0.2831084      -1.578343     -3.1344350E-02
   251.0005      0.2488075      -1.561686     -3.9912347E-02
   252.0010      0.2151427      -1.539286     -4.1844953E-02
   253.0021      0.1826138      -1.517961     -5.1089011E-02
   254.0006      0.1527663      -1.506620     -7.8007415E-02
   254.9998      0.1249450      -1.501212     -0.1103902    
   256.0002      9.7495645E-02  -1.502892     -0.1425295    
   257.0016      6.9903545E-02  -1.504077     -0.1845498    
   258.0012      4.3360915E-02  -1.504916     -0.2348221    
   259.0002      1.9267591E-02  -1.475587     -0.2936321    
   260.0003       1.101648       3.479359      -2.084731    
   261.0000       1.157853       4.792251     -0.5931118    
   262.0003       1.164419       5.677813       1.578675    
   262.9993      0.7224248       8.258303       2.184154    
   263.9996      0.3815114       11.60771      -2.015478    
   264.9993      0.2790461       10.68529     -0.4060880    
   266.0005      0.3681457       8.888966      0.7964937    
   266.9992       1.496124       8.476993      -1.862934    
   267.9993      0.9950621       6.990168      -1.507272    
   269.0001      0.5450563       5.704181     -0.9209719    
   269.9986      0.9732903       6.696225      -1.091137    
   270.9972      0.8691321       7.417991      -1.224780    
   271.9978       1.343731       10.26686      -1.934724    
   272.9977      0.8571622       9.613982      -2.391546    
   273.9968      0.6829570       8.887006      -2.046037    
   274.9967      0.5421546       7.802861      -1.602420    
   275.9973      0.4048613       6.952725      -1.257155    
   276.9958       1.105240       8.208195      0.7947877    
   277.9970       1.326270       7.208430       1.595247    
   278.9964       1.456069       6.122496       1.156072    
   279.9964       2.400339       2.167314       1.365246    
   280.9971       3.628444      -1.758397      0.6902436    
   281.9973       2.896598      -2.667859     -0.5591038    
   282.9964       2.512229      -2.925372      -1.557321    
   283.9969       3.876874     -0.8783150      -5.288488    
   284.9968       5.204566      -2.683335      -3.727839    
   285.9971       5.137373      -2.534166      -4.183498    
   286.9977       9.072491       1.401962      -6.976737    
   287.9972       7.579104       1.275645      -1.938303    
   288.9968       9.930459       3.302589      -1.240937    
   289.9976       8.098243       1.336825      0.5484064    
   290.9970       8.506710     -0.5221069       1.097016    
   291.9963       6.865943      -1.536587      0.6037854    
   292.9968       6.677072      -2.991284     -0.4292584    
   293.9958       8.638094      -3.513273      -2.970855    
   294.9959       7.635805      -3.590769      -1.694226    
   295.9953       7.326729      -2.053407      0.1295641    
   296.9946       14.16637      9.5064595E-04  -2.707879    
   297.9949       10.38224      -1.685913      -3.259911    
   298.9943       8.918402      -4.660119      -4.907623    
   299.9949       12.38735      -7.523998      -8.648977    
   300.9943       8.562922      -8.887683      -10.95516    
   301.9952       9.387656      -9.146782      -8.913880    
   302.9949       10.08047      -10.66977      -7.239199    
   303.9950       7.617139      -11.60832      -7.171578    
   304.9943       6.141607      -11.58401      -1.552956    
   305.9954       5.582961      -9.674194      0.5645413    
   306.9948       6.843994      -9.887357       1.527125    
   307.9950       8.815776      -12.00543     -0.4295957    
   308.9951       8.753132      -12.44686      -1.780749    
   309.9953       13.02099      -10.23438      -5.790769    
   310.9947       15.78088      -9.867578     -0.7360196    
   311.9963       13.36407      -9.014991      0.5209675    
   312.9957       10.52589      -6.622935      -1.053041    
   313.9955       12.13110      -3.213926      -2.603976    
   314.9943       11.92512      -3.216087       1.511762    
   315.9946       15.58533      -8.468017       2.044153    
   316.9938       14.74401      -11.02520       3.327539    
   317.9944       10.42559      -8.804025       2.273776    
   318.9942       7.828722      -6.903413      -2.243168    
   319.9942       6.915311      -7.846356      -2.359867    
   320.9943       6.008620      -8.143671      -6.140081    
   321.9948       5.377055      -8.720190      -8.973855    
   322.9941       4.920049      -9.475434      -10.79215    
   323.9944       4.639924      -9.116267      -10.63056    
   324.9949       5.916036      -11.16692      -13.49520    
   325.9945       10.65628      -14.36118      -2.742325    
   326.9960       11.95409      -13.01002     -0.4429482    
