     0.11273E-01     0.13505E-16     0.83535E-16    -0.48657E-19
     0.56772E-01     0.13314E-16     0.94895E-16    -0.71043E-19
     0.10226E+00     0.13091E-16     0.10511E-15    -0.11545E-18
     0.15908E+00     0.12757E-16     0.11610E-15    -0.20669E-18
     0.20451E+00     0.12443E-16     0.12334E-15    -0.30658E-18
     0.26127E+00     0.11995E-16     0.13028E-15    -0.46720E-18
     0.30666E+00     0.11584E-16     0.13411E-15    -0.62689E-18
     0.35204E+00     0.11114E-16     0.13637E-15    -0.81523E-18
     0.40877E+00     0.10429E-16     0.13693E-15    -0.10936E-17
     0.45415E+00     0.98298E-17     0.13556E-15    -0.13345E-17
     0.51088E+00     0.89931E-17     0.13156E-15    -0.16415E-17
     0.55626E+00     0.82676E-17     0.12653E-15    -0.18689E-17
     0.60166E+00     0.74870E-17     0.11987E-15    -0.20790E-17
     0.65840E+00     0.64302E-17     0.10937E-15    -0.23661E-17
     0.70379E+00     0.55305E-17     0.99390E-16    -0.26933E-17
     0.76053E+00     0.43825E-17     0.85365E-16    -0.33394E-17
     0.80593E+00     0.35064E-17     0.73388E-16    -0.41087E-17
     0.85132E+00     0.27388E-17     0.61248E-16    -0.51174E-17
     0.90806E+00     0.20195E-17     0.46535E-16    -0.65623E-17
     0.95344E+00     0.16826E-17     0.35538E-16    -0.77385E-17
     0.10102E+01     0.15688E-17     0.22966E-16    -0.89703E-17
     0.10556E+01     0.16869E-17     0.13757E-16    -0.96193E-17
     0.11009E+01     0.19338E-17     0.50804E-17    -0.99242E-17
     0.11577E+01     0.23375E-17    -0.53339E-17    -0.99314E-17
     0.12030E+01     0.27016E-17    -0.13515E-16    -0.98505E-17
     0.12598E+01     0.32231E-17    -0.23638E-16    -0.99948E-17
     0.13051E+01     0.37652E-17    -0.31492E-16    -0.10484E-16
     0.13505E+01     0.44705E-17    -0.39027E-16    -0.11355E-16
     0.14072E+01     0.56793E-17    -0.47974E-16    -0.12860E-16
     0.14526E+01     0.68440E-17    -0.55019E-16    -0.14271E-16
     0.15093E+01     0.84878E-17    -0.63967E-16    -0.16156E-16
     0.15546E+01     0.10004E-16    -0.71437E-16    -0.17619E-16
     0.16113E+01     0.12188E-16    -0.81236E-16    -0.19341E-16
     0.16567E+01     0.14183E-16    -0.89390E-16    -0.20909E-16
     0.17020E+01     0.16435E-16    -0.97815E-16    -0.22867E-16
     0.17587E+01     0.19655E-16    -0.10889E-15    -0.26031E-16
     0.18041E+01     0.22634E-16    -0.11858E-15    -0.29143E-16
     0.18608E+01     0.26921E-16    -0.13236E-15    -0.33689E-16
     0.19061E+01     0.30823E-16    -0.14515E-15    -0.37852E-16
     0.19515E+01     0.35182E-16    -0.15992E-15    -0.42542E-16
     0.20082E+01     0.41400E-16    -0.18189E-15    -0.49342E-16
     0.20535E+01     0.47126E-16    -0.20281E-15    -0.55767E-16
     0.21102E+01     0.55413E-16    -0.23391E-15    -0.65382E-16
     0.21555E+01     0.63104E-16    -0.26344E-15    -0.74585E-16
     0.22009E+01     0.71899E-16    -0.29791E-15    -0.85335E-16
     0.22575E+01     0.84722E-16    -0.34940E-15    -0.10124E-15
     0.23029E+01     0.96711E-16    -0.39880E-15    -0.11626E-15
     0.23595E+01     0.11430E-15    -0.47319E-15    -0.13848E-15
     0.24049E+01     0.13085E-15    -0.54487E-15    -0.15964E-15
     0.24502E+01     0.15003E-15    -0.62953E-15    -0.18446E-15
     0.25069E+01     0.17845E-15    -0.75724E-15    -0.22178E-15
     0.25522E+01     0.20545E-15    -0.88041E-15    -0.25770E-15
     0.26089E+01     0.24570E-15    -0.10664E-14    -0.31178E-15
     0.26542E+01     0.28413E-15    -0.12459E-14    -0.36378E-15
     0.27108E+01     0.34164E-15    -0.15176E-14    -0.44206E-15
     0.27562E+01     0.39673E-15    -0.17805E-14    -0.51751E-15
     0.28015E+01     0.46152E-15    -0.20923E-14    -0.60676E-15
     0.28582E+01     0.55898E-15    -0.25654E-14    -0.74190E-15
     0.29035E+01     0.65284E-15    -0.30247E-14    -0.87290E-15
     0.29601E+01     0.79454E-15    -0.37229E-14    -0.10719E-14
     0.30055E+01     0.93145E-15    -0.44018E-14    -0.12652E-14
     0.30508E+01     0.10937E-14    -0.52102E-14    -0.14954E-14
     0.31074E+01     0.13395E-14    -0.64418E-14    -0.18457E-14
     0.31528E+01     0.15779E-14    -0.76418E-14    -0.21869E-14
     0.32094E+01     0.19400E-14    -0.94728E-14    -0.27070E-14
     0.32547E+01     0.22919E-14    -0.11259E-13    -0.32140E-14
     0.33000E+01     0.27108E-14    -0.13393E-13    -0.38193E-14
     0.33567E+01     0.33489E-14    -0.16654E-13    -0.47438E-14
     0.34020E+01     0.39706E-14    -0.19841E-13    -0.56467E-14
     0.34587E+01     0.49188E-14    -0.24715E-13    -0.70273E-14
     0.35040E+01     0.58436E-14    -0.29482E-13    -0.83771E-14
     0.35606E+01     0.72560E-14    -0.36779E-13    -0.10443E-13
     0.36059E+01     0.86353E-14    -0.43921E-13    -0.12464E-13
     0.36513E+01     0.10284E-13    -0.52470E-13    -0.14884E-13
     0.37079E+01     0.12805E-13    -0.65570E-13    -0.18591E-13
     0.37532E+01     0.15271E-13    -0.78399E-13    -0.22221E-13
     0.38099E+01     0.19044E-13    -0.98063E-13    -0.27784E-13
     0.38552E+01     0.22737E-13    -0.11733E-12    -0.33234E-13
     0.39005E+01     0.27157E-13    -0.14041E-12    -0.39765E-13
     0.39572E+01     0.33930E-13    -0.17582E-12    -0.49779E-13
     0.40025E+01     0.40561E-13    -0.21052E-12    -0.59594E-13
     0.40591E+01     0.50725E-13    -0.26375E-12    -0.74648E-13
     0.41044E+01     0.60681E-13    -0.31593E-12    -0.89404E-13
     0.41611E+01     0.75946E-13    -0.39598E-12    -0.11204E-12
     0.42064E+01     0.90903E-13    -0.47447E-12    -0.13423E-12
     0.42517E+01     0.10883E-12    -0.56858E-12    -0.16084E-12
     0.43084E+01     0.13632E-12    -0.71298E-12    -0.20166E-12
     0.43537E+01     0.16327E-12    -0.85457E-12    -0.24169E-12
     0.44103E+01     0.20461E-12    -0.10719E-11    -0.30311E-12
     0.44557E+01     0.24514E-12    -0.12849E-11    -0.36334E-12
     0.45010E+01     0.29373E-12    -0.15404E-11    -0.43556E-12
     0.45576E+01     0.36827E-12    -0.19325E-11    -0.54639E-12
     0.46029E+01     0.44136E-12    -0.23170E-11    -0.65507E-12
     0.46596E+01     0.55351E-12    -0.29071E-11    -0.82184E-12
     0.47049E+01     0.66347E-12    -0.34858E-11    -0.98538E-12
     0.47502E+01     0.79532E-12    -0.41797E-11    -0.11815E-11
     0.48069E+01     0.99765E-12    -0.52447E-11    -0.14825E-11
     0.48522E+01     0.11960E-11    -0.62891E-11    -0.17776E-11
     0.49088E+01     0.15005E-11    -0.78918E-11    -0.22305E-11
     0.49542E+01     0.17990E-11    -0.94635E-11    -0.26747E-11
     0.50108E+01     0.22572E-11    -0.11875E-10    -0.33562E-11
     0.50561E+01     0.27064E-11    -0.14241E-10    -0.40246E-11
     0.51015E+01     0.32451E-11    -0.17077E-10    -0.48261E-11
     0.51581E+01     0.40718E-11    -0.21430E-10    -0.60561E-11
     0.52034E+01     0.48825E-11    -0.25699E-10    -0.72623E-11
     0.52601E+01     0.61266E-11    -0.32250E-10    -0.91133E-11
     0.53054E+01     0.73466E-11    -0.38674E-10    -0.10928E-10
     0.53507E+01     0.88096E-11    -0.46377E-10    -0.13105E-10
     0.54074E+01     0.11055E-10    -0.58199E-10    -0.16446E-10
     0.54527E+01     0.13256E-10    -0.69792E-10    -0.19721E-10
     0.55094E+01     0.16635E-10    -0.87582E-10    -0.24748E-10
     0.55547E+01     0.19948E-10    -0.10503E-09    -0.29677E-10
     0.56000E+01     0.23921E-10    -0.12595E-09    -0.35588E-10
     0.56567E+01     0.30018E-10    -0.15805E-09    -0.44659E-10
     0.57020E+01     0.35997E-10    -0.18953E-09    -0.53554E-10
     0.57587E+01     0.45173E-10    -0.23784E-09    -0.67204E-10
     0.58040E+01     0.54170E-10    -0.28522E-09    -0.80589E-10
     0.58607E+01     0.67977E-10    -0.35792E-09    -0.10113E-09
     0.59060E+01     0.81516E-10    -0.42920E-09    -0.12127E-09
     0.59513E+01     0.97753E-10    -0.51469E-09    -0.14543E-09
     0.60080E+01     0.12267E-09    -0.64587E-09    -0.18249E-09
     0.60533E+01     0.14710E-09    -0.77450E-09    -0.21883E-09
     0.61100E+01     0.18459E-09    -0.97188E-09    -0.27460E-09
     0.61553E+01     0.22135E-09    -0.11654E-08    -0.32928E-09
     0.62006E+01     0.26544E-09    -0.13975E-08    -0.39485E-09
     0.62573E+01     0.33307E-09    -0.17535E-08    -0.49545E-09
     0.63026E+01     0.39937E-09    -0.21026E-08    -0.59406E-09
     0.63592E+01     0.50106E-09    -0.26379E-08    -0.74529E-09
     0.64045E+01     0.60067E-09    -0.31622E-08    -0.89343E-09
     0.64611E+01     0.75333E-09    -0.39658E-08    -0.11205E-08
     0.65063E+01     0.90282E-09    -0.47526E-08    -0.13427E-08
     0.65514E+01     0.10818E-08    -0.56948E-08    -0.16089E-08
     0.66078E+01     0.13560E-08    -0.71380E-08    -0.20166E-08
     0.66529E+01     0.16245E-08    -0.85506E-08    -0.24157E-08
     0.67093E+01     0.20356E-08    -0.10714E-07    -0.30269E-08
     0.67543E+01     0.24379E-08    -0.12831E-07    -0.36249E-08
     0.68106E+01     0.30539E-08    -0.16072E-07    -0.45404E-08
     0.68556E+01     0.36566E-08    -0.19243E-07    -0.54361E-08
     0.69006E+01     0.43777E-08    -0.23037E-07    -0.65078E-08
     0.69568E+01     0.54815E-08    -0.28843E-07    -0.81479E-08
     0.70017E+01     0.65611E-08    -0.34522E-07    -0.97518E-08
     0.70579E+01     0.82133E-08    -0.43211E-07    -0.12206E-07
     0.71028E+01     0.98289E-08    -0.51707E-07    -0.14606E-07
     0.71589E+01     0.12301E-07    -0.64705E-07    -0.18277E-07
     0.72038E+01     0.14718E-07    -0.77414E-07    -0.21866E-07
     0.72599E+01     0.18417E-07    -0.96855E-07    -0.27356E-07
     0.73047E+01     0.22033E-07    -0.11586E-06    -0.32723E-07
     0.73608E+01     0.27565E-07    -0.14493E-06    -0.40932E-07
     0.74057E+01     0.32974E-07    -0.17335E-06    -0.48957E-07
     0.74505E+01     0.39442E-07    -0.20733E-06    -0.58551E-07
     0.75066E+01     0.49339E-07    -0.25931E-06    -0.73227E-07
     0.75515E+01     0.59014E-07    -0.31012E-06    -0.87571E-07
     0.76076E+01     0.73817E-07    -0.38784E-06    -0.10951E-06
     0.76525E+01     0.88292E-07    -0.46382E-06    -0.13096E-06
     0.77086E+01     0.11044E-06    -0.58005E-06    -0.16377E-06
     0.77536E+01     0.13210E-06    -0.69369E-06    -0.19584E-06
     0.78098E+01     0.16524E-06    -0.86754E-06    -0.24491E-06
     0.78548E+01     0.19765E-06    -0.10375E-05    -0.29289E-06
     0.79110E+01     0.24727E-06    -0.12977E-05    -0.36630E-06
     0.79561E+01     0.29581E-06    -0.15521E-05    -0.43810E-06
     0.80012E+01     0.35390E-06    -0.18565E-05    -0.52399E-06
     0.80576E+01     0.44285E-06    -0.23226E-05    -0.65548E-06
     0.81028E+01     0.52992E-06    -0.27786E-05    -0.78413E-06
     0.81593E+01     0.66329E-06    -0.34769E-05    -0.98114E-06
     0.82046E+01     0.79387E-06    -0.41605E-05    -0.11740E-05
     0.82613E+01     0.99398E-06    -0.52077E-05    -0.14693E-05
     0.83066E+01     0.11899E-05    -0.62326E-05    -0.17584E-05
     0.83520E+01     0.14243E-05    -0.74587E-05    -0.21042E-05
     0.84087E+01     0.17831E-05    -0.93346E-05    -0.26333E-05
     0.84541E+01     0.21340E-05    -0.11169E-04    -0.31505E-05
     0.85108E+01     0.26709E-05    -0.13975E-04    -0.39418E-05
     0.85562E+01     0.31960E-05    -0.16718E-04    -0.47153E-05
     0.86016E+01     0.38239E-05    -0.19998E-04    -0.56401E-05
     0.86567E+01     0.47547E-05    -0.24863E-04    -0.70105E-05
     0.87075E+01     0.58118E-05    -0.30385E-04    -0.85666E-05
     0.87598E+01     0.71432E-05    -0.37332E-04    -0.10526E-04
     0.88002E+01     0.83766E-05    -0.43773E-04    -0.12341E-04
     0.88534E+01     0.10335E-04    -0.53978E-04    -0.15221E-04
     0.89101E+01     0.12926E-04    -0.67488E-04    -0.19032E-04
     0.89548E+01     0.15413E-04    -0.80472E-04    -0.22691E-04
     0.90078E+01     0.18991E-04    -0.99113E-04    -0.27953E-04
     0.90578E+01     0.23125E-04    -0.12069E-03    -0.34034E-04
     0.91006E+01     0.27380E-04    -0.14287E-03    -0.40291E-04
     0.91584E+01     0.34373E-04    -0.17927E-03    -0.50579E-04
     0.92053E+01     0.41341E-04    -0.21570E-03    -0.60834E-04
     0.92587E+01     0.51017E-04    -0.26604E-03    -0.75078E-04
     0.93100E+01     0.62454E-04    -0.32553E-03    -0.91922E-04
     0.93609E+01     0.76308E-04    -0.39765E-03    -0.11234E-03
     0.94025E+01     0.89904E-04    -0.46852E-03    -0.13239E-03
     0.94531E+01     0.10973E-03    -0.57169E-03    -0.16165E-03
     0.95061E+01     0.13525E-03    -0.70435E-03    -0.19936E-03
     0.95511E+01     0.16154E-03    -0.84107E-03    -0.23827E-03
     0.96074E+01     0.20175E-03    -0.10501E-02    -0.29787E-03
     0.96573E+01     0.24568E-03    -0.12786E-02    -0.36313E-03
     0.97064E+01     0.29845E-03    -0.15522E-02    -0.44170E-03
     0.97503E+01     0.35504E-03    -0.18457E-02    -0.52617E-03
     0.98070E+01     0.44470E-03    -0.23101E-02    -0.66045E-03
     0.98524E+01     0.53264E-03    -0.27649E-02    -0.79270E-03
     0.99065E+01     0.66062E-03    -0.34259E-02    -0.98611E-03
     0.99519E+01     0.79194E-03    -0.41020E-02    -0.11857E-02
     0.10009E+02     0.99410E-03    -0.51401E-02    -0.14953E-02
     0.10054E+02     0.11932E-02    -0.61589E-02    -0.18029E-02
     0.10111E+02     0.15007E-02    -0.77249E-02    -0.22834E-02
     0.10156E+02     0.18047E-02    -0.92647E-02    -0.27652E-02
     0.10202E+02     0.21730E-02    -0.11118E-01    -0.33581E-02
     0.10258E+02     0.27465E-02    -0.13979E-01    -0.43039E-02
     0.10303E+02     0.33087E-02    -0.16753E-01    -0.52602E-02
     0.10359E+02     0.41968E-02    -0.21065E-01    -0.68381E-02
     0.10405E+02     0.51089E-02    -0.25406E-01    -0.85566E-02
     0.10461E+02     0.65826E-02    -0.32201E-01    -0.11569E-01
     0.10507E+02     0.81355E-02    -0.38996E-01    -0.15092E-01
     0.10552E+02     0.10169E-01    -0.47263E-01    -0.20288E-01
     0.10609E+02     0.13768E-01    -0.59575E-01    -0.30965E-01
     0.10654E+02     0.18065E-01    -0.69395E-01    -0.45314E-01
     0.10711E+02     0.26508E-01    -0.74718E-01    -0.73884E-01
     0.10757E+02     0.38823E-01    -0.61187E-01    -0.10670E+00
     0.10802E+02     0.61124E-01    -0.19815E-01    -0.13302E+00
     0.10859E+02     0.93046E-01     0.62850E-01    -0.12080E+00
     0.10904E+02     0.97132E-01     0.48196E-01     0.86396E-02
     0.10961E+02     0.81095E-01    -0.19416E-01     0.43383E-01
     0.11006E+02     0.71767E-01    -0.17423E-01     0.37931E-01
     0.11052E+02     0.64721E-01    -0.14669E-01     0.41790E-01
     0.11109E+02     0.58340E-01     0.45606E-02     0.35377E-01
     0.11154E+02     0.53942E-01     0.26307E-01     0.27544E-01
     0.11211E+02     0.49385E-01     0.54036E-01     0.17624E-01
     0.11256E+02     0.46042E-01     0.70790E-01     0.11762E-01
     0.11302E+02     0.43384E-01     0.79648E-01     0.94376E-02
     0.11359E+02     0.40222E-01     0.84923E-01     0.11067E-01
     0.11404E+02     0.37585E-01     0.87257E-01     0.13947E-01
     0.11461E+02     0.34103E-01     0.90341E-01     0.16973E-01
     0.11506E+02     0.31302E-01     0.93874E-01     0.18176E-01
     0.11552E+02     0.28510E-01     0.98089E-01     0.18482E-01
     0.11609E+02     0.25289E-01     0.10392E+00     0.18238E-01
     0.11654E+02     0.23120E-01     0.10914E+00     0.17929E-01
     0.11711E+02     0.20846E-01     0.11647E+00     0.17716E-01
     0.11756E+02     0.19494E-01     0.12317E+00     0.17930E-01
     0.11802E+02     0.18394E-01     0.13078E+00     0.18565E-01
     0.11859E+02     0.17236E-01     0.14138E+00     0.19788E-01
     0.11904E+02     0.16346E-01     0.15080E+00     0.20947E-01
     0.11961E+02     0.15371E-01     0.16462E+00     0.22439E-01
     0.12006E+02     0.14879E-01     0.17849E+00     0.23756E-01
     0.12051E+02     0.14811E-01     0.19561E+00     0.25312E-01
     0.12108E+02     0.15330E-01     0.22150E+00     0.27862E-01
     0.12154E+02     0.15793E-01     0.24291E+00     0.30270E-01
     0.12210E+02     0.15413E-01     0.26359E+00     0.32543E-01
     0.12256E+02     0.13976E-01     0.27123E+00     0.33553E-01
     0.12301E+02     0.11490E-01     0.26681E+00     0.32503E-01
     0.12358E+02     0.67451E-02     0.24550E+00     0.29370E-01
     0.12404E+02     0.20108E-02     0.21976E+00     0.25208E-01
     0.12460E+02    -0.31488E-02     0.18541E+00     0.18220E-01
     0.12506E+02    -0.61394E-02     0.16085E+00     0.13111E-01
     0.12551E+02    -0.81643E-02     0.14027E+00     0.97908E-02
     0.12608E+02    -0.98295E-02     0.11945E+00     0.88209E-02
     0.12654E+02    -0.10615E-01     0.10578E+00     0.10464E-01
     0.12711E+02    -0.11356E-01     0.91700E-01     0.14026E-01
     0.12756E+02    -0.11794E-01     0.82556E-01     0.16890E-01
     0.12802E+02    -0.12061E-01     0.75082E-01     0.18903E-01
     0.12858E+02    -0.12181E-01     0.68145E-01     0.19146E-01
     0.12904E+02    -0.12035E-01     0.64233E-01     0.18005E-01
     0.12961E+02    -0.11769E-01     0.59973E-01     0.14806E-01
     0.13006E+02    -0.11631E-01     0.56720E-01     0.11494E-01
     0.13052E+02    -0.11549E-01     0.53509E-01     0.83301E-02
     0.13109E+02    -0.11547E-01     0.49266E-01     0.62919E-02
     0.13154E+02    -0.11580E-01     0.46201E-01     0.66746E-02
     0.13211E+02    -0.11457E-01     0.43259E-01     0.91029E-02
     0.13257E+02    -0.11062E-01     0.42078E-01     0.11804E-01
     0.13302E+02    -0.10369E-01     0.42116E-01     0.14039E-01
     0.13359E+02    -0.93127E-02     0.43857E-01     0.15558E-01
     0.13404E+02    -0.83404E-02     0.46397E-01     0.15466E-01
     0.13461E+02    -0.69452E-02     0.50082E-01     0.13981E-01
     0.13507E+02    -0.58336E-02     0.52817E-01     0.11829E-01
     0.13552E+02    -0.49057E-02     0.54965E-01     0.97499E-02
     0.13609E+02    -0.39881E-02     0.57139E-01     0.80416E-02
     0.13655E+02    -0.33432E-02     0.58371E-01     0.79216E-02
     0.13701E+02    -0.27793E-02     0.59395E-01     0.91686E-02
     0.13758E+02    -0.21243E-02     0.60749E-01     0.12284E-01
     0.13804E+02    -0.15845E-02     0.61992E-01     0.15039E-01
     0.13862E+02    -0.92289E-03     0.63676E-01     0.17615E-01
     0.13908E+02    -0.47237E-03     0.65057E-01     0.18420E-01
     0.13954E+02    -0.55566E-04     0.66255E-01     0.17977E-01
     0.14001E+02     0.35551E-03     0.67397E-01     0.16421E-01
     0.14060E+02     0.78114E-03     0.68894E-01     0.13440E-01
     0.14106E+02     0.10387E-02     0.70200E-01     0.10829E-01
     0.14153E+02     0.12422E-02     0.71719E-01     0.84966E-02
     0.14212E+02     0.14658E-02     0.74099E-01     0.68036E-02
     0.14259E+02     0.16984E-02     0.76516E-01     0.66977E-02
     0.14305E+02     0.20207E-02     0.79406E-01     0.75750E-02
     0.14352E+02     0.24421E-02     0.82707E-01     0.91793E-02
     0.14411E+02     0.30625E-02     0.87165E-01     0.11477E-01
     0.14458E+02     0.35119E-02     0.90779E-01     0.13107E-01
     0.14505E+02     0.38385E-02     0.94131E-01     0.14323E-01
     0.14551E+02     0.40510E-02     0.96992E-01     0.15202E-01
     0.14609E+02     0.41120E-02     0.10000E+00     0.16074E-01
     0.14655E+02     0.40010E-02     0.10210E+00     0.16703E-01
     0.14700E+02     0.37983E-02     0.10407E+00     0.17179E-01
     0.14757E+02     0.35030E-02     0.10656E+00     0.17470E-01
     0.14803E+02     0.32936E-02     0.10860E+00     0.17404E-01
     0.14860E+02     0.31029E-02     0.11124E+00     0.16718E-01
     0.14906E+02     0.30184E-02     0.11333E+00     0.15706E-01
     0.14951E+02     0.29283E-02     0.11529E+00     0.14494E-01
     0.15008E+02     0.27251E-02     0.11738E+00     0.13030E-01
     0.15054E+02     0.25077E-02     0.11886E+00     0.12063E-01
     0.15111E+02     0.22498E-02     0.12064E+00     0.11085E-01
     0.15156E+02     0.20832E-02     0.12212E+00     0.10409E-01
     0.15202E+02     0.19485E-02     0.12376E+00     0.96713E-02
     0.15259E+02     0.18336E-02     0.12599E+00     0.84111E-02
     0.15305E+02     0.17589E-02     0.12791E+00     0.70276E-02
     0.15350E+02     0.16777E-02     0.12968E+00     0.53935E-02
     0.15407E+02     0.15514E-02     0.13135E+00     0.32884E-02
     0.15453E+02     0.14052E-02     0.13209E+00     0.19090E-02
     0.15510E+02     0.11311E-02     0.13230E+00     0.88309E-03
     0.15555E+02     0.85124E-03     0.13181E+00     0.79360E-03
     0.15601E+02     0.48990E-03     0.13080E+00     0.12411E-02
     0.15658E+02    -0.17974E-04     0.12900E+00     0.19221E-02
     0.15703E+02    -0.35449E-03     0.12727E+00     0.21782E-02
     0.15760E+02    -0.67252E-03     0.12495E+00     0.18924E-02
     0.15806E+02    -0.84817E-03     0.12315E+00     0.11768E-02
     0.15851E+02    -0.95883E-03     0.12144E+00     0.14958E-03
     0.15908E+02    -0.10070E-02     0.11940E+00    -0.11414E-02
     0.15954E+02    -0.10050E-02     0.11781E+00    -0.19597E-02
     0.16011E+02    -0.10300E-02     0.11580E+00    -0.25759E-02
     0.16056E+02    -0.11039E-02     0.11418E+00    -0.27856E-02
     0.16102E+02    -0.12292E-02     0.11256E+00    -0.28522E-02
     0.16159E+02    -0.14357E-02     0.11060E+00    -0.28721E-02
     0.16204E+02    -0.15924E-02     0.10924E+00    -0.29282E-02
     0.16261E+02    -0.17171E-02     0.10788E+00    -0.30988E-02
     0.16307E+02    -0.17452E-02     0.10700E+00    -0.32757E-02
     0.16353E+02    -0.17060E-02     0.10631E+00    -0.34365E-02
     0.16410E+02    -0.16025E-02     0.10567E+00    -0.35922E-02
     0.16455E+02    -0.15050E-02     0.10527E+00    -0.37569E-02
     0.16501E+02    -0.13993E-02     0.10494E+00    -0.40025E-02
     0.16558E+02    -0.12411E-02     0.10455E+00    -0.44182E-02
     0.16604E+02    -0.10859E-02     0.10417E+00    -0.47384E-02
     0.16661E+02    -0.87977E-03     0.10359E+00    -0.49114E-02
     0.16707E+02    -0.73056E-03     0.10313E+00    -0.47583E-02
     0.16752E+02    -0.62209E-03     0.10272E+00    -0.43846E-02
     0.16809E+02    -0.55786E-03     0.10235E+00    -0.37931E-02
     0.16855E+02    -0.54510E-03     0.10224E+00    -0.33748E-02
     0.16901E+02    -0.54265E-03     0.10243E+00    -0.30841E-02
     0.16958E+02    -0.51821E-03     0.10327E+00    -0.28620E-02
     0.17004E+02    -0.45812E-03     0.10464E+00    -0.27687E-02
     0.17061E+02    -0.31875E-03     0.10703E+00    -0.29014E-02
     0.17107E+02    -0.17666E-03     0.10927E+00    -0.35939E-02
     0.17153E+02     0.28192E-05     0.11154E+00    -0.50565E-02
     0.17210E+02     0.26342E-03     0.11407E+00    -0.80015E-02
     0.17256E+02     0.50107E-03     0.11562E+00    -0.11057E-01
     0.17302E+02     0.71663E-03     0.11640E+00    -0.14147E-01
     0.17359E+02     0.77650E-03     0.11594E+00    -0.17338E-01
     0.17405E+02     0.64609E-03     0.11442E+00    -0.19102E-01
     0.17451E+02     0.41990E-03     0.11189E+00    -0.20153E-01
     0.17508E+02     0.59236E-04     0.10765E+00    -0.20415E-01
     0.17554E+02    -0.25452E-03     0.10394E+00    -0.19972E-01
     0.17611E+02    -0.61395E-03     0.99871E-01    -0.19026E-01
     0.17657E+02    -0.75798E-03     0.97578E-01    -0.18211E-01
     0.17703E+02    -0.79966E-03     0.96027E-01    -0.17468E-01
     0.17760E+02    -0.77740E-03     0.94739E-01    -0.16765E-01
     0.17806E+02    -0.71761E-03     0.94004E-01    -0.16359E-01
     0.17851E+02    -0.62850E-03     0.93386E-01    -0.16058E-01
     0.17908E+02    -0.48822E-03     0.92616E-01    -0.15848E-01
     0.17954E+02    -0.36119E-03     0.91936E-01    -0.15789E-01
     0.18011E+02    -0.19008E-03     0.91063E-01    -0.15880E-01
     0.18057E+02    -0.40046E-04     0.90430E-01    -0.16106E-01
     0.18102E+02     0.13259E-03     0.89956E-01    -0.16439E-01
     0.18159E+02     0.40418E-03     0.89697E-01    -0.16899E-01
     0.18205E+02     0.68386E-03     0.89756E-01    -0.17154E-01
     0.18251E+02     0.10188E-02     0.89956E-01    -0.17177E-01
     0.18308E+02     0.14912E-02     0.90122E-01    -0.16797E-01
     0.18353E+02     0.18724E-02     0.89891E-01    -0.16090E-01
     0.18410E+02     0.22657E-02     0.88616E-01    -0.14684E-01
     0.18456E+02     0.24878E-02     0.86451E-01    -0.13349E-01
     0.18501E+02     0.26291E-02     0.83164E-01    -0.12002E-01
     0.18558E+02     0.27979E-02     0.77624E-01    -0.10673E-01
     0.18603E+02     0.29954E-02     0.72428E-01    -0.10142E-01
     0.18660E+02     0.34389E-02     0.65473E-01    -0.10286E-01
     0.18706E+02     0.40465E-02     0.59630E-01    -0.10885E-01
     0.18751E+02     0.49199E-02     0.53545E-01    -0.11604E-01
     0.18808E+02     0.64097E-02     0.45058E-01    -0.12255E-01
     0.18854E+02     0.78523E-02     0.37001E-01    -0.12457E-01
     0.18910E+02     0.96762E-02     0.24755E-01    -0.12607E-01
     0.18956E+02     0.11213E-01     0.12662E-01    -0.12740E-01
     0.19001E+02     0.12852E-01    -0.16423E-02    -0.13005E-01
     0.19058E+02     0.15387E-01    -0.22252E-01    -0.13389E-01
     0.19103E+02     0.17808E-01    -0.40929E-01    -0.13236E-01
     0.19159E+02     0.21384E-01    -0.67112E-01    -0.12351E-01
     0.19205E+02     0.24691E-01    -0.90231E-01    -0.11116E-01
     0.19261E+02     0.29337E-01    -0.12147E+00    -0.88963E-02
     0.19306E+02     0.33405E-01    -0.14780E+00    -0.65966E-02
     0.19351E+02     0.37730E-01    -0.17457E+00    -0.39088E-02
     0.19408E+02     0.43417E-01    -0.20708E+00    -0.37421E-03
     0.19453E+02     0.48027E-01    -0.23088E+00     0.22783E-02
     0.19509E+02     0.53510E-01    -0.25593E+00     0.52662E-02
     0.19555E+02     0.57354E-01    -0.27097E+00     0.73851E-02
     0.19611E+02     0.61191E-01    -0.28278E+00     0.94946E-02
     0.19656E+02     0.63307E-01    -0.28595E+00     0.10548E-01
     0.19701E+02     0.64466E-01    -0.28357E+00     0.10983E-01
     0.19758E+02     0.64866E-01    -0.27331E+00     0.10947E-01
     0.19803E+02     0.64362E-01    -0.25897E+00     0.10696E-01
     0.19860E+02     0.62893E-01    -0.23396E+00     0.10328E-01
     0.19905E+02     0.61253E-01    -0.20926E+00     0.99929E-02
     0.19951E+02     0.59517E-01    -0.18157E+00     0.97212E-02
     0.20007E+02     0.57099E-01    -0.14383E+00     0.96390E-02
     0.20053E+02     0.54934E-01    -0.11174E+00     0.97240E-02
     0.20109E+02     0.51946E-01    -0.70249E-01     0.10081E-01
     0.20155E+02     0.49418E-01    -0.36499E-01     0.10540E-01
     0.20200E+02     0.46936E-01    -0.22296E-02     0.11052E-01
     0.20257E+02     0.44060E-01     0.40951E-01     0.11737E-01
     0.20302E+02     0.41901E-01     0.75390E-01     0.12207E-01
     0.20359E+02     0.39141E-01     0.11693E+00     0.12701E-01
     0.20404E+02     0.36764E-01     0.14817E+00     0.12974E-01
     0.20460E+02     0.33686E-01     0.18493E+00     0.12976E-01
     0.20506E+02     0.31395E-01     0.21348E+00     0.13029E-01
     0.20551E+02     0.29413E-01     0.24201E+00     0.13318E-01
     0.20607E+02     0.27338E-01     0.27734E+00     0.14121E-01
     0.20652E+02     0.25755E-01     0.30449E+00     0.14808E-01
     0.20709E+02     0.23645E-01     0.33626E+00     0.15071E-01
     0.20754E+02     0.21953E-01     0.36024E+00     0.14539E-01
     0.20810E+02     0.20015E-01     0.38948E+00     0.12628E-01
     0.20855E+02     0.18688E-01     0.41259E+00     0.10649E-01
     0.20911E+02     0.17341E-01     0.44077E+00     0.83959E-02
     0.20956E+02     0.16431E-01     0.46195E+00     0.68412E-02
     0.21001E+02     0.15584E-01     0.48185E+00     0.50206E-02
     0.21057E+02     0.14695E-01     0.50459E+00     0.19795E-02
     0.21102E+02     0.14160E-01     0.52030E+00    -0.64690E-03
     0.21158E+02     0.13466E-01     0.53502E+00    -0.31174E-02
     0.21203E+02     0.12681E-01     0.54200E+00    -0.44331E-02
     0.21259E+02     0.11312E-01     0.54478E+00    -0.56086E-02
     0.21304E+02     0.10232E-01     0.54188E+00    -0.55742E-02
     0.21360E+02     0.84612E-02     0.52556E+00    -0.20450E-02
     0.21405E+02     0.54696E-02     0.50406E+00     0.20474E-02
     0.21450E+02     0.27502E-03     0.44241E+00     0.45135E-02
     0.21506E+02    -0.96387E-02     0.33692E+00     0.68110E-03
     0.21551E+02    -0.18786E-01     0.17233E+00    -0.69209E-02
     0.21608E+02    -0.24491E-01    -0.19796E-01    -0.90491E-02
     0.21653E+02    -0.28576E-01    -0.15852E+00    -0.41449E-02
     0.21709E+02    -0.35077E-01    -0.21162E+00    -0.80598E-03
     0.21754E+02    -0.37840E-01    -0.23030E+00     0.44049E-02
     0.21809E+02    -0.37144E-01    -0.22803E+00     0.79458E-02
     0.21854E+02    -0.34271E-01    -0.22169E+00     0.11095E-01
     0.21910E+02    -0.29546E-01    -0.21193E+00     0.13569E-01
     0.21955E+02    -0.25802E-01    -0.20142E+00     0.13826E-01
     0.22000E+02    -0.22799E-01    -0.18832E+00     0.12964E-01
     0.22057E+02    -0.20028E-01    -0.16887E+00     0.10502E-01
     0.22102E+02    -0.18632E-01    -0.15265E+00     0.77433E-02
     0.22158E+02    -0.17892E-01    -0.13318E+00     0.40077E-02
     0.22204E+02    -0.17791E-01    -0.11918E+00     0.16277E-02
     0.22260E+02    -0.17755E-01    -0.10283E+00    -0.19131E-03
     0.22306E+02    -0.17475E-01    -0.89567E-01    -0.54713E-03
     0.22351E+02    -0.16836E-01    -0.74180E-01    -0.20676E-04
     0.22408E+02    -0.15201E-01    -0.50828E-01     0.14605E-02
     0.22453E+02    -0.13346E-01    -0.29185E-01     0.29296E-02
     0.22510E+02    -0.10557E-01     0.44531E-03     0.54492E-02
     0.22556E+02    -0.83087E-02     0.24064E-01     0.77335E-02
     0.22601E+02    -0.64193E-02     0.46015E-01     0.94324E-02
     0.22658E+02    -0.49374E-02     0.68594E-01     0.10715E-01
     0.22704E+02    -0.41506E-02     0.83045E-01     0.11198E-01
     0.22761E+02    -0.37746E-02     0.98052E-01     0.10075E-01
     0.22807E+02    -0.35776E-02     0.10920E+00     0.76218E-02
     0.22859E+02    -0.30389E-02     0.12173E+00     0.41733E-02
     0.22903E+02    -0.24889E-02     0.13153E+00     0.20204E-02
     0.22958E+02    -0.22531E-02     0.14142E+00     0.16014E-02
     0.23004E+02    -0.26411E-02     0.14565E+00     0.36440E-02
     0.23061E+02    -0.37788E-02     0.14578E+00     0.82076E-02
     0.23107E+02    -0.49813E-02     0.14311E+00     0.11675E-01
     0.23152E+02    -0.59598E-02     0.13939E+00     0.13704E-01
     0.23209E+02    -0.65422E-02     0.13526E+00     0.13993E-01
     0.23255E+02    -0.64144E-02     0.13271E+00     0.13709E-01
     0.23301E+02    -0.59271E-02     0.13033E+00     0.13689E-01
     0.23358E+02    -0.53348E-02     0.12609E+00     0.14762E-01
     0.23404E+02    -0.50269E-02     0.12075E+00     0.16413E-01
     0.23461E+02    -0.50548E-02     0.11162E+00     0.18650E-01
     0.23507E+02    -0.53046E-02     0.10289E+00     0.20076E-01
     0.23553E+02    -0.56304E-02     0.93720E-01     0.21072E-01
     0.23610E+02    -0.59463E-02     0.82658E-01     0.21447E-01
     0.23656E+02    -0.61650E-02     0.74370E-01     0.21246E-01
     0.23702E+02    -0.63885E-02     0.66512E-01     0.20964E-01
     0.23760E+02    -0.67766E-02     0.57298E-01     0.20743E-01
     0.23805E+02    -0.70957E-02     0.50807E-01     0.20582E-01
     0.23850E+02    -0.73689E-02     0.45322E-01     0.20409E-01
     0.23908E+02    -0.76036E-02     0.40661E-01     0.19580E-01
     0.23954E+02    -0.77093E-02     0.38877E-01     0.17966E-01
     0.24010E+02    -0.78050E-02     0.38716E-01     0.14932E-01
     0.24056E+02    -0.78834E-02     0.39879E-01     0.11818E-01
     0.24100E+02    -0.80038E-02     0.41891E-01     0.83690E-02
     0.24157E+02    -0.82259E-02     0.45418E-01     0.36112E-02
     0.24211E+02    -0.84860E-02     0.49533E-01    -0.90950E-03
     0.24257E+02    -0.87208E-02     0.53582E-01    -0.46567E-02
     0.24303E+02    -0.89532E-02     0.58052E-01    -0.83012E-02
     0.24360E+02    -0.92272E-02     0.64120E-01    -0.12847E-01
     0.24406E+02    -0.93927E-02     0.69319E-01    -0.16763E-01
     0.24452E+02    -0.94779E-02     0.74879E-01    -0.21087E-01
     0.24509E+02    -0.93982E-02     0.82429E-01    -0.27057E-01
     0.24555E+02    -0.91831E-02     0.88806E-01    -0.31960E-01
     0.24601E+02    -0.89422E-02     0.95136E-01    -0.36440E-01
     0.24658E+02    -0.87117E-02     0.10247E+00    -0.40819E-01
     0.24704E+02    -0.85553E-02     0.10774E+00    -0.43349E-01
     0.24761E+02    -0.83627E-02     0.11379E+00    -0.45878E-01
     0.24807E+02    -0.80858E-02     0.11837E+00    -0.48058E-01
     0.24853E+02    -0.76928E-02     0.12278E+00    -0.50563E-01
     0.24911E+02    -0.70574E-02     0.12746E+00    -0.53647E-01
     0.24957E+02    -0.66028E-02     0.12973E+00    -0.55639E-01
     0.25002E+02    -0.63698E-02     0.13038E+00    -0.56853E-01
