     0.11273E-01     0.30592E-14     0.19548E-13    -0.19796E-15
     0.56772E-01     0.31206E-14     0.22455E-13    -0.40394E-15
     0.10226E+00     0.31938E-14     0.25458E-13    -0.88432E-15
     0.15908E+00     0.33078E-14     0.29377E-13    -0.19350E-14
     0.20451E+00     0.34228E-14     0.32674E-13    -0.31864E-14
     0.26127E+00     0.36065E-14     0.37051E-13    -0.53387E-14
     0.30666E+00     0.37941E-14     0.40804E-13    -0.75976E-14
     0.35204E+00     0.40272E-14     0.44832E-13    -0.10408E-13
     0.40877E+00     0.43979E-14     0.50346E-13    -0.14832E-13
     0.45415E+00     0.47724E-14     0.55230E-13    -0.19235E-13
     0.51088E+00     0.53617E-14     0.62077E-13    -0.26045E-13
     0.55626E+00     0.59515E-14     0.68290E-13    -0.32749E-13
     0.60166E+00     0.66692E-14     0.75311E-13    -0.40802E-13
     0.65840E+00     0.77851E-14     0.85496E-13    -0.53170E-13
     0.70379E+00     0.88905E-14     0.95033E-13    -0.65302E-13
     0.76053E+00     0.10600E-13     0.10913E-12    -0.83921E-13
     0.80593E+00     0.12287E-13     0.12253E-12    -0.10217E-12
     0.85132E+00     0.14318E-13     0.13827E-12    -0.12405E-12
     0.90806E+00     0.17446E-13     0.16195E-12    -0.15760E-12
     0.95344E+00     0.20520E-13     0.18482E-12    -0.19046E-12
     0.10102E+01     0.25245E-13     0.21950E-12    -0.24081E-12
     0.10556E+01     0.29881E-13     0.25319E-12    -0.29009E-12
     0.11009E+01     0.35442E-13     0.29334E-12    -0.34909E-12
     0.11577E+01     0.43973E-13     0.35461E-12    -0.43943E-12
     0.12030E+01     0.52334E-13     0.41444E-12    -0.52785E-12
     0.12598E+01     0.65157E-13     0.50598E-12    -0.66328E-12
     0.13051E+01     0.77724E-13     0.59555E-12    -0.79588E-12
     0.13505E+01     0.92785E-13     0.70283E-12    -0.95471E-12
     0.14072E+01     0.11589E-12     0.86730E-12    -0.11982E-11
     0.14526E+01     0.13854E-12     0.10285E-11    -0.14369E-11
     0.15093E+01     0.17328E-12     0.12758E-11    -0.18030E-11
     0.15546E+01     0.20735E-12     0.15184E-11    -0.21620E-11
     0.16113E+01     0.25964E-12     0.18907E-11    -0.27130E-11
     0.16567E+01     0.31091E-12     0.22559E-11    -0.32534E-11
     0.17020E+01     0.37241E-12     0.26940E-11    -0.39017E-11
     0.17587E+01     0.46680E-12     0.33667E-11    -0.48970E-11
     0.18041E+01     0.55938E-12     0.40266E-11    -0.58734E-11
     0.18608E+01     0.70150E-12     0.50400E-11    -0.73724E-11
     0.19061E+01     0.84089E-12     0.60342E-11    -0.88430E-11
     0.19515E+01     0.10081E-11     0.72269E-11    -0.10607E-10
     0.20082E+01     0.12648E-11     0.90583E-11    -0.13315E-10
     0.20535E+01     0.15165E-11     0.10855E-10    -0.15972E-10
     0.21102E+01     0.19030E-11     0.13613E-10    -0.20050E-10
     0.21555E+01     0.22820E-11     0.16319E-10    -0.24050E-10
     0.22009E+01     0.27367E-11     0.19565E-10    -0.28848E-10
     0.22575E+01     0.34346E-11     0.24548E-10    -0.36212E-10
     0.23029E+01     0.41192E-11     0.29435E-10    -0.43435E-10
     0.23595E+01     0.51698E-11     0.36938E-10    -0.54520E-10
     0.24049E+01     0.62003E-11     0.44297E-10    -0.65392E-10
     0.24502E+01     0.74363E-11     0.53124E-10    -0.78430E-10
     0.25069E+01     0.93332E-11     0.66672E-10    -0.98440E-10
     0.25522E+01     0.11193E-10     0.79960E-10    -0.11806E-09
     0.26089E+01     0.14049E-10     0.10035E-09    -0.14818E-09
     0.26542E+01     0.16848E-10     0.12035E-09    -0.17771E-09
     0.27108E+01     0.21146E-10     0.15105E-09    -0.22302E-09
     0.27562E+01     0.25359E-10     0.18115E-09    -0.26746E-09
     0.28015E+01     0.30413E-10     0.21726E-09    -0.32075E-09
     0.28582E+01     0.38168E-10     0.27266E-09    -0.40252E-09
     0.29035E+01     0.45773E-10     0.32699E-09    -0.48271E-09
     0.29601E+01     0.57443E-10     0.41036E-09    -0.60576E-09
     0.30055E+01     0.68887E-10     0.49212E-09    -0.72642E-09
     0.30508E+01     0.82610E-10     0.59017E-09    -0.87111E-09
     0.31074E+01     0.10367E-09     0.74062E-09    -0.10931E-08
     0.31528E+01     0.12432E-09     0.88816E-09    -0.13109E-08
     0.32094E+01     0.15601E-09     0.11146E-08    -0.16449E-08
     0.32547E+01     0.18708E-09     0.13366E-08    -0.19725E-08
     0.33000E+01     0.22434E-09     0.16028E-08    -0.23654E-08
     0.33567E+01     0.28152E-09     0.20113E-08    -0.29682E-08
     0.34020E+01     0.33759E-09     0.24119E-08    -0.35593E-08
     0.34587E+01     0.42362E-09     0.30266E-08    -0.44663E-08
     0.35040E+01     0.50799E-09     0.36294E-08    -0.53558E-08
     0.35606E+01     0.63745E-09     0.45543E-08    -0.67206E-08
     0.36059E+01     0.76439E-09     0.54613E-08    -0.80588E-08
     0.36513E+01     0.91661E-09     0.65489E-08    -0.96636E-08
     0.37079E+01     0.11502E-08     0.82178E-08    -0.12126E-07
     0.37532E+01     0.13792E-08     0.98543E-08    -0.14541E-07
     0.38099E+01     0.17307E-08     0.12365E-07    -0.18246E-07
     0.38552E+01     0.20753E-08     0.14828E-07    -0.21879E-07
     0.39005E+01     0.24886E-08     0.17780E-07    -0.26235E-07
     0.39572E+01     0.31227E-08     0.22311E-07    -0.32920E-07
     0.40025E+01     0.37444E-08     0.26753E-07    -0.39474E-07
     0.40591E+01     0.46985E-08     0.33570E-07    -0.49532E-07
     0.41044E+01     0.56340E-08     0.40254E-07    -0.59393E-07
     0.41611E+01     0.70694E-08     0.50510E-07    -0.74524E-07
     0.42064E+01     0.84769E-08     0.60567E-07    -0.89360E-07
     0.42517E+01     0.10165E-07     0.72625E-07    -0.10715E-06
     0.43084E+01     0.12754E-07     0.91127E-07    -0.13444E-06
     0.43537E+01     0.15293E-07     0.10927E-06    -0.16120E-06
     0.44103E+01     0.19188E-07     0.13710E-06    -0.20226E-06
     0.44557E+01     0.23008E-07     0.16439E-06    -0.24251E-06
     0.45010E+01     0.27587E-07     0.19712E-06    -0.29077E-06
     0.45576E+01     0.34613E-07     0.24732E-06    -0.36481E-06
     0.46029E+01     0.41500E-07     0.29654E-06    -0.43739E-06
     0.46596E+01     0.52068E-07     0.37205E-06    -0.54873E-06
     0.47049E+01     0.62427E-07     0.44608E-06    -0.65788E-06
     0.47502E+01     0.74846E-07     0.53483E-06    -0.78871E-06
     0.48069E+01     0.93897E-07     0.67098E-06    -0.98939E-06
     0.48522E+01     0.11257E-06     0.80444E-06    -0.11861E-05
     0.49088E+01     0.14121E-06     0.10092E-05    -0.14878E-05
     0.49542E+01     0.16929E-06     0.12098E-05    -0.17834E-05
     0.50108E+01     0.21235E-06     0.15176E-05    -0.22367E-05
     0.50561E+01     0.25455E-06     0.18192E-05    -0.26810E-05
     0.51015E+01     0.30512E-06     0.21807E-05    -0.32133E-05
     0.51581E+01     0.38267E-06     0.27351E-05    -0.40295E-05
     0.52034E+01     0.45866E-06     0.32783E-05    -0.48290E-05
     0.52601E+01     0.57517E-06     0.41113E-05    -0.60546E-05
     0.53054E+01     0.68932E-06     0.49274E-05    -0.72551E-05
     0.53507E+01     0.82607E-06     0.59052E-05    -0.86930E-05
     0.54074E+01     0.10357E-05     0.74042E-05    -0.10897E-04
     0.54527E+01     0.12410E-05     0.88724E-05    -0.13054E-04
     0.55094E+01     0.15556E-05     0.11123E-04    -0.16360E-04
     0.55547E+01     0.18638E-05     0.13327E-04    -0.19596E-04
     0.56000E+01     0.22327E-05     0.15966E-04    -0.23471E-04
     0.56567E+01     0.27981E-05     0.20010E-04    -0.29405E-04
     0.57020E+01     0.33515E-05     0.23970E-04    -0.35211E-04
     0.57587E+01     0.41991E-05     0.30035E-04    -0.44103E-04
     0.58040E+01     0.50287E-05     0.35972E-04    -0.52801E-04
     0.58607E+01     0.62992E-05     0.45065E-04    -0.66116E-04
     0.59060E+01     0.75423E-05     0.53964E-04    -0.79139E-04
     0.59513E+01     0.90299E-05     0.64614E-04    -0.94718E-04
     0.60080E+01     0.11307E-04     0.80919E-04    -0.11856E-03
     0.60533E+01     0.13535E-04     0.96871E-04    -0.14186E-03
     0.61100E+01     0.16944E-04     0.12129E-03    -0.17752E-03
     0.61553E+01     0.20278E-04     0.14517E-03    -0.21236E-03
     0.62006E+01     0.24265E-04     0.17374E-03    -0.25403E-03
     0.62573E+01     0.30366E-04     0.21746E-03    -0.31773E-03
     0.63026E+01     0.36329E-04     0.26020E-03    -0.37997E-03
     0.63592E+01     0.45447E-04     0.32557E-03    -0.47508E-03
     0.64045E+01     0.54352E-04     0.38943E-03    -0.56792E-03
     0.64611E+01     0.67959E-04     0.48704E-03    -0.70968E-03
     0.65063E+01     0.81244E-04     0.58238E-03    -0.84801E-03
     0.65514E+01     0.97111E-04     0.69628E-03    -0.10131E-02
     0.66078E+01     0.12135E-03     0.87036E-03    -0.12652E-02
     0.66529E+01     0.14502E-03     0.10404E-02    -0.15111E-02
     0.67093E+01     0.18118E-03     0.13004E-02    -0.18864E-02
     0.67543E+01     0.21649E-03     0.15544E-02    -0.22527E-02
     0.68106E+01     0.27048E-03     0.19431E-02    -0.28119E-02
     0.68556E+01     0.32323E-03     0.23233E-02    -0.33578E-02
     0.69006E+01     0.38633E-03     0.27785E-02    -0.40099E-02
     0.69568E+01     0.48294E-03     0.34764E-02    -0.50066E-02
     0.70017E+01     0.57754E-03     0.41610E-02    -0.59809E-02
     0.70579E+01     0.72267E-03     0.52132E-02    -0.74721E-02
     0.71028E+01     0.86516E-03     0.62488E-02    -0.89323E-02
     0.71589E+01     0.10845E-02     0.78474E-02    -0.11173E-01
     0.72038E+01     0.13007E-02     0.94288E-02    -0.13372E-01
     0.72599E+01     0.16352E-02     0.11886E-01    -0.16759E-01
     0.73047E+01     0.19670E-02     0.14336E-01    -0.20099E-01
     0.73608E+01     0.24844E-02     0.18181E-01    -0.25269E-01
     0.74057E+01     0.30026E-02     0.22062E-01    -0.30398E-01
     0.74505E+01     0.36395E-02     0.26873E-01    -0.36637E-01
     0.75066E+01     0.46529E-02     0.34618E-01    -0.46413E-01
     0.75515E+01     0.56926E-02     0.42674E-01    -0.56249E-01
     0.76076E+01     0.73814E-02     0.56041E-01    -0.71904E-01
     0.76525E+01     0.91672E-02     0.70482E-01    -0.87737E-01
     0.77086E+01     0.12240E-01     0.95589E-01    -0.11239E+00
     0.77536E+01     0.15641E-01     0.12385E+00    -0.13754E+00
     0.78098E+01     0.21516E-01     0.17403E+00    -0.17897E+00
     0.78548E+01     0.27817E-01     0.22976E+00    -0.22101E+00
     0.79110E+01     0.38687E-01     0.33012E+00    -0.27935E+00
     0.79561E+01     0.48536E-01     0.42778E+00    -0.31686E+00
     0.80012E+01     0.55684E-01     0.49848E+00    -0.32370E+00
     0.80576E+01     0.60066E-01     0.53842E+00    -0.30364E+00
     0.81028E+01     0.61216E-01     0.54598E+00    -0.27571E+00
     0.81593E+01     0.61993E-01     0.54887E+00    -0.23301E+00
     0.82046E+01     0.62786E-01     0.55307E+00    -0.19201E+00
     0.82613E+01     0.65087E-01     0.56696E+00    -0.12169E+00
     0.83066E+01     0.70440E-01     0.59805E+00    -0.30523E-01
     0.83520E+01     0.74153E-01     0.61120E+00     0.63057E-01
     0.84087E+01     0.72463E-01     0.59909E+00     0.13093E+00
     0.84541E+01     0.69085E-01     0.58032E+00     0.16750E+00
     0.85108E+01     0.63713E-01     0.55135E+00     0.20309E+00
     0.85562E+01     0.59198E-01     0.52509E+00     0.22502E+00
     0.86016E+01     0.54811E-01     0.49787E+00     0.24327E+00
     0.86567E+01     0.49180E-01     0.46332E+00     0.25922E+00
     0.87075E+01     0.43613E-01     0.43154E+00     0.27084E+00
     0.87598E+01     0.37728E-01     0.39834E+00     0.28259E+00
     0.88002E+01     0.33249E-01     0.37378E+00     0.29279E+00
     0.88534E+01     0.27555E-01     0.34293E+00     0.30425E+00
     0.89101E+01     0.21697E-01     0.30831E+00     0.31213E+00
     0.89548E+01     0.17093E-01     0.27963E+00     0.31554E+00
     0.90078E+01     0.11488E-01     0.24019E+00     0.31509E+00
     0.90578E+01     0.60142E-02     0.18791E+00     0.31221E+00
     0.91006E+01     0.15229E-02     0.13146E+00     0.31158E+00
     0.91584E+01    -0.37043E-02     0.46442E-01     0.31838E+00
     0.92053E+01    -0.74534E-02    -0.22131E-01     0.32768E+00
     0.92587E+01    -0.11611E-01    -0.86378E-01     0.33836E+00
     0.93100E+01    -0.15656E-01    -0.13476E+00     0.35185E+00
     0.93609E+01    -0.19874E-01    -0.16401E+00     0.36332E+00
     0.94025E+01    -0.23094E-01    -0.17075E+00     0.36510E+00
     0.94531E+01    -0.26145E-01    -0.16767E+00     0.34534E+00
     0.95061E+01    -0.28739E-01    -0.15292E+00     0.35052E+00
     0.95511E+01    -0.30142E-01    -0.12086E+00     0.33248E+00
     0.96074E+01    -0.31315E-01    -0.74623E-01     0.32102E+00
     0.96573E+01    -0.31814E-01    -0.36386E-01     0.32146E+00
     0.97064E+01    -0.32107E-01    -0.52439E-01     0.31727E+00
     0.97503E+01    -0.31902E-01    -0.92535E-01     0.26456E+00
     0.98070E+01    -0.31112E-01    -0.17526E+00     0.11675E+00
     0.98524E+01    -0.29940E-01    -0.20917E+00     0.21025E-01
     0.99065E+01    -0.28176E-01    -0.22425E+00    -0.51382E-01
     0.99519E+01    -0.26219E-01    -0.21543E+00    -0.69177E-01
     0.10009E+02    -0.23837E-01    -0.19686E+00    -0.86375E-01
     0.10054E+02    -0.21996E-01    -0.17400E+00    -0.10282E+00
     0.10111E+02    -0.19563E-01    -0.16251E+00    -0.97305E-01
     0.10156E+02    -0.17874E-01    -0.15091E+00    -0.98764E-01
     0.10202E+02    -0.16496E-01    -0.13692E+00    -0.96689E-01
     0.10258E+02    -0.15068E-01    -0.12384E+00    -0.94899E-01
     0.10303E+02    -0.14058E-01    -0.11339E+00    -0.95088E-01
     0.10359E+02    -0.12862E-01    -0.97584E-01    -0.95629E-01
     0.10405E+02    -0.11930E-01    -0.85032E-01    -0.94154E-01
     0.10461E+02    -0.10651E-01    -0.69230E-01    -0.90161E-01
     0.10507E+02    -0.95017E-02    -0.57630E-01    -0.83260E-01
     0.10552E+02    -0.80896E-02    -0.49610E-01    -0.72106E-01
     0.10609E+02    -0.60666E-02    -0.44887E-01    -0.54961E-01
     0.10654E+02    -0.45153E-02    -0.43693E-01    -0.42081E-01
     0.10711E+02    -0.30648E-02    -0.43430E-01    -0.30411E-01
     0.10757E+02    -0.23831E-02    -0.43029E-01    -0.25341E-01
     0.10802E+02    -0.19979E-02    -0.41810E-01    -0.21919E-01
     0.10859E+02    -0.18310E-02    -0.39605E-01    -0.17542E-01
     0.10904E+02    -0.19180E-02    -0.38058E-01    -0.12851E-01
     0.10961E+02    -0.21772E-02    -0.37133E-01    -0.53663E-02
     0.11006E+02    -0.24112E-02    -0.36573E-01     0.99076E-03
     0.11052E+02    -0.26139E-02    -0.36038E-01     0.77249E-02
     0.11109E+02    -0.27775E-02    -0.35373E-01     0.16924E-01
     0.11154E+02    -0.27550E-02    -0.35295E-01     0.24349E-01
     0.11211E+02    -0.25936E-02    -0.35780E-01     0.31714E-01
     0.11256E+02    -0.24475E-02    -0.36618E-01     0.35208E-01
     0.11302E+02    -0.23237E-02    -0.37886E-01     0.36508E-01
     0.11359E+02    -0.21467E-02    -0.39598E-01     0.35178E-01
     0.11404E+02    -0.20535E-02    -0.39964E-01     0.32434E-01
     0.11461E+02    -0.20212E-02    -0.39900E-01     0.28086E-01
     0.11506E+02    -0.19129E-02    -0.41628E-01     0.25209E-01
     0.11552E+02    -0.18239E-02    -0.45296E-01     0.21969E-01
     0.11609E+02    -0.16705E-02    -0.51463E-01     0.16560E-01
     0.11654E+02    -0.16316E-02    -0.55836E-01     0.10760E-01
     0.11711E+02    -0.14942E-02    -0.58915E-01     0.35637E-02
     0.11756E+02    -0.12624E-02    -0.59107E-01    -0.14428E-02
     0.11802E+02    -0.98941E-03    -0.56345E-01    -0.55283E-02
     0.11859E+02    -0.67452E-03    -0.49069E-01    -0.11722E-01
     0.11904E+02    -0.63693E-03    -0.40094E-01    -0.18452E-01
     0.11961E+02    -0.10171E-02    -0.29739E-01    -0.26836E-01
     0.12006E+02    -0.13838E-02    -0.23873E-01    -0.31925E-01
     0.12051E+02    -0.15963E-02    -0.20938E-01    -0.34305E-01
     0.12108E+02    -0.16774E-02    -0.21468E-01    -0.34379E-01
     0.12154E+02    -0.17423E-02    -0.25080E-01    -0.33419E-01
     0.12210E+02    -0.17657E-02    -0.32249E-01    -0.30395E-01
     0.12256E+02    -0.16868E-02    -0.38762E-01    -0.27307E-01
     0.12301E+02    -0.15951E-02    -0.45347E-01    -0.24184E-01
     0.12358E+02    -0.16100E-02    -0.51812E-01    -0.20106E-01
     0.12404E+02    -0.18389E-02    -0.55593E-01    -0.18484E-01
     0.12460E+02    -0.22236E-02    -0.58254E-01    -0.16655E-01
     0.12506E+02    -0.25357E-02    -0.58033E-01    -0.15035E-01
     0.12551E+02    -0.28610E-02    -0.57132E-01    -0.14284E-01
     0.12608E+02    -0.32342E-02    -0.56110E-01    -0.15003E-01
     0.12654E+02    -0.35576E-02    -0.54955E-01    -0.16551E-01
     0.12711E+02    -0.40053E-02    -0.52463E-01    -0.19545E-01
     0.12756E+02    -0.43606E-02    -0.49092E-01    -0.21761E-01
     0.12802E+02    -0.45989E-02    -0.43072E-01    -0.22970E-01
     0.12858E+02    -0.43162E-02    -0.31747E-01    -0.18318E-01
     0.12904E+02    -0.36263E-02    -0.25603E-01    -0.11041E-01
     0.12961E+02    -0.26460E-02    -0.27470E-01     0.17006E-02
     0.13006E+02    -0.20980E-02    -0.33043E-01     0.69328E-02
     0.13052E+02    -0.20109E-02    -0.39281E-01     0.71687E-02
     0.13109E+02    -0.23102E-02    -0.43947E-01     0.11976E-02
     0.13154E+02    -0.26836E-02    -0.43946E-01    -0.74480E-02
     0.13211E+02    -0.30674E-02    -0.38792E-01    -0.19887E-01
     0.13257E+02    -0.32780E-02    -0.32627E-01    -0.30114E-01
     0.13302E+02    -0.34102E-02    -0.26972E-01    -0.38557E-01
     0.13359E+02    -0.33785E-02    -0.22017E-01    -0.45810E-01
     0.13404E+02    -0.32395E-02    -0.19769E-01    -0.48797E-01
     0.13461E+02    -0.30401E-02    -0.18332E-01    -0.49372E-01
     0.13507E+02    -0.29285E-02    -0.17858E-01    -0.48534E-01
     0.13552E+02    -0.27585E-02    -0.17576E-01    -0.46480E-01
     0.13609E+02    -0.24748E-02    -0.17273E-01    -0.42880E-01
     0.13655E+02    -0.22237E-02    -0.17645E-01    -0.39625E-01
     0.13701E+02    -0.19678E-02    -0.18283E-01    -0.36297E-01
     0.13758E+02    -0.15417E-02    -0.20867E-01    -0.31700E-01
     0.13804E+02    -0.89424E-03    -0.24701E-01    -0.23879E-01
     0.13862E+02     0.33186E-03    -0.29925E-01    -0.73377E-02
     0.13908E+02     0.95411E-03    -0.36417E-01    -0.59328E-04
     0.13954E+02     0.11452E-02    -0.47022E-01    -0.13583E-02
     0.14001E+02     0.10375E-02    -0.59739E-01    -0.92170E-02
     0.14060E+02     0.92711E-03    -0.75705E-01    -0.23704E-01
     0.14106E+02     0.90419E-03    -0.87918E-01    -0.34259E-01
     0.14153E+02     0.11437E-02    -0.98593E-01    -0.44015E-01
     0.14212E+02     0.16894E-02    -0.10917E+00    -0.53463E-01
     0.14259E+02     0.22823E-02    -0.11478E+00    -0.58840E-01
     0.14305E+02     0.32887E-02    -0.11998E+00    -0.62320E-01
     0.14352E+02     0.45981E-02    -0.12556E+00    -0.63770E-01
     0.14411E+02     0.63854E-02    -0.13316E+00    -0.63714E-01
     0.14458E+02     0.81170E-02    -0.14423E+00    -0.60821E-01
     0.14505E+02     0.11258E-01    -0.17408E+00    -0.50781E-01
     0.14551E+02     0.16458E-01    -0.22927E+00    -0.29357E-01
     0.14609E+02     0.21430E-01    -0.28377E+00     0.72492E-03
     0.14655E+02     0.21736E-01    -0.29236E+00     0.21458E-01
     0.14700E+02     0.20943E-01    -0.28702E+00     0.39093E-01
     0.14757E+02     0.19157E-01    -0.27371E+00     0.58716E-01
     0.14803E+02     0.17702E-01    -0.26031E+00     0.74155E-01
     0.14860E+02     0.15547E-01    -0.24723E+00     0.92111E-01
     0.14906E+02     0.13716E-01    -0.23866E+00     0.10313E+00
     0.14951E+02     0.11856E-01    -0.22996E+00     0.11094E+00
     0.15008E+02     0.95330E-02    -0.21733E+00     0.11563E+00
     0.15054E+02     0.76688E-02    -0.20669E+00     0.11797E+00
     0.15111E+02     0.54689E-02    -0.19195E+00     0.11915E+00
     0.15156E+02     0.38921E-02    -0.17917E+00     0.11849E+00
     0.15202E+02     0.25232E-02    -0.16621E+00     0.11705E+00
     0.15259E+02     0.11312E-02    -0.14921E+00     0.11549E+00
     0.15305E+02     0.27227E-03    -0.13720E+00     0.11571E+00
     0.15350E+02    -0.45519E-03    -0.12759E+00     0.11610E+00
     0.15407E+02    -0.16088E-02    -0.11466E+00     0.11146E+00
     0.15453E+02    -0.26950E-02    -0.10280E+00     0.99968E-01
     0.15510E+02    -0.40331E-02    -0.85124E-01     0.78740E-01
     0.15555E+02    -0.47760E-02    -0.70302E-01     0.60011E-01
     0.15601E+02    -0.49164E-02    -0.57120E-01     0.43186E-01
     0.15658E+02    -0.46925E-02    -0.43028E-01     0.25473E-01
     0.15703E+02    -0.45876E-02    -0.32512E-01     0.14908E-01
     0.15760E+02    -0.47801E-02    -0.25531E-01     0.68076E-02
     0.15806E+02    -0.51043E-02    -0.23303E-01     0.25206E-02
     0.15851E+02    -0.54931E-02    -0.22378E-01     0.18186E-03
     0.15908E+02    -0.58208E-02    -0.22392E-01     0.52920E-03
     0.15954E+02    -0.59225E-02    -0.22246E-01     0.44260E-02
     0.16011E+02    -0.58244E-02    -0.21017E-01     0.12874E-01
     0.16056E+02    -0.55948E-02    -0.19339E-01     0.21221E-01
     0.16102E+02    -0.52922E-02    -0.16703E-01     0.29512E-01
     0.16159E+02    -0.49601E-02    -0.14741E-01     0.38421E-01
     0.16204E+02    -0.47712E-02    -0.15538E-01     0.44249E-01
     0.16261E+02    -0.49322E-02    -0.19802E-01     0.46737E-01
     0.16307E+02    -0.54434E-02    -0.27289E-01     0.45382E-01
     0.16353E+02    -0.60379E-02    -0.36895E-01     0.42308E-01
     0.16410E+02    -0.68535E-02    -0.47486E-01     0.37073E-01
     0.16455E+02    -0.74825E-02    -0.53489E-01     0.32733E-01
     0.16501E+02    -0.80900E-02    -0.56907E-01     0.28784E-01
     0.16558E+02    -0.84761E-02    -0.57752E-01     0.23584E-01
     0.16604E+02    -0.83642E-02    -0.57461E-01     0.17249E-01
     0.16661E+02    -0.78709E-02    -0.55646E-01     0.79367E-02
     0.16707E+02    -0.75689E-02    -0.52276E-01    -0.52244E-02
     0.16752E+02    -0.72409E-02    -0.46245E-01    -0.20513E-01
     0.16809E+02    -0.65489E-02    -0.37094E-01    -0.39811E-01
     0.16855E+02    -0.57335E-02    -0.30332E-01    -0.54683E-01
     0.16901E+02    -0.46322E-02    -0.23689E-01    -0.65170E-01
     0.16958E+02    -0.32926E-02    -0.21879E-01    -0.72264E-01
     0.17004E+02    -0.22454E-02    -0.27896E-01    -0.73558E-01
     0.17061E+02    -0.57968E-03    -0.42750E-01    -0.68118E-01
     0.17107E+02     0.10053E-02    -0.57114E-01    -0.58055E-01
     0.17153E+02     0.23444E-02    -0.69158E-01    -0.46216E-01
     0.17210E+02     0.33813E-02    -0.78766E-01    -0.35333E-01
     0.17256E+02     0.37853E-02    -0.84836E-01    -0.29551E-01
     0.17302E+02     0.40020E-02    -0.90380E-01    -0.24741E-01
     0.17359E+02     0.41625E-02    -0.94993E-01    -0.18636E-01
     0.17405E+02     0.42521E-02    -0.96250E-01    -0.12596E-01
     0.17451E+02     0.42370E-02    -0.96230E-01    -0.57986E-02
     0.17508E+02     0.40306E-02    -0.93863E-01     0.25580E-02
     0.17554E+02     0.38467E-02    -0.90388E-01     0.78357E-02
     0.17611E+02     0.36717E-02    -0.86548E-01     0.13079E-01
     0.17657E+02     0.37022E-02    -0.84449E-01     0.16417E-01
     0.17703E+02     0.38629E-02    -0.83736E-01     0.19010E-01
     0.17760E+02     0.40646E-02    -0.83291E-01     0.21275E-01
     0.17806E+02     0.41041E-02    -0.82128E-01     0.22187E-01
     0.17851E+02     0.39630E-02    -0.82114E-01     0.21834E-01
     0.17908E+02     0.36314E-02    -0.83739E-01     0.19314E-01
     0.17954E+02     0.32644E-02    -0.85543E-01     0.16306E-01
     0.18011E+02     0.27285E-02    -0.86639E-01     0.11818E-01
     0.18057E+02     0.22653E-02    -0.85275E-01     0.80872E-02
     0.18102E+02     0.18394E-02    -0.83282E-01     0.40786E-02
     0.18159E+02     0.15700E-02    -0.81196E-01    -0.91806E-03
     0.18205E+02     0.16392E-02    -0.78057E-01    -0.32701E-02
     0.18251E+02     0.18153E-02    -0.73150E-01    -0.39598E-02
     0.18308E+02     0.18753E-02    -0.64095E-01    -0.41149E-02
     0.18353E+02     0.18266E-02    -0.54831E-01    -0.45211E-02
     0.18410E+02     0.16257E-02    -0.41426E-01    -0.36544E-02
     0.18456E+02     0.13335E-02    -0.31132E-01    -0.22910E-02
     0.18501E+02     0.10133E-02    -0.23214E-01    -0.73056E-03
     0.18558E+02     0.57292E-03    -0.16948E-01     0.12498E-02
     0.18603E+02     0.21016E-03    -0.13936E-01     0.30141E-02
     0.18660E+02    -0.24227E-03    -0.11490E-01     0.50165E-02
     0.18706E+02    -0.59311E-03    -0.10427E-01     0.61471E-02
     0.18751E+02    -0.90186E-03    -0.10205E-01     0.69914E-02
     0.18808E+02    -0.12125E-02    -0.10934E-01     0.77035E-02
     0.18854E+02    -0.14006E-02    -0.11833E-01     0.79697E-02
     0.18910E+02    -0.15535E-02    -0.13082E-01     0.74146E-02
     0.18956E+02    -0.15362E-02    -0.14294E-01     0.64228E-02
     0.19001E+02    -0.13802E-02    -0.15616E-01     0.53958E-02
     0.19058E+02    -0.11078E-02    -0.17399E-01     0.39209E-02
     0.19103E+02    -0.94511E-03    -0.19093E-01     0.28241E-02
     0.19159E+02    -0.81796E-03    -0.21510E-01     0.15950E-02
     0.19205E+02    -0.75008E-03    -0.24075E-01     0.11787E-02
     0.19261E+02    -0.69651E-03    -0.28483E-01     0.19201E-02
     0.19306E+02    -0.66397E-03    -0.32963E-01     0.34749E-02
     0.19351E+02    -0.66846E-03    -0.38429E-01     0.58292E-02
     0.19408E+02    -0.72680E-03    -0.45087E-01     0.96374E-02
     0.19453E+02    -0.77687E-03    -0.49357E-01     0.13292E-01
     0.19509E+02    -0.62261E-03    -0.51350E-01     0.20623E-01
     0.19555E+02    -0.16607E-03    -0.48528E-01     0.30234E-01
     0.19611E+02     0.55904E-03    -0.42760E-01     0.43390E-01
     0.19656E+02     0.93175E-03    -0.42737E-01     0.51796E-01
     0.19701E+02     0.12334E-02    -0.50015E-01     0.58275E-01
     0.19758E+02     0.15165E-02    -0.71153E-01     0.65885E-01
     0.19803E+02     0.16518E-02    -0.93249E-01     0.71838E-01
     0.19860E+02     0.15944E-02    -0.11679E+00     0.75673E-01
     0.19905E+02     0.11392E-02    -0.12490E+00     0.73594E-01
     0.19951E+02     0.35568E-03    -0.12732E+00     0.68587E-01
     0.20007E+02    -0.73096E-03    -0.12401E+00     0.56238E-01
     0.20053E+02    -0.14230E-02    -0.12101E+00     0.41458E-01
     0.20109E+02    -0.17487E-02    -0.11910E+00     0.19680E-01
     0.20155E+02    -0.16403E-02    -0.11925E+00     0.20416E-02
     0.20200E+02    -0.13675E-02    -0.12071E+00    -0.14667E-01
     0.20257E+02    -0.57361E-03    -0.12691E+00    -0.32706E-01
     0.20302E+02     0.39747E-03    -0.13455E+00    -0.46020E-01
     0.20359E+02     0.19799E-02    -0.14523E+00    -0.62480E-01
     0.20404E+02     0.33549E-02    -0.15476E+00    -0.75460E-01
     0.20460E+02     0.53100E-02    -0.16729E+00    -0.88579E-01
     0.20506E+02     0.72821E-02    -0.17762E+00    -0.96199E-01
     0.20551E+02     0.96999E-02    -0.18874E+00    -0.10329E+00
     0.20607E+02     0.13235E-01    -0.20710E+00    -0.11380E+00
     0.20652E+02     0.16469E-01    -0.22768E+00    -0.12512E+00
     0.20709E+02     0.20892E-01    -0.26098E+00    -0.14432E+00
     0.20754E+02     0.24616E-01    -0.29305E+00    -0.16305E+00
     0.20810E+02     0.29924E-01    -0.34182E+00    -0.18401E+00
     0.20855E+02     0.34824E-01    -0.38591E+00    -0.19598E+00
     0.20911E+02     0.40869E-01    -0.43232E+00    -0.20098E+00
     0.20956E+02     0.45002E-01    -0.45697E+00    -0.20154E+00
     0.21001E+02     0.48365E-01    -0.47279E+00    -0.19900E+00
     0.21057E+02     0.51687E-01    -0.48372E+00    -0.18740E+00
     0.21102E+02     0.53806E-01    -0.48653E+00    -0.17090E+00
     0.21158E+02     0.56010E-01    -0.48715E+00    -0.14034E+00
     0.21203E+02     0.57384E-01    -0.48600E+00    -0.10892E+00
     0.21259E+02     0.58494E-01    -0.48233E+00    -0.63045E-01
     0.21304E+02     0.58850E-01    -0.47867E+00    -0.23665E-01
     0.21360E+02     0.58895E-01    -0.47444E+00     0.28439E-01
     0.21405E+02     0.59056E-01    -0.47412E+00     0.73226E-01
     0.21450E+02     0.58865E-01    -0.47565E+00     0.11743E+00
     0.21506E+02     0.57750E-01    -0.47349E+00     0.16824E+00
     0.21551E+02     0.55692E-01    -0.46715E+00     0.20271E+00
     0.21608E+02     0.51978E-01    -0.45505E+00     0.23321E+00
     0.21653E+02     0.48472E-01    -0.44226E+00     0.24995E+00
     0.21709E+02     0.43567E-01    -0.42395E+00     0.26363E+00
     0.21754E+02     0.39395E-01    -0.40822E+00     0.27041E+00
     0.21809E+02     0.34156E-01    -0.38653E+00     0.27743E+00
     0.21854E+02     0.29970E-01    -0.36712E+00     0.28280E+00
     0.21910E+02     0.24963E-01    -0.34123E+00     0.28764E+00
     0.21955E+02     0.20960E-01    -0.31827E+00     0.29113E+00
     0.22000E+02     0.16762E-01    -0.29112E+00     0.29358E+00
     0.22057E+02     0.11321E-01    -0.24497E+00     0.29428E+00
     0.22102E+02     0.69964E-02    -0.19588E+00     0.29413E+00
     0.22158E+02     0.21134E-02    -0.12581E+00     0.29424E+00
     0.22204E+02    -0.12326E-02    -0.67200E-01     0.29483E+00
     0.22260E+02    -0.48492E-02    -0.14223E-02     0.29036E+00
     0.22306E+02    -0.74758E-02     0.41068E-01     0.27697E+00
     0.22351E+02    -0.99225E-02     0.81295E-01     0.26022E+00
     0.22408E+02    -0.13002E-01     0.12635E+00     0.22602E+00
     0.22453E+02    -0.15278E-01     0.15535E+00     0.19542E+00
     0.22510E+02    -0.17644E-01     0.17762E+00     0.15433E+00
     0.22556E+02    -0.18718E-01     0.18394E+00     0.11498E+00
     0.22601E+02    -0.19150E-01     0.18409E+00     0.81630E-01
     0.22658E+02    -0.19177E-01     0.17607E+00     0.41509E-01
     0.22704E+02    -0.19010E-01     0.17127E+00     0.95253E-02
     0.22761E+02    -0.18289E-01     0.16175E+00    -0.24461E-01
     0.22807E+02    -0.17319E-01     0.14950E+00    -0.52301E-01
     0.22859E+02    -0.15890E-01     0.12863E+00    -0.86414E-01
     0.22903E+02    -0.14686E-01     0.10958E+00    -0.10939E+00
     0.22958E+02    -0.13215E-01     0.91896E-01    -0.13176E+00
     0.23004E+02    -0.11996E-01     0.80180E-01    -0.14363E+00
     0.23061E+02    -0.10402E-01     0.67852E-01    -0.15036E+00
     0.23107E+02    -0.90531E-02     0.58707E-01    -0.14943E+00
     0.23152E+02    -0.75673E-02     0.50302E-01    -0.14325E+00
     0.23209E+02    -0.53941E-02     0.40878E-01    -0.12574E+00
     0.23255E+02    -0.34401E-02     0.35256E-01    -0.10876E+00
     0.23301E+02    -0.15203E-02     0.29857E-01    -0.91020E-01
     0.23358E+02     0.44495E-03     0.22421E-01    -0.72698E-01
     0.23404E+02     0.15908E-02     0.13959E-01    -0.64637E-01
     0.23461E+02     0.24334E-02     0.10486E-02    -0.62379E-01
     0.23507E+02     0.27545E-02    -0.83578E-02    -0.61285E-01
     0.23553E+02     0.28590E-02    -0.16357E-01    -0.59991E-01
     0.23610E+02     0.31633E-02    -0.25574E-01    -0.57541E-01
     0.23656E+02     0.36877E-02    -0.34269E-01    -0.52610E-01
     0.23702E+02     0.44308E-02    -0.44447E-01    -0.43476E-01
     0.23760E+02     0.53184E-02    -0.59122E-01    -0.29893E-01
     0.23805E+02     0.57475E-02    -0.71730E-01    -0.19774E-01
     0.23850E+02     0.59627E-02    -0.84324E-01    -0.10286E-01
     0.23908E+02     0.59733E-02    -0.97058E-01     0.29852E-02
     0.23954E+02     0.59539E-02    -0.10438E+00     0.16000E-01
     0.24010E+02     0.58661E-02    -0.11036E+00     0.34117E-01
     0.24056E+02     0.57728E-02    -0.11290E+00     0.50610E-01
     0.24100E+02     0.56027E-02    -0.11300E+00     0.67282E-01
     0.24157E+02     0.51266E-02    -0.10862E+00     0.87970E-01
     0.24211E+02     0.43775E-02    -0.97782E-01     0.10567E+00
     0.24257E+02     0.32285E-02    -0.79970E-01     0.11709E+00
     0.24303E+02     0.17219E-02    -0.52862E-01     0.12384E+00
     0.24360E+02    -0.40186E-03    -0.15766E-01     0.12805E+00
     0.24406E+02    -0.20750E-02     0.13748E-01     0.12892E+00
     0.24452E+02    -0.37992E-02     0.45112E-01     0.12677E+00
     0.24509E+02    -0.58970E-02     0.83730E-01     0.12050E+00
     0.24555E+02    -0.73220E-02     0.10652E+00     0.11127E+00
     0.24601E+02    -0.83920E-02     0.11823E+00     0.10122E+00
     0.24658E+02    -0.90772E-02     0.13289E+00     0.92625E-01
     0.24704E+02    -0.95284E-02     0.14970E+00     0.85791E-01
     0.24761E+02    -0.10224E-01     0.16246E+00     0.72670E-01
     0.24807E+02    -0.10764E-01     0.16495E+00     0.60168E-01
     0.24853E+02    -0.11247E-01     0.16306E+00     0.47558E-01
     0.24911E+02    -0.11674E-01     0.15572E+00     0.32837E-01
     0.24957E+02    -0.11926E-01     0.14629E+00     0.24139E-01
     0.25002E+02    -0.11980E-01     0.13473E+00     0.15596E-01
