     0.11273E-01     0.51208E-12     0.31537E-11    -0.25964E-15
     0.56772E-01     0.56078E-12     0.34268E-11    -0.61978E-14
     0.10226E+00     0.61603E-12     0.37363E-11    -0.19202E-13
     0.15908E+00     0.69632E-12     0.42073E-11    -0.45165E-13
     0.20451E+00     0.77161E-12     0.46792E-11    -0.74661E-13
     0.26127E+00     0.88311E-12     0.54282E-11    -0.12221E-12
     0.30666E+00     0.98966E-12     0.61890E-11    -0.16968E-12
     0.35204E+00     0.11155E-11     0.71299E-11    -0.22962E-12
     0.40877E+00     0.13069E-11     0.86238E-11    -0.32533E-12
     0.45415E+00     0.14944E-11     0.10138E-10    -0.41976E-12
     0.51088E+00     0.17837E-11     0.12546E-10    -0.55962E-12
     0.55626E+00     0.20707E-11     0.14996E-10    -0.68837E-12
     0.60166E+00     0.24202E-11     0.18039E-10    -0.83339E-12
     0.65840E+00     0.29683E-11     0.22906E-10    -0.10433E-11
     0.70379E+00     0.35184E-11     0.27921E-10    -0.12441E-11
     0.76053E+00     0.43849E-11     0.35985E-10    -0.15529E-11
     0.80593E+00     0.52583E-11     0.44195E-10    -0.18626E-11
     0.85132E+00     0.63316E-11     0.54303E-10    -0.22534E-11
     0.90806E+00     0.80222E-11     0.70160E-10    -0.29025E-11
     0.95344E+00     0.97184E-11     0.85967E-10    -0.35830E-11
     0.10102E+01     0.12370E-10     0.11061E-09    -0.46835E-11
     0.10556E+01     0.15009E-10     0.13504E-09    -0.58092E-11
     0.11009E+01     0.18206E-10     0.16447E-09    -0.71943E-11
     0.11577E+01     0.23151E-10     0.20964E-09    -0.93521E-11
     0.12030E+01     0.28023E-10     0.25379E-09    -0.11473E-10
     0.12598E+01     0.35514E-10     0.32107E-09    -0.14702E-10
     0.13051E+01     0.42859E-10     0.38649E-09    -0.17820E-10
     0.13505E+01     0.51653E-10     0.46432E-09    -0.21493E-10
     0.14072E+01     0.65112E-10     0.58272E-09    -0.27010E-10
     0.14526E+01     0.78271E-10     0.69794E-09    -0.32311E-10
     0.15093E+01     0.98403E-10     0.87370E-09    -0.40310E-10
     0.15546E+01     0.11809E-09     0.10453E-08    -0.48043E-10
     0.16113E+01     0.14823E-09     0.13080E-08    -0.59767E-10
     0.16567E+01     0.17774E-09     0.15652E-08    -0.71155E-10
     0.17020E+01     0.21308E-09     0.18736E-08    -0.84729E-10
     0.17587E+01     0.26727E-09     0.23472E-08    -0.10548E-09
     0.18041E+01     0.32039E-09     0.28120E-08    -0.12581E-09
     0.18608E+01     0.40187E-09     0.35259E-08    -0.15706E-09
     0.19061E+01     0.48177E-09     0.42266E-08    -0.18780E-09
     0.19515E+01     0.57759E-09     0.50674E-08    -0.22481E-09
     0.20082E+01     0.72464E-09     0.63584E-08    -0.28189E-09
     0.20535E+01     0.86885E-09     0.76248E-08    -0.33812E-09
     0.21102E+01     0.10902E-08     0.95687E-08    -0.42473E-09
     0.21555E+01     0.13073E-08     0.11475E-07    -0.50988E-09
     0.22009E+01     0.15676E-08     0.13762E-07    -0.61213E-09
     0.22575E+01     0.19672E-08     0.17273E-07    -0.76917E-09
     0.23029E+01     0.23590E-08     0.20716E-07    -0.92317E-09
     0.23595E+01     0.29605E-08     0.26000E-07    -0.11594E-08
     0.24049E+01     0.35503E-08     0.31182E-07    -0.13909E-08
     0.24502E+01     0.42576E-08     0.37396E-07    -0.16684E-08
     0.25069E+01     0.53430E-08     0.46932E-07    -0.20939E-08
     0.25522E+01     0.64074E-08     0.56282E-07    -0.25110E-08
     0.26089E+01     0.80408E-08     0.70629E-07    -0.31507E-08
     0.26542E+01     0.96424E-08     0.84697E-07    -0.37779E-08
     0.27108E+01     0.12100E-07     0.10628E-06    -0.47403E-08
     0.27562E+01     0.14510E-07     0.12745E-06    -0.56838E-08
     0.28015E+01     0.17400E-07     0.15284E-06    -0.68153E-08
     0.28582E+01     0.21835E-07     0.19179E-06    -0.85515E-08
     0.29035E+01     0.26184E-07     0.22998E-06    -0.10254E-07
     0.29601E+01     0.32857E-07     0.28860E-06    -0.12867E-07
     0.30055E+01     0.39400E-07     0.34607E-06    -0.15429E-07
     0.30508E+01     0.47246E-07     0.41499E-06    -0.18501E-07
     0.31074E+01     0.59286E-07     0.52073E-06    -0.23215E-07
     0.31528E+01     0.71092E-07     0.62442E-06    -0.27838E-07
     0.32094E+01     0.89206E-07     0.78352E-06    -0.34931E-07
     0.32547E+01     0.10697E-06     0.93952E-06    -0.41886E-07
     0.33000E+01     0.12827E-06     0.11266E-05    -0.50225E-07
     0.33567E+01     0.16094E-06     0.14136E-05    -0.63020E-07
     0.34020E+01     0.19298E-06     0.16949E-05    -0.75565E-07
     0.34587E+01     0.24214E-06     0.21266E-05    -0.94813E-07
     0.35040E+01     0.29034E-06     0.25499E-05    -0.11368E-06
     0.35606E+01     0.36428E-06     0.31992E-05    -0.14264E-06
     0.36059E+01     0.43678E-06     0.38357E-05    -0.17102E-06
     0.36513E+01     0.52369E-06     0.45988E-05    -0.20504E-06
     0.37079E+01     0.65701E-06     0.57694E-05    -0.25723E-06
     0.37532E+01     0.78771E-06     0.69167E-05    -0.30838E-06
     0.38099E+01     0.98819E-06     0.86766E-05    -0.38685E-06
     0.38552E+01     0.11847E-05     0.10401E-04    -0.46375E-06
     0.39005E+01     0.14202E-05     0.12468E-04    -0.55592E-06
     0.39572E+01     0.17815E-05     0.15638E-04    -0.69725E-06
     0.40025E+01     0.21355E-05     0.18745E-04    -0.83575E-06
     0.40591E+01     0.26784E-05     0.23507E-04    -0.10481E-05
     0.41044E+01     0.32104E-05     0.28173E-04    -0.12561E-05
     0.41611E+01     0.40261E-05     0.35324E-04    -0.15750E-05
     0.42064E+01     0.48252E-05     0.42330E-04    -0.18874E-05
     0.42517E+01     0.57827E-05     0.50720E-04    -0.22615E-05
     0.43084E+01     0.72503E-05     0.63578E-04    -0.28348E-05
     0.43537E+01     0.86878E-05     0.76168E-04    -0.33960E-05
     0.44103E+01     0.10891E-04     0.95454E-04    -0.42559E-05
     0.44557E+01     0.13048E-04     0.11433E-03    -0.50975E-05
     0.45010E+01     0.15632E-04     0.13693E-03    -0.61048E-05
     0.45576E+01     0.19591E-04     0.17153E-03    -0.76472E-05
     0.46029E+01     0.23467E-04     0.20538E-03    -0.91560E-05
     0.46596E+01     0.29404E-04     0.25720E-03    -0.11465E-04
     0.47049E+01     0.35216E-04     0.30788E-03    -0.13723E-04
     0.47502E+01     0.42175E-04     0.36850E-03    -0.16424E-04
     0.48069E+01     0.52832E-04     0.46123E-03    -0.20554E-04
     0.48522E+01     0.63264E-04     0.55187E-03    -0.24590E-04
     0.49088E+01     0.79241E-04     0.69046E-03    -0.30760E-04
     0.49542E+01     0.94881E-04     0.82586E-03    -0.36785E-04
     0.50108E+01     0.11884E-03     0.10328E-02    -0.45988E-04
     0.50561E+01     0.14230E-03     0.12349E-02    -0.54969E-04
     0.51015E+01     0.17039E-03     0.14762E-02    -0.65690E-04
     0.51581E+01     0.21347E-03     0.18448E-02    -0.82048E-04
     0.52034E+01     0.25568E-03     0.22045E-02    -0.97991E-04
     0.52601E+01     0.32045E-03     0.27533E-02    -0.12229E-03
     0.53054E+01     0.38401E-03     0.32884E-02    -0.14595E-03
     0.53507E+01     0.46032E-03     0.39266E-02    -0.17411E-03
     0.54074E+01     0.57775E-03     0.48995E-02    -0.21695E-03
     0.54527E+01     0.69334E-03     0.58468E-02    -0.25855E-03
     0.55094E+01     0.87175E-03     0.72896E-02    -0.32168E-03
     0.55547E+01     0.10480E-02     0.86930E-02    -0.38283E-03
     0.56000E+01     0.12614E-02     0.10363E-01    -0.45520E-03
     0.56567E+01     0.15931E-02     0.12902E-01    -0.56333E-03
     0.57020E+01     0.19239E-02     0.15369E-01    -0.66798E-03
     0.57587E+01     0.24427E-02     0.19113E-01    -0.82905E-03
     0.58040E+01     0.29653E-02     0.22745E-01    -0.98687E-03
     0.58607E+01     0.37951E-02     0.28253E-01    -0.12321E-02
     0.59060E+01     0.46437E-02     0.33580E-01    -0.15048E-02
     0.59513E+01     0.57060E-02     0.39859E-01    -0.17833E-02
     0.60080E+01     0.72004E-02     0.55757E-01    -0.14429E-02
     0.60533E+01     0.85418E-02     0.78644E-01    -0.83476E-03
     0.61100E+01     0.10545E-01     0.11933E+00     0.20158E-03
     0.61553E+01     0.12543E-01     0.16009E+00     0.11383E-02
     0.62006E+01     0.15069E-01     0.20539E+00     0.20942E-02
     0.62573E+01     0.19409E-01     0.26767E+00     0.28038E-02
     0.63026E+01     0.24205E-01     0.31763E+00     0.24680E-02
     0.63592E+01     0.32122E-01     0.38455E+00     0.12128E-02
     0.64045E+01     0.39527E-01     0.44001E+00    -0.25658E-03
     0.64611E+01     0.49574E-01     0.50162E+00    -0.23802E-02
     0.65063E+01     0.57711E-01     0.54042E+00    -0.43655E-02
     0.65514E+01     0.65216E-01     0.56427E+00    -0.61481E-02
     0.66078E+01     0.73072E-01     0.57265E+00    -0.62493E-02
     0.66529E+01     0.77778E-01     0.56272E+00    -0.42725E-02
     0.67093E+01     0.81687E-01     0.53301E+00    -0.88663E-03
     0.67543E+01     0.83605E-01     0.50087E+00     0.14775E-02
     0.68106E+01     0.84633E-01     0.45104E+00     0.32926E-02
     0.68556E+01     0.84553E-01     0.40603E+00     0.40485E-02
     0.69006E+01     0.84215E-01     0.35881E+00     0.41966E-02
     0.69568E+01     0.82917E-01     0.29369E+00     0.43750E-02
     0.70017E+01     0.81370E-01     0.23766E+00     0.47884E-02
     0.70579E+01     0.79467E-01     0.17011E+00     0.49196E-02
     0.71028E+01     0.77990E-01     0.11779E+00     0.54642E-02
     0.71589E+01     0.75835E-01     0.50600E-01     0.72029E-02
     0.72038E+01     0.73718E-01    -0.58736E-02     0.90204E-02
     0.72599E+01     0.70669E-01    -0.78401E-01     0.11087E-01
     0.73047E+01     0.68110E-01    -0.13615E+00     0.11948E-01
     0.73608E+01     0.64972E-01    -0.20699E+00     0.12261E-01
     0.74057E+01     0.62535E-01    -0.26317E+00     0.12369E-01
     0.74505E+01     0.60077E-01    -0.31970E+00     0.12879E-01
     0.75066E+01     0.56837E-01    -0.39219E+00     0.14759E-01
     0.75515E+01     0.54064E-01    -0.45219E+00     0.16677E-01
     0.76076E+01     0.50348E-01    -0.53047E+00     0.18752E-01
     0.76525E+01     0.47138E-01    -0.59592E+00     0.20000E-01
     0.77086E+01     0.42695E-01    -0.68030E+00     0.21772E-01
     0.77536E+01     0.38798E-01    -0.75103E+00     0.23427E-01
     0.78098E+01     0.33663E-01    -0.84885E+00     0.25719E-01
     0.78548E+01     0.29188E-01    -0.93512E+00     0.27915E-01
     0.79110E+01     0.22905E-01    -0.10508E+01     0.30536E-01
     0.79561E+01     0.17529E-01    -0.11505E+01     0.32320E-01
     0.80012E+01     0.12226E-01    -0.12523E+01     0.27850E-01
     0.80576E+01     0.66212E-02    -0.13353E+01     0.89157E-02
     0.81028E+01     0.20927E-02    -0.13724E+01     0.30835E-02
     0.81593E+01    -0.35716E-02    -0.13139E+01     0.17254E-02
     0.82046E+01    -0.60762E-02    -0.11431E+01     0.16715E-02
     0.82613E+01    -0.67269E-02    -0.89840E+00     0.86756E-03
     0.83066E+01    -0.74846E-02    -0.49766E+00     0.37422E-03
     0.83520E+01    -0.75707E-02     0.00000E+00     0.00000E+00
     0.84087E+01    -0.75707E-02     0.00000E+00     0.00000E+00
     0.84541E+01    -0.75707E-02     0.00000E+00     0.00000E+00
     0.85108E+01    -0.75707E-02     0.00000E+00     0.00000E+00
     0.85562E+01    -0.75707E-02     0.00000E+00     0.00000E+00
     0.86016E+01    -0.75707E-02     0.00000E+00     0.00000E+00
     0.86567E+01    -0.75707E-02     0.00000E+00     0.00000E+00
     0.87075E+01    -0.75707E-02     0.00000E+00     0.00000E+00
     0.87598E+01    -0.75707E-02     0.00000E+00     0.00000E+00
     0.88002E+01    -0.75707E-02     0.00000E+00     0.00000E+00
     0.88534E+01    -0.75707E-02     0.00000E+00     0.00000E+00
     0.89101E+01    -0.75707E-02     0.00000E+00     0.00000E+00
     0.89548E+01    -0.75707E-02     0.00000E+00     0.00000E+00
     0.90078E+01    -0.75707E-02     0.00000E+00     0.00000E+00
     0.90578E+01    -0.75707E-02     0.00000E+00     0.00000E+00
     0.91006E+01    -0.75707E-02     0.00000E+00     0.00000E+00
     0.91584E+01    -0.75707E-02     0.00000E+00     0.00000E+00
     0.92053E+01    -0.75707E-02     0.00000E+00     0.00000E+00
     0.92587E+01    -0.75707E-02     0.00000E+00     0.00000E+00
     0.93100E+01    -0.75707E-02     0.00000E+00     0.00000E+00
     0.93609E+01    -0.75707E-02     0.00000E+00     0.00000E+00
     0.94025E+01    -0.75707E-02     0.00000E+00     0.00000E+00
     0.94531E+01    -0.75707E-02     0.00000E+00     0.00000E+00
     0.95061E+01    -0.75707E-02     0.00000E+00     0.00000E+00
     0.95511E+01    -0.75707E-02     0.00000E+00     0.00000E+00
     0.96074E+01    -0.75707E-02     0.00000E+00     0.00000E+00
     0.96573E+01    -0.74633E-02     0.21348E-01    -0.35267E-01
     0.97064E+01    -0.66650E-02     0.19272E+00    -0.35656E+00
     0.97503E+01    -0.55875E-02     0.16157E+00    -0.40748E+00
     0.98070E+01    -0.42640E-02     0.13037E+00    -0.34556E+00
     0.98524E+01    -0.33259E-02     0.11480E+00    -0.28749E+00
     0.99065E+01    -0.21267E-02     0.10526E+00    -0.22181E+00
     0.99519E+01    -0.88033E-03     0.98675E-01    -0.17070E+00
     0.10009E+02     0.86591E-03     0.79633E-01    -0.11560E+00
     0.10054E+02     0.22737E-02     0.53935E-01    -0.82088E-01
     0.10111E+02     0.37607E-02     0.29035E-01    -0.61325E-01
     0.10156E+02     0.47576E-02     0.16065E-01    -0.57813E-01
     0.10202E+02     0.53246E-02     0.11761E-01    -0.52980E-01
     0.10258E+02     0.55390E-02     0.70166E-02    -0.44379E-01
     0.10303E+02     0.54841E-02     0.14012E-05    -0.31866E-01
     0.10359E+02     0.51859E-02    -0.62987E-02    -0.22740E-01
     0.10405E+02     0.48423E-02    -0.11399E-01    -0.28556E-01
     0.10461E+02     0.43969E-02    -0.21152E-01    -0.43958E-01
     0.10507E+02     0.41396E-02    -0.34920E-01    -0.58593E-01
     0.10552E+02     0.39748E-02    -0.55600E-01    -0.65828E-01
     0.10609E+02     0.38741E-02    -0.89691E-01    -0.62286E-01
     0.10654E+02     0.35781E-02    -0.11262E+00    -0.57433E-01
     0.10711E+02     0.25139E-02    -0.12030E+00    -0.55682E-01
     0.10757E+02     0.13978E-02    -0.12133E+00    -0.59742E-01
     0.10802E+02     0.34383E-03    -0.11758E+00    -0.60395E-01
     0.10859E+02    -0.82987E-03    -0.11096E+00    -0.60247E-01
     0.10904E+02    -0.16994E-02    -0.10675E+00    -0.60485E-01
     0.10961E+02    -0.27056E-02    -0.10473E+00    -0.61061E-01
     0.11006E+02    -0.34380E-02    -0.10505E+00    -0.60937E-01
     0.11052E+02    -0.41160E-02    -0.10755E+00    -0.58842E-01
     0.11109E+02    -0.48768E-02    -0.11261E+00    -0.52867E-01
     0.11154E+02    -0.54078E-02    -0.11789E+00    -0.46295E-01
     0.11211E+02    -0.59672E-02    -0.12586E+00    -0.39572E-01
     0.11256E+02    -0.63323E-02    -0.13244E+00    -0.35285E-01
     0.11302E+02    -0.66200E-02    -0.13653E+00    -0.32926E-01
     0.11359E+02    -0.68560E-02    -0.10392E+00    -0.32269E-01
     0.11404E+02    -0.69384E-02    -0.78961E-01    -0.40600E-01
     0.11461E+02    -0.69128E-02    -0.46440E-01    -0.56505E-01
     0.11506E+02    -0.67920E-02    -0.73191E-02    -0.78425E-01
     0.11552E+02    -0.65734E-02     0.38613E-01    -0.11235E+00
     0.11609E+02    -0.61912E-02     0.68632E-01    -0.14159E+00
     0.11654E+02    -0.58471E-02     0.78674E-01    -0.16019E+00
     0.11711E+02    -0.54298E-02     0.78935E-01    -0.17639E+00
     0.11756E+02    -0.51608E-02     0.73014E-01    -0.18807E+00
     0.11802E+02    -0.49728E-02     0.67020E-01    -0.19299E+00
     0.11859E+02    -0.47784E-02     0.57954E-01    -0.19222E+00
     0.11904E+02    -0.46358E-02     0.45613E-01    -0.18624E+00
     0.11961E+02    -0.44988E-02     0.24297E-01    -0.17360E+00
     0.12006E+02    -0.44303E-02     0.53858E-02    -0.16054E+00
     0.12051E+02    -0.44041E-02    -0.10745E-01    -0.14641E+00
     0.12108E+02    -0.44205E-02    -0.20319E-01    -0.12849E+00
     0.12154E+02    -0.44415E-02    -0.20548E-01    -0.11724E+00
     0.12210E+02    -0.44249E-02    -0.17624E-01    -0.10891E+00
     0.12256E+02    -0.43931E-02    -0.14411E-01    -0.10521E+00
     0.12301E+02    -0.43408E-02    -0.10384E-01    -0.10315E+00
     0.12358E+02    -0.42558E-02    -0.56600E-02    -0.10253E+00
     0.12404E+02    -0.41733E-02    -0.21788E-02    -0.10334E+00
     0.12460E+02    -0.40607E-02     0.18444E-02    -0.10608E+00
     0.12506E+02    -0.39744E-02     0.47005E-02    -0.10914E+00
     0.12551E+02    -0.38854E-02     0.61101E-02    -0.11192E+00
     0.12608E+02    -0.37783E-02     0.42122E-02    -0.11512E+00
     0.12654E+02    -0.37041E-02     0.77189E-03    -0.11724E+00
     0.12711E+02    -0.36328E-02    -0.37586E-02    -0.11949E+00
     0.12756E+02    -0.35942E-02    -0.68003E-02    -0.12136E+00
     0.12802E+02    -0.35696E-02    -0.77965E-02    -0.12324E+00
     0.12858E+02    -0.35432E-02    -0.64806E-02    -0.12531E+00
     0.12904E+02    -0.35047E-02    -0.43949E-02    -0.12544E+00
     0.12961E+02    -0.34304E-02    -0.29220E-03    -0.12476E+00
     0.13006E+02    -0.33331E-02     0.40782E-02    -0.12387E+00
     0.13052E+02    -0.31857E-02     0.92563E-02    -0.12253E+00
     0.13109E+02    -0.29144E-02     0.16924E-01    -0.12092E+00
     0.13154E+02    -0.26189E-02     0.23098E-01    -0.12056E+00
     0.13211E+02    -0.21435E-02     0.29655E-01    -0.12059E+00
     0.13257E+02    -0.17051E-02     0.33010E-01    -0.12074E+00
     0.13302E+02    -0.12812E-02     0.33646E-01    -0.11847E+00
     0.13359E+02    -0.78255E-03     0.32978E-01    -0.10905E+00
     0.13404E+02    -0.34885E-03     0.30490E-01    -0.97034E-01
     0.13461E+02     0.20797E-03     0.19742E-01    -0.79194E-01
     0.13507E+02     0.56958E-03     0.57480E-02    -0.64291E-01
     0.13552E+02     0.78641E-03    -0.91318E-02    -0.49982E-01
     0.13609E+02     0.83750E-03    -0.23356E-01    -0.35685E-01
     0.13655E+02     0.74233E-03    -0.29083E-01    -0.30106E-01
     0.13701E+02     0.57079E-03    -0.29480E-01    -0.28490E-01
     0.13758E+02     0.35282E-03    -0.26515E-01    -0.32120E-01
     0.13804E+02     0.23842E-03    -0.24529E-01    -0.39876E-01
     0.13862E+02     0.81866E-04    -0.27342E-01    -0.51534E-01
     0.13908E+02    -0.72009E-04    -0.35356E-01    -0.61264E-01
     0.13954E+02    -0.27855E-03    -0.47758E-01    -0.70857E-01
     0.14001E+02    -0.61011E-03    -0.60892E-01    -0.79757E-01
     0.14060E+02    -0.12118E-02    -0.72596E-01    -0.89165E-01
     0.14106E+02    -0.17682E-02    -0.75561E-01    -0.95967E-01
     0.14153E+02    -0.23295E-02    -0.75479E-01    -0.10271E+00
     0.14212E+02    -0.29766E-02    -0.74718E-01    -0.10828E+00
     0.14259E+02    -0.34404E-02    -0.73969E-01    -0.10843E+00
     0.14305E+02    -0.38473E-02    -0.72303E-01    -0.10649E+00
     0.14352E+02    -0.41821E-02    -0.69055E-01    -0.10486E+00
     0.14411E+02    -0.44817E-02    -0.61976E-01    -0.10497E+00
     0.14458E+02    -0.46220E-02    -0.53247E-01    -0.10558E+00
     0.14505E+02    -0.46821E-02    -0.43659E-01    -0.10649E+00
     0.14551E+02    -0.46658E-02    -0.28742E-01    -0.10556E+00
     0.14609E+02    -0.45284E-02    -0.37295E-02    -0.10353E+00
     0.14655E+02    -0.43086E-02     0.15814E-01    -0.10134E+00
     0.14700E+02    -0.39968E-02     0.32350E-01    -0.98164E-01
     0.14757E+02    -0.35107E-02     0.48933E-01    -0.93385E-01
     0.14803E+02    -0.30517E-02     0.57315E-01    -0.87573E-01
     0.14860E+02    -0.24244E-02     0.61284E-01    -0.78100E-01
     0.14906E+02    -0.19036E-02     0.58530E-01    -0.69607E-01
     0.14951E+02    -0.13988E-02     0.48450E-01    -0.59719E-01
     0.15008E+02    -0.87598E-03     0.25488E-01    -0.47946E-01
     0.15054E+02    -0.61810E-03     0.13732E-02    -0.42621E-01
     0.15111E+02    -0.51484E-03    -0.28668E-01    -0.38846E-01
     0.15156E+02    -0.61737E-03    -0.47287E-01    -0.38442E-01
     0.15202E+02    -0.81951E-03    -0.58096E-01    -0.42254E-01
     0.15259E+02    -0.11721E-02    -0.62332E-01    -0.49333E-01
     0.15305E+02    -0.14812E-02    -0.58885E-01    -0.55721E-01
     0.15350E+02    -0.17268E-02    -0.53365E-01    -0.63877E-01
     0.15407E+02    -0.19626E-02    -0.46385E-01    -0.75333E-01
     0.15453E+02    -0.21068E-02    -0.41509E-01    -0.84790E-01
     0.15510E+02    -0.22158E-02    -0.35013E-01    -0.95996E-01
     0.15555E+02    -0.22411E-02    -0.29274E-01    -0.10339E+00
     0.15601E+02    -0.22188E-02    -0.23592E-01    -0.10824E+00
     0.15658E+02    -0.21533E-02    -0.16623E-01    -0.11116E+00
     0.15703E+02    -0.20935E-02    -0.10871E-01    -0.11099E+00
     0.15760E+02    -0.20164E-02    -0.42423E-02    -0.10614E+00
     0.15806E+02    -0.19181E-02     0.53316E-03    -0.10005E+00
     0.15851E+02    -0.17727E-02     0.51080E-02    -0.93831E-01
     0.15908E+02    -0.15380E-02     0.10124E-01    -0.86989E-01
     0.15954E+02    -0.13216E-02     0.12749E-01    -0.82350E-01
     0.16011E+02    -0.10454E-02     0.14062E-01    -0.77561E-01
     0.16056E+02    -0.82982E-03     0.14398E-01    -0.74697E-01
     0.16102E+02    -0.62134E-03     0.14500E-01    -0.73060E-01
     0.16159E+02    -0.37175E-03     0.12567E-01    -0.72907E-01
     0.16204E+02    -0.19141E-03     0.89993E-02    -0.73638E-01
     0.16261E+02    -0.14903E-04     0.29011E-02    -0.75076E-01
     0.16307E+02     0.75627E-04    -0.20398E-02    -0.76170E-01
     0.16353E+02     0.13187E-03    -0.50667E-02    -0.77802E-01
     0.16410E+02     0.15562E-03    -0.60176E-02    -0.79798E-01
     0.16455E+02     0.14320E-03    -0.53758E-02    -0.81368E-01
     0.16501E+02     0.12406E-03    -0.46087E-02    -0.82288E-01
     0.16558E+02     0.10544E-03    -0.38334E-02    -0.82825E-01
     0.16604E+02     0.89967E-04    -0.35828E-02    -0.83343E-01
     0.16661E+02     0.55990E-04    -0.41752E-02    -0.83785E-01
     0.16707E+02     0.91511E-05    -0.60845E-02    -0.83678E-01
     0.16752E+02    -0.63632E-04    -0.91310E-02    -0.82974E-01
     0.16809E+02    -0.19950E-03    -0.12702E-01    -0.81476E-01
     0.16855E+02    -0.34016E-03    -0.14078E-01    -0.79786E-01
     0.16901E+02    -0.48893E-03    -0.13668E-01    -0.77601E-01
     0.16958E+02    -0.65961E-03    -0.12331E-01    -0.74407E-01
     0.17004E+02    -0.76985E-03    -0.10782E-01    -0.71492E-01
     0.17061E+02    -0.85295E-03    -0.78942E-02    -0.67703E-01
     0.17107E+02    -0.85428E-03    -0.50017E-02    -0.65127E-01
     0.17153E+02    -0.76694E-03    -0.93081E-03    -0.63499E-01
     0.17210E+02    -0.55194E-03     0.48934E-02    -0.62452E-01
     0.17256E+02    -0.31146E-03     0.91480E-02    -0.61955E-01
     0.17302E+02    -0.27906E-04     0.12696E-01    -0.61803E-01
     0.17359E+02     0.35652E-03     0.16028E-01    -0.62079E-01
     0.17405E+02     0.65580E-03     0.17147E-01    -0.63177E-01
     0.17451E+02     0.94410E-03     0.16069E-01    -0.64843E-01
     0.17508E+02     0.12656E-02     0.11317E-01    -0.67670E-01
     0.17554E+02     0.14789E-02     0.54609E-02    -0.70393E-01
     0.17611E+02     0.16685E-02    -0.16507E-02    -0.74479E-01
     0.17657E+02     0.17641E-02    -0.45612E-02    -0.78451E-01
     0.17703E+02     0.18279E-02    -0.50053E-02    -0.83043E-01
     0.17760E+02     0.19190E-02    -0.40316E-02    -0.88444E-01
     0.17806E+02     0.20085E-02    -0.24787E-02    -0.92264E-01
     0.17851E+02     0.20870E-02    -0.10697E-02    -0.95234E-01
     0.17908E+02     0.22045E-02     0.65657E-03    -0.96697E-01
     0.17954E+02     0.23241E-02     0.22975E-02    -0.96562E-01
     0.18011E+02     0.25136E-02     0.47829E-02    -0.95211E-01
     0.18057E+02     0.27023E-02     0.69050E-02    -0.92844E-01
     0.18102E+02     0.29371E-02     0.90400E-02    -0.89919E-01
     0.18159E+02     0.32870E-02     0.11322E-01    -0.85799E-01
     0.18205E+02     0.36005E-02     0.12681E-01    -0.81564E-01
     0.18251E+02     0.39517E-02     0.13670E-01    -0.76537E-01
     0.18308E+02     0.44265E-02     0.14218E-01    -0.66735E-01
     0.18353E+02     0.48548E-02     0.13384E-01    -0.58770E-01
     0.18410E+02     0.53825E-02     0.14519E-01    -0.52132E-01
     0.18456E+02     0.57129E-02     0.18344E-01    -0.47944E-01
     0.18501E+02     0.59563E-02     0.23170E-01    -0.43541E-01
     0.18558E+02     0.61879E-02     0.29048E-01    -0.34357E-01
     0.18603E+02     0.63820E-02     0.32840E-01    -0.22981E-01
     0.18660E+02     0.67009E-02     0.35933E-01    -0.13827E-01
     0.18706E+02     0.70424E-02     0.36356E-01    -0.11149E-01
     0.18751E+02     0.74005E-02     0.36716E-01    -0.11172E-01
     0.18808E+02     0.78730E-02     0.37455E-01    -0.13628E-01
     0.18854E+02     0.82578E-02     0.37491E-01    -0.16610E-01
     0.18910E+02     0.87624E-02     0.36621E-01    -0.21579E-01
     0.18956E+02     0.91597E-02     0.34395E-01    -0.26337E-01
     0.19001E+02     0.95631E-02     0.28476E-01    -0.31530E-01
     0.19058E+02     0.10121E-01     0.14603E-01    -0.39662E-01
     0.19103E+02     0.10528E-01     0.10543E-02    -0.46064E-01
     0.19159E+02     0.10843E-01    -0.16206E-01    -0.52039E-01
     0.19205E+02     0.10772E-01    -0.28158E-01    -0.56001E-01
     0.19261E+02     0.10187E-01    -0.39764E-01    -0.58701E-01
     0.19306E+02     0.94713E-02    -0.49303E-01    -0.58946E-01
     0.19351E+02     0.85965E-02    -0.60408E-01    -0.56810E-01
     0.19408E+02     0.72863E-02    -0.77108E-01    -0.52198E-01
     0.19453E+02     0.61166E-02    -0.94089E-01    -0.47589E-01
     0.19509E+02     0.45907E-02    -0.12441E+00    -0.40116E-01
     0.19555E+02     0.32876E-02    -0.16143E+00    -0.30442E-01
     0.19611E+02     0.15268E-02    -0.21017E+00    -0.15824E-01
     0.19656E+02    -0.72683E-03    -0.21739E+00    -0.52940E-02
     0.19701E+02    -0.26401E-02    -0.21711E+00     0.66722E-03
     0.19758E+02    -0.45558E-02    -0.22502E+00     0.30316E-02
     0.19803E+02    -0.57785E-02    -0.27092E+00     0.20423E-02
     0.19860E+02    -0.69787E-02    -0.34477E+00     0.12474E-03
     0.19905E+02    -0.77777E-02    -0.34925E+00    -0.53149E-04
     0.19951E+02    -0.75869E-02     0.00000E+00     0.00000E+00
     0.20007E+02    -0.75869E-02     0.00000E+00     0.00000E+00
     0.20053E+02    -0.75869E-02     0.00000E+00     0.00000E+00
     0.20109E+02    -0.75869E-02     0.00000E+00     0.00000E+00
     0.20155E+02    -0.75869E-02     0.00000E+00     0.00000E+00
     0.20200E+02    -0.75869E-02     0.00000E+00     0.00000E+00
     0.20257E+02    -0.75869E-02     0.00000E+00     0.00000E+00
     0.20302E+02    -0.75869E-02     0.00000E+00     0.00000E+00
     0.20359E+02    -0.75869E-02     0.00000E+00     0.00000E+00
     0.20404E+02    -0.75869E-02     0.00000E+00     0.00000E+00
     0.20460E+02    -0.75869E-02     0.00000E+00     0.00000E+00
     0.20506E+02    -0.75869E-02     0.00000E+00     0.00000E+00
     0.20551E+02    -0.75869E-02     0.00000E+00     0.00000E+00
     0.20607E+02    -0.75869E-02     0.00000E+00     0.00000E+00
     0.20652E+02    -0.75869E-02     0.00000E+00     0.00000E+00
     0.20709E+02    -0.75869E-02     0.00000E+00     0.00000E+00
     0.20754E+02    -0.74106E-02     0.65813E-01    -0.10160E+00
     0.20810E+02    -0.57840E-02     0.26989E+00    -0.46639E+00
     0.20855E+02    -0.39631E-02     0.24676E+00    -0.36814E+00
     0.20911E+02    -0.83581E-03     0.25212E+00    -0.26471E+00
     0.20956E+02     0.24732E-02     0.24771E+00    -0.19055E+00
     0.21001E+02     0.57414E-02     0.22283E+00    -0.97721E-01
     0.21057E+02     0.93917E-02     0.19606E+00    -0.39819E-01
     0.21102E+02     0.11659E-01     0.18264E+00    -0.22601E-01
     0.21158E+02     0.13987E-01     0.16057E+00    -0.14850E-01
     0.21203E+02     0.15637E-01     0.13683E+00    -0.12199E-01
     0.21259E+02     0.17587E-01     0.10016E+00    -0.55336E-02
     0.21304E+02     0.18670E-01     0.72270E-01     0.79693E-03
     0.21360E+02     0.19205E-01     0.45270E-01     0.57382E-02
     0.21405E+02     0.19288E-01     0.26900E-01     0.89483E-02
     0.21450E+02     0.19293E-01     0.87933E-02     0.11418E-01
     0.21506E+02     0.19329E-01    -0.15539E-01     0.14717E-01
     0.21551E+02     0.19323E-01    -0.36866E-01     0.17415E-01
     0.21608E+02     0.19108E-01    -0.64320E-01     0.19459E-01
     0.21653E+02     0.18716E-01    -0.86243E-01     0.19679E-01
     0.21709E+02     0.17984E-01    -0.11378E+00     0.18248E-01
     0.21754E+02     0.17038E-01    -0.13133E+00     0.13397E-01
     0.21809E+02     0.15345E-01    -0.14354E+00     0.47088E-02
     0.21854E+02     0.13756E-01    -0.15170E+00    -0.43222E-02
     0.21910E+02     0.11522E-01    -0.15927E+00    -0.13181E-01
     0.21955E+02     0.95884E-02    -0.16390E+00    -0.17834E-01
     0.22000E+02     0.76617E-02    -0.16918E+00    -0.18573E-01
     0.22057E+02     0.52696E-02    -0.18184E+00    -0.14431E-01
     0.22102E+02     0.33480E-02    -0.19655E+00    -0.81604E-02
     0.22158E+02     0.89596E-03    -0.21497E+00     0.11925E-02
     0.22204E+02    -0.12878E-02    -0.21279E+00     0.79000E-02
     0.22260E+02    -0.33940E-02    -0.20886E+00     0.11547E-01
     0.22306E+02    -0.46618E-02    -0.20900E+00     0.11442E-01
     0.22351E+02    -0.56467E-02    -0.21438E+00     0.87483E-02
     0.22408E+02    -0.65622E-02    -0.23379E+00     0.38370E-02
     0.22453E+02    -0.70682E-02    -0.17074E+00     0.28242E-02
     0.22510E+02    -0.74798E-02    -0.13404E+00     0.39561E-02
     0.22556E+02    -0.75392E-02    -0.96763E-01     0.65190E-02
     0.22601E+02    -0.73715E-02    -0.16916E-01     0.13692E-01
     0.22658E+02    -0.67146E-02     0.16610E+00     0.46686E-01
     0.22704E+02    -0.57413E-02     0.20739E+00     0.61568E-01
     0.22761E+02    -0.41055E-02     0.20782E+00     0.67118E-01
     0.22807E+02    -0.25006E-02     0.19532E+00     0.68088E-01
     0.22859E+02    -0.32746E-03     0.15835E+00     0.61694E-01
     0.22903E+02     0.15972E-02     0.11086E+00     0.53558E-01
     0.22958E+02     0.40352E-02     0.66432E-01     0.43769E-01
     0.23004E+02     0.55609E-02     0.47316E-01     0.39495E-01
     0.23061E+02     0.65174E-02     0.33450E-01     0.30629E-01
     0.23107E+02     0.68256E-02     0.23845E-01     0.20221E-01
     0.23152E+02     0.69080E-02     0.14463E-01     0.16069E-01
     0.23209E+02     0.67918E-02     0.89027E-02     0.17798E-01
     0.23255E+02     0.69111E-02     0.34581E-02     0.21388E-01
     0.23301E+02     0.70664E-02    -0.80960E-02     0.23675E-01
     0.23358E+02     0.72911E-02    -0.26172E-01     0.24435E-01
     0.23404E+02     0.74336E-02    -0.40539E-01     0.24004E-01
     0.23461E+02     0.74466E-02    -0.54251E-01     0.18571E-01
     0.23507E+02     0.73396E-02    -0.55796E-01     0.12281E-01
     0.23553E+02     0.72810E-02    -0.52743E-01     0.67735E-02
     0.23610E+02     0.72827E-02    -0.36484E-01    -0.63978E-03
     0.23656E+02     0.74324E-02    -0.15068E-01    -0.79663E-02
     0.23702E+02     0.79582E-02     0.81458E-02    -0.15335E-01
     0.23760E+02     0.89692E-02     0.42807E-01    -0.22010E-01
     0.23805E+02     0.10185E-01     0.75849E-01    -0.28204E-01
     0.23850E+02     0.17216E-01     0.93711E-01    -0.16687E+00
     0.23908E+02     0.38507E-01     0.10653E+00    -0.50214E+00
     0.23954E+02     0.44398E-01     0.13231E+00    -0.54703E+00
     0.24010E+02     0.46493E-01     0.15788E+00    -0.50103E+00
     0.24056E+02     0.51337E-01     0.18875E+00    -0.41360E+00
     0.24100E+02     0.59865E-01     0.21858E+00    -0.28289E+00
     0.24157E+02     0.70062E-01     0.21129E+00    -0.10797E+00
     0.24211E+02     0.68547E-01     0.18365E+00    -0.61170E-01
     0.24257E+02     0.65720E-01     0.15392E+00    -0.60272E-01
     0.24303E+02     0.61817E-01     0.12589E+00    -0.58846E-01
     0.24360E+02     0.57560E-01     0.90785E-01    -0.60470E-01
     0.24406E+02     0.54245E-01     0.62494E-01    -0.58799E-01
     0.24452E+02     0.51060E-01     0.34044E-01    -0.57191E-01
     0.24509E+02     0.47233E-01    -0.50483E-02    -0.55876E-01
     0.24555E+02     0.44399E-01    -0.37823E-01    -0.54887E-01
     0.24601E+02     0.41715E-01    -0.69900E-01    -0.54150E-01
     0.24658E+02     0.38448E-01    -0.10830E+00    -0.53326E-01
     0.24704E+02     0.35862E-01    -0.13871E+00    -0.52603E-01
     0.24761E+02     0.32766E-01    -0.17902E+00    -0.51730E-01
     0.24807E+02     0.30510E-01    -0.21591E+00    -0.51891E-01
     0.24853E+02     0.28507E-01    -0.25944E+00    -0.52613E-01
     0.24911E+02     0.26476E-01    -0.32723E+00    -0.53118E-01
     0.24957E+02     0.25175E-01    -0.39487E+00    -0.48963E-01
     0.25002E+02     0.23846E-01    -0.47477E+00    -0.34980E-01
