     0.11273E-01     0.16573E-16     0.10349E-15    -0.47325E-19
     0.56772E-01     0.16077E-16     0.11733E-15    -0.72240E-19
     0.10226E+00     0.15514E-16     0.12952E-15    -0.12441E-18
     0.15908E+00     0.14718E-16     0.14212E-15    -0.23455E-18
     0.20451E+00     0.13998E-16     0.14989E-15    -0.36227E-18
     0.26127E+00     0.12996E-16     0.15658E-15    -0.57873E-18
     0.30666E+00     0.12137E-16     0.15958E-15    -0.79774E-18
     0.35204E+00     0.11224E-16     0.16040E-15    -0.10364E-17
     0.40877E+00     0.10025E-16     0.15839E-15    -0.12970E-17
     0.45415E+00     0.90046E-17     0.15428E-15    -0.14220E-17
     0.51088E+00     0.76350E-17     0.14599E-15    -0.14374E-17
     0.55626E+00     0.64604E-17     0.13689E-15    -0.14105E-17
     0.60166E+00     0.52305E-17     0.12578E-15    -0.14685E-17
     0.65840E+00     0.36717E-17     0.10966E-15    -0.18462E-17
     0.70379E+00     0.24809E-17     0.95616E-16    -0.25464E-17
     0.76053E+00     0.11852E-17     0.77660E-16    -0.40454E-17
     0.80593E+00     0.37981E-18     0.63670E-16    -0.56854E-17
     0.85132E+00    -0.18207E-18     0.50442E-16    -0.75365E-17
     0.90806E+00    -0.54593E-18     0.35182E-16    -0.97092E-17
     0.95344E+00    -0.60990E-18     0.23920E-16    -0.10985E-16
     0.10102E+01    -0.49223E-18     0.10767E-16    -0.11705E-16
     0.10556E+01    -0.30111E-18     0.78489E-18    -0.11499E-16
     0.11009E+01    -0.56551E-19    -0.87747E-17    -0.10799E-16
     0.11577E+01     0.34251E-18    -0.20010E-16    -0.98128E-17
     0.12030E+01     0.76945E-18    -0.28420E-16    -0.93850E-17
     0.12598E+01     0.15019E-17    -0.38271E-16    -0.96448E-17
     0.13051E+01     0.21546E-17    -0.45947E-16    -0.10430E-16
     0.13505E+01     0.29023E-17    -0.53601E-16    -0.11581E-16
     0.14072E+01     0.40686E-17    -0.63280E-16    -0.13171E-16
     0.14526E+01     0.51705E-17    -0.70850E-16    -0.14409E-16
     0.15093E+01     0.68131E-17    -0.80150E-16    -0.15776E-16
     0.15546E+01     0.83442E-17    -0.87483E-16    -0.16789E-16
     0.16113E+01     0.10515E-16    -0.96674E-16    -0.18312E-16
     0.16567E+01     0.12468E-16    -0.10432E-15    -0.19963E-16
     0.17020E+01     0.14638E-16    -0.11246E-15    -0.22088E-16
     0.17587E+01     0.17691E-16    -0.12369E-15    -0.25370E-16
     0.18041E+01     0.20435E-16    -0.13385E-15    -0.28399E-16
     0.18608E+01     0.24284E-16    -0.14851E-15    -0.32618E-16
     0.19061E+01     0.27750E-16    -0.16221E-15    -0.36380E-16
     0.19515E+01     0.31620E-16    -0.17809E-15    -0.40624E-16
     0.20082E+01     0.37127E-16    -0.20160E-15    -0.46920E-16
     0.20535E+01     0.42160E-16    -0.22387E-15    -0.52987E-16
     0.21102E+01     0.49387E-16    -0.25694E-15    -0.62084E-16
     0.21555E+01     0.56052E-16    -0.28842E-15    -0.70678E-16
     0.22009E+01     0.63639E-16    -0.32525E-15    -0.80531E-16
     0.22575E+01     0.74643E-16    -0.38031E-15    -0.94852E-16
     0.23029E+01     0.84874E-16    -0.43297E-15    -0.10824E-15
     0.23595E+01     0.99800E-16    -0.51180E-15    -0.12803E-15
     0.24049E+01     0.11378E-15    -0.58729E-15    -0.14693E-15
     0.24502E+01     0.12992E-15    -0.67602E-15    -0.16918E-15
     0.25069E+01     0.15376E-15    -0.80931E-15    -0.20266E-15
     0.25522E+01     0.17634E-15    -0.93747E-15    -0.23480E-15
     0.26089E+01     0.20987E-15    -0.11305E-14    -0.28297E-15
     0.26542E+01     0.24178E-15    -0.13166E-14    -0.32911E-15
     0.27108E+01     0.28938E-15    -0.15974E-14    -0.39830E-15
     0.27562E+01     0.33486E-15    -0.18686E-14    -0.46478E-15
     0.28015E+01     0.38824E-15    -0.21896E-14    -0.54325E-15
     0.28582E+01     0.46830E-15    -0.26756E-14    -0.66179E-15
     0.29035E+01     0.54522E-15    -0.31463E-14    -0.77648E-15
     0.29601E+01     0.66103E-15    -0.38604E-14    -0.95035E-15
     0.30055E+01     0.77268E-15    -0.45535E-14    -0.11190E-14
     0.30508E+01     0.90472E-15    -0.53777E-14    -0.13193E-14
     0.31074E+01     0.11045E-14    -0.66317E-14    -0.16239E-14
     0.31528E+01     0.12978E-14    -0.78520E-14    -0.19201E-14
     0.32094E+01     0.15910E-14    -0.97118E-14    -0.23711E-14
     0.32547E+01     0.18755E-14    -0.11524E-13    -0.28104E-14
     0.33000E+01     0.22137E-14    -0.13687E-13    -0.33342E-14
     0.33567E+01     0.27281E-14    -0.16989E-13    -0.41335E-14
     0.34020E+01     0.32286E-14    -0.20213E-13    -0.49135E-14
     0.34587E+01     0.39912E-14    -0.25141E-13    -0.61052E-14
     0.35040E+01     0.47344E-14    -0.29957E-13    -0.72695E-14
     0.35606E+01     0.58683E-14    -0.37325E-13    -0.90501E-14
     0.36059E+01     0.69746E-14    -0.44532E-13    -0.10791E-13
     0.36513E+01     0.82960E-14    -0.53156E-13    -0.12874E-13
     0.37079E+01     0.10316E-13    -0.66363E-13    -0.16064E-13
     0.37532E+01     0.12289E-13    -0.79293E-13    -0.19186E-13
     0.38099E+01     0.15308E-13    -0.99105E-13    -0.23970E-13
     0.38552E+01     0.18261E-13    -0.11851E-12    -0.28655E-13
     0.39005E+01     0.21794E-13    -0.14176E-12    -0.34267E-13
     0.39572E+01     0.27204E-13    -0.17740E-12    -0.42870E-13
     0.40025E+01     0.32500E-13    -0.21233E-12    -0.51300E-13
     0.40591E+01     0.40615E-13    -0.26590E-12    -0.64228E-13
     0.41044E+01     0.48561E-13    -0.31841E-12    -0.76898E-13
     0.41611E+01     0.60742E-13    -0.39895E-12    -0.96331E-13
     0.42064E+01     0.72675E-13    -0.47791E-12    -0.11538E-12
     0.42517E+01     0.86974E-13    -0.57258E-12    -0.13822E-12
     0.43084E+01     0.10890E-12    -0.71783E-12    -0.17326E-12
     0.43537E+01     0.13039E-12    -0.86026E-12    -0.20761E-12
     0.44103E+01     0.16335E-12    -0.10788E-11    -0.26032E-12
     0.44557E+01     0.19566E-12    -0.12931E-11    -0.31201E-12
     0.45010E+01     0.23439E-12    -0.15501E-11    -0.37398E-12
     0.45576E+01     0.29381E-12    -0.19444E-11    -0.46908E-12
     0.46029E+01     0.35207E-12    -0.23311E-11    -0.56234E-12
     0.46596E+01     0.44145E-12    -0.29246E-11    -0.70545E-12
     0.47049E+01     0.52909E-12    -0.35065E-11    -0.84578E-12
     0.47502E+01     0.63417E-12    -0.42044E-11    -0.10141E-11
     0.48069E+01     0.79541E-12    -0.52755E-11    -0.12723E-11
     0.48522E+01     0.95352E-12    -0.63258E-11    -0.15256E-11
     0.49088E+01     0.11961E-11    -0.79377E-11    -0.19142E-11
     0.49542E+01     0.14340E-11    -0.95184E-11    -0.22953E-11
     0.50108E+01     0.17991E-11    -0.11944E-10    -0.28802E-11
     0.50561E+01     0.21571E-11    -0.14323E-10    -0.34537E-11
     0.51015E+01     0.25864E-11    -0.17176E-10    -0.41415E-11
     0.51581E+01     0.32452E-11    -0.21554E-10    -0.51970E-11
     0.52034E+01     0.38913E-11    -0.25847E-10    -0.62321E-11
     0.52601E+01     0.48827E-11    -0.32436E-10    -0.78205E-11
     0.53054E+01     0.58549E-11    -0.38897E-10    -0.93781E-11
     0.53507E+01     0.70208E-11    -0.46645E-10    -0.11246E-10
     0.54074E+01     0.88099E-11    -0.58535E-10    -0.14113E-10
     0.54527E+01     0.10564E-10    -0.70195E-10    -0.16924E-10
     0.55094E+01     0.13257E-10    -0.88088E-10    -0.21237E-10
     0.55547E+01     0.15897E-10    -0.10564E-09    -0.25467E-10
     0.56000E+01     0.19063E-10    -0.12668E-09    -0.30540E-10
     0.56567E+01     0.23922E-10    -0.15897E-09    -0.38325E-10
     0.57020E+01     0.28687E-10    -0.19063E-09    -0.45958E-10
     0.57587E+01     0.35999E-10    -0.23923E-09    -0.57673E-10
     0.58040E+01     0.43170E-10    -0.28688E-09    -0.69160E-10
     0.58607E+01     0.54173E-10    -0.36000E-09    -0.86788E-10
     0.59060E+01     0.64964E-10    -0.43171E-09    -0.10407E-09
     0.59513E+01     0.77904E-10    -0.51769E-09    -0.12480E-09
     0.60080E+01     0.97761E-10    -0.64964E-09    -0.15661E-09
     0.60533E+01     0.11723E-09    -0.77904E-09    -0.18781E-09
     0.61100E+01     0.14711E-09    -0.97759E-09    -0.23567E-09
     0.61553E+01     0.17641E-09    -0.11723E-08    -0.28261E-09
     0.62006E+01     0.21155E-09    -0.14057E-08    -0.33888E-09
     0.62573E+01     0.26545E-09    -0.17639E-08    -0.42523E-09
     0.63026E+01     0.31830E-09    -0.21150E-08    -0.50988E-09
     0.63592E+01     0.39935E-09    -0.26536E-08    -0.63970E-09
     0.64045E+01     0.47875E-09    -0.31811E-08    -0.76686E-09
     0.64611E+01     0.60044E-09    -0.39896E-08    -0.96175E-09
     0.65063E+01     0.71960E-09    -0.47812E-08    -0.11526E-08
     0.65514E+01     0.86230E-09    -0.57292E-08    -0.13811E-08
     0.66078E+01     0.10809E-08    -0.71814E-08    -0.17312E-08
     0.66529E+01     0.12949E-08    -0.86028E-08    -0.20738E-08
     0.67093E+01     0.16226E-08    -0.10780E-07    -0.25986E-08
     0.67543E+01     0.19434E-08    -0.12910E-07    -0.31121E-08
     0.68106E+01     0.24345E-08    -0.16172E-07    -0.38984E-08
     0.68556E+01     0.29151E-08    -0.19364E-07    -0.46676E-08
     0.69006E+01     0.34901E-08    -0.23182E-07    -0.55881E-08
     0.69568E+01     0.43704E-08    -0.29027E-07    -0.69969E-08
     0.70017E+01     0.52314E-08    -0.34744E-07    -0.83747E-08
     0.70579E+01     0.65491E-08    -0.43492E-07    -0.10483E-07
     0.71028E+01     0.78377E-08    -0.52047E-07    -0.12545E-07
     0.71589E+01     0.98098E-08    -0.65136E-07    -0.15700E-07
     0.72038E+01     0.11738E-07    -0.77935E-07    -0.18784E-07
     0.72599E+01     0.14689E-07    -0.97516E-07    -0.23503E-07
     0.73047E+01     0.17574E-07    -0.11666E-06    -0.28116E-07
     0.73608E+01     0.21989E-07    -0.14595E-06    -0.35174E-07
     0.74057E+01     0.26305E-07    -0.17458E-06    -0.42074E-07
     0.74505E+01     0.31468E-07    -0.20882E-06    -0.50324E-07
     0.75066E+01     0.39368E-07    -0.26121E-06    -0.62947E-07
     0.75515E+01     0.47092E-07    -0.31242E-06    -0.75285E-07
     0.76076E+01     0.58911E-07    -0.39077E-06    -0.94163E-07
     0.76525E+01     0.70470E-07    -0.46738E-06    -0.11262E-06
     0.77086E+01     0.88158E-07    -0.58458E-06    -0.14086E-06
     0.77536E+01     0.10546E-06    -0.69919E-06    -0.16846E-06
     0.78098E+01     0.13193E-06    -0.87456E-06    -0.21071E-06
     0.78548E+01     0.15783E-06    -0.10461E-05    -0.25202E-06
     0.79110E+01     0.19749E-06    -0.13086E-05    -0.31525E-06
     0.79561E+01     0.23628E-06    -0.15654E-05    -0.37709E-06
     0.80012E+01     0.28272E-06    -0.18726E-05    -0.45110E-06
     0.80576E+01     0.35384E-06    -0.23431E-05    -0.56440E-06
     0.81028E+01     0.42345E-06    -0.28036E-05    -0.67529E-06
     0.81593E+01     0.53012E-06    -0.35089E-05    -0.84512E-06
     0.82046E+01     0.63458E-06    -0.41993E-05    -0.10114E-05
     0.82613E+01     0.79468E-06    -0.52573E-05    -0.12661E-05
     0.83066E+01     0.95144E-06    -0.62930E-05    -0.15155E-05
     0.83520E+01     0.11390E-05    -0.75320E-05    -0.18138E-05
     0.84087E+01     0.14262E-05    -0.94283E-05    -0.22703E-05
     0.84541E+01     0.17071E-05    -0.11283E-04    -0.27167E-05
     0.85108E+01     0.21371E-05    -0.14120E-04    -0.33996E-05
     0.85562E+01     0.25576E-05    -0.16894E-04    -0.40674E-05
     0.86016E+01     0.30606E-05    -0.20211E-04    -0.48659E-05
     0.86567E+01     0.38062E-05    -0.25130E-04    -0.60494E-05
     0.87075E+01     0.46532E-05    -0.30716E-04    -0.73934E-05
     0.87598E+01     0.57200E-05    -0.37745E-04    -0.90857E-05
     0.88002E+01     0.67085E-05    -0.44261E-04    -0.10653E-04
     0.88534E+01     0.82778E-05    -0.54592E-04    -0.13142E-04
     0.89101E+01     0.10355E-04    -0.68265E-04    -0.16434E-04
     0.89548E+01     0.12349E-04    -0.81402E-04    -0.19595E-04
     0.90078E+01     0.15217E-04    -0.10027E-03    -0.24142E-04
     0.90578E+01     0.18532E-04    -0.12210E-03    -0.29395E-04
     0.91006E+01     0.21943E-04    -0.14455E-03    -0.34802E-04
     0.91584E+01     0.27550E-04    -0.18141E-03    -0.43689E-04
     0.92053E+01     0.33137E-04    -0.21824E-03    -0.52550E-04
     0.92587E+01     0.40895E-04    -0.26921E-03    -0.64851E-04
     0.93100E+01     0.50064E-04    -0.32945E-03    -0.79397E-04
     0.93609E+01     0.61171E-04    -0.40245E-03    -0.97027E-04
     0.94025E+01     0.72071E-04    -0.47415E-03    -0.11434E-03
     0.94531E+01     0.87961E-04    -0.57856E-03    -0.13959E-03
     0.95061E+01     0.10842E-03    -0.71286E-03    -0.17214E-03
     0.95511E+01     0.12949E-03    -0.85125E-03    -0.20570E-03
     0.96074E+01     0.16171E-03    -0.10628E-02    -0.25710E-03
     0.96573E+01     0.19691E-03    -0.12940E-02    -0.31337E-03
     0.97064E+01     0.23919E-03    -0.15712E-02    -0.38108E-03
     0.97503E+01     0.28452E-03    -0.18684E-02    -0.45386E-03
     0.98070E+01     0.35633E-03    -0.23389E-02    -0.56951E-03
     0.98524E+01     0.42676E-03    -0.27999E-02    -0.68337E-03
     0.99065E+01     0.52924E-03    -0.34702E-02    -0.84981E-03
     0.99519E+01     0.63439E-03    -0.41565E-02    -0.10215E-02
     0.10009E+02     0.79624E-03    -0.52114E-02    -0.12876E-02
     0.10054E+02     0.95563E-03    -0.62479E-02    -0.15518E-02
     0.10111E+02     0.12018E-02    -0.78438E-02    -0.19641E-02
     0.10156E+02     0.14451E-02    -0.94161E-02    -0.23771E-02
     0.10202E+02     0.17397E-02    -0.11313E-01    -0.28845E-02
     0.10258E+02     0.21985E-02    -0.14250E-01    -0.36918E-02
     0.10303E+02     0.26478E-02    -0.17111E-01    -0.45049E-02
     0.10359E+02     0.33573E-02    -0.21587E-01    -0.58398E-02
     0.10405E+02     0.40853E-02    -0.26137E-01    -0.72859E-02
     0.10461E+02     0.52600E-02    -0.33379E-01    -0.98085E-02
     0.10507E+02     0.64933E-02    -0.40860E-01    -0.12774E-01
     0.10552E+02     0.81053E-02    -0.50490E-01    -0.17302E-01
     0.10609E+02     0.10967E-01    -0.66466E-01    -0.27842E-01
     0.10654E+02     0.14570E-01    -0.79622E-01    -0.47319E-01
     0.10711E+02     0.25824E-01    -0.77901E-01    -0.11038E+00
     0.10757E+02     0.49027E-01    -0.34400E-01    -0.19128E+00
     0.10802E+02     0.76232E-01     0.11708E-01    -0.22285E+00
     0.10859E+02     0.92473E-01     0.52221E-02    -0.12719E-01
     0.10904E+02     0.89976E-01    -0.11935E-01     0.43972E-01
     0.10961E+02     0.78391E-01    -0.20150E-01     0.55782E-01
     0.11006E+02     0.72207E-01    -0.16444E-01     0.51038E-01
     0.11052E+02     0.67163E-01    -0.61513E-02     0.45086E-01
     0.11109E+02     0.61760E-01     0.12375E-01     0.35434E-01
     0.11154E+02     0.58121E-01     0.24869E-01     0.31674E-01
     0.11211E+02     0.53599E-01     0.44487E-01     0.29690E-01
     0.11256E+02     0.49813E-01     0.58001E-01     0.28447E-01
     0.11302E+02     0.45960E-01     0.71686E-01     0.26968E-01
     0.11359E+02     0.41490E-01     0.86706E-01     0.24889E-01
     0.11404E+02     0.38340E-01     0.95207E-01     0.24283E-01
     0.11461E+02     0.34708E-01     0.10335E+00     0.25223E-01
     0.11506E+02     0.32078E-01     0.10963E+00     0.26820E-01
     0.11552E+02     0.29599E-01     0.11726E+00     0.28062E-01
     0.11609E+02     0.26939E-01     0.12958E+00     0.29177E-01
     0.11654E+02     0.25149E-01     0.14176E+00     0.29804E-01
     0.11711E+02     0.23094E-01     0.15965E+00     0.30231E-01
     0.11756E+02     0.21592E-01     0.17498E+00     0.30401E-01
     0.11802E+02     0.20212E-01     0.19097E+00     0.30455E-01
     0.11859E+02     0.18760E-01     0.21250E+00     0.30683E-01
     0.11904E+02     0.17974E-01     0.23221E+00     0.31210E-01
     0.11961E+02     0.17642E-01     0.26252E+00     0.32081E-01
     0.12006E+02     0.17741E-01     0.29062E+00     0.32886E-01
     0.12051E+02     0.17783E-01     0.31930E+00     0.33730E-01
     0.12108E+02     0.17105E-01     0.35078E+00     0.34229E-01
     0.12154E+02     0.15582E-01     0.36817E+00     0.33916E-01
     0.12210E+02     0.13100E-01     0.36969E+00     0.29028E-01
     0.12256E+02     0.86783E-02     0.34936E+00     0.19575E-01
     0.12301E+02     0.32776E-02     0.31415E+00     0.49146E-02
     0.12358E+02    -0.24911E-02     0.26344E+00    -0.14998E-01
     0.12404E+02    -0.58277E-02     0.22497E+00    -0.29867E-01
     0.12460E+02    -0.88452E-02     0.18288E+00    -0.42780E-01
     0.12506E+02    -0.10509E-01     0.15514E+00    -0.47268E-01
     0.12551E+02    -0.11626E-01     0.13181E+00    -0.46632E-01
     0.12608E+02    -0.12561E-01     0.10914E+00    -0.39922E-01
     0.12654E+02    -0.12998E-01     0.96560E-01    -0.32072E-01
     0.12711E+02    -0.13097E-01     0.86067E-01    -0.23249E-01
     0.12756E+02    -0.12915E-01     0.80756E-01    -0.19255E-01
     0.12802E+02    -0.12713E-01     0.77885E-01    -0.18544E-01
     0.12858E+02    -0.12291E-01     0.75864E-01    -0.21635E-01
     0.12904E+02    -0.11921E-01     0.74116E-01    -0.26129E-01
     0.12961E+02    -0.11748E-01     0.71623E-01    -0.32017E-01
     0.13006E+02    -0.11831E-01     0.69620E-01    -0.34954E-01
     0.13052E+02    -0.11974E-01     0.67953E-01    -0.36077E-01
     0.13109E+02    -0.12075E-01     0.66671E-01    -0.33924E-01
     0.13154E+02    -0.12001E-01     0.66440E-01    -0.29761E-01
     0.13211E+02    -0.11504E-01     0.67654E-01    -0.23119E-01
     0.13257E+02    -0.10722E-01     0.69964E-01    -0.18186E-01
     0.13302E+02    -0.95628E-02     0.73077E-01    -0.14974E-01
     0.13359E+02    -0.78866E-02     0.77236E-01    -0.14322E-01
     0.13404E+02    -0.66716E-02     0.79839E-01    -0.16007E-01
     0.13461E+02    -0.55926E-02     0.82465E-01    -0.19730E-01
     0.13507E+02    -0.50055E-02     0.84128E-01    -0.23152E-01
     0.13552E+02    -0.45295E-02     0.85286E-01    -0.25669E-01
     0.13609E+02    -0.38914E-02     0.85673E-01    -0.26822E-01
     0.13655E+02    -0.33202E-02     0.85606E-01    -0.25712E-01
     0.13701E+02    -0.27049E-02     0.85658E-01    -0.22986E-01
     0.13758E+02    -0.18746E-02     0.86081E-01    -0.18000E-01
     0.13804E+02    -0.12109E-02     0.86752E-01    -0.13796E-01
     0.13862E+02    -0.47467E-03     0.88112E-01    -0.98116E-02
     0.13908E+02     0.27693E-04     0.89556E-01    -0.85473E-02
     0.13954E+02     0.46530E-03     0.91268E-01    -0.91927E-02
     0.14001E+02     0.85994E-03     0.92986E-01    -0.11425E-01
     0.14060E+02     0.12166E-02     0.94984E-01    -0.15573E-01
     0.14106E+02     0.13976E-02     0.96462E-01    -0.19154E-01
     0.14153E+02     0.15779E-02     0.97961E-01    -0.22074E-01
     0.14212E+02     0.19545E-02     0.10003E+00    -0.23826E-01
     0.14259E+02     0.23610E-02     0.10206E+00    -0.23730E-01
     0.14305E+02     0.28183E-02     0.10453E+00    -0.22834E-01
     0.14352E+02     0.33284E-02     0.10736E+00    -0.21372E-01
     0.14411E+02     0.39792E-02     0.11109E+00    -0.18792E-01
     0.14458E+02     0.43791E-02     0.11403E+00    -0.16225E-01
     0.14505E+02     0.45979E-02     0.11671E+00    -0.13495E-01
     0.14551E+02     0.46199E-02     0.11900E+00    -0.10938E-01
     0.14609E+02     0.44453E-02     0.12123E+00    -0.86662E-02
     0.14655E+02     0.42901E-02     0.12279E+00    -0.78520E-02
     0.14700E+02     0.41966E-02     0.12431E+00    -0.78246E-02
     0.14757E+02     0.41051E-02     0.12636E+00    -0.84432E-02
     0.14803E+02     0.40186E-02     0.12814E+00    -0.91509E-02
     0.14860E+02     0.38472E-02     0.13022E+00    -0.10013E-01
     0.14906E+02     0.36698E-02     0.13151E+00    -0.10638E-01
     0.14951E+02     0.34879E-02     0.13257E+00    -0.11293E-01
     0.15008E+02     0.32646E-02     0.13411E+00    -0.11940E-01
     0.15054E+02     0.30704E-02     0.13572E+00    -0.12482E-01
     0.15111E+02     0.28294E-02     0.13797E+00    -0.13532E-01
     0.15156E+02     0.26517E-02     0.13966E+00    -0.14902E-01
     0.15202E+02     0.25004E-02     0.14104E+00    -0.16898E-01
     0.15259E+02     0.23302E-02     0.14210E+00    -0.20178E-01
     0.15305E+02     0.22108E-02     0.14232E+00    -0.22889E-01
     0.15350E+02     0.20451E-02     0.14210E+00    -0.25137E-01
     0.15407E+02     0.17014E-02     0.14124E+00    -0.27242E-01
     0.15453E+02     0.13359E-02     0.13983E+00    -0.28017E-01
     0.15510E+02     0.79343E-03     0.13708E+00    -0.28043E-01
     0.15555E+02     0.31000E-03     0.13422E+00    -0.27785E-01
     0.15601E+02    -0.17059E-03     0.13105E+00    -0.27770E-01
     0.15658E+02    -0.65553E-03     0.12692E+00    -0.28232E-01
     0.15703E+02    -0.93359E-03     0.12371E+00    -0.29004E-01
     0.15760E+02    -0.11625E-02     0.11998E+00    -0.30032E-01
     0.15806E+02    -0.12645E-02     0.11721E+00    -0.30729E-01
     0.15851E+02    -0.13069E-02     0.11460E+00    -0.31230E-01
     0.15908E+02    -0.13104E-02     0.11137E+00    -0.31563E-01
     0.15954E+02    -0.13311E-02     0.10867E+00    -0.31638E-01
     0.16011E+02    -0.13820E-02     0.10513E+00    -0.31619E-01
     0.16056E+02    -0.14317E-02     0.10229E+00    -0.31558E-01
     0.16102E+02    -0.14749E-02     0.99627E-01    -0.31444E-01
     0.16159E+02    -0.15152E-02     0.96734E-01    -0.31270E-01
     0.16204E+02    -0.15288E-02     0.94893E-01    -0.31112E-01
     0.16261E+02    -0.15181E-02     0.93262E-01    -0.30882E-01
     0.16307E+02    -0.14940E-02     0.92341E-01    -0.30609E-01
     0.16353E+02    -0.14629E-02     0.91513E-01    -0.30260E-01
     0.16410E+02    -0.14112E-02     0.90365E-01    -0.29744E-01
     0.16455E+02    -0.13545E-02     0.89321E-01    -0.29277E-01
     0.16501E+02    -0.12715E-02     0.88211E-01    -0.28691E-01
     0.16558E+02    -0.11044E-02     0.86844E-01    -0.27617E-01
     0.16604E+02    -0.92617E-03     0.85844E-01    -0.26415E-01
     0.16661E+02    -0.70424E-03     0.84815E-01    -0.24578E-01
     0.16707E+02    -0.54981E-03     0.84221E-01    -0.23031E-01
     0.16752E+02    -0.41800E-03     0.83933E-01    -0.21519E-01
     0.16809E+02    -0.26350E-03     0.84284E-01    -0.19697E-01
     0.16855E+02    -0.12782E-03     0.85354E-01    -0.18274E-01
     0.16901E+02     0.34837E-04     0.87230E-01    -0.16876E-01
     0.16958E+02     0.25385E-03     0.90412E-01    -0.15831E-01
     0.17004E+02     0.42649E-03     0.93165E-01    -0.16206E-01
     0.17061E+02     0.65497E-03     0.96566E-01    -0.18582E-01
     0.17107E+02     0.81955E-03     0.98966E-01    -0.21930E-01
     0.17153E+02     0.98188E-03     0.10096E+00    -0.25990E-01
     0.17210E+02     0.11329E-02     0.10230E+00    -0.30764E-01
     0.17256E+02     0.10788E-02     0.10182E+00    -0.33578E-01
     0.17302E+02     0.84639E-03     0.10013E+00    -0.35324E-01
     0.17359E+02     0.44509E-03     0.96257E-01    -0.35898E-01
     0.17405E+02     0.66105E-04     0.92187E-01    -0.35482E-01
     0.17451E+02    -0.30424E-03     0.87844E-01    -0.34804E-01
     0.17508E+02    -0.61854E-03     0.82877E-01    -0.33867E-01
     0.17554E+02    -0.73170E-03     0.79639E-01    -0.32971E-01
     0.17611E+02    -0.73928E-03     0.76581E-01    -0.31489E-01
     0.17657E+02    -0.70112E-03     0.74799E-01    -0.30077E-01
     0.17703E+02    -0.63611E-03     0.73422E-01    -0.28663E-01
     0.17760E+02    -0.55250E-03     0.72366E-01    -0.27283E-01
     0.17806E+02    -0.49892E-03     0.71913E-01    -0.26669E-01
     0.17851E+02    -0.43466E-03     0.71671E-01    -0.26522E-01
     0.17908E+02    -0.32295E-03     0.71547E-01    -0.26874E-01
     0.17954E+02    -0.19316E-03     0.71554E-01    -0.27407E-01
     0.18011E+02     0.26974E-04     0.71760E-01    -0.28300E-01
     0.18057E+02     0.24920E-03     0.72216E-01    -0.29071E-01
     0.18102E+02     0.51499E-03     0.73062E-01    -0.29791E-01
     0.18159E+02     0.92255E-03     0.74662E-01    -0.30376E-01
     0.18205E+02     0.12744E-02     0.76137E-01    -0.30392E-01
     0.18251E+02     0.15972E-02     0.77394E-01    -0.29870E-01
     0.18308E+02     0.18714E-02     0.77952E-01    -0.28067E-01
     0.18353E+02     0.19367E-02     0.77044E-01    -0.25732E-01
     0.18410E+02     0.18853E-02     0.74092E-01    -0.22518E-01
     0.18456E+02     0.17446E-02     0.70339E-01    -0.20067E-01
     0.18501E+02     0.16601E-02     0.66017E-01    -0.18140E-01
     0.18558E+02     0.17843E-02     0.60613E-01    -0.17010E-01
     0.18603E+02     0.21155E-02     0.56709E-01    -0.16700E-01
     0.18660E+02     0.27995E-02     0.52634E-01    -0.16483E-01
     0.18706E+02     0.34906E-02     0.49368E-01    -0.16200E-01
     0.18751E+02     0.42343E-02     0.45199E-01    -0.15914E-01
     0.18808E+02     0.52047E-02     0.38025E-01    -0.15608E-01
     0.18854E+02     0.60313E-02     0.30558E-01    -0.15678E-01
     0.18910E+02     0.72445E-02     0.18657E-01    -0.16356E-01
     0.18956E+02     0.83984E-02     0.70350E-02    -0.17198E-01
     0.19001E+02     0.97361E-02    -0.63933E-02    -0.18093E-01
     0.19058E+02     0.11820E-01    -0.25450E-01    -0.18867E-01
     0.19103E+02     0.13797E-01    -0.42597E-01    -0.19052E-01
     0.19159E+02     0.16687E-01    -0.66659E-01    -0.18871E-01
     0.19205E+02     0.19450E-01    -0.88015E-01    -0.18529E-01
     0.19261E+02     0.23606E-01    -0.11719E+00    -0.17885E-01
     0.19306E+02     0.27515E-01    -0.14212E+00    -0.17220E-01
     0.19351E+02     0.31889E-01    -0.16789E+00    -0.16486E-01
     0.19408E+02     0.37859E-01    -0.20039E+00    -0.15186E-01
     0.19453E+02     0.42853E-01    -0.22571E+00    -0.13820E-01
     0.19509E+02     0.49075E-01    -0.25474E+00    -0.11846E-01
     0.19555E+02     0.53706E-01    -0.27511E+00    -0.10152E-01
     0.19611E+02     0.58561E-01    -0.29651E+00    -0.70760E-02
     0.19656E+02     0.61596E-01    -0.30609E+00    -0.57662E-02
     0.19701E+02     0.64064E-01    -0.30832E+00    -0.42215E-02
     0.19758E+02     0.66161E-01    -0.29989E+00    -0.16874E-02
     0.19803E+02     0.67116E-01    -0.28603E+00     0.25661E-03
     0.19860E+02     0.67421E-01    -0.26136E+00     0.26927E-02
     0.19905E+02     0.66877E-01    -0.23692E+00     0.42370E-02
     0.19951E+02     0.65839E-01    -0.20834E+00     0.52234E-02
     0.20007E+02     0.63933E-01    -0.16922E+00     0.69132E-02
     0.20053E+02     0.62097E-01    -0.13628E+00     0.81616E-02
     0.20109E+02     0.59631E-01    -0.91932E-01     0.97515E-02
     0.20155E+02     0.57603E-01    -0.53377E-01     0.10998E-01
     0.20200E+02     0.55540E-01    -0.12448E-01     0.10767E-01
     0.20257E+02     0.52750E-01     0.34857E-01     0.12102E-01
     0.20302E+02     0.50186E-01     0.71224E-01     0.12621E-01
     0.20359E+02     0.46774E-01     0.11557E+00     0.12329E-01
     0.20404E+02     0.44121E-01     0.15113E+00     0.11715E-01
     0.20460E+02     0.41080E-01     0.19659E+00     0.11397E-01
     0.20506E+02     0.38861E-01     0.23319E+00     0.11789E-01
     0.20551E+02     0.36656E-01     0.26940E+00     0.12546E-01
     0.20607E+02     0.33746E-01     0.31317E+00     0.13156E-01
     0.20652E+02     0.31336E-01     0.34709E+00     0.12624E-01
     0.20709E+02     0.28445E-01     0.38901E+00     0.10541E-01
     0.20754E+02     0.26307E-01     0.42256E+00     0.82047E-02
     0.20810E+02     0.23767E-01     0.46429E+00     0.53636E-02
     0.20855E+02     0.21739E-01     0.49716E+00     0.34351E-02
     0.20911E+02     0.19128E-01     0.53740E+00     0.11699E-02
     0.20956E+02     0.17146E-01     0.56942E+00    -0.53817E-03
     0.21001E+02     0.15218E-01     0.60158E+00    -0.20054E-02
     0.21057E+02     0.12372E-01     0.64040E+00    -0.31861E-02
     0.21102E+02     0.96382E-02     0.66843E+00    -0.38603E-02
     0.21158E+02     0.58438E-02     0.70234E+00    -0.26412E-02
     0.21203E+02     0.23501E-02     0.72945E+00     0.19039E-02
     0.21259E+02    -0.31759E-02     0.76653E+00     0.11560E-01
     0.21304E+02    -0.10429E-01     0.80235E+00     0.18237E-01
     0.21360E+02    -0.25320E-01     0.86348E+00     0.15586E-01
     0.21405E+02    -0.41991E-01     0.98583E+00    -0.24667E-02
     0.21450E+02    -0.58662E-01     0.10414E+01    -0.19943E-01
     0.21506E+02    -0.67124E-01     0.11228E+01     0.35586E-02
     0.21551E+02    -0.67904E-01     0.89508E+00     0.96697E-02
     0.21608E+02    -0.67222E-01     0.51331E+00    -0.78897E-02
     0.21653E+02    -0.58729E-01    -0.15456E+00    -0.49712E-02
     0.21709E+02    -0.39655E-01    -0.30290E+00     0.14084E-02
     0.21754E+02    -0.29022E-01    -0.42295E+00     0.22139E-01
     0.21809E+02    -0.24746E-01    -0.39415E+00     0.20663E-01
     0.21854E+02    -0.23381E-01    -0.34957E+00     0.23268E-01
     0.21910E+02    -0.23353E-01    -0.29168E+00     0.23248E-01
     0.21955E+02    -0.22587E-01    -0.25577E+00     0.21260E-01
     0.22000E+02    -0.21410E-01    -0.23108E+00     0.18216E-01
     0.22057E+02    -0.19343E-01    -0.21176E+00     0.13295E-01
     0.22102E+02    -0.17609E-01    -0.19870E+00     0.96510E-02
     0.22158E+02    -0.15901E-01    -0.18087E+00     0.63885E-02
     0.22204E+02    -0.14800E-01    -0.16122E+00     0.44135E-02
     0.22260E+02    -0.13416E-01    -0.12970E+00     0.25312E-02
     0.22306E+02    -0.12197E-01    -0.10046E+00     0.15827E-02
     0.22351E+02    -0.10709E-01    -0.70093E-01     0.73983E-03
     0.22408E+02    -0.84369E-02    -0.32893E-01    -0.39549E-03
     0.22453E+02    -0.65299E-02    -0.57175E-02    -0.17874E-02
     0.22510E+02    -0.44514E-02     0.24110E-01    -0.34789E-02
     0.22556E+02    -0.33076E-02     0.43096E-01    -0.50741E-02
     0.22601E+02    -0.27330E-02     0.58845E-01    -0.67757E-02
     0.22658E+02    -0.24351E-02     0.75963E-01    -0.98673E-02
     0.22704E+02    -0.21161E-02     0.89620E-01    -0.13339E-01
     0.22761E+02    -0.12473E-02     0.10920E+00    -0.18237E-01
     0.22807E+02    -0.34745E-03     0.12609E+00    -0.21038E-01
     0.22859E+02     0.14680E-03     0.14246E+00    -0.19998E-01
     0.22903E+02    -0.25401E-03     0.15092E+00    -0.15772E-01
     0.22958E+02    -0.14431E-02     0.15725E+00    -0.73637E-02
     0.23004E+02    -0.27709E-02     0.16008E+00    -0.37431E-03
     0.23061E+02    -0.46358E-02     0.16172E+00     0.61008E-02
     0.23107E+02    -0.59457E-02     0.16205E+00     0.91273E-02
     0.23152E+02    -0.69164E-02     0.16152E+00     0.11503E-01
     0.23209E+02    -0.73515E-02     0.15954E+00     0.14326E-01
     0.23255E+02    -0.73203E-02     0.15585E+00     0.16859E-01
     0.23301E+02    -0.72478E-02     0.14946E+00     0.20128E-01
     0.23358E+02    -0.72647E-02     0.13738E+00     0.25734E-01
     0.23404E+02    -0.73799E-02     0.12541E+00     0.30475E-01
     0.23461E+02    -0.76650E-02     0.10876E+00     0.35248E-01
     0.23507E+02    -0.79172E-02     0.94904E-01     0.38074E-01
     0.23553E+02    -0.80987E-02     0.81425E-01     0.39973E-01
     0.23610E+02    -0.82600E-02     0.66044E-01     0.41506E-01
     0.23656E+02    -0.83604E-02     0.55397E-01     0.42690E-01
     0.23702E+02    -0.84292E-02     0.46166E-01     0.43600E-01
     0.23760E+02    -0.84167E-02     0.37015E-01     0.43785E-01
     0.23805E+02    -0.83035E-02     0.31768E-01     0.42784E-01
     0.23850E+02    -0.81354E-02     0.28338E-01     0.40499E-01
     0.23908E+02    -0.78427E-02     0.27098E-01     0.36201E-01
     0.23954E+02    -0.75994E-02     0.28176E-01     0.31910E-01
     0.24010E+02    -0.73073E-02     0.31791E-01     0.26112E-01
     0.24056E+02    -0.71437E-02     0.35942E-01     0.21393E-01
     0.24100E+02    -0.70966E-02     0.40266E-01     0.17058E-01
     0.24157E+02    -0.71993E-02     0.45619E-01     0.12255E-01
     0.24211E+02    -0.74082E-02     0.50129E-01     0.87371E-02
     0.24257E+02    -0.76571E-02     0.54064E-01     0.60940E-02
     0.24303E+02    -0.78954E-02     0.58681E-01     0.28757E-02
     0.24360E+02    -0.80614E-02     0.66335E-01    -0.29484E-02
     0.24406E+02    -0.79862E-02     0.74367E-01    -0.93110E-02
     0.24452E+02    -0.77160E-02     0.83736E-01    -0.16512E-01
     0.24509E+02    -0.73380E-02     0.96147E-01    -0.25387E-01
     0.24555E+02    -0.72369E-02     0.10564E+00    -0.31001E-01
     0.24601E+02    -0.73151E-02     0.11446E+00    -0.34804E-01
     0.24658E+02    -0.74503E-02     0.12506E+00    -0.38348E-01
     0.24704E+02    -0.74551E-02     0.13364E+00    -0.40869E-01
     0.24761E+02    -0.72306E-02     0.14431E+00    -0.44209E-01
     0.24807E+02    -0.69174E-02     0.15191E+00    -0.47229E-01
     0.24853E+02    -0.66287E-02     0.15756E+00    -0.50568E-01
     0.24911E+02    -0.64369E-02     0.16077E+00    -0.54361E-01
     0.24957E+02    -0.64196E-02     0.16050E+00    -0.57913E-01
     0.25002E+02    -0.66971E-02     0.15859E+00    -0.61968E-01
