     0.11273E-01     0.20333E-16     0.12853E-15    -0.40880E-19
     0.56772E-01     0.19386E-16     0.14537E-15    -0.73488E-19
     0.10226E+00     0.18299E-16     0.15941E-15    -0.14800E-18
     0.15908E+00     0.16773E-16     0.17283E-15    -0.33338E-18
     0.20451E+00     0.15503E-16     0.18092E-15    -0.56082E-18
     0.26127E+00     0.13855E-16     0.18727E-15    -0.83410E-18
     0.30666E+00     0.12410E-16     0.18852E-15    -0.90742E-18
     0.35204E+00     0.10883E-16     0.18689E-15    -0.80514E-18
     0.40877E+00     0.88864E-17     0.17971E-15    -0.37145E-18
     0.45415E+00     0.72184E-17     0.17027E-15     0.16470E-18
     0.51088E+00     0.50969E-17     0.15462E-15     0.77201E-18
     0.55626E+00     0.34260E-17     0.13986E-15     0.94272E-18
     0.60166E+00     0.18492E-17     0.12396E-15     0.63096E-18
     0.65840E+00     0.86048E-19     0.10362E-15    -0.48214E-18
     0.70379E+00    -0.10622E-17     0.87434E-16    -0.21550E-17
     0.76053E+00    -0.21437E-17     0.67938E-16    -0.54011E-17
     0.80593E+00    -0.27330E-17     0.52874E-16    -0.85476E-17
     0.85132E+00    -0.31003E-17     0.38248E-16    -0.11623E-16
     0.90806E+00    -0.32534E-17     0.21137E-16    -0.14612E-16
     0.95344E+00    -0.31642E-17     0.86632E-17    -0.15842E-16
     0.10102E+01    -0.28553E-17    -0.52963E-17    -0.15750E-16
     0.10556E+01    -0.24770E-17    -0.15209E-16    -0.14671E-16
     0.11009E+01    -0.20284E-17    -0.24277E-16    -0.12992E-16
     0.11577E+01    -0.14869E-17    -0.35308E-16    -0.10576E-16
     0.12030E+01    -0.10608E-17    -0.44122E-16    -0.92348E-17
     0.12598E+01    -0.38763E-18    -0.54959E-16    -0.89243E-17
     0.13051E+01     0.30446E-18    -0.63070E-16    -0.95226E-17
     0.13505E+01     0.11733E-17    -0.70561E-16    -0.10476E-16
     0.14072E+01     0.24894E-17    -0.78942E-16    -0.11628E-16
     0.14526E+01     0.37022E-17    -0.85179E-16    -0.12380E-16
     0.15093E+01     0.53916E-17    -0.92818E-16    -0.13376E-16
     0.15546E+01     0.68814E-17    -0.99078E-16    -0.14515E-16
     0.16113E+01     0.89389E-17    -0.10744E-15    -0.16570E-16
     0.16567E+01     0.10761E-16    -0.11479E-15    -0.18715E-16
     0.17020E+01     0.12761E-16    -0.12297E-15    -0.21202E-16
     0.17587E+01     0.15536E-16    -0.13464E-15    -0.24615E-16
     0.18041E+01     0.18000E-16    -0.14539E-15    -0.27503E-16
     0.18608E+01     0.21421E-16    -0.16094E-15    -0.31303E-16
     0.19061E+01     0.24470E-16    -0.17538E-15    -0.34658E-16
     0.19515E+01     0.27840E-16    -0.19194E-15    -0.38535E-16
     0.20082E+01     0.32580E-16    -0.21620E-15    -0.44353E-16
     0.20535E+01     0.36871E-16    -0.23908E-15    -0.49928E-16
     0.21102E+01     0.42979E-16    -0.27300E-15    -0.58154E-16
     0.21555E+01     0.48563E-16    -0.30526E-15    -0.65793E-16
     0.22009E+01     0.54872E-16    -0.34296E-15    -0.74449E-16
     0.22575E+01     0.63957E-16    -0.39918E-15    -0.86921E-16
     0.23029E+01     0.72354E-16    -0.45279E-15    -0.98526E-16
     0.23595E+01     0.84545E-16    -0.53276E-15    -0.11566E-15
     0.24049E+01     0.95907E-16    -0.60907E-15    -0.13200E-15
     0.24502E+01     0.10897E-15    -0.69843E-15    -0.15122E-15
     0.25069E+01     0.12814E-15    -0.83212E-15    -0.18009E-15
     0.25522E+01     0.14620E-15    -0.96015E-15    -0.20775E-15
     0.26089E+01     0.17288E-15    -0.11523E-14    -0.24910E-15
     0.26542E+01     0.19815E-15    -0.13370E-14    -0.28857E-15
     0.27108E+01     0.23568E-15    -0.16149E-14    -0.34755E-15
     0.27562E+01     0.27141E-15    -0.18827E-14    -0.40400E-15
     0.28015E+01     0.31319E-15    -0.21990E-14    -0.47041E-15
     0.28582E+01     0.37566E-15    -0.26766E-14    -0.57037E-15
     0.29035E+01     0.43547E-15    -0.31380E-14    -0.66674E-15
     0.29601E+01     0.52522E-15    -0.38364E-14    -0.81234E-15
     0.30055E+01     0.61146E-15    -0.45126E-14    -0.95309E-15
     0.30508E+01     0.71316E-15    -0.53152E-14    -0.11199E-14
     0.31074E+01     0.86654E-15    -0.65339E-14    -0.13728E-14
     0.31528E+01     0.10146E-14    -0.77179E-14    -0.16180E-14
     0.32094E+01     0.12386E-14    -0.95194E-14    -0.19908E-14
     0.32547E+01     0.14554E-14    -0.11273E-13    -0.23532E-14
     0.33000E+01     0.17126E-14    -0.13363E-13    -0.27848E-14
     0.33567E+01     0.21031E-14    -0.16551E-13    -0.34426E-14
     0.34020E+01     0.24824E-14    -0.19659E-13    -0.40836E-14
     0.34587E+01     0.30592E-14    -0.24406E-13    -0.50617E-14
     0.35040E+01     0.36204E-14    -0.29042E-13    -0.60162E-14
     0.35606E+01     0.44754E-14    -0.36127E-13    -0.74745E-14
     0.36059E+01     0.53086E-14    -0.43053E-13    -0.88991E-14
     0.36513E+01     0.63027E-14    -0.51336E-13    -0.10602E-13
     0.37079E+01     0.78204E-14    -0.64014E-13    -0.13208E-13
     0.37532E+01     0.93020E-14    -0.76420E-13    -0.15757E-13
     0.38099E+01     0.11566E-13    -0.95419E-13    -0.19660E-13
     0.38552E+01     0.13779E-13    -0.11402E-12    -0.23480E-13
     0.39005E+01     0.16425E-13    -0.13630E-12    -0.28055E-13
     0.39572E+01     0.20475E-13    -0.17044E-12    -0.35064E-13
     0.40025E+01     0.24436E-13    -0.20390E-12    -0.41930E-13
     0.40591E+01     0.30503E-13    -0.25519E-12    -0.52456E-13
     0.41044E+01     0.36441E-13    -0.30545E-12    -0.62769E-13
     0.41611E+01     0.45539E-13    -0.38254E-12    -0.78584E-13
     0.42064E+01     0.54450E-13    -0.45811E-12    -0.94084E-13
     0.42517E+01     0.65124E-13    -0.54870E-12    -0.11266E-12
     0.43084E+01     0.81488E-13    -0.68768E-12    -0.14116E-12
     0.43537E+01     0.97521E-13    -0.82395E-12    -0.16911E-12
     0.44103E+01     0.12211E-12    -0.10330E-11    -0.21197E-12
     0.44557E+01     0.14621E-12    -0.12380E-11    -0.25400E-12
     0.45010E+01     0.17509E-12    -0.14838E-11    -0.30440E-12
     0.45576E+01     0.21939E-12    -0.18611E-11    -0.38172E-12
     0.46029E+01     0.26283E-12    -0.22310E-11    -0.45755E-12
     0.46596E+01     0.32946E-12    -0.27986E-11    -0.57390E-12
     0.47049E+01     0.39479E-12    -0.33553E-11    -0.68800E-12
     0.47502E+01     0.47311E-12    -0.40229E-11    -0.82483E-12
     0.48069E+01     0.59330E-12    -0.50474E-11    -0.10348E-11
     0.48522E+01     0.71114E-12    -0.60521E-11    -0.12407E-11
     0.49088E+01     0.89196E-12    -0.75939E-11    -0.15567E-11
     0.49542E+01     0.10693E-11    -0.91059E-11    -0.18665E-11
     0.50108E+01     0.13414E-11    -0.11426E-10    -0.23421E-11
     0.50561E+01     0.16082E-11    -0.13702E-10    -0.28084E-11
     0.51015E+01     0.19281E-11    -0.16431E-10    -0.33676E-11
     0.51581E+01     0.24191E-11    -0.20619E-10    -0.42258E-11
     0.52034E+01     0.29005E-11    -0.24726E-10    -0.50674E-11
     0.52601E+01     0.36394E-11    -0.31028E-10    -0.63589E-11
     0.53054E+01     0.43640E-11    -0.37209E-10    -0.76254E-11
     0.53507E+01     0.52328E-11    -0.44621E-10    -0.91443E-11
     0.54074E+01     0.65662E-11    -0.55995E-10    -0.11475E-10
     0.54527E+01     0.78738E-11    -0.67150E-10    -0.13761E-10
     0.55094E+01     0.98804E-11    -0.84267E-10    -0.17268E-10
     0.55547E+01     0.11848E-10    -0.10105E-09    -0.20708E-10
     0.56000E+01     0.14208E-10    -0.12118E-09    -0.24833E-10
     0.56567E+01     0.17829E-10    -0.15208E-09    -0.31163E-10
     0.57020E+01     0.21380E-10    -0.18237E-09    -0.37371E-10
     0.57587E+01     0.26830E-10    -0.22886E-09    -0.46897E-10
     0.58040E+01     0.32174E-10    -0.27444E-09    -0.56238E-10
     0.58607E+01     0.40376E-10    -0.34440E-09    -0.70573E-10
     0.59060E+01     0.48418E-10    -0.41300E-09    -0.84631E-10
     0.59513E+01     0.58063E-10    -0.49527E-09    -0.10149E-09
     0.60080E+01     0.72863E-10    -0.62151E-09    -0.12736E-09
     0.60533E+01     0.87377E-10    -0.74531E-09    -0.15273E-09
     0.61100E+01     0.10965E-09    -0.93528E-09    -0.19165E-09
     0.61553E+01     0.13149E-09    -0.11216E-08    -0.22982E-09
     0.62006E+01     0.15768E-09    -0.13449E-08    -0.27559E-09
     0.62573E+01     0.19786E-09    -0.16876E-08    -0.34582E-09
     0.63026E+01     0.23725E-09    -0.20236E-08    -0.41467E-09
     0.63592E+01     0.29767E-09    -0.25389E-08    -0.52026E-09
     0.64045E+01     0.35686E-09    -0.30437E-08    -0.62370E-09
     0.64611E+01     0.44758E-09    -0.38174E-08    -0.78223E-09
     0.65063E+01     0.53642E-09    -0.45750E-08    -0.93748E-09
     0.65514E+01     0.64280E-09    -0.54822E-08    -0.11234E-08
     0.66078E+01     0.80579E-09    -0.68720E-08    -0.14082E-08
     0.66529E+01     0.96534E-09    -0.82325E-08    -0.16869E-08
     0.67093E+01     0.12097E-08    -0.10316E-07    -0.21139E-08
     0.67543E+01     0.14489E-08    -0.12356E-07    -0.25318E-08
     0.68106E+01     0.18152E-08    -0.15478E-07    -0.31717E-08
     0.68556E+01     0.21735E-08    -0.18533E-07    -0.37977E-08
     0.69006E+01     0.26024E-08    -0.22189E-07    -0.45469E-08
     0.69568E+01     0.32590E-08    -0.27786E-07    -0.56936E-08
     0.70017E+01     0.39012E-08    -0.33260E-07    -0.68153E-08
     0.70579E+01     0.48841E-08    -0.41637E-07    -0.85319E-08
     0.71028E+01     0.58456E-08    -0.49830E-07    -0.10211E-07
     0.71589E+01     0.73169E-08    -0.62368E-07    -0.12780E-07
     0.72038E+01     0.87559E-08    -0.74628E-07    -0.15292E-07
     0.72599E+01     0.10958E-07    -0.93387E-07    -0.19136E-07
     0.73047E+01     0.13111E-07    -0.11173E-06    -0.22894E-07
     0.73608E+01     0.16407E-07    -0.13980E-06    -0.28645E-07
     0.74057E+01     0.19629E-07    -0.16724E-06    -0.34268E-07
     0.74505E+01     0.23484E-07    -0.20006E-06    -0.40993E-07
     0.75066E+01     0.29383E-07    -0.25028E-06    -0.51283E-07
     0.75515E+01     0.35152E-07    -0.29938E-06    -0.61344E-07
     0.76076E+01     0.43981E-07    -0.37452E-06    -0.76740E-07
     0.76525E+01     0.52617E-07    -0.44800E-06    -0.91795E-07
     0.77086E+01     0.65834E-07    -0.56044E-06    -0.11483E-06
     0.77536E+01     0.78763E-07    -0.67040E-06    -0.13736E-06
     0.78098E+01     0.98555E-07    -0.83869E-06    -0.17184E-06
     0.78548E+01     0.11792E-06    -0.10033E-05    -0.20557E-06
     0.79110E+01     0.14757E-06    -0.12553E-05    -0.25721E-06
     0.79561E+01     0.17659E-06    -0.15019E-05    -0.30773E-06
     0.80012E+01     0.21133E-06    -0.17970E-05    -0.36819E-06
     0.80576E+01     0.26455E-06    -0.22490E-05    -0.46079E-06
     0.81028E+01     0.31665E-06    -0.26914E-05    -0.55143E-06
     0.81593E+01     0.39650E-06    -0.33692E-05    -0.69029E-06
     0.82046E+01     0.47472E-06    -0.40328E-05    -0.82627E-06
     0.82613E+01     0.59463E-06    -0.50500E-05    -0.10347E-05
     0.83066E+01     0.71206E-06    -0.60459E-05    -0.12387E-05
     0.83520E+01     0.85263E-06    -0.72376E-05    -0.14829E-05
     0.84087E+01     0.10679E-05    -0.90617E-05    -0.18566E-05
     0.84541E+01     0.12784E-05    -0.10846E-04    -0.22221E-05
     0.85108E+01     0.16008E-05    -0.13576E-04    -0.27815E-05
     0.85562E+01     0.19162E-05    -0.16246E-04    -0.33286E-05
     0.86016E+01     0.22935E-05    -0.19440E-04    -0.39830E-05
     0.86567E+01     0.28529E-05    -0.24175E-04    -0.49529E-05
     0.87075E+01     0.34885E-05    -0.29553E-04    -0.60547E-05
     0.87598E+01     0.42893E-05    -0.36324E-04    -0.74423E-05
     0.88002E+01     0.50314E-05    -0.42599E-04    -0.87279E-05
     0.88534E+01     0.62097E-05    -0.52554E-04    -0.10769E-04
     0.89101E+01     0.77693E-05    -0.65729E-04    -0.13469E-04
     0.89548E+01     0.92671E-05    -0.78384E-04    -0.16062E-04
     0.90078E+01     0.11422E-04    -0.96572E-04    -0.19792E-04
     0.90578E+01     0.13912E-04    -0.11760E-03    -0.24102E-04
     0.91006E+01     0.16474E-04    -0.13923E-03    -0.28538E-04
     0.91584E+01     0.20687E-04    -0.17476E-03    -0.35827E-04
     0.92053E+01     0.24886E-04    -0.21022E-03    -0.43097E-04
     0.92587E+01     0.30715E-04    -0.25936E-03    -0.53186E-04
     0.93100E+01     0.37604E-04    -0.31742E-03    -0.65113E-04
     0.93609E+01     0.45949E-04    -0.38776E-03    -0.79566E-04
     0.94025E+01     0.54138E-04    -0.45681E-03    -0.93756E-04
     0.94531E+01     0.66074E-04    -0.55740E-03    -0.11445E-03
     0.95061E+01     0.81437E-04    -0.68679E-03    -0.14110E-03
     0.95511E+01     0.97262E-04    -0.82008E-03    -0.16858E-03
     0.96074E+01     0.12145E-03    -0.10238E-02    -0.21064E-03
     0.96573E+01     0.14788E-03    -0.12463E-02    -0.25665E-03
     0.97064E+01     0.17960E-03    -0.15133E-02    -0.31197E-03
     0.97503E+01     0.21360E-03    -0.17993E-02    -0.37140E-03
     0.98070E+01     0.26745E-03    -0.22522E-02    -0.46575E-03
     0.98524E+01     0.32024E-03    -0.26959E-02    -0.55854E-03
     0.99065E+01     0.39703E-03    -0.33410E-02    -0.69402E-03
     0.99519E+01     0.47577E-03    -0.40017E-02    -0.83356E-03
     0.10009E+02     0.59690E-03    -0.50171E-02    -0.10495E-02
     0.10054E+02     0.71612E-03    -0.60151E-02    -0.12635E-02
     0.10111E+02     0.90006E-03    -0.75520E-02    -0.15965E-02
     0.10156E+02     0.10817E-02    -0.90665E-02    -0.19288E-02
     0.10202E+02     0.13014E-02    -0.10894E-01    -0.23355E-02
     0.10258E+02     0.16429E-02    -0.13724E-01    -0.29782E-02
     0.10303E+02     0.19765E-02    -0.16479E-01    -0.36196E-02
     0.10359E+02     0.25013E-02    -0.20791E-01    -0.46578E-02
     0.10405E+02     0.30369E-02    -0.25169E-01    -0.57590E-02
     0.10461E+02     0.38944E-02    -0.32123E-01    -0.76226E-02
     0.10507E+02     0.47852E-02    -0.39296E-01    -0.96495E-02
     0.10552E+02     0.58908E-02    -0.48693E-01    -0.12096E-01
     0.10609E+02     0.76662E-02    -0.65162E-01    -0.18392E-01
     0.10654E+02     0.10860E-01    -0.79803E-01    -0.51707E-01
     0.10711E+02     0.32070E-01    -0.46561E-01    -0.22735E+00
     0.10757E+02     0.56013E-01    -0.73250E-02    -0.33190E+00
     0.10802E+02     0.77717E-01    -0.48053E-02    -0.16729E+00
     0.10859E+02     0.91281E-01    -0.11006E-01     0.25968E-01
     0.10904E+02     0.88752E-01    -0.13781E-01     0.50547E-01
     0.10961E+02     0.78951E-01    -0.71029E-02     0.56376E-01
     0.11006E+02     0.74062E-01     0.17825E-02     0.51583E-01
     0.11052E+02     0.69459E-01     0.12780E-01     0.48394E-01
     0.11109E+02     0.64396E-01     0.26395E-01     0.44489E-01
     0.11154E+02     0.60492E-01     0.38573E-01     0.41471E-01
     0.11211E+02     0.55985E-01     0.51337E-01     0.38862E-01
     0.11256E+02     0.52541E-01     0.61451E-01     0.38094E-01
     0.11302E+02     0.49038E-01     0.72428E-01     0.37742E-01
     0.11359E+02     0.44419E-01     0.88841E-01     0.36610E-01
     0.11404E+02     0.40792E-01     0.10440E+00     0.35630E-01
     0.11461E+02     0.36808E-01     0.12568E+00     0.35143E-01
     0.11506E+02     0.34207E-01     0.14305E+00     0.34715E-01
     0.11552E+02     0.32062E-01     0.16153E+00     0.35817E-01
     0.11609E+02     0.29796E-01     0.18689E+00     0.37370E-01
     0.11654E+02     0.28069E-01     0.20838E+00     0.38233E-01
     0.11711E+02     0.25943E-01     0.23664E+00     0.37989E-01
     0.11756E+02     0.24385E-01     0.26155E+00     0.36618E-01
     0.11802E+02     0.22977E-01     0.28858E+00     0.34285E-01
     0.11859E+02     0.21808E-01     0.32974E+00     0.29682E-01
     0.11904E+02     0.21123E-01     0.36681E+00     0.24811E-01
     0.11961E+02     0.19938E-01     0.41472E+00     0.17909E-01
     0.12006E+02     0.19041E-01     0.45067E+00     0.13247E-01
     0.12051E+02     0.17921E-01     0.47874E+00     0.10058E-01
     0.12108E+02     0.14597E-01     0.49140E+00     0.30136E-02
     0.12154E+02     0.91834E-02     0.46840E+00    -0.13347E-01
     0.12210E+02     0.14158E-02     0.39900E+00    -0.50901E-01
     0.12256E+02    -0.38035E-02     0.32225E+00    -0.85010E-01
     0.12301E+02    -0.76432E-02     0.24408E+00    -0.10973E+00
     0.12358E+02    -0.11375E-01     0.15898E+00    -0.12659E+00
     0.12404E+02    -0.12919E-01     0.10715E+00    -0.13077E+00
     0.12460E+02    -0.13489E-01     0.60792E-01    -0.12476E+00
     0.12506E+02    -0.13567E-01     0.37147E-01    -0.11358E+00
     0.12551E+02    -0.13591E-01     0.19433E-01    -0.97861E-01
     0.12608E+02    -0.13546E-01     0.44571E-02    -0.77064E-01
     0.12654E+02    -0.13381E-01    -0.20823E-02    -0.61139E-01
     0.12711E+02    -0.12931E-01    -0.53507E-02    -0.47596E-01
     0.12756E+02    -0.12494E-01    -0.70389E-02    -0.43345E-01
     0.12802E+02    -0.11884E-01    -0.67643E-02    -0.44729E-01
     0.12858E+02    -0.11222E-01    -0.53372E-02    -0.49736E-01
     0.12904E+02    -0.10944E-01    -0.18441E-02    -0.53614E-01
     0.12961E+02    -0.10778E-01     0.58821E-02    -0.57347E-01
     0.13006E+02    -0.10785E-01     0.12602E-01    -0.58391E-01
     0.13052E+02    -0.10782E-01     0.19352E-01    -0.55495E-01
     0.13109E+02    -0.10728E-01     0.27514E-01    -0.49012E-01
     0.13154E+02    -0.10491E-01     0.34629E-01    -0.44254E-01
     0.13211E+02    -0.97517E-02     0.45076E-01    -0.39940E-01
     0.13257E+02    -0.88749E-02     0.53849E-01    -0.38527E-01
     0.13302E+02    -0.79292E-02     0.61472E-01    -0.38394E-01
     0.13359E+02    -0.69283E-02     0.67563E-01    -0.41437E-01
     0.13404E+02    -0.62905E-02     0.68543E-01    -0.46093E-01
     0.13461E+02    -0.56247E-02     0.67027E-01    -0.53171E-01
     0.13507E+02    -0.51045E-02     0.64724E-01    -0.58718E-01
     0.13552E+02    -0.45311E-02     0.62630E-01    -0.63085E-01
     0.13609E+02    -0.37197E-02     0.60963E-01    -0.65031E-01
     0.13655E+02    -0.29768E-02     0.60618E-01    -0.63444E-01
     0.13701E+02    -0.21598E-02     0.60996E-01    -0.59273E-01
     0.13758E+02    -0.11469E-02     0.62376E-01    -0.51354E-01
     0.13804E+02    -0.43659E-03     0.63878E-01    -0.44062E-01
     0.13862E+02     0.30458E-03     0.65835E-01    -0.36528E-01
     0.13908E+02     0.80961E-03     0.67650E-01    -0.33482E-01
     0.13954E+02     0.12578E-02     0.69685E-01    -0.33227E-01
     0.14001E+02     0.16748E-02     0.71869E-01    -0.35027E-01
     0.14060E+02     0.21057E-02     0.74703E-01    -0.38624E-01
     0.14106E+02     0.23686E-02     0.76801E-01    -0.42031E-01
     0.14153E+02     0.26485E-02     0.79100E-01    -0.45517E-01
     0.14212E+02     0.31237E-02     0.82520E-01    -0.49674E-01
     0.14259E+02     0.36369E-02     0.85599E-01    -0.52202E-01
     0.14305E+02     0.41915E-02     0.88758E-01    -0.52876E-01
     0.14352E+02     0.47003E-02     0.91756E-01    -0.51279E-01
     0.14411E+02     0.51534E-02     0.94705E-01    -0.46801E-01
     0.14458E+02     0.53275E-02     0.96075E-01    -0.42377E-01
     0.14505E+02     0.53067E-02     0.96491E-01    -0.38328E-01
     0.14551E+02     0.52046E-02     0.96411E-01    -0.35284E-01
     0.14609E+02     0.51156E-02     0.96568E-01    -0.32619E-01
     0.14655E+02     0.50847E-02     0.96843E-01    -0.31218E-01
     0.14700E+02     0.50794E-02     0.97029E-01    -0.30268E-01
     0.14757E+02     0.50113E-02     0.97320E-01    -0.30008E-01
     0.14803E+02     0.49238E-02     0.98153E-01    -0.29493E-01
     0.14860E+02     0.48661E-02     0.10101E+00    -0.28001E-01
     0.14906E+02     0.48564E-02     0.10475E+00    -0.26543E-01
     0.14951E+02     0.47875E-02     0.10914E+00    -0.25357E-01
     0.15008E+02     0.45624E-02     0.11457E+00    -0.24785E-01
     0.15054E+02     0.42662E-02     0.11822E+00    -0.25146E-01
     0.15111E+02     0.38471E-02     0.12169E+00    -0.26861E-01
     0.15156E+02     0.35239E-02     0.12357E+00    -0.29635E-01
     0.15202E+02     0.32549E-02     0.12482E+00    -0.33563E-01
     0.15259E+02     0.29730E-02     0.12544E+00    -0.38782E-01
     0.15305E+02     0.27195E-02     0.12510E+00    -0.42662E-01
     0.15350E+02     0.23713E-02     0.12337E+00    -0.45893E-01
     0.15407E+02     0.18050E-02     0.11979E+00    -0.48861E-01
     0.15453E+02     0.12880E-02     0.11614E+00    -0.50198E-01
     0.15510E+02     0.61409E-03     0.11067E+00    -0.51153E-01
     0.15555E+02     0.74003E-04     0.10606E+00    -0.51532E-01
     0.15601E+02    -0.45694E-03     0.10148E+00    -0.51770E-01
     0.15658E+02    -0.98966E-03     0.95978E-01    -0.51517E-01
     0.15703E+02    -0.12535E-02     0.91757E-01    -0.50805E-01
     0.15760E+02    -0.13897E-02     0.86794E-01    -0.49782E-01
     0.15806E+02    -0.13995E-02     0.82899E-01    -0.49066E-01
     0.15851E+02    -0.13903E-02     0.78860E-01    -0.48249E-01
     0.15908E+02    -0.13994E-02     0.73603E-01    -0.47263E-01
     0.15954E+02    -0.14407E-02     0.69457E-01    -0.46952E-01
     0.16011E+02    -0.14877E-02     0.64629E-01    -0.47096E-01
     0.16056E+02    -0.14972E-02     0.61299E-01    -0.47487E-01
     0.16102E+02    -0.14657E-02     0.58557E-01    -0.47980E-01
     0.16159E+02    -0.13632E-02     0.55950E-01    -0.48617E-01
     0.16204E+02    -0.12691E-02     0.54288E-01    -0.48953E-01
     0.16261E+02    -0.11755E-02     0.52460E-01    -0.48786E-01
     0.16307E+02    -0.11356E-02     0.51014E-01    -0.48060E-01
     0.16353E+02    -0.11192E-02     0.49626E-01    -0.46901E-01
     0.16410E+02    -0.11054E-02     0.48096E-01    -0.45056E-01
     0.16455E+02    -0.10962E-02     0.47078E-01    -0.43439E-01
     0.16501E+02    -0.10502E-02     0.46111E-01    -0.41495E-01
     0.16558E+02    -0.91820E-03     0.44853E-01    -0.38526E-01
     0.16604E+02    -0.75719E-03     0.43882E-01    -0.35740E-01
     0.16661E+02    -0.51219E-03     0.42543E-01    -0.31678E-01
     0.16707E+02    -0.29345E-03     0.41909E-01    -0.27620E-01
     0.16752E+02    -0.34312E-04     0.42260E-01    -0.22602E-01
     0.16809E+02     0.39213E-03     0.44563E-01    -0.15496E-01
     0.16855E+02     0.81345E-03     0.47786E-01    -0.10260E-01
     0.16901E+02     0.11611E-02     0.51794E-01    -0.74506E-02
     0.16958E+02     0.14901E-02     0.57450E-01    -0.81891E-02
     0.17004E+02     0.17211E-02     0.62257E-01    -0.12959E-01
     0.17061E+02     0.19000E-02     0.67309E-01    -0.22413E-01
     0.17107E+02     0.18750E-02     0.69624E-01    -0.30020E-01
     0.17153E+02     0.16306E-02     0.69439E-01    -0.36240E-01
     0.17210E+02     0.11271E-02     0.67025E-01    -0.41638E-01
     0.17256E+02     0.72558E-03     0.63401E-01    -0.44040E-01
     0.17302E+02     0.27690E-03     0.59266E-01    -0.44421E-01
     0.17359E+02    -0.28808E-03     0.54108E-01    -0.42910E-01
     0.17405E+02    -0.63367E-03     0.50655E-01    -0.41261E-01
     0.17451E+02    -0.84644E-03     0.47817E-01    -0.39154E-01
     0.17508E+02    -0.99957E-03     0.44629E-01    -0.35794E-01
     0.17554E+02    -0.10598E-02     0.41965E-01    -0.32794E-01
     0.17611E+02    -0.10387E-02     0.38351E-01    -0.29086E-01
     0.17657E+02    -0.92963E-03     0.35610E-01    -0.26380E-01
     0.17703E+02    -0.74529E-03     0.33502E-01    -0.24124E-01
     0.17760E+02    -0.45746E-03     0.32227E-01    -0.22257E-01
     0.17806E+02    -0.24930E-03     0.32212E-01    -0.21871E-01
     0.17851E+02    -0.63052E-04     0.33046E-01    -0.22121E-01
     0.17908E+02     0.14229E-03     0.35042E-01    -0.22979E-01
     0.17954E+02     0.32952E-03     0.37202E-01    -0.24384E-01
     0.18011E+02     0.65588E-03     0.40586E-01    -0.26947E-01
     0.18057E+02     0.10042E-02     0.44155E-01    -0.29449E-01
     0.18102E+02     0.13643E-02     0.48237E-01    -0.31860E-01
     0.18159E+02     0.17804E-02     0.53582E-01    -0.33458E-01
     0.18205E+02     0.20217E-02     0.56968E-01    -0.33379E-01
     0.18251E+02     0.20746E-02     0.58714E-01    -0.30613E-01
     0.18308E+02     0.18893E-02     0.58252E-01    -0.23054E-01
     0.18353E+02     0.15741E-02     0.56142E-01    -0.15772E-01
     0.18410E+02     0.10532E-02     0.52301E-01    -0.81949E-02
     0.18456E+02     0.88523E-03     0.49938E-01    -0.42915E-02
     0.18501E+02     0.97485E-03     0.48180E-01    -0.23297E-02
     0.18558E+02     0.14307E-02     0.46947E-01    -0.31720E-03
     0.18603E+02     0.19013E-02     0.46088E-01     0.22873E-02
     0.18660E+02     0.24225E-02     0.43801E-01     0.50905E-02
     0.18706E+02     0.28300E-02     0.40658E-01     0.62288E-02
     0.18751E+02     0.32581E-02     0.36422E-01     0.61412E-02
     0.18808E+02     0.38076E-02     0.29532E-01     0.44990E-02
     0.18854E+02     0.43041E-02     0.22363E-01     0.25322E-02
     0.18910E+02     0.49753E-02     0.10387E-01    -0.64125E-03
     0.18956E+02     0.56025E-02    -0.16306E-02    -0.33524E-02
     0.19001E+02     0.64225E-02    -0.15727E-01    -0.53769E-02
     0.19058E+02     0.80100E-02    -0.36222E-01    -0.71958E-02
     0.19103E+02     0.97080E-02    -0.53765E-01    -0.85662E-02
     0.19159E+02     0.12339E-01    -0.76376E-01    -0.10421E-01
     0.19205E+02     0.14892E-01    -0.95305E-01    -0.11836E-01
     0.19261E+02     0.18702E-01    -0.12034E+00    -0.12801E-01
     0.19306E+02     0.22223E-01    -0.14246E+00    -0.13022E-01
     0.19351E+02     0.26145E-01    -0.16757E+00    -0.13002E-01
     0.19408E+02     0.31589E-01    -0.20328E+00    -0.12535E-01
     0.19453E+02     0.36289E-01    -0.23473E+00    -0.12544E-01
     0.19509E+02     0.42360E-01    -0.27429E+00    -0.13012E-01
     0.19555E+02     0.47432E-01    -0.30445E+00    -0.13404E-01
     0.19611E+02     0.53795E-01    -0.33354E+00    -0.14762E-01
     0.19656E+02     0.58685E-01    -0.34802E+00    -0.16019E-01
     0.19701E+02     0.63014E-01    -0.35289E+00    -0.17004E-01
     0.19758E+02     0.67209E-01    -0.34652E+00    -0.16568E-01
     0.19803E+02     0.69549E-01    -0.33313E+00    -0.15168E-01
     0.19860E+02     0.71252E-01    -0.30797E+00    -0.12862E-01
     0.19905E+02     0.71759E-01    -0.28329E+00    -0.10076E-01
     0.19951E+02     0.71643E-01    -0.25381E+00    -0.66177E-02
     0.20007E+02     0.70819E-01    -0.21103E+00    -0.29659E-02
     0.20053E+02     0.69865E-01    -0.17234E+00    -0.38364E-03
     0.20109E+02     0.68290E-01    -0.12052E+00     0.25325E-02
     0.20155E+02     0.66597E-01    -0.78839E-01     0.43340E-02
     0.20200E+02     0.64493E-01    -0.38133E-01     0.53909E-02
     0.20257E+02     0.61371E-01     0.11791E-01     0.60934E-02
     0.20302E+02     0.58678E-01     0.51230E-01     0.65742E-02
     0.20359E+02     0.55445E-01     0.10068E+00     0.62074E-02
     0.20404E+02     0.53080E-01     0.14146E+00     0.56205E-02
     0.20460E+02     0.50235E-01     0.19425E+00     0.60891E-02
     0.20506E+02     0.47866E-01     0.23663E+00     0.80026E-02
     0.20551E+02     0.45351E-01     0.27865E+00     0.99727E-02
     0.20607E+02     0.42068E-01     0.33046E+00     0.10386E-01
     0.20652E+02     0.39447E-01     0.37288E+00     0.93958E-02
     0.20709E+02     0.36220E-01     0.42676E+00     0.70413E-02
     0.20754E+02     0.33703E-01     0.46708E+00     0.46611E-02
     0.20810E+02     0.30436E-01     0.52129E+00     0.28647E-02
     0.20855E+02     0.27686E-01     0.56591E+00     0.13555E-02
     0.20911E+02     0.24251E-01     0.62599E+00    -0.51906E-03
     0.20956E+02     0.21193E-01     0.67578E+00    -0.15801E-02
     0.21001E+02     0.17469E-01     0.72598E+00    -0.11496E-02
     0.21057E+02     0.12153E-01     0.79254E+00     0.30519E-02
     0.21102E+02     0.72649E-02     0.85254E+00     0.10069E-01
     0.21158E+02    -0.38420E-04     0.94992E+00     0.22341E-01
     0.21203E+02    -0.79145E-02     0.10557E+01     0.28128E-01
     0.21259E+02    -0.20329E-01     0.12222E+01     0.27627E-01
     0.21304E+02    -0.29090E-01     0.13200E+01     0.17567E-01
     0.21360E+02    -0.35542E-01     0.13706E+01    -0.28551E-01
     0.21405E+02    -0.39119E-01     0.12646E+01    -0.10807E-01
     0.21450E+02    -0.41658E-01     0.11252E+01     0.10158E-01
     0.21506E+02    -0.43482E-01     0.96658E+00     0.15494E-01
     0.21551E+02    -0.43912E-01     0.84465E+00     0.82556E-02
     0.21608E+02    -0.44193E-01     0.59451E+00     0.41144E-02
     0.21653E+02    -0.44579E-01     0.48946E+00     0.41294E-02
     0.21709E+02    -0.45078E-01     0.48562E+00     0.47028E-02
     0.21754E+02    -0.44546E-01    -0.21461E+00     0.10923E-01
     0.21809E+02    -0.36830E-01    -0.50657E+00     0.34060E-01
     0.21854E+02    -0.26200E-01    -0.53255E+00     0.29389E-01
     0.21910E+02    -0.17803E-01    -0.50481E+00     0.31799E-01
     0.21955E+02    -0.16135E-01    -0.44244E+00     0.31043E-01
     0.22000E+02    -0.15124E-01    -0.36710E+00     0.27097E-01
     0.22057E+02    -0.13916E-01    -0.28445E+00     0.19241E-01
     0.22102E+02    -0.12324E-01    -0.23295E+00     0.13122E-01
     0.22158E+02    -0.96933E-02    -0.18565E+00     0.67165E-02
     0.22204E+02    -0.76687E-02    -0.15382E+00     0.19737E-02
     0.22260E+02    -0.54661E-02    -0.11501E+00    -0.41196E-02
     0.22306E+02    -0.39373E-02    -0.82957E-01    -0.99905E-02
     0.22351E+02    -0.24221E-02    -0.47995E-01    -0.16407E-01
     0.22408E+02    -0.10863E-02    -0.57449E-02    -0.25078E-01
     0.22453E+02    -0.79461E-03     0.20882E-01    -0.29258E-01
     0.22510E+02    -0.96029E-03     0.45388E-01    -0.29318E-01
     0.22556E+02    -0.11737E-02     0.60251E-01    -0.26413E-01
     0.22601E+02    -0.10085E-02     0.73291E-01    -0.24505E-01
     0.22658E+02     0.35173E-04     0.91480E-01    -0.23836E-01
     0.22704E+02     0.13154E-02     0.10818E+00    -0.24719E-01
     0.22761E+02     0.24864E-02     0.12867E+00    -0.24826E-01
     0.22807E+02     0.26814E-02     0.14384E+00    -0.20926E-01
     0.22859E+02     0.20452E-02     0.15845E+00    -0.10530E-01
     0.22903E+02     0.96176E-03     0.16799E+00     0.32652E-02
     0.22958E+02    -0.73674E-03     0.17778E+00     0.21267E-01
     0.23004E+02    -0.24543E-02     0.18378E+00     0.33713E-01
     0.23061E+02    -0.44243E-02     0.18977E+00     0.46755E-01
     0.23107E+02    -0.57623E-02     0.19419E+00     0.55252E-01
     0.23152E+02    -0.68509E-02     0.19693E+00     0.63068E-01
     0.23209E+02    -0.81181E-02     0.19407E+00     0.72512E-01
     0.23255E+02    -0.91327E-02     0.18418E+00     0.81260E-01
     0.23301E+02    -0.99751E-02     0.16804E+00     0.90325E-01
     0.23358E+02    -0.10750E-01     0.14074E+00     0.98381E-01
     0.23404E+02    -0.11040E-01     0.11588E+00     0.10246E+00
     0.23461E+02    -0.11063E-01     0.83110E-01     0.10457E+00
     0.23507E+02    -0.10920E-01     0.57036E-01     0.10437E+00
     0.23553E+02    -0.10731E-01     0.32243E-01     0.10232E+00
     0.23610E+02    -0.10290E-01     0.71779E-02     0.96846E-01
     0.23656E+02    -0.98913E-02    -0.68807E-02     0.90919E-01
     0.23702E+02    -0.95305E-02    -0.16545E-01     0.85214E-01
     0.23760E+02    -0.91082E-02    -0.24147E-01     0.78484E-01
     0.23805E+02    -0.87087E-02    -0.26516E-01     0.72575E-01
     0.23850E+02    -0.81325E-02    -0.24844E-01     0.64971E-01
     0.23908E+02    -0.72910E-02    -0.17291E-01     0.52565E-01
     0.23954E+02    -0.66998E-02    -0.89135E-02     0.41336E-01
     0.24010E+02    -0.63222E-02     0.11922E-02     0.28379E-01
     0.24056E+02    -0.61939E-02     0.81061E-02     0.21127E-01
     0.24100E+02    -0.62237E-02     0.14021E-01     0.17654E-01
     0.24157E+02    -0.64822E-02     0.20003E-01     0.16137E-01
     0.24211E+02    -0.67072E-02     0.24114E-01     0.14624E-01
     0.24257E+02    -0.67603E-02     0.28268E-01     0.12026E-01
     0.24303E+02    -0.65951E-02     0.34224E-01     0.73594E-02
     0.24360E+02    -0.61442E-02     0.44999E-01    -0.33408E-02
     0.24406E+02    -0.56925E-02     0.56119E-01    -0.14294E-01
     0.24452E+02    -0.52956E-02     0.67836E-01    -0.25588E-01
     0.24509E+02    -0.51198E-02     0.82321E-01    -0.37901E-01
     0.24555E+02    -0.51481E-02     0.94356E-01    -0.45090E-01
     0.24601E+02    -0.52109E-02     0.10690E+00    -0.49805E-01
     0.24658E+02    -0.52420E-02     0.12110E+00    -0.53370E-01
     0.24704E+02    -0.52616E-02     0.13056E+00    -0.55346E-01
     0.24761E+02    -0.53516E-02     0.14098E+00    -0.59279E-01
     0.24807E+02    -0.53331E-02     0.14952E+00    -0.66277E-01
     0.24853E+02    -0.54481E-02     0.15701E+00    -0.76094E-01
     0.24911E+02    -0.59363E-02     0.16192E+00    -0.90618E-01
     0.24957E+02    -0.65850E-02     0.16135E+00    -0.10423E+00
     0.25002E+02    -0.73994E-02     0.15847E+00    -0.12080E+00
