     0.11273E-01     0.18357E-16     0.11530E-15    -0.44988E-19
     0.56772E-01     0.17659E-16     0.13061E-15    -0.73465E-19
     0.10226E+00     0.16871E-16     0.14386E-15    -0.13390E-18
     0.15908E+00     0.15744E-16     0.15710E-15    -0.26905E-18
     0.20451E+00     0.14733E-16     0.16496E-15    -0.42920E-18
     0.26127E+00     0.13388E-16     0.17150E-15    -0.69216E-18
     0.30666E+00     0.12284E-16     0.17406E-15    -0.94297E-18
     0.35204E+00     0.11105E-16     0.17388E-15    -0.11119E-17
     0.40877E+00     0.95584E-17     0.16993E-15    -0.11649E-17
     0.45415E+00     0.82348E-17     0.16372E-15    -0.10235E-17
     0.51088E+00     0.64758E-17     0.15226E-15    -0.69272E-18
     0.55626E+00     0.50148E-17     0.14041E-15    -0.49686E-18
     0.60166E+00     0.35594E-17     0.12672E-15    -0.58152E-18
     0.65840E+00     0.18405E-17     0.10801E-15    -0.12648E-17
     0.70379E+00     0.63673E-18     0.92549E-16    -0.24329E-17
     0.76053E+00    -0.56022E-18     0.73603E-16    -0.47222E-17
     0.80593E+00    -0.12326E-17     0.59177E-16    -0.69983E-17
     0.85132E+00    -0.16595E-17     0.45540E-16    -0.93520E-17
     0.90806E+00    -0.18987E-17     0.29596E-16    -0.11856E-16
     0.95344E+00    -0.18984E-17     0.17682E-16    -0.13104E-16
     0.10102E+01    -0.17141E-17     0.38100E-17    -0.13385E-16
     0.10556E+01    -0.14715E-17    -0.65239E-17    -0.12614E-16
     0.11009E+01    -0.11505E-17    -0.16093E-16    -0.11368E-16
     0.11577E+01    -0.61958E-18    -0.26997E-16    -0.99537E-17
     0.12030E+01    -0.10743E-18    -0.35244E-16    -0.93437E-17
     0.12598E+01     0.57727E-18    -0.45637E-16    -0.94165E-17
     0.13051E+01     0.12398E-17    -0.54050E-16    -0.10148E-16
     0.13505E+01     0.20189E-17    -0.62145E-16    -0.11265E-16
     0.14072E+01     0.32069E-17    -0.71575E-16    -0.12794E-16
     0.14526E+01     0.43593E-17    -0.78613E-16    -0.13862E-16
     0.15093E+01     0.60390E-17    -0.86996E-16    -0.14947E-16
     0.15546E+01     0.75672E-17    -0.93730E-16    -0.15872E-16
     0.16113E+01     0.97065E-17    -0.10252E-15    -0.17477E-16
     0.16567E+01     0.11616E-16    -0.11007E-15    -0.19261E-16
     0.17020E+01     0.13716E-16    -0.11828E-15    -0.21514E-16
     0.17587E+01     0.16640E-16    -0.12977E-15    -0.24857E-16
     0.18041E+01     0.19249E-16    -0.14025E-15    -0.27829E-16
     0.18608E+01     0.22887E-16    -0.15538E-15    -0.31861E-16
     0.19061E+01     0.26142E-16    -0.16947E-15    -0.35432E-16
     0.19515E+01     0.29755E-16    -0.18569E-15    -0.39510E-16
     0.20082E+01     0.34871E-16    -0.20963E-15    -0.45619E-16
     0.20535E+01     0.39535E-16    -0.23228E-15    -0.51492E-16
     0.21102E+01     0.46212E-16    -0.26593E-15    -0.60211E-16
     0.21555E+01     0.52344E-16    -0.29794E-15    -0.68350E-16
     0.22009E+01     0.59299E-16    -0.33538E-15    -0.77604E-16
     0.22575E+01     0.69346E-16    -0.39130E-15    -0.90979E-16
     0.23029E+01     0.78661E-16    -0.44472E-15    -0.10346E-15
     0.23595E+01     0.92218E-16    -0.52458E-15    -0.12192E-15
     0.24049E+01     0.10488E-15    -0.60090E-15    -0.13956E-15
     0.24502E+01     0.11948E-15    -0.69042E-15    -0.16035E-15
     0.25069E+01     0.14097E-15    -0.82458E-15    -0.19160E-15
     0.25522E+01     0.16127E-15    -0.95331E-15    -0.22158E-15
     0.26089E+01     0.19136E-15    -0.11469E-14    -0.26643E-15
     0.26542E+01     0.21993E-15    -0.13332E-14    -0.30930E-15
     0.27108E+01     0.26248E-15    -0.16140E-14    -0.37346E-15
     0.27562E+01     0.30306E-15    -0.18849E-14    -0.43499E-15
     0.28015E+01     0.35061E-15    -0.22053E-14    -0.50750E-15
     0.28582E+01     0.42182E-15    -0.26896E-14    -0.61686E-15
     0.29035E+01     0.49012E-15    -0.31582E-14    -0.72251E-15
     0.29601E+01     0.59282E-15    -0.38682E-14    -0.88242E-15
     0.30055E+01     0.69167E-15    -0.45565E-14    -0.10373E-14
     0.30508E+01     0.80842E-15    -0.53742E-14    -0.12211E-14
     0.31074E+01     0.98480E-15    -0.66173E-14    -0.15002E-14
     0.31528E+01     0.11553E-14    -0.78260E-14    -0.17713E-14
     0.32094E+01     0.14137E-14    -0.96669E-14    -0.21838E-14
     0.32547E+01     0.16641E-14    -0.11460E-13    -0.25853E-14
     0.33000E+01     0.19615E-14    -0.13598E-13    -0.30638E-14
     0.33567E+01     0.24134E-14    -0.16861E-13    -0.37934E-14
     0.34020E+01     0.28528E-14    -0.20046E-13    -0.45050E-14
     0.34587E+01     0.35217E-14    -0.24911E-13    -0.55916E-14
     0.35040E+01     0.41731E-14    -0.29663E-13    -0.66525E-14
     0.35606E+01     0.51663E-14    -0.36932E-13    -0.82746E-14
     0.36059E+01     0.61349E-14    -0.44039E-13    -0.98600E-14
     0.36513E+01     0.72912E-14    -0.52542E-13    -0.11756E-13
     0.37079E+01     0.90576E-14    -0.65560E-13    -0.14659E-13
     0.37532E+01     0.10783E-13    -0.78302E-13    -0.17499E-13
     0.38099E+01     0.13421E-13    -0.97821E-13    -0.21849E-13
     0.38552E+01     0.16000E-13    -0.11693E-12    -0.26108E-13
     0.39005E+01     0.19086E-13    -0.13983E-12    -0.31210E-13
     0.39572E+01     0.23810E-13    -0.17493E-12    -0.39030E-13
     0.40025E+01     0.28432E-13    -0.20932E-12    -0.46690E-13
     0.40591E+01     0.35513E-13    -0.26206E-12    -0.58436E-13
     0.41044E+01     0.42447E-13    -0.31375E-12    -0.69947E-13
     0.41611E+01     0.53072E-13    -0.39304E-12    -0.87601E-13
     0.42064E+01     0.63479E-13    -0.47076E-12    -0.10491E-12
     0.42517E+01     0.75949E-13    -0.56394E-12    -0.12565E-12
     0.43084E+01     0.95069E-13    -0.70690E-12    -0.15747E-12
     0.43537E+01     0.11381E-12    -0.84707E-12    -0.18867E-12
     0.44103E+01     0.14254E-12    -0.10621E-11    -0.23654E-12
     0.44557E+01     0.17070E-12    -0.12730E-11    -0.28348E-12
     0.45010E+01     0.20447E-12    -0.15259E-11    -0.33976E-12
     0.45576E+01     0.25626E-12    -0.19140E-11    -0.42612E-12
     0.46029E+01     0.30704E-12    -0.22946E-11    -0.51080E-12
     0.46596E+01     0.38494E-12    -0.28786E-11    -0.64075E-12
     0.47049E+01     0.46132E-12    -0.34513E-11    -0.76819E-12
     0.47502E+01     0.55290E-12    -0.41381E-11    -0.92100E-12
     0.48069E+01     0.69342E-12    -0.51921E-11    -0.11555E-11
     0.48522E+01     0.83121E-12    -0.62257E-11    -0.13855E-11
     0.49088E+01     0.10426E-11    -0.78119E-11    -0.17384E-11
     0.49542E+01     0.12500E-11    -0.93675E-11    -0.20845E-11
     0.50108E+01     0.15681E-11    -0.11755E-10    -0.26156E-11
     0.50561E+01     0.18801E-11    -0.14096E-10    -0.31364E-11
     0.51015E+01     0.22542E-11    -0.16903E-10    -0.37609E-11
     0.51581E+01     0.28283E-11    -0.21212E-10    -0.47194E-11
     0.52034E+01     0.33913E-11    -0.25437E-10    -0.56593E-11
     0.52601E+01     0.42553E-11    -0.31921E-10    -0.71018E-11
     0.53054E+01     0.51025E-11    -0.38279E-10    -0.85163E-11
     0.53507E+01     0.61185E-11    -0.45904E-10    -0.10213E-10
     0.54074E+01     0.76777E-11    -0.57606E-10    -0.12816E-10
     0.54527E+01     0.92067E-11    -0.69081E-10    -0.15368E-10
     0.55094E+01     0.11553E-10    -0.86691E-10    -0.19286E-10
     0.55547E+01     0.13854E-10    -0.10396E-09    -0.23127E-10
     0.56000E+01     0.16613E-10    -0.12467E-09    -0.27734E-10
     0.56567E+01     0.20848E-10    -0.15645E-09    -0.34803E-10
     0.57020E+01     0.25000E-10    -0.18761E-09    -0.41735E-10
     0.57587E+01     0.31372E-10    -0.23543E-09    -0.52374E-10
     0.58040E+01     0.37621E-10    -0.28233E-09    -0.62806E-10
     0.58607E+01     0.47211E-10    -0.35430E-09    -0.78815E-10
     0.59060E+01     0.56615E-10    -0.42487E-09    -0.94514E-10
     0.59513E+01     0.67891E-10    -0.50949E-09    -0.11334E-09
     0.60080E+01     0.85197E-10    -0.63936E-09    -0.14223E-09
     0.60533E+01     0.10217E-09    -0.76671E-09    -0.17056E-09
     0.61100E+01     0.12821E-09    -0.96213E-09    -0.21403E-09
     0.61553E+01     0.15374E-09    -0.11537E-08    -0.25665E-09
     0.62006E+01     0.18436E-09    -0.13835E-08    -0.30776E-09
     0.62573E+01     0.23134E-09    -0.17360E-08    -0.38619E-09
     0.63026E+01     0.27740E-09    -0.20817E-08    -0.46306E-09
     0.63592E+01     0.34805E-09    -0.26117E-08    -0.58097E-09
     0.64045E+01     0.41725E-09    -0.31309E-08    -0.69647E-09
     0.64611E+01     0.52331E-09    -0.39267E-08    -0.87349E-09
     0.65063E+01     0.62717E-09    -0.47059E-08    -0.10468E-08
     0.65514E+01     0.75155E-09    -0.56391E-08    -0.12544E-08
     0.66078E+01     0.94209E-09    -0.70685E-08    -0.15724E-08
     0.66529E+01     0.11286E-08    -0.84678E-08    -0.18836E-08
     0.67093E+01     0.14143E-08    -0.10611E-07    -0.23603E-08
     0.67543E+01     0.16939E-08    -0.12708E-07    -0.28268E-08
     0.68106E+01     0.21220E-08    -0.15919E-07    -0.35411E-08
     0.68556E+01     0.25409E-08    -0.19061E-07    -0.42400E-08
     0.69006E+01     0.30422E-08    -0.22821E-07    -0.50762E-08
     0.69568E+01     0.38096E-08    -0.28576E-07    -0.63562E-08
     0.70017E+01     0.45603E-08    -0.34204E-07    -0.76081E-08
     0.70579E+01     0.57091E-08    -0.42818E-07    -0.95240E-08
     0.71028E+01     0.68327E-08    -0.51242E-07    -0.11398E-07
     0.71589E+01     0.85522E-08    -0.64131E-07    -0.14264E-07
     0.72038E+01     0.10234E-07    -0.76735E-07    -0.17068E-07
     0.72599E+01     0.12807E-07    -0.96020E-07    -0.21357E-07
     0.73047E+01     0.15323E-07    -0.11488E-06    -0.25550E-07
     0.73608E+01     0.19173E-07    -0.14372E-06    -0.31966E-07
     0.74057E+01     0.22938E-07    -0.17193E-06    -0.38238E-07
     0.74505E+01     0.27441E-07    -0.20566E-06    -0.45739E-07
     0.75066E+01     0.34332E-07    -0.25727E-06    -0.57216E-07
     0.75515E+01     0.41070E-07    -0.30772E-06    -0.68436E-07
     0.76076E+01     0.51381E-07    -0.38492E-06    -0.85603E-07
     0.76525E+01     0.61466E-07    -0.46041E-06    -0.10239E-06
     0.77086E+01     0.76900E-07    -0.57592E-06    -0.12807E-06
     0.77536E+01     0.91995E-07    -0.68887E-06    -0.15319E-06
     0.78098E+01     0.11510E-06    -0.86172E-06    -0.19162E-06
     0.78548E+01     0.13771E-06    -0.10308E-05    -0.22921E-06
     0.79110E+01     0.17232E-06    -0.12896E-05    -0.28674E-06
     0.79561E+01     0.20618E-06    -0.15427E-05    -0.34303E-06
     0.80012E+01     0.24672E-06    -0.18457E-05    -0.41038E-06
     0.80576E+01     0.30882E-06    -0.23097E-05    -0.51352E-06
     0.81028E+01     0.36961E-06    -0.27638E-05    -0.61447E-06
     0.81593E+01     0.46276E-06    -0.34594E-05    -0.76910E-06
     0.82046E+01     0.55399E-06    -0.41405E-05    -0.92049E-06
     0.82613E+01     0.69384E-06    -0.51843E-05    -0.11525E-05
     0.83066E+01     0.83078E-06    -0.62060E-05    -0.13796E-05
     0.83520E+01     0.99468E-06    -0.74286E-05    -0.16513E-05
     0.84087E+01     0.12456E-05    -0.92998E-05    -0.20672E-05
     0.84541E+01     0.14911E-05    -0.11130E-04    -0.24739E-05
     0.85108E+01     0.18668E-05    -0.13930E-04    -0.30963E-05
     0.85562E+01     0.22343E-05    -0.16668E-04    -0.37048E-05
     0.86016E+01     0.26740E-05    -0.19943E-04    -0.44326E-05
     0.86567E+01     0.33258E-05    -0.24798E-04    -0.55113E-05
     0.87075E+01     0.40663E-05    -0.30312E-04    -0.67364E-05
     0.87598E+01     0.49992E-05    -0.37253E-04    -0.82792E-05
     0.88002E+01     0.58635E-05    -0.43686E-04    -0.97085E-05
     0.88534E+01     0.72358E-05    -0.53889E-04    -0.11977E-04
     0.89101E+01     0.90520E-05    -0.67392E-04    -0.14979E-04
     0.89548E+01     0.10796E-04    -0.80363E-04    -0.17862E-04
     0.90078E+01     0.13305E-04    -0.99002E-04    -0.22007E-04
     0.90578E+01     0.16204E-04    -0.12056E-03    -0.26798E-04
     0.91006E+01     0.19188E-04    -0.14273E-03    -0.31728E-04
     0.91584E+01     0.24092E-04    -0.17913E-03    -0.39830E-04
     0.92053E+01     0.28980E-04    -0.21549E-03    -0.47910E-04
     0.92587E+01     0.35766E-04    -0.26584E-03    -0.59125E-04
     0.93100E+01     0.43787E-04    -0.32534E-03    -0.72385E-04
     0.93609E+01     0.53502E-04    -0.39743E-03    -0.88455E-04
     0.94025E+01     0.63036E-04    -0.46821E-03    -0.10423E-03
     0.94531E+01     0.76934E-04    -0.57132E-03    -0.12725E-03
     0.95061E+01     0.94823E-04    -0.70394E-03    -0.15690E-03
     0.95511E+01     0.11325E-03    -0.84059E-03    -0.18748E-03
     0.96074E+01     0.14143E-03    -0.10494E-02    -0.23428E-03
     0.96573E+01     0.17220E-03    -0.12777E-02    -0.28552E-03
     0.97064E+01     0.20916E-03    -0.15514E-02    -0.34714E-03
     0.97503E+01     0.24878E-03    -0.18448E-02    -0.41337E-03
     0.98070E+01     0.31154E-03    -0.23093E-02    -0.51856E-03
     0.98524E+01     0.37308E-03    -0.27645E-02    -0.62208E-03
     0.99065E+01     0.46262E-03    -0.34263E-02    -0.77333E-03
     0.99519E+01     0.55446E-03    -0.41041E-02    -0.92924E-03
     0.10009E+02     0.69579E-03    -0.51460E-02    -0.11707E-02
     0.10054E+02     0.83495E-03    -0.61700E-02    -0.14103E-02
     0.10111E+02     0.10498E-02    -0.77471E-02    -0.17838E-02
     0.10156E+02     0.12620E-02    -0.93014E-02    -0.21573E-02
     0.10202E+02     0.15189E-02    -0.11177E-01    -0.26153E-02
     0.10258E+02     0.19186E-02    -0.14083E-01    -0.33420E-02
     0.10303E+02     0.23097E-02    -0.16914E-01    -0.40709E-02
     0.10359E+02     0.29263E-02    -0.21348E-01    -0.52603E-02
     0.10405E+02     0.35575E-02    -0.25856E-01    -0.65365E-02
     0.10461E+02     0.45726E-02    -0.33042E-01    -0.87284E-02
     0.10507E+02     0.56331E-02    -0.40496E-01    -0.11227E-01
     0.10552E+02     0.69962E-02    -0.50261E-01    -0.14834E-01
     0.10609E+02     0.93170E-02    -0.67117E-01    -0.23674E-01
     0.10654E+02     0.12583E-01    -0.81128E-01    -0.48782E-01
     0.10711E+02     0.28535E-01    -0.68264E-01    -0.15812E+00
     0.10757E+02     0.54161E-01    -0.61508E-02    -0.31806E+00
     0.10802E+02     0.77637E-01    -0.27519E-02    -0.19662E+00
     0.10859E+02     0.91869E-01    -0.75741E-02     0.16298E-01
     0.10904E+02     0.88845E-01    -0.12006E-01     0.48664E-01
     0.10961E+02     0.78486E-01    -0.13617E-01     0.57806E-01
     0.11006E+02     0.73113E-01    -0.83444E-02     0.52029E-01
     0.11052E+02     0.68470E-01     0.29828E-02     0.48723E-01
     0.11109E+02     0.63397E-01     0.18925E-01     0.40988E-01
     0.11154E+02     0.59548E-01     0.31038E-01     0.37211E-01
     0.11211E+02     0.55009E-01     0.44752E-01     0.35308E-01
     0.11256E+02     0.51391E-01     0.56955E-01     0.34358E-01
     0.11302E+02     0.47643E-01     0.70333E-01     0.33722E-01
     0.11359E+02     0.42905E-01     0.88694E-01     0.31352E-01
     0.11404E+02     0.39303E-01     0.10042E+00     0.30392E-01
     0.11461E+02     0.35392E-01     0.11386E+00     0.30064E-01
     0.11506E+02     0.32782E-01     0.12467E+00     0.30656E-01
     0.11552E+02     0.30600E-01     0.13647E+00     0.31991E-01
     0.11609E+02     0.28246E-01     0.15447E+00     0.33990E-01
     0.11654E+02     0.26557E-01     0.17103E+00     0.35266E-01
     0.11711E+02     0.24514E-01     0.19377E+00     0.35893E-01
     0.11756E+02     0.22926E-01     0.21337E+00     0.35574E-01
     0.11802E+02     0.21491E-01     0.23443E+00     0.34660E-01
     0.11859E+02     0.20088E-01     0.26453E+00     0.33577E-01
     0.11904E+02     0.19442E-01     0.29301E+00     0.32758E-01
     0.11961E+02     0.19178E-01     0.33392E+00     0.31718E-01
     0.12006E+02     0.18804E-01     0.36700E+00     0.30307E-01
     0.12051E+02     0.17920E-01     0.39702E+00     0.27751E-01
     0.12108E+02     0.16326E-01     0.42558E+00     0.23290E-01
     0.12154E+02     0.14522E-01     0.43092E+00     0.17160E-01
     0.12210E+02     0.84558E-02     0.40268E+00     0.86109E-03
     0.12256E+02     0.26241E-02     0.35573E+00    -0.22425E-01
     0.12301E+02    -0.22416E-02     0.30207E+00    -0.48496E-01
     0.12358E+02    -0.67264E-02     0.23552E+00    -0.72903E-01
     0.12404E+02    -0.95354E-02     0.18933E+00    -0.82815E-01
     0.12460E+02    -0.11750E-01     0.14208E+00    -0.86337E-01
     0.12506E+02    -0.12780E-01     0.11367E+00    -0.84098E-01
     0.12551E+02    -0.13373E-01     0.92352E-01    -0.76167E-01
     0.12608E+02    -0.13659E-01     0.73911E-01    -0.61749E-01
     0.12654E+02    -0.13625E-01     0.64034E-01    -0.50451E-01
     0.12711E+02    -0.13300E-01     0.55895E-01    -0.39732E-01
     0.12756E+02    -0.12925E-01     0.51616E-01    -0.35779E-01
     0.12802E+02    -0.12514E-01     0.49650E-01    -0.35843E-01
     0.12858E+02    -0.11967E-01     0.49241E-01    -0.40475E-01
     0.12904E+02    -0.11723E-01     0.48543E-01    -0.45869E-01
     0.12961E+02    -0.11678E-01     0.47478E-01    -0.51342E-01
     0.13006E+02    -0.11723E-01     0.47440E-01    -0.53699E-01
     0.13052E+02    -0.11822E-01     0.48555E-01    -0.53327E-01
     0.13109E+02    -0.11798E-01     0.51441E-01    -0.48185E-01
     0.13154E+02    -0.11656E-01     0.54851E-01    -0.42717E-01
     0.13211E+02    -0.11025E-01     0.60173E-01    -0.35622E-01
     0.13257E+02    -0.10157E-01     0.65332E-01    -0.31387E-01
     0.13302E+02    -0.90799E-02     0.71001E-01    -0.29419E-01
     0.13359E+02    -0.76532E-02     0.76856E-01    -0.30536E-01
     0.13404E+02    -0.65861E-02     0.79490E-01    -0.33522E-01
     0.13461E+02    -0.55534E-02     0.80125E-01    -0.38480E-01
     0.13507E+02    -0.49464E-02     0.79312E-01    -0.42360E-01
     0.13552E+02    -0.44667E-02     0.78076E-01    -0.45381E-01
     0.13609E+02    -0.38594E-02     0.76653E-01    -0.46304E-01
     0.13655E+02    -0.32637E-02     0.75842E-01    -0.44197E-01
     0.13701E+02    -0.25723E-02     0.75668E-01    -0.40430E-01
     0.13758E+02    -0.16789E-02     0.76601E-01    -0.34167E-01
     0.13804E+02    -0.98744E-03     0.77953E-01    -0.28945E-01
     0.13862E+02    -0.21144E-03     0.80002E-01    -0.23773E-01
     0.13908E+02     0.32442E-03     0.81773E-01    -0.21854E-01
     0.13954E+02     0.78796E-03     0.83527E-01    -0.22182E-01
     0.14001E+02     0.11831E-02     0.85218E-01    -0.24183E-01
     0.14060E+02     0.15472E-02     0.87335E-01    -0.28532E-01
     0.14106E+02     0.17441E-02     0.89087E-01    -0.32199E-01
     0.14153E+02     0.19470E-02     0.91004E-01    -0.35268E-01
     0.14212E+02     0.23305E-02     0.93679E-01    -0.37695E-01
     0.14259E+02     0.27781E-02     0.96186E-01    -0.38461E-01
     0.14305E+02     0.33142E-02     0.99055E-01    -0.38066E-01
     0.14352E+02     0.38694E-02     0.10216E+00    -0.36465E-01
     0.14411E+02     0.44806E-02     0.10582E+00    -0.32883E-01
     0.14458E+02     0.48140E-02     0.10826E+00    -0.29294E-01
     0.14505E+02     0.49515E-02     0.11009E+00    -0.25723E-01
     0.14551E+02     0.49022E-02     0.11147E+00    -0.22768E-01
     0.14609E+02     0.47210E-02     0.11308E+00    -0.20619E-01
     0.14655E+02     0.46313E-02     0.11441E+00    -0.20526E-01
     0.14700E+02     0.45910E-02     0.11573E+00    -0.21159E-01
     0.14757E+02     0.45182E-02     0.11724E+00    -0.21963E-01
     0.14803E+02     0.44300E-02     0.11823E+00    -0.22207E-01
     0.14860E+02     0.42502E-02     0.11960E+00    -0.21818E-01
     0.14906E+02     0.40676E-02     0.12131E+00    -0.21209E-01
     0.14951E+02     0.38962E-02     0.12361E+00    -0.20823E-01
     0.15008E+02     0.37274E-02     0.12681E+00    -0.20790E-01
     0.15054E+02     0.35698E-02     0.12929E+00    -0.21164E-01
     0.15111E+02     0.33128E-02     0.13196E+00    -0.22373E-01
     0.15156E+02     0.30921E-02     0.13363E+00    -0.24406E-01
     0.15202E+02     0.28595E-02     0.13485E+00    -0.27255E-01
     0.15259E+02     0.25889E-02     0.13566E+00    -0.31296E-01
     0.15305E+02     0.23883E-02     0.13564E+00    -0.34317E-01
     0.15350E+02     0.21871E-02     0.13485E+00    -0.36814E-01
     0.15407E+02     0.17686E-02     0.13279E+00    -0.38821E-01
     0.15453E+02     0.13393E-02     0.13027E+00    -0.39280E-01
     0.15510E+02     0.73117E-03     0.12629E+00    -0.39203E-01
     0.15555E+02     0.21117E-03     0.12265E+00    -0.39056E-01
     0.15601E+02    -0.30132E-03     0.11884E+00    -0.39190E-01
     0.15658E+02    -0.81154E-03     0.11396E+00    -0.39490E-01
     0.15703E+02    -0.10774E-02     0.11013E+00    -0.39693E-01
     0.15760E+02    -0.12640E-02     0.10575E+00    -0.39937E-01
     0.15806E+02    -0.13112E-02     0.10257E+00    -0.40093E-01
     0.15851E+02    -0.12987E-02     0.99531E-01    -0.40120E-01
     0.15908E+02    -0.13036E-02     0.95672E-01    -0.39853E-01
     0.15954E+02    -0.13399E-02     0.92456E-01    -0.39633E-01
     0.16011E+02    -0.14020E-02     0.88370E-01    -0.39572E-01
     0.16056E+02    -0.14460E-02     0.85235E-01    -0.39726E-01
     0.16102E+02    -0.14701E-02     0.82395E-01    -0.40007E-01
     0.16159E+02    -0.14529E-02     0.79512E-01    -0.40377E-01
     0.16204E+02    -0.14017E-02     0.77719E-01    -0.40536E-01
     0.16261E+02    -0.13210E-02     0.75980E-01    -0.40303E-01
     0.16307E+02    -0.12690E-02     0.74835E-01    -0.39749E-01
     0.16353E+02    -0.12439E-02     0.73739E-01    -0.38983E-01
     0.16410E+02    -0.12319E-02     0.72348E-01    -0.37898E-01
     0.16455E+02    -0.12247E-02     0.71203E-01    -0.37057E-01
     0.16501E+02    -0.11696E-02     0.70039E-01    -0.36062E-01
     0.16558E+02    -0.10054E-02     0.68618E-01    -0.34315E-01
     0.16604E+02    -0.81741E-03     0.67532E-01    -0.32496E-01
     0.16661E+02    -0.57726E-03     0.66324E-01    -0.29835E-01
     0.16707E+02    -0.40447E-03     0.65736E-01    -0.27439E-01
     0.16752E+02    -0.23321E-03     0.65740E-01    -0.24825E-01
     0.16809E+02     0.12524E-04     0.66999E-01    -0.21399E-01
     0.16855E+02     0.25168E-03     0.69227E-01    -0.18735E-01
     0.16901E+02     0.51053E-03     0.72331E-01    -0.16600E-01
     0.16958E+02     0.79026E-03     0.76685E-01    -0.15962E-01
     0.17004E+02     0.99667E-03     0.80240E-01    -0.17632E-01
     0.17061E+02     0.12283E-02     0.84328E-01    -0.22392E-01
     0.17107E+02     0.13582E-02     0.86903E-01    -0.27339E-01
     0.17153E+02     0.14215E-02     0.88402E-01    -0.32289E-01
     0.17210E+02     0.12752E-02     0.87739E-01    -0.37434E-01
     0.17256E+02     0.10218E-02     0.85773E-01    -0.40186E-01
     0.17302E+02     0.65593E-03     0.82429E-01    -0.41380E-01
     0.17359E+02     0.99262E-04     0.77192E-01    -0.41011E-01
     0.17405E+02    -0.33761E-03     0.72749E-01    -0.40109E-01
     0.17451E+02    -0.65008E-03     0.68688E-01    -0.39071E-01
     0.17508E+02    -0.83633E-03     0.64517E-01    -0.37492E-01
     0.17554E+02    -0.86849E-03     0.61786E-01    -0.35983E-01
     0.17611E+02    -0.81717E-03     0.58654E-01    -0.33789E-01
     0.17657E+02    -0.73770E-03     0.56439E-01    -0.31933E-01
     0.17703E+02    -0.63428E-03     0.54749E-01    -0.30128E-01
     0.17760E+02    -0.47390E-03     0.53462E-01    -0.28359E-01
     0.17806E+02    -0.35042E-03     0.53185E-01    -0.27715E-01
     0.17851E+02    -0.23554E-03     0.53487E-01    -0.27825E-01
     0.17908E+02    -0.82377E-04     0.54451E-01    -0.28591E-01
     0.17954E+02     0.61769E-04     0.55465E-01    -0.29505E-01
     0.18011E+02     0.29025E-03     0.57119E-01    -0.30999E-01
     0.18057E+02     0.53432E-03     0.58952E-01    -0.32258E-01
     0.18102E+02     0.84707E-03     0.61221E-01    -0.33392E-01
     0.18159E+02     0.12991E-02     0.64289E-01    -0.34312E-01
     0.18205E+02     0.16422E-02     0.66413E-01    -0.34413E-01
     0.18251E+02     0.18729E-02     0.67791E-01    -0.33390E-01
     0.18308E+02     0.19535E-02     0.67794E-01    -0.29558E-01
     0.18353E+02     0.18409E-02     0.66267E-01    -0.25095E-01
     0.18410E+02     0.14990E-02     0.62326E-01    -0.19298E-01
     0.18456E+02     0.12318E-02     0.58205E-01    -0.15472E-01
     0.18501E+02     0.11962E-02     0.54306E-01    -0.13236E-01
     0.18558E+02     0.14884E-02     0.50334E-01    -0.11803E-01
     0.18603E+02     0.19522E-02     0.48059E-01    -0.10984E-01
     0.18660E+02     0.26876E-02     0.45388E-01    -0.93787E-02
     0.18706E+02     0.32654E-02     0.42407E-01    -0.76431E-02
     0.18751E+02     0.37813E-02     0.38056E-01    -0.59626E-02
     0.18808E+02     0.44437E-02     0.30664E-01    -0.50878E-02
     0.18854E+02     0.50884E-02     0.23216E-01    -0.56103E-02
     0.18910E+02     0.60868E-02     0.11538E-01    -0.74478E-02
     0.18956E+02     0.70642E-02     0.13714E-03    -0.93133E-02
     0.19001E+02     0.82761E-02    -0.12969E-01    -0.10904E-01
     0.19058E+02     0.10013E-01    -0.31954E-01    -0.12478E-01
     0.19103E+02     0.11718E-01    -0.49057E-01    -0.13539E-01
     0.19159E+02     0.14418E-01    -0.72426E-01    -0.14456E-01
     0.19205E+02     0.17049E-01    -0.92486E-01    -0.15178E-01
     0.19261E+02     0.21010E-01    -0.11952E+00    -0.16465E-01
     0.19306E+02     0.24775E-01    -0.14296E+00    -0.17164E-01
     0.19351E+02     0.29030E-01    -0.16814E+00    -0.17132E-01
     0.19408E+02     0.34910E-01    -0.20158E+00    -0.16160E-01
     0.19453E+02     0.39879E-01    -0.22907E+00    -0.15102E-01
     0.19509E+02     0.46197E-01    -0.26270E+00    -0.13960E-01
     0.19555E+02     0.50920E-01    -0.28857E+00    -0.12578E-01
     0.19611E+02     0.56448E-01    -0.31397E+00    -0.12366E-01
     0.19656E+02     0.60367E-01    -0.32518E+00    -0.12112E-01
     0.19701E+02     0.63718E-01    -0.32770E+00    -0.11966E-01
     0.19758E+02     0.66837E-01    -0.31988E+00    -0.10170E-01
     0.19803E+02     0.68426E-01    -0.30574E+00    -0.82210E-02
     0.19860E+02     0.69404E-01    -0.28114E+00    -0.57438E-02
     0.19905E+02     0.69446E-01    -0.25653E+00    -0.29795E-02
     0.19951E+02     0.68781E-01    -0.22787E+00    -0.54931E-03
     0.20007E+02     0.67289E-01    -0.18784E+00     0.19482E-02
     0.20053E+02     0.65814E-01    -0.15237E+00     0.39876E-02
     0.20109E+02     0.63844E-01    -0.10417E+00     0.64573E-02
     0.20155E+02     0.62061E-01    -0.63605E-01     0.83197E-02
     0.20200E+02     0.59956E-01    -0.22915E-01     0.94311E-02
     0.20257E+02     0.56868E-01     0.25926E-01     0.10488E-01
     0.20302E+02     0.54247E-01     0.63454E-01     0.10637E-01
     0.20359E+02     0.50973E-01     0.11013E+00     0.94305E-02
     0.20404E+02     0.48464E-01     0.14847E+00     0.85311E-02
     0.20460E+02     0.45493E-01     0.19839E+00     0.82963E-02
     0.20506E+02     0.43212E-01     0.23754E+00     0.95226E-02
     0.20551E+02     0.40813E-01     0.27621E+00     0.10970E-01
     0.20607E+02     0.37634E-01     0.32393E+00     0.11751E-01
     0.20652E+02     0.35087E-01     0.36187E+00     0.10876E-01
     0.20709E+02     0.32037E-01     0.40979E+00     0.83841E-02
     0.20754E+02     0.29620E-01     0.44770E+00     0.57041E-02
     0.20810E+02     0.26648E-01     0.49576E+00     0.32010E-02
     0.20855E+02     0.24198E-01     0.53428E+00     0.17005E-02
     0.20911E+02     0.21081E-01     0.58389E+00    -0.15045E-03
     0.20956E+02     0.18572E-01     0.62556E+00    -0.15368E-02
     0.21001E+02     0.15714E-01     0.66726E+00    -0.24617E-02
     0.21057E+02     0.11459E-01     0.71813E+00    -0.23732E-02
     0.21102E+02     0.75478E-02     0.76183E+00     0.18130E-03
     0.21158E+02     0.17552E-02     0.82048E+00     0.82785E-02
     0.21203E+02    -0.37641E-02     0.87819E+00     0.17921E-01
     0.21259E+02    -0.14169E-01     0.97682E+00     0.25681E-01
     0.21304E+02    -0.26490E-01     0.10950E+01     0.23984E-01
     0.21360E+02    -0.42974E-01     0.13078E+01     0.29827E-03
     0.21405E+02    -0.50652E-01     0.15042E+01    -0.11938E-01
     0.21450E+02    -0.53316E-01     0.12601E+01     0.13456E-02
     0.21506E+02    -0.55088E-01     0.99997E+00     0.14542E-01
     0.21551E+02    -0.55749E-01     0.87778E+00     0.13325E-01
     0.21608E+02    -0.56320E-01     0.74495E+00     0.96534E-02
     0.21653E+02    -0.56506E-01     0.62539E+00     0.41644E-02
     0.21709E+02    -0.54755E-01     0.30717E-02     0.15547E-02
     0.21754E+02    -0.43838E-01    -0.45068E+00     0.15164E-01
     0.21809E+02    -0.28497E-01    -0.50421E+00     0.28662E-01
     0.21854E+02    -0.23635E-01    -0.48412E+00     0.33105E-01
     0.21910E+02    -0.21863E-01    -0.41904E+00     0.32521E-01
     0.21955E+02    -0.21150E-01    -0.35943E+00     0.27505E-01
     0.22000E+02    -0.20441E-01    -0.31001E+00     0.22220E-01
     0.22057E+02    -0.18795E-01    -0.26503E+00     0.15852E-01
     0.22102E+02    -0.16744E-01    -0.23639E+00     0.11043E-01
     0.22158E+02    -0.13966E-01    -0.20056E+00     0.68874E-02
     0.22204E+02    -0.11691E-01    -0.17008E+00     0.43441E-02
     0.22260E+02    -0.93157E-02    -0.12929E+00     0.15778E-02
     0.22306E+02    -0.78363E-02    -0.95488E-01    -0.11838E-02
     0.22351E+02    -0.65664E-02    -0.60873E-01    -0.52808E-02
     0.22408E+02    -0.49355E-02    -0.18699E-01    -0.12119E-01
     0.22453E+02    -0.37345E-02     0.10049E-01    -0.16995E-01
     0.22510E+02    -0.28279E-02     0.37564E-01    -0.20468E-01
     0.22556E+02    -0.24330E-02     0.52906E-01    -0.20997E-01
     0.22601E+02    -0.20362E-02     0.64921E-01    -0.21444E-01
     0.22658E+02    -0.14256E-02     0.80701E-01    -0.23202E-01
     0.22704E+02    -0.48072E-03     0.95965E-01    -0.25438E-01
     0.22761E+02     0.94000E-03     0.11799E+00    -0.29484E-01
     0.22807E+02     0.15469E-02     0.13562E+00    -0.29234E-01
     0.22859E+02     0.12735E-02     0.15096E+00    -0.24050E-01
     0.22903E+02     0.37107E-03     0.15893E+00    -0.15262E-01
     0.22958E+02    -0.11419E-02     0.16611E+00    -0.24742E-02
     0.23004E+02    -0.26571E-02     0.17029E+00     0.73974E-02
     0.23061E+02    -0.46504E-02     0.17332E+00     0.16906E-01
     0.23107E+02    -0.59612E-02     0.17512E+00     0.22361E-01
     0.23152E+02    -0.69622E-02     0.17636E+00     0.27645E-01
     0.23209E+02    -0.76813E-02     0.17534E+00     0.34673E-01
     0.23255E+02    -0.81173E-02     0.16983E+00     0.41130E-01
     0.23301E+02    -0.85326E-02     0.15971E+00     0.48650E-01
     0.23358E+02    -0.89349E-02     0.14130E+00     0.57154E-01
     0.23404E+02    -0.91566E-02     0.12364E+00     0.62237E-01
     0.23461E+02    -0.93318E-02     0.99714E-01     0.66665E-01
     0.23507E+02    -0.94110E-02     0.80700E-01     0.68666E-01
     0.23553E+02    -0.94694E-02     0.62964E-01     0.69588E-01
     0.23610E+02    -0.94699E-02     0.43891E-01     0.69240E-01
     0.23656E+02    -0.93893E-02     0.31777E-01     0.67972E-01
     0.23702E+02    -0.92257E-02     0.22217E-01     0.66537E-01
     0.23760E+02    -0.89414E-02     0.13898E-01     0.64065E-01
     0.23805E+02    -0.86462E-02     0.98973E-02     0.60883E-01
     0.23850E+02    -0.82415E-02     0.85046E-02     0.55963E-01
     0.23908E+02    -0.76501E-02     0.10167E-01     0.47403E-01
     0.23954E+02    -0.72033E-02     0.14316E-01     0.39571E-01
     0.24010E+02    -0.67382E-02     0.21025E-01     0.30428E-01
     0.24056E+02    -0.65462E-02     0.26561E-01     0.24406E-01
     0.24100E+02    -0.65389E-02     0.31576E-01     0.20060E-01
     0.24157E+02    -0.67425E-02     0.37057E-01     0.16390E-01
     0.24211E+02    -0.70115E-02     0.41056E-01     0.13774E-01
     0.24257E+02    -0.71771E-02     0.44633E-01     0.11028E-01
     0.24303E+02    -0.72739E-02     0.49696E-01     0.64385E-02
     0.24360E+02    -0.71806E-02     0.59408E-01    -0.23109E-02
     0.24406E+02    -0.68977E-02     0.69920E-01    -0.11413E-01
     0.24452E+02    -0.64848E-02     0.81488E-01    -0.20852E-01
     0.24509E+02    -0.61926E-02     0.95288E-01    -0.31049E-01
     0.24555E+02    -0.62235E-02     0.10565E+00    -0.37099E-01
     0.24601E+02    -0.63639E-02     0.11590E+00    -0.41025E-01
     0.24658E+02    -0.64735E-02     0.12908E+00    -0.44631E-01
     0.24704E+02    -0.64223E-02     0.13949E+00    -0.47209E-01
     0.24761E+02    -0.62410E-02     0.15097E+00    -0.50170E-01
     0.24807E+02    -0.61236E-02     0.15836E+00    -0.53280E-01
     0.24853E+02    -0.60392E-02     0.16348E+00    -0.57804E-01
     0.24911E+02    -0.61010E-02     0.16593E+00    -0.65228E-01
     0.24957E+02    -0.63936E-02     0.16539E+00    -0.72988E-01
     0.25002E+02    -0.69693E-02     0.16260E+00    -0.82464E-01
