     0.11273E-01     0.71648E-11     0.49269E-10     0.74193E-13
     0.56772E-01     0.88853E-11     0.57783E-10     0.40336E-13
     0.10226E+00     0.10924E-10     0.68324E-10     0.42683E-13
     0.15908E+00     0.14201E-10     0.84737E-10     0.66106E-13
     0.20451E+00     0.17359E-10     0.10091E-09     0.99058E-13
     0.26127E+00     0.22053E-10     0.12572E-09     0.14381E-12
     0.30666E+00     0.26559E-10     0.15005E-09     0.17668E-12
     0.35204E+00     0.31908E-10     0.17929E-09     0.20853E-12
     0.40877E+00     0.40085E-10     0.22432E-09     0.25445E-12
     0.45415E+00     0.48104E-10     0.26864E-09     0.30354E-12
     0.51088E+00     0.60412E-10     0.33687E-09     0.38779E-12
     0.55626E+00     0.72468E-10     0.40393E-09     0.47364E-12
     0.60166E+00     0.86902E-10     0.48445E-09     0.57498E-12
     0.65840E+00     0.10902E-09     0.60813E-09     0.72444E-12
     0.70379E+00     0.13071E-09     0.72948E-09     0.86670E-12
     0.76053E+00     0.16401E-09     0.91580E-09     0.10826E-11
     0.80593E+00     0.19671E-09     0.10986E-08     0.12947E-11
     0.85132E+00     0.23595E-09     0.13178E-08     0.15503E-11
     0.90806E+00     0.29619E-09     0.16543E-08     0.19447E-11
     0.95344E+00     0.35526E-09     0.19844E-08     0.23322E-11
     0.10102E+01     0.44591E-09     0.24910E-08     0.29263E-11
     0.10556E+01     0.53481E-09     0.29879E-08     0.35071E-11
     0.11009E+01     0.64144E-09     0.35838E-08     0.42020E-11
     0.11577E+01     0.80513E-09     0.44985E-08     0.52665E-11
     0.12030E+01     0.96569E-09     0.53956E-08     0.63116E-11
     0.12598E+01     0.12121E-08     0.67725E-08     0.79196E-11
     0.13051E+01     0.14538E-08     0.81229E-08     0.94993E-11
     0.13505E+01     0.17437E-08     0.97425E-08     0.11392E-10
     0.14072E+01     0.21885E-08     0.12228E-07     0.14294E-10
     0.14526E+01     0.26248E-08     0.14666E-07     0.17136E-10
     0.15093E+01     0.32945E-08     0.18408E-07     0.21501E-10
     0.15546E+01     0.39512E-08     0.22077E-07     0.25784E-10
     0.16113E+01     0.49591E-08     0.27709E-07     0.32360E-10
     0.16567E+01     0.59476E-08     0.33232E-07     0.38808E-10
     0.17020E+01     0.71330E-08     0.39855E-07     0.46539E-10
     0.17587E+01     0.89522E-08     0.50020E-07     0.58403E-10
     0.18041E+01     0.10736E-07     0.59989E-07     0.70033E-10
     0.18608E+01     0.13474E-07     0.75287E-07     0.87891E-10
     0.19061E+01     0.16160E-07     0.90290E-07     0.10541E-09
     0.19515E+01     0.19379E-07     0.10828E-06     0.12640E-09
     0.20082E+01     0.24321E-07     0.13589E-06     0.15864E-09
     0.20535E+01     0.29167E-07     0.16296E-06     0.19026E-09
     0.21102E+01     0.36603E-07     0.20451E-06     0.23877E-09
     0.21555E+01     0.43895E-07     0.24525E-06     0.28633E-09
     0.22009E+01     0.52640E-07     0.29411E-06     0.34335E-09
     0.22575E+01     0.66058E-07     0.36908E-06     0.43089E-09
     0.23029E+01     0.79216E-07     0.44259E-06     0.51671E-09
     0.23595E+01     0.99407E-07     0.55538E-06     0.64842E-09
     0.24049E+01     0.11920E-06     0.66598E-06     0.77759E-09
     0.24502E+01     0.14294E-06     0.79858E-06     0.93244E-09
     0.25069E+01     0.17936E-06     0.10020E-05     0.11701E-08
     0.25522E+01     0.21507E-06     0.12015E-05     0.14031E-08
     0.26089E+01     0.26986E-06     0.15075E-05     0.17606E-08
     0.26542E+01     0.32358E-06     0.18076E-05     0.21111E-08
     0.27108E+01     0.40599E-06     0.22678E-05     0.26489E-08
     0.27562E+01     0.48677E-06     0.27189E-05     0.31762E-08
     0.28015E+01     0.58361E-06     0.32597E-05     0.38083E-08
     0.28582E+01     0.73215E-06     0.40891E-05     0.47781E-08
     0.29035E+01     0.87775E-06     0.49020E-05     0.57285E-08
     0.29601E+01     0.11011E-05     0.61486E-05     0.71865E-08
     0.30055E+01     0.13199E-05     0.73701E-05     0.86156E-08
     0.30508E+01     0.15822E-05     0.88339E-05     0.10329E-07
     0.31074E+01     0.19843E-05     0.11078E-04     0.12957E-07
     0.31528E+01     0.23783E-05     0.13276E-04     0.15531E-07
     0.32094E+01     0.29823E-05     0.16646E-04     0.19479E-07
     0.32547E+01     0.35740E-05     0.19946E-04     0.23348E-07
     0.33000E+01     0.42827E-05     0.23899E-04     0.27982E-07
     0.33567E+01     0.53689E-05     0.29955E-04     0.35087E-07
     0.34020E+01     0.64324E-05     0.35884E-04     0.42046E-07
     0.34587E+01     0.80619E-05     0.44967E-04     0.52714E-07
     0.35040E+01     0.96570E-05     0.53855E-04     0.63164E-07
     0.35606E+01     0.12100E-04     0.67466E-04     0.79171E-07
     0.36059E+01     0.14491E-04     0.80782E-04     0.94840E-07
     0.36513E+01     0.17352E-04     0.96716E-04     0.11361E-06
     0.37079E+01     0.21733E-04     0.12110E-03     0.14235E-06
     0.37532E+01     0.26018E-04     0.14495E-03     0.17048E-06
     0.38099E+01     0.32574E-04     0.18143E-03     0.21355E-06
     0.38552E+01     0.38985E-04     0.21708E-03     0.25570E-06
     0.39005E+01     0.46652E-04     0.25971E-03     0.30611E-06
     0.39572E+01     0.58377E-04     0.32489E-03     0.38326E-06
     0.40025E+01     0.69836E-04     0.38856E-03     0.45872E-06
     0.40591E+01     0.87353E-04     0.48586E-03     0.57414E-06
     0.41044E+01     0.10447E-03     0.58088E-03     0.68699E-06
     0.41611E+01     0.13061E-03     0.72601E-03     0.85954E-06
     0.42064E+01     0.15615E-03     0.86766E-03     0.10282E-05
     0.42517E+01     0.18664E-03     0.10368E-02     0.12297E-05
     0.43084E+01     0.23321E-03     0.12949E-02     0.15377E-05
     0.43537E+01     0.27865E-03     0.15466E-02     0.18383E-05
     0.44103E+01     0.34801E-03     0.19305E-02     0.22977E-05
     0.44557E+01     0.41566E-03     0.23047E-02     0.27460E-05
     0.45010E+01     0.49637E-03     0.27508E-02     0.32810E-05
     0.45576E+01     0.61946E-03     0.34305E-02     0.40981E-05
     0.46029E+01     0.73940E-03     0.40920E-02     0.48948E-05
     0.46596E+01     0.92219E-03     0.50988E-02     0.61099E-05
     0.47049E+01     0.11002E-02     0.60774E-02     0.72945E-05
     0.47502E+01     0.13121E-02     0.72410E-02     0.87059E-05
     0.48069E+01     0.16347E-02     0.90077E-02     0.10855E-04
     0.48522E+01     0.19482E-02     0.10720E-01     0.12948E-04
     0.49088E+01     0.24246E-02     0.13313E-01     0.16131E-04
     0.49542E+01     0.28868E-02     0.15819E-01     0.19224E-04
     0.50108E+01     0.35875E-02     0.19600E-01     0.23919E-04
     0.50561E+01     0.42655E-02     0.23237E-01     0.28473E-04
     0.51015E+01     0.50675E-02     0.27513E-01     0.33874E-04
     0.51581E+01     0.62769E-02     0.33907E-01     0.42042E-04
     0.52034E+01     0.74394E-02     0.39993E-01     0.49924E-04
     0.52601E+01     0.91813E-02     0.49002E-01     0.61801E-04
     0.53054E+01     0.10843E-01     0.57474E-01     0.73214E-04
     0.53507E+01     0.12777E-01     0.67193E-01     0.86630E-04
     0.54074E+01     0.15630E-01     0.81239E-01     0.10666E-03
     0.54527E+01     0.18297E-01     0.94073E-01     0.12574E-03
     0.55094E+01     0.22152E-01     0.11212E+00     0.15410E-03
     0.55547E+01     0.25669E-01     0.12808E+00     0.18101E-03
     0.56000E+01     0.29561E-01     0.14518E+00     0.21223E-03
     0.56567E+01     0.34892E-01     0.16766E+00     0.25813E-03
     0.57020E+01     0.39432E-01     0.18594E+00     0.30066E-03
     0.57587E+01     0.45233E-01     0.20805E+00     0.36134E-03
     0.58040E+01     0.49741E-01     0.22415E+00     0.41580E-03
     0.58607E+01     0.54793E-01     0.24079E+00     0.49010E-03
     0.59060E+01     0.58053E-01     0.25021E+00     0.55481E-03
     0.59513E+01     0.60461E-01     0.25535E+00     0.62462E-03
     0.60080E+01     0.61622E-01     0.25492E+00     0.71038E-03
     0.60533E+01     0.61487E-01     0.24900E+00     0.77950E-03
     0.61100E+01     0.59514E-01     0.23511E+00     0.86794E-03
     0.61553E+01     0.56897E-01     0.21961E+00     0.93958E-03
     0.62006E+01     0.53609E-01     0.20114E+00     0.10163E-02
     0.62573E+01     0.48947E-01     0.17533E+00     0.11025E-02
     0.63026E+01     0.45071E-01     0.15362E+00     0.11635E-02
     0.63592E+01     0.40260E-01     0.12646E+00     0.12284E-02
     0.64045E+01     0.36619E-01     0.10549E+00     0.12728E-02
     0.64611E+01     0.32449E-01     0.80911E-01     0.13256E-02
     0.65063E+01     0.29476E-01     0.62877E-01     0.13680E-02
     0.65514E+01     0.26851E-01     0.46421E-01     0.14095E-02
     0.66078E+01     0.24036E-01     0.28110E-01     0.14601E-02
     0.66529E+01     0.22116E-01     0.15224E-01     0.15022E-02
     0.67093E+01     0.20065E-01     0.11810E-02     0.15545E-02
     0.67543E+01     0.18670E-01    -0.85387E-02     0.15928E-02
     0.68106E+01     0.17216E-01    -0.19014E-01     0.16344E-02
     0.68556E+01     0.16278E-01    -0.26221E-01     0.16645E-02
     0.69006E+01     0.15515E-01    -0.32529E-01     0.16938E-02
     0.69568E+01     0.14770E-01    -0.39312E-01     0.17318E-02
     0.70017E+01     0.14291E-01    -0.43984E-01     0.17632E-02
     0.70579E+01     0.13817E-01    -0.49064E-01     0.17994E-02
     0.71028E+01     0.13494E-01    -0.52625E-01     0.18234E-02
     0.71589E+01     0.13155E-01    -0.56576E-01     0.18494E-02
     0.72038E+01     0.12941E-01    -0.59435E-01     0.18705E-02
     0.72599E+01     0.12737E-01    -0.62738E-01     0.18990E-02
     0.73047E+01     0.12617E-01    -0.65231E-01     0.19236E-02
     0.73608E+01     0.12499E-01    -0.68242E-01     0.19555E-02
     0.74057E+01     0.12413E-01    -0.70626E-01     0.19805E-02
     0.74505E+01     0.12339E-01    -0.73033E-01     0.20039E-02
     0.75066E+01     0.12275E-01    -0.76134E-01     0.20336E-02
     0.75515E+01     0.12253E-01    -0.78727E-01     0.20601E-02
     0.76076E+01     0.12264E-01    -0.82142E-01     0.20994E-02
     0.76525E+01     0.12304E-01    -0.85027E-01     0.21356E-02
     0.77086E+01     0.12385E-01    -0.88823E-01     0.21852E-02
     0.77536E+01     0.12471E-01    -0.92005E-01     0.22267E-02
     0.78098E+01     0.12594E-01    -0.96142E-01     0.22794E-02
     0.78548E+01     0.12696E-01    -0.99560E-01     0.23224E-02
     0.79110E+01     0.12822E-01    -0.10395E+00     0.23774E-02
     0.79561E+01     0.12921E-01    -0.10755E+00     0.24231E-02
     0.80012E+01     0.13024E-01    -0.11122E+00     0.24701E-02
     0.80576E+01     0.13187E-01    -0.11592E+00     0.25295E-02
     0.81028E+01     0.13372E-01    -0.11975E+00     0.25771E-02
     0.81593E+01     0.13696E-01    -0.12461E+00     0.26378E-02
     0.82046E+01     0.14022E-01    -0.12846E+00     0.26889E-02
     0.82613E+01     0.14459E-01    -0.13310E+00     0.27552E-02
     0.83066E+01     0.14776E-01    -0.13653E+00     0.28051E-02
     0.83520E+01     0.15025E-01    -0.13955E+00     0.28484E-02
     0.84087E+01     0.15217E-01    -0.14255E+00     0.28831E-02
     0.84541E+01     0.15271E-01    -0.14413E+00     0.28947E-02
     0.85108E+01     0.15166E-01    -0.14474E+00     0.28890E-02
     0.85562E+01     0.14972E-01    -0.14391E+00     0.28657E-02
     0.86016E+01     0.14595E-01    -0.14161E+00     0.28172E-02
     0.86567E+01     0.13796E-01    -0.13647E+00     0.27212E-02
     0.87075E+01     0.12770E-01    -0.12910E+00     0.26021E-02
     0.87598E+01     0.11072E-01    -0.11863E+00     0.24355E-02
     0.88002E+01     0.93521E-02    -0.10847E+00     0.22727E-02
     0.88534E+01     0.65325E-02    -0.92359E-01     0.20065E-02
     0.89101E+01     0.29107E-02    -0.72206E-01     0.16616E-02
     0.89548E+01    -0.29274E-03    -0.54651E-01     0.13555E-02
     0.90078E+01    -0.43301E-02    -0.32592E-01     0.96865E-03
     0.90578E+01    -0.82168E-02    -0.11314E-01     0.59765E-03
     0.91006E+01    -0.11481E-01     0.67155E-02     0.28072E-03
     0.91584E+01    -0.15608E-01     0.29854E-01    -0.13603E-03
     0.92053E+01    -0.18624E-01     0.47062E-01    -0.45347E-03
     0.92587E+01    -0.21608E-01     0.64354E-01    -0.79491E-03
     0.93100E+01    -0.23951E-01     0.78228E-01    -0.10933E-02
     0.93609E+01    -0.25693E-01     0.89015E-01    -0.13553E-02
     0.94025E+01    -0.26688E-01     0.95552E-01    -0.15387E-02
     0.94531E+01    -0.27302E-01     0.10067E+00    -0.17149E-02
     0.95061E+01    -0.27085E-01     0.10278E+00    -0.18215E-02
     0.95511E+01    -0.26560E-01     0.10220E+00    -0.18623E-02
     0.96074E+01    -0.25297E-01     0.98769E-01    -0.18355E-02
     0.96573E+01    -0.23744E-01     0.93642E-01    -0.17513E-02
     0.97064E+01    -0.21945E-01     0.87084E-01    -0.16215E-02
     0.97503E+01    -0.20214E-01     0.80348E-01    -0.14671E-02
     0.98070E+01    -0.17912E-01     0.70917E-01    -0.12325E-02
     0.98524E+01    -0.16102E-01     0.63220E-01    -0.10309E-02
     0.99065E+01    -0.14087E-01     0.54357E-01    -0.79166E-03
     0.99519E+01    -0.12566E-01     0.47469E-01    -0.60055E-03
     0.10009E+02    -0.10924E-01     0.39854E-01    -0.38071E-03
     0.10054E+02    -0.98962E-02     0.34657E-01    -0.22587E-03
     0.10111E+02    -0.90140E-02     0.29249E-01    -0.69475E-04
     0.10156E+02    -0.84497E-02     0.25674E-01     0.34499E-04
     0.10202E+02    -0.79284E-02     0.22627E-01     0.12086E-03
     0.10258E+02    -0.72251E-02     0.19354E-01     0.19942E-03
     0.10303E+02    -0.66386E-02     0.17099E-01     0.23778E-03
     0.10359E+02    -0.57356E-02     0.14644E-01     0.25839E-03
     0.10405E+02    -0.50983E-02     0.12989E-01     0.22585E-03
     0.10461E+02    -0.46670E-02     0.11385E-01     0.12934E-03
     0.10507E+02    -0.44772E-02     0.10452E-01     0.50331E-04
     0.10552E+02    -0.43608E-02     0.97747E-02    -0.73418E-05
     0.10609E+02    -0.42987E-02     0.91814E-02    -0.25237E-04
     0.10654E+02    -0.42660E-02     0.88157E-02     0.55155E-05
     0.10711E+02    -0.42497E-02     0.83837E-02     0.60872E-04
     0.10757E+02    -0.42468E-02     0.79842E-02     0.11315E-03
     0.10802E+02    -0.42459E-02     0.74679E-02     0.16581E-03
     0.10859E+02    -0.42187E-02     0.65904E-02     0.22052E-03
     0.10904E+02    -0.41767E-02     0.56542E-02     0.24532E-03
     0.10961E+02    -0.40601E-02     0.41418E-02     0.26769E-03
     0.11006E+02    -0.38621E-02     0.26376E-02     0.29505E-03
     0.11052E+02    -0.35572E-02     0.88467E-03     0.33390E-03
     0.11109E+02    -0.30057E-02    -0.15766E-02     0.40746E-03
     0.11154E+02    -0.24264E-02    -0.36394E-02     0.49286E-03
     0.11211E+02    -0.15674E-02    -0.60691E-02     0.62364E-03
     0.11256E+02    -0.97216E-03    -0.76549E-02     0.72247E-03
     0.11302E+02    -0.71102E-03    -0.87635E-02     0.78018E-03
     0.11359E+02    -0.63234E-03    -0.94392E-02     0.78975E-03
     0.11404E+02    -0.76676E-03    -0.94368E-02     0.76798E-03
     0.11461E+02    -0.11257E-02    -0.89312E-02     0.71413E-03
     0.11506E+02    -0.13993E-02    -0.83184E-02     0.65712E-03
     0.11552E+02    -0.15516E-02    -0.76925E-02     0.60188E-03
     0.11609E+02    -0.16173E-02    -0.70198E-02     0.54424E-03
     0.11654E+02    -0.15796E-02    -0.65708E-02     0.50507E-03
     0.11711E+02    -0.15052E-02    -0.60747E-02     0.47528E-03
     0.11756E+02    -0.14703E-02    -0.56522E-02     0.47101E-03
     0.11802E+02    -0.15203E-02    -0.51479E-02     0.47277E-03
     0.11859E+02    -0.16966E-02    -0.43650E-02     0.47491E-03
     0.11904E+02    -0.19220E-02    -0.35807E-02     0.46901E-03
     0.11961E+02    -0.23282E-02    -0.24014E-02     0.42544E-03
     0.12006E+02    -0.26820E-02    -0.13471E-02     0.35013E-03
     0.12051E+02    -0.29900E-02    -0.26110E-03     0.22918E-03
     0.12108E+02    -0.32951E-02     0.11019E-02     0.86870E-05
     0.12154E+02    -0.34618E-02     0.21706E-02    -0.21020E-03
     0.12210E+02    -0.36035E-02     0.34918E-02    -0.49004E-03
     0.12256E+02    -0.37108E-02     0.45407E-02    -0.68431E-03
     0.12301E+02    -0.38256E-02     0.55731E-02    -0.83526E-03
     0.12358E+02    -0.40339E-02     0.67988E-02    -0.94446E-03
     0.12404E+02    -0.42166E-02     0.76776E-02    -0.96718E-03
     0.12460E+02    -0.43431E-02     0.85581E-02    -0.91385E-03
     0.12506E+02    -0.43400E-02     0.90315E-02    -0.80687E-03
     0.12551E+02    -0.42730E-02     0.92801E-02    -0.63929E-03
     0.12608E+02    -0.41347E-02     0.92958E-02    -0.36871E-03
     0.12654E+02    -0.39714E-02     0.90942E-02    -0.11435E-03
     0.12711E+02    -0.37252E-02     0.86374E-02     0.22843E-03
     0.12756E+02    -0.34984E-02     0.81604E-02     0.50333E-03
     0.12802E+02    -0.32663E-02     0.76285E-02     0.75834E-03
     0.12858E+02    -0.30111E-02     0.69415E-02     0.10155E-02
     0.12904E+02    -0.28509E-02     0.64106E-02     0.11423E-02
     0.12961E+02    -0.27086E-02     0.58022E-02     0.11723E-02
     0.13006E+02    -0.26156E-02     0.53679E-02     0.10927E-02
     0.13052E+02    -0.25448E-02     0.49876E-02     0.92734E-03
     0.13109E+02    -0.24847E-02     0.46033E-02     0.62971E-03
     0.13154E+02    -0.24517E-02     0.43745E-02     0.35975E-03
     0.13211E+02    -0.24515E-02     0.41929E-02     0.49795E-04
     0.13257E+02    -0.24700E-02     0.41280E-02    -0.13332E-03
     0.13302E+02    -0.24933E-02     0.41233E-02    -0.23826E-03
     0.13359E+02    -0.25325E-02     0.41803E-02    -0.23396E-03
     0.13404E+02    -0.25557E-02     0.42506E-02    -0.12059E-03
     0.13461E+02    -0.25655E-02     0.43296E-02     0.13162E-03
     0.13507E+02    -0.25563E-02     0.43591E-02     0.38879E-03
     0.13552E+02    -0.25249E-02     0.43372E-02     0.65683E-03
     0.13609E+02    -0.24580E-02     0.42195E-02     0.95107E-03
     0.13655E+02    -0.23819E-02     0.40446E-02     0.11124E-02
     0.13701E+02    -0.22930E-02     0.37961E-02     0.11789E-02
     0.13758E+02    -0.21608E-02     0.33867E-02     0.11055E-02
     0.13804E+02    -0.20453E-02     0.29929E-02     0.91774E-03
     0.13862E+02    -0.18994E-02     0.24461E-02     0.54984E-03
     0.13908E+02    -0.17931E-02     0.19918E-02     0.18893E-03
     0.13954E+02    -0.16985E-02     0.15511E-02    -0.18248E-03
     0.14001E+02    -0.16100E-02     0.11551E-02    -0.50715E-03
     0.14060E+02    -0.15227E-02     0.77905E-03    -0.76210E-03
     0.14106E+02    -0.15404E-02     0.60703E-03    -0.79622E-03
     0.14153E+02    -0.16114E-02     0.54690E-03    -0.67666E-03
     0.14212E+02    -0.17647E-02     0.60774E-03    -0.34230E-03
     0.14259E+02    -0.19313E-02     0.72282E-03     0.22125E-04
     0.14305E+02    -0.21062E-02     0.84121E-03     0.40193E-03
     0.14352E+02    -0.22157E-02     0.90487E-03     0.72751E-03
     0.14411E+02    -0.21744E-02     0.85871E-03     0.97806E-03
     0.14458E+02    -0.20445E-02     0.74239E-03     0.10235E-02
     0.14505E+02    -0.18453E-02     0.60020E-03     0.92438E-03
     0.14551E+02    -0.15840E-02     0.48024E-03     0.71296E-03
     0.14609E+02    -0.13329E-02     0.46080E-03     0.37917E-03
     0.14655E+02    -0.13122E-02     0.60068E-03     0.12008E-03
     0.14700E+02    -0.14127E-02     0.87210E-03    -0.82062E-04
     0.14757E+02    -0.16790E-02     0.13359E-02    -0.21538E-03
     0.14803E+02    -0.19392E-02     0.17327E-02    -0.22106E-03
     0.14860E+02    -0.22451E-02     0.21537E-02    -0.13547E-03
     0.14906E+02    -0.23210E-02     0.23558E-02    -0.35253E-04
     0.14951E+02    -0.22542E-02     0.24274E-02     0.52133E-04
     0.15008E+02    -0.20242E-02     0.23709E-02     0.10858E-03
     0.15054E+02    -0.17634E-02     0.22710E-02     0.10213E-03
     0.15111E+02    -0.14190E-02     0.21670E-02     0.36264E-04
     0.15156E+02    -0.12269E-02     0.21648E-02    -0.40230E-04
     0.15202E+02    -0.11420E-02     0.22640E-02    -0.11110E-03
     0.15259E+02    -0.11523E-02     0.25235E-02    -0.17482E-03
     0.15305E+02    -0.12404E-02     0.28099E-02    -0.18648E-03
     0.15350E+02    -0.13284E-02     0.31264E-02    -0.15654E-03
     0.15407E+02    -0.14076E-02     0.35140E-02    -0.53580E-04
     0.15453E+02    -0.13992E-02     0.37899E-02     0.70793E-04
     0.15510E+02    -0.13110E-02     0.40830E-02     0.26846E-03
     0.15555E+02    -0.11966E-02     0.42883E-02     0.43641E-03
     0.15601E+02    -0.10734E-02     0.44871E-02     0.59052E-03
     0.15658E+02    -0.96434E-03     0.47441E-02     0.73394E-03
     0.15703E+02    -0.91626E-03     0.49561E-02     0.78826E-03
     0.15760E+02    -0.91051E-03     0.52157E-02     0.77284E-03
     0.15806E+02    -0.92786E-03     0.53979E-02     0.68634E-03
     0.15851E+02    -0.92818E-03     0.55350E-02     0.54122E-03
     0.15908E+02    -0.86017E-03     0.56231E-02     0.30201E-03
     0.15954E+02    -0.76441E-03     0.56356E-02     0.99526E-04
     0.16011E+02    -0.60122E-03     0.55981E-02    -0.12743E-03
     0.16056E+02    -0.47059E-03     0.55535E-02    -0.25531E-03
     0.16102E+02    -0.38208E-03     0.55131E-02    -0.31198E-03
     0.16159E+02    -0.32521E-03     0.54695E-02    -0.28719E-03
     0.16204E+02    -0.32975E-03     0.54321E-02    -0.20260E-03
     0.16261E+02    -0.40259E-03     0.53707E-02    -0.42344E-04
     0.16307E+02    -0.48903E-03     0.52830E-02     0.97007E-04
     0.16353E+02    -0.55848E-03     0.51357E-02     0.21418E-03
     0.16410E+02    -0.62293E-03     0.48548E-02     0.30837E-03
     0.16455E+02    -0.64713E-03     0.45473E-02     0.32999E-03
     0.16501E+02    -0.65322E-03     0.41743E-02     0.30483E-03
     0.16558E+02    -0.64497E-03     0.36401E-02     0.22771E-03
     0.16604E+02    -0.63422E-03     0.31812E-02     0.15341E-03
     0.16661E+02    -0.62878E-03     0.25974E-02     0.76713E-04
     0.16707E+02    -0.63676E-03     0.21366E-02     0.49576E-04
     0.16752E+02    -0.65601E-03     0.16889E-02     0.62955E-04
     0.16809E+02    -0.71794E-03     0.11482E-02     0.13348E-03
     0.16855E+02    -0.78313E-03     0.71940E-03     0.21650E-03
     0.16901E+02    -0.85466E-03     0.27823E-03     0.30531E-03
     0.16958E+02    -0.94122E-03    -0.31007E-03     0.39993E-03
     0.17004E+02    -0.98366E-03    -0.81995E-03     0.44622E-03
     0.17061E+02    -0.99469E-03    -0.15081E-02     0.45229E-03
     0.17107E+02    -0.97679E-03    -0.20883E-02     0.41094E-03
     0.17153E+02    -0.93336E-03    -0.26763E-02     0.32633E-03
     0.17210E+02    -0.83921E-03    -0.33872E-02     0.16679E-03
     0.17256E+02    -0.74436E-03    -0.39048E-02     0.13164E-04
     0.17302E+02    -0.64246E-03    -0.43530E-02    -0.14721E-03
     0.17359E+02    -0.51060E-03    -0.47927E-02    -0.33371E-03
     0.17405E+02    -0.40453E-03    -0.50393E-02    -0.45792E-03
     0.17451E+02    -0.30431E-03    -0.51948E-02    -0.55794E-03
     0.17508E+02    -0.15340E-03    -0.52870E-02    -0.65561E-03
     0.17554E+02     0.39600E-05    -0.52967E-02    -0.72215E-03
     0.17611E+02     0.26802E-03    -0.52590E-02    -0.81218E-03
     0.17657E+02     0.53492E-03    -0.52091E-02    -0.90234E-03
     0.17703E+02     0.85617E-03    -0.51565E-02    -0.10129E-02
     0.17760E+02     0.13266E-02    -0.50983E-02    -0.11841E-02
     0.17806E+02     0.17455E-02    -0.50628E-02    -0.13361E-02
     0.17851E+02     0.21946E-02    -0.50355E-02    -0.14865E-02
     0.17908E+02     0.27745E-02    -0.50015E-02    -0.16536E-02
     0.17954E+02     0.32369E-02    -0.49641E-02    -0.17488E-02
     0.18011E+02     0.37962E-02    -0.48994E-02    -0.17998E-02
     0.18057E+02     0.42207E-02    -0.48333E-02    -0.17726E-02
     0.18102E+02     0.46134E-02    -0.47572E-02    -0.16865E-02
     0.18159E+02     0.50591E-02    -0.46557E-02    -0.15137E-02
     0.18205E+02     0.53749E-02    -0.45840E-02    -0.13373E-02
     0.18251E+02     0.56522E-02    -0.45385E-02    -0.11438E-02
     0.18308E+02     0.59412E-02    -0.45438E-02    -0.89996E-03
     0.18353E+02     0.61269E-02    -0.46203E-02    -0.71585E-03
     0.18410E+02     0.62999E-02    -0.48366E-02    -0.51090E-03
     0.18456E+02     0.63980E-02    -0.51207E-02    -0.37077E-03
     0.18501E+02     0.64646E-02    -0.55097E-02    -0.24784E-03
     0.18558E+02     0.65008E-02    -0.61381E-02    -0.11277E-03
     0.18603E+02     0.64838E-02    -0.67398E-02    -0.14277E-04
     0.18660E+02     0.63844E-02    -0.75817E-02     0.10347E-03
     0.18706E+02     0.62316E-02    -0.83007E-02     0.19856E-03
     0.18751E+02     0.60117E-02    -0.90388E-02     0.29662E-03
     0.18808E+02     0.56409E-02    -0.99571E-02     0.42127E-03
     0.18854E+02     0.52767E-02    -0.10672E-01     0.51738E-03
     0.18910E+02     0.47578E-02    -0.11528E-01     0.62527E-03
     0.18956E+02     0.43118E-02    -0.12175E-01     0.69858E-03
     0.19001E+02     0.38580E-02    -0.12780E-01     0.76353E-03
     0.19058E+02     0.32935E-02    -0.13459E-01     0.84514E-03
     0.19103E+02     0.28453E-02    -0.13921E-01     0.92586E-03
     0.19159E+02     0.22834E-02    -0.14363E-01     0.10659E-02
     0.19205E+02     0.18405E-02    -0.14578E-01     0.12176E-02
     0.19261E+02     0.12890E-02    -0.14634E-01     0.14551E-02
     0.19306E+02     0.84611E-03    -0.14479E-01     0.16697E-02
     0.19351E+02     0.39650E-03    -0.14130E-01     0.18890E-02
     0.19408E+02    -0.15169E-03    -0.13414E-01     0.21437E-02
     0.19453E+02    -0.58510E-03    -0.12611E-01     0.23113E-02
     0.19509E+02    -0.11146E-02    -0.11328E-01     0.24608E-02
     0.19555E+02    -0.15230E-02    -0.10091E-01     0.25370E-02
     0.19611E+02    -0.20052E-02    -0.83175E-02     0.25924E-02
     0.19656E+02    -0.23698E-02    -0.67518E-02     0.26183E-02
     0.19701E+02    -0.27151E-02    -0.50903E-02     0.26386E-02
     0.19758E+02    -0.31055E-02    -0.29366E-02     0.26592E-02
     0.19803E+02    -0.33870E-02    -0.11993E-02     0.26680E-02
     0.19860E+02    -0.36799E-02     0.91967E-03     0.26559E-02
     0.19905E+02    -0.38480E-02     0.25168E-02     0.26187E-02
     0.19951E+02    -0.39599E-02     0.39852E-02     0.25538E-02
     0.20007E+02    -0.40217E-02     0.55916E-02     0.24293E-02
     0.20053E+02    -0.39987E-02     0.66624E-02     0.23072E-02
     0.20109E+02    -0.38758E-02     0.77113E-02     0.21525E-02
     0.20155E+02    -0.37077E-02     0.83193E-02     0.20384E-02
     0.20200E+02    -0.34947E-02     0.87369E-02     0.19492E-02
     0.20257E+02    -0.31869E-02     0.90258E-02     0.18889E-02
     0.20302E+02    -0.29386E-02     0.91000E-02     0.18805E-02
     0.20359E+02    -0.26484E-02     0.90341E-02     0.19046E-02
     0.20404E+02    -0.24385E-02     0.88719E-02     0.19327E-02
     0.20460E+02    -0.22049E-02     0.85385E-02     0.19552E-02
     0.20506E+02    -0.20285E-02     0.81714E-02     0.19500E-02
     0.20551E+02    -0.18433E-02     0.77116E-02     0.19265E-02
     0.20607E+02    -0.15726E-02     0.70068E-02     0.18928E-02
     0.20652E+02    -0.12938E-02     0.63531E-02     0.18906E-02
     0.20709E+02    -0.85820E-03     0.54708E-02     0.19702E-02
     0.20754E+02    -0.45853E-03     0.47671E-02     0.21436E-02
     0.20810E+02     0.52255E-04     0.39767E-02     0.25427E-02
     0.20855E+02     0.42525E-03     0.34752E-02     0.30162E-02
     0.20911E+02     0.81923E-03     0.30714E-02     0.37685E-02
     0.20956E+02     0.10798E-02     0.29496E-02     0.44498E-02
     0.21001E+02     0.12815E-02     0.29998E-02     0.51384E-02
     0.21057E+02     0.14758E-02     0.32549E-02     0.59295E-02
     0.21102E+02     0.16078E-02     0.35615E-02     0.64581E-02
     0.21158E+02     0.17992E-02     0.39752E-02     0.69720E-02
     0.21203E+02     0.19938E-02     0.42530E-02     0.72803E-02
     0.21259E+02     0.23254E-02     0.44278E-02     0.75927E-02
     0.21304E+02     0.27213E-02     0.43627E-02     0.78514E-02
     0.21360E+02     0.33456E-02     0.39880E-02     0.82602E-02
     0.21405E+02     0.39403E-02     0.34468E-02     0.87085E-02
     0.21450E+02     0.45776E-02     0.27128E-02     0.93086E-02
     0.21506E+02     0.53877E-02     0.15768E-02     0.10285E-01
     0.21551E+02     0.60035E-02     0.54846E-03     0.11224E-01
     0.21608E+02     0.66413E-02    -0.79030E-03     0.12532E-01
     0.21653E+02     0.69993E-02    -0.18392E-02     0.13630E-01
     0.21709E+02     0.72399E-02    -0.30614E-02     0.15002E-01
     0.21754E+02     0.72373E-02    -0.39343E-02     0.16054E-01
     0.21809E+02     0.70485E-02    -0.48775E-02     0.17261E-01
     0.21854E+02     0.67941E-02    -0.55331E-02     0.18163E-01
     0.21910E+02     0.63950E-02    -0.62047E-02     0.19166E-01
     0.21955E+02     0.60314E-02    -0.66328E-02     0.19889E-01
     0.22000E+02     0.56449E-02    -0.69482E-02     0.20533E-01
     0.22057E+02     0.51412E-02    -0.71718E-02     0.21214E-01
     0.22102E+02     0.47058E-02    -0.72048E-02     0.21668E-01
     0.22158E+02     0.41675E-02    -0.70791E-02     0.22113E-01
     0.22204E+02     0.37791E-02    -0.68742E-02     0.22383E-01
     0.22260E+02     0.33612E-02    -0.65334E-02     0.22634E-01
     0.22306E+02     0.31042E-02    -0.62510E-02     0.22792E-01
     0.22351E+02     0.29391E-02    -0.60122E-02     0.22918E-01
     0.22408E+02     0.29096E-02    -0.58657E-02     0.23043E-01
     0.22453E+02     0.30364E-02    -0.59241E-02     0.23126E-01
     0.22510E+02     0.33330E-02    -0.62179E-02     0.23217E-01
     0.22556E+02     0.36624E-02    -0.66039E-02     0.23281E-01
     0.22601E+02     0.40766E-02    -0.70763E-02     0.23332E-01
     0.22658E+02     0.46161E-02    -0.76677E-02     0.23369E-01
     0.22704E+02     0.50059E-02    -0.80291E-02     0.23325E-01
     0.22761E+02     0.53599E-02    -0.81986E-02     0.23112E-01
     0.22807E+02     0.54564E-02    -0.80357E-02     0.22782E-01
     0.22859E+02     0.53912E-02    -0.75305E-02     0.22187E-01
     0.22903E+02     0.51900E-02    -0.68518E-02     0.21518E-01
     0.22958E+02     0.47919E-02    -0.58108E-02     0.20430E-01
     0.23004E+02     0.44739E-02    -0.49274E-02     0.19342E-01
     0.23061E+02     0.42682E-02    -0.39919E-02     0.17757E-01
     0.23107E+02     0.43077E-02    -0.34959E-02     0.16338E-01
     0.23152E+02     0.45830E-02    -0.32783E-02     0.14817E-01
     0.23209E+02     0.51790E-02    -0.33658E-02     0.12807E-01
     0.23255E+02     0.57571E-02    -0.36620E-02     0.11082E-01
     0.23301E+02     0.63672E-02    -0.41139E-02     0.92480E-02
     0.23358E+02     0.70683E-02    -0.48437E-02     0.67367E-02
     0.23404E+02     0.75672E-02    -0.55461E-02     0.45179E-02
     0.23461E+02     0.82655E-02    -0.67134E-02     0.13911E-02
     0.23507E+02     0.89487E-02    -0.79734E-02    -0.14196E-02
     0.23553E+02     0.98420E-02    -0.95961E-02    -0.45220E-02
     0.23610E+02     0.11413E-01    -0.12296E-01    -0.88177E-02
     0.23656E+02     0.13138E-01    -0.15046E-01    -0.12553E-01
     0.23702E+02     0.15234E-01    -0.18285E-01    -0.16492E-01
     0.23760E+02     0.18253E-01    -0.22990E-01    -0.21621E-01
     0.23805E+02     0.20814E-01    -0.27139E-01    -0.25725E-01
     0.23850E+02     0.23539E-01    -0.31773E-01    -0.29933E-01
     0.23908E+02     0.27045E-01    -0.38071E-01    -0.35088E-01
     0.23954E+02     0.29894E-01    -0.43447E-01    -0.39021E-01
     0.24010E+02     0.33391E-01    -0.50383E-01    -0.43481E-01
     0.24056E+02     0.36152E-01    -0.56163E-01    -0.46667E-01
     0.24100E+02     0.38649E-01    -0.61747E-01    -0.49259E-01
     0.24157E+02     0.41389E-01    -0.68658E-01    -0.51638E-01
     0.24211E+02     0.43186E-01    -0.74558E-01    -0.52823E-01
     0.24257E+02     0.44084E-01    -0.78940E-01    -0.53015E-01
     0.24303E+02     0.44316E-01    -0.82580E-01    -0.52473E-01
     0.24360E+02     0.43710E-01    -0.85763E-01    -0.50806E-01
     0.24406E+02     0.42503E-01    -0.87125E-01    -0.48838E-01
     0.24452E+02     0.40620E-01    -0.87349E-01    -0.46580E-01
     0.24509E+02     0.37520E-01    -0.86011E-01    -0.43781E-01
     0.24555E+02     0.34645E-01    -0.83697E-01    -0.41901E-01
     0.24601E+02     0.31516E-01    -0.80411E-01    -0.40636E-01
     0.24658E+02     0.27485E-01    -0.75325E-01    -0.40147E-01
     0.24704E+02     0.24370E-01    -0.70883E-01    -0.40710E-01
     0.24761E+02     0.20973E-01    -0.65390E-01    -0.42511E-01
     0.24807E+02     0.18763E-01    -0.61370E-01    -0.44614E-01
     0.24853E+02     0.17065E-01    -0.57893E-01    -0.47008E-01
     0.24911E+02     0.15617E-01    -0.54433E-01    -0.49900E-01
     0.24957E+02     0.15032E-01    -0.52359E-01    -0.51724E-01
     0.25002E+02     0.14898E-01    -0.50753E-01    -0.52781E-01
