     0.11273E-01     0.14960E-16     0.92951E-16    -0.48399E-19
     0.56772E-01     0.14629E-16     0.10549E-15    -0.70730E-19
     0.10226E+00     0.14250E-16     0.11664E-15    -0.11698E-18
     0.15908E+00     0.13708E-16     0.12844E-15    -0.21473E-18
     0.20451E+00     0.13216E-16     0.13602E-15    -0.32835E-18
     0.26127E+00     0.12518E-16     0.14295E-15    -0.51725E-18
     0.30666E+00     0.11890E-16     0.14644E-15    -0.70445E-18
     0.35204E+00     0.11211E-16     0.14805E-15    -0.92010E-18
     0.40877E+00     0.10289E-16     0.14744E-15    -0.12156E-17
     0.45415E+00     0.94877E-17     0.14489E-15    -0.14431E-17
     0.51088E+00     0.84086E-17     0.13907E-15    -0.16696E-17
     0.55626E+00     0.74773E-17     0.13232E-15    -0.17959E-17
     0.60166E+00     0.64826E-17     0.12371E-15    -0.19176E-17
     0.65840E+00     0.51648E-17     0.11059E-15    -0.21870E-17
     0.70379E+00     0.40895E-17     0.98553E-16    -0.26161E-17
     0.76053E+00     0.28095E-17     0.82337E-16    -0.35779E-17
     0.80593E+00     0.19218E-17     0.69106E-16    -0.47288E-17
     0.85132E+00     0.12259E-17     0.56210E-16    -0.61188E-17
     0.90806E+00     0.68174E-18     0.41123E-16    -0.79591E-17
     0.95344E+00     0.50662E-18     0.30069E-16    -0.92377E-17
     0.10102E+01     0.54984E-18     0.17408E-16    -0.10274E-16
     0.10556E+01     0.72603E-18     0.79433E-17    -0.10572E-16
     0.11009E+01     0.97322E-18    -0.11678E-17    -0.10434E-16
     0.11577E+01     0.13472E-17    -0.12205E-16    -0.99428E-17
     0.12030E+01     0.17021E-17    -0.20795E-16    -0.96326E-17
     0.12598E+01     0.22806E-17    -0.31035E-16    -0.97775E-17
     0.13051E+01     0.29247E-17    -0.38673E-16    -0.10422E-16
     0.13505E+01     0.37429E-17    -0.46013E-16    -0.11448E-16
     0.14072E+01     0.49066E-17    -0.55124E-16    -0.13125E-16
     0.14526E+01     0.60228E-17    -0.62579E-16    -0.14520E-16
     0.15093E+01     0.76590E-17    -0.72080E-16    -0.16120E-16
     0.15546E+01     0.91551E-17    -0.79710E-16    -0.17317E-16
     0.16113E+01     0.11310E-16    -0.89348E-16    -0.18930E-16
     0.16567E+01     0.13293E-16    -0.97272E-16    -0.20521E-16
     0.17020E+01     0.15530E-16    -0.10554E-15    -0.22516E-16
     0.17587E+01     0.18704E-16    -0.11664E-15    -0.25702E-16
     0.18041E+01     0.21569E-16    -0.12652E-15    -0.28790E-16
     0.18608E+01     0.25624E-16    -0.14073E-15    -0.33223E-16
     0.19061E+01     0.29307E-16    -0.15405E-15    -0.37208E-16
     0.19515E+01     0.33434E-16    -0.16950E-15    -0.41666E-16
     0.20082E+01     0.39313E-16    -0.19235E-15    -0.48184E-16
     0.20535E+01     0.44700E-16    -0.21398E-15    -0.54422E-16
     0.21102E+01     0.52468E-16    -0.24612E-15    -0.63805E-16
     0.21555E+01     0.59660E-16    -0.27672E-15    -0.72757E-16
     0.22009E+01     0.67870E-16    -0.31253E-15    -0.83126E-16
     0.22575E+01     0.79802E-16    -0.36609E-15    -0.98326E-16
     0.23029E+01     0.90915E-16    -0.41739E-15    -0.11258E-15
     0.23595E+01     0.10717E-15    -0.49439E-15    -0.13365E-15
     0.24049E+01     0.12243E-15    -0.56835E-15    -0.15373E-15
     0.24502E+01     0.14010E-15    -0.65550E-15    -0.17732E-15
     0.25069E+01     0.16625E-15    -0.78667E-15    -0.21281E-15
     0.25522E+01     0.19106E-15    -0.91297E-15    -0.24693E-15
     0.26089E+01     0.22799E-15    -0.11034E-14    -0.29820E-15
     0.26542E+01     0.26319E-15    -0.12871E-14    -0.34739E-15
     0.27108E+01     0.31579E-15    -0.15648E-14    -0.42132E-15
     0.27562E+01     0.36611E-15    -0.18332E-14    -0.49246E-15
     0.28015E+01     0.42525E-15    -0.21513E-14    -0.57652E-15
     0.28582E+01     0.51408E-15    -0.26334E-14    -0.70369E-15
     0.29035E+01     0.59954E-15    -0.31007E-14    -0.82687E-15
     0.29601E+01     0.72839E-15    -0.38105E-14    -0.10138E-14
     0.30055E+01     0.85277E-15    -0.45000E-14    -0.11953E-14
     0.30508E+01     0.10000E-14    -0.53207E-14    -0.14112E-14
     0.31074E+01     0.12230E-14    -0.65701E-14    -0.17396E-14
     0.31528E+01     0.14391E-14    -0.77868E-14    -0.20593E-14
     0.32094E+01     0.17670E-14    -0.96420E-14    -0.25463E-14
     0.32547E+01     0.20855E-14    -0.11451E-13    -0.30208E-14
     0.33000E+01     0.24643E-14    -0.13611E-13    -0.35871E-14
     0.33567E+01     0.30410E-14    -0.16911E-13    -0.44515E-14
     0.34020E+01     0.36024E-14    -0.20134E-13    -0.52956E-14
     0.34587E+01     0.44584E-14    -0.25062E-13    -0.65857E-14
     0.35040E+01     0.52929E-14    -0.29881E-13    -0.78466E-14
     0.35606E+01     0.65670E-14    -0.37255E-13    -0.97757E-14
     0.36059E+01     0.78106E-14    -0.44470E-13    -0.11663E-13
     0.36513E+01     0.92965E-14    -0.53105E-13    -0.13921E-13
     0.37079E+01     0.11568E-13    -0.66334E-13    -0.17380E-13
     0.37532E+01     0.13789E-13    -0.79287E-13    -0.20767E-13
     0.38099E+01     0.17188E-13    -0.99138E-13    -0.25956E-13
     0.38552E+01     0.20513E-13    -0.11858E-12    -0.31040E-13
     0.39005E+01     0.24492E-13    -0.14189E-12    -0.37130E-13
     0.39572E+01     0.30587E-13    -0.17762E-12    -0.46469E-13
     0.40025E+01     0.36555E-13    -0.21263E-12    -0.55620E-13
     0.40591E+01     0.45699E-13    -0.26634E-12    -0.69655E-13
     0.41044E+01     0.54656E-13    -0.31899E-12    -0.83412E-13
     0.41611E+01     0.68388E-13    -0.39975E-12    -0.10451E-12
     0.42064E+01     0.81841E-13    -0.47893E-12    -0.12520E-12
     0.42517E+01     0.97964E-13    -0.57387E-12    -0.15000E-12
     0.43084E+01     0.12269E-12    -0.71954E-12    -0.18806E-12
     0.43537E+01     0.14693E-12    -0.86238E-12    -0.22537E-12
     0.44103E+01     0.18410E-12    -0.10816E-11    -0.28262E-12
     0.44557E+01     0.22054E-12    -0.12965E-11    -0.33876E-12
     0.45010E+01     0.26423E-12    -0.15542E-11    -0.40607E-12
     0.45576E+01     0.33125E-12    -0.19497E-11    -0.50937E-12
     0.46029E+01     0.39696E-12    -0.23376E-11    -0.61066E-12
     0.46596E+01     0.49779E-12    -0.29328E-11    -0.76610E-12
     0.47049E+01     0.59665E-12    -0.35165E-11    -0.91853E-12
     0.47502E+01     0.71519E-12    -0.42165E-11    -0.11013E-11
     0.48069E+01     0.89709E-12    -0.52908E-11    -0.13818E-11
     0.48522E+01     0.10755E-11    -0.63442E-11    -0.16569E-11
     0.49088E+01     0.13492E-11    -0.79609E-11    -0.20791E-11
     0.49542E+01     0.16175E-11    -0.95464E-11    -0.24930E-11
     0.50108E+01     0.20294E-11    -0.11979E-10    -0.31283E-11
     0.50561E+01     0.24333E-11    -0.14365E-10    -0.37513E-11
     0.51015E+01     0.29176E-11    -0.17227E-10    -0.44983E-11
     0.51581E+01     0.36608E-11    -0.21618E-10    -0.56448E-11
     0.52034E+01     0.43897E-11    -0.25924E-10    -0.67691E-11
     0.52601E+01     0.55081E-11    -0.32532E-10    -0.84944E-11
     0.53054E+01     0.66049E-11    -0.39012E-10    -0.10186E-10
     0.53507E+01     0.79202E-11    -0.46783E-10    -0.12215E-10
     0.54074E+01     0.99386E-11    -0.58708E-10    -0.15329E-10
     0.54527E+01     0.11918E-10    -0.70403E-10    -0.18382E-10
     0.55094E+01     0.14955E-10    -0.88349E-10    -0.23067E-10
     0.55547E+01     0.17934E-10    -0.10595E-09    -0.27662E-10
     0.56000E+01     0.21506E-10    -0.12705E-09    -0.33171E-10
     0.56567E+01     0.26987E-10    -0.15944E-09    -0.41627E-10
     0.57020E+01     0.32362E-10    -0.19119E-09    -0.49918E-10
     0.57587E+01     0.40611E-10    -0.23993E-09    -0.62641E-10
     0.58040E+01     0.48700E-10    -0.28772E-09    -0.75118E-10
     0.58607E+01     0.61114E-10    -0.36106E-09    -0.94264E-10
     0.59060E+01     0.73286E-10    -0.43297E-09    -0.11304E-09
     0.59513E+01     0.87883E-10    -0.51921E-09    -0.13555E-09
     0.60080E+01     0.11028E-09    -0.65154E-09    -0.17010E-09
     0.60533E+01     0.13225E-09    -0.78131E-09    -0.20398E-09
     0.61100E+01     0.16596E-09    -0.98043E-09    -0.25597E-09
     0.61553E+01     0.19901E-09    -0.11757E-08    -0.30694E-09
     0.62006E+01     0.23864E-09    -0.14098E-08    -0.36806E-09
     0.62573E+01     0.29945E-09    -0.17690E-08    -0.46183E-09
     0.63026E+01     0.35906E-09    -0.21211E-08    -0.55376E-09
     0.63592E+01     0.45049E-09    -0.26612E-08    -0.69475E-09
     0.64045E+01     0.54005E-09    -0.31902E-08    -0.83285E-09
     0.64611E+01     0.67732E-09    -0.40009E-08    -0.10445E-08
     0.65063E+01     0.81173E-09    -0.47948E-08    -0.12517E-08
     0.65514E+01     0.97268E-09    -0.57453E-08    -0.14999E-08
     0.66078E+01     0.12193E-08    -0.72015E-08    -0.18800E-08
     0.66529E+01     0.14606E-08    -0.86268E-08    -0.22521E-08
     0.67093E+01     0.18303E-08    -0.10810E-07    -0.28219E-08
     0.67543E+01     0.21920E-08    -0.12946E-07    -0.33795E-08
     0.68106E+01     0.27460E-08    -0.16216E-07    -0.42331E-08
     0.68556E+01     0.32879E-08    -0.19416E-07    -0.50683E-08
     0.69006E+01     0.39365E-08    -0.23244E-07    -0.60676E-08
     0.69568E+01     0.49291E-08    -0.29104E-07    -0.75970E-08
     0.70017E+01     0.59001E-08    -0.34835E-07    -0.90928E-08
     0.70579E+01     0.73860E-08    -0.43604E-07    -0.11382E-07
     0.71028E+01     0.88391E-08    -0.52179E-07    -0.13620E-07
     0.71589E+01     0.11063E-07    -0.65300E-07    -0.17044E-07
     0.72038E+01     0.13237E-07    -0.78127E-07    -0.20391E-07
     0.72599E+01     0.16564E-07    -0.97752E-07    -0.25513E-07
     0.73047E+01     0.19817E-07    -0.11694E-06    -0.30519E-07
     0.73608E+01     0.24794E-07    -0.14629E-06    -0.38178E-07
     0.74057E+01     0.29659E-07    -0.17498E-06    -0.45664E-07
     0.74505E+01     0.35479E-07    -0.20929E-06    -0.54616E-07
     0.75066E+01     0.44383E-07    -0.26178E-06    -0.68310E-07
     0.75515E+01     0.53089E-07    -0.31308E-06    -0.81695E-07
     0.76076E+01     0.66410E-07    -0.39157E-06    -0.10217E-06
     0.76525E+01     0.79436E-07    -0.46831E-06    -0.12219E-06
     0.77086E+01     0.99368E-07    -0.58571E-06    -0.15281E-06
     0.77536E+01     0.11886E-06    -0.70049E-06    -0.18275E-06
     0.78098E+01     0.14869E-06    -0.87611E-06    -0.22856E-06
     0.78548E+01     0.17787E-06    -0.10479E-05    -0.27335E-06
     0.79110E+01     0.22254E-06    -0.13107E-05    -0.34189E-06
     0.79561E+01     0.26624E-06    -0.15678E-05    -0.40893E-06
     0.80012E+01     0.31854E-06    -0.18754E-05    -0.48915E-06
     0.80576E+01     0.39863E-06    -0.23464E-05    -0.61194E-06
     0.81028E+01     0.47703E-06    -0.28072E-05    -0.73210E-06
     0.81593E+01     0.59714E-06    -0.35131E-05    -0.91613E-06
     0.82046E+01     0.71475E-06    -0.42041E-05    -0.10963E-05
     0.82613E+01     0.89499E-06    -0.52628E-05    -0.13722E-05
     0.83066E+01     0.10715E-05    -0.62990E-05    -0.16423E-05
     0.83520E+01     0.12826E-05    -0.75386E-05    -0.19654E-05
     0.84087E+01     0.16058E-05    -0.94356E-05    -0.24598E-05
     0.84541E+01     0.19220E-05    -0.11290E-04    -0.29432E-05
     0.85108E+01     0.24058E-05    -0.14128E-04    -0.36828E-05
     0.85562E+01     0.28790E-05    -0.16903E-04    -0.44057E-05
     0.86016E+01     0.34449E-05    -0.20220E-04    -0.52703E-05
     0.86567E+01     0.42837E-05    -0.25140E-04    -0.65513E-05
     0.87075E+01     0.52365E-05    -0.30726E-04    -0.80062E-05
     0.87598E+01     0.64366E-05    -0.37754E-04    -0.98380E-05
     0.88002E+01     0.75484E-05    -0.44269E-04    -0.11535E-04
     0.88534E+01     0.93135E-05    -0.54596E-04    -0.14228E-04
     0.89101E+01     0.11649E-04    -0.68265E-04    -0.17791E-04
     0.89548E+01     0.13892E-04    -0.81399E-04    -0.21212E-04
     0.90078E+01     0.17118E-04    -0.10026E-03    -0.26132E-04
     0.90578E+01     0.20845E-04    -0.12209E-03    -0.31818E-04
     0.91006E+01     0.24681E-04    -0.14453E-03    -0.37669E-04
     0.91584E+01     0.30985E-04    -0.18136E-03    -0.47288E-04
     0.92053E+01     0.37269E-04    -0.21821E-03    -0.56877E-04
     0.92587E+01     0.45992E-04    -0.26915E-03    -0.70193E-04
     0.93100E+01     0.56304E-04    -0.32936E-03    -0.85939E-04
     0.93609E+01     0.68794E-04    -0.40233E-03    -0.10502E-03
     0.94025E+01     0.81051E-04    -0.47402E-03    -0.12377E-03
     0.94531E+01     0.98921E-04    -0.57841E-03    -0.15111E-03
     0.95061E+01     0.12193E-03    -0.71265E-03    -0.18636E-03
     0.95511E+01     0.14563E-03    -0.85101E-03    -0.22271E-03
     0.96074E+01     0.18187E-03    -0.10625E-02    -0.27840E-03
     0.96573E+01     0.22147E-03    -0.12937E-02    -0.33936E-03
     0.97064E+01     0.26904E-03    -0.15707E-02    -0.41275E-03
     0.97503E+01     0.32004E-03    -0.18678E-02    -0.49164E-03
     0.98070E+01     0.40084E-03    -0.23380E-02    -0.61704E-03
     0.98524E+01     0.48010E-03    -0.27987E-02    -0.74053E-03
     0.99065E+01     0.59544E-03    -0.34685E-02    -0.92110E-03
     0.99519E+01     0.71379E-03    -0.41539E-02    -0.11074E-02
     0.10009E+02     0.89598E-03    -0.52070E-02    -0.13963E-02
     0.10054E+02     0.10754E-02    -0.62412E-02    -0.16834E-02
     0.10111E+02     0.13526E-02    -0.78327E-02    -0.21316E-02
     0.10156E+02     0.16266E-02    -0.93994E-02    -0.25810E-02
     0.10202E+02     0.19585E-02    -0.11288E-01    -0.31338E-02
     0.10258E+02     0.24755E-02    -0.14208E-01    -0.40149E-02
     0.10303E+02     0.29822E-02    -0.17049E-01    -0.49048E-02
     0.10359E+02     0.37828E-02    -0.21482E-01    -0.63717E-02
     0.10405E+02     0.46053E-02    -0.25972E-01    -0.79690E-02
     0.10461E+02     0.59345E-02    -0.33074E-01    -0.10775E-01
     0.10507E+02     0.73336E-02    -0.40312E-01    -0.14095E-01
     0.10552E+02     0.91695E-02    -0.49389E-01    -0.19157E-01
     0.10609E+02     0.12469E-01    -0.63697E-01    -0.30235E-01
     0.10654E+02     0.16514E-01    -0.75531E-01    -0.46961E-01
     0.10711E+02     0.25628E-01    -0.79647E-01    -0.86394E-01
     0.10757E+02     0.42135E-01    -0.54539E-01    -0.13541E+00
     0.10802E+02     0.69665E-01    -0.13408E-02    -0.17094E+00
     0.10859E+02     0.94197E-01     0.37002E-01    -0.62865E-01
     0.10904E+02     0.92224E-01     0.24496E-02     0.28908E-01
     0.10961E+02     0.78863E-01    -0.24587E-01     0.53955E-01
     0.11006E+02     0.71264E-01    -0.22169E-01     0.47980E-01
     0.11052E+02     0.65616E-01    -0.13827E-01     0.40004E-01
     0.11109E+02     0.60470E-01     0.86369E-02     0.32675E-01
     0.11154E+02     0.56787E-01     0.24314E-01     0.28246E-01
     0.11211E+02     0.51930E-01     0.46854E-01     0.23410E-01
     0.11256E+02     0.48061E-01     0.62619E-01     0.20263E-01
     0.11302E+02     0.44249E-01     0.75114E-01     0.17833E-01
     0.11359E+02     0.40492E-01     0.85198E-01     0.17034E-01
     0.11404E+02     0.37803E-01     0.90308E-01     0.18208E-01
     0.11461E+02     0.34455E-01     0.95314E-01     0.20614E-01
     0.11506E+02     0.31736E-01     0.99540E-01     0.22298E-01
     0.11552E+02     0.29089E-01     0.10484E+00     0.23544E-01
     0.11609E+02     0.26032E-01     0.11340E+00     0.23995E-01
     0.11654E+02     0.23849E-01     0.12198E+00     0.23567E-01
     0.11711E+02     0.21764E-01     0.13435E+00     0.23254E-01
     0.11756E+02     0.20404E-01     0.14535E+00     0.23621E-01
     0.11802E+02     0.19201E-01     0.15687E+00     0.24537E-01
     0.11859E+02     0.17868E-01     0.17196E+00     0.25914E-01
     0.11904E+02     0.16979E-01     0.18527E+00     0.26898E-01
     0.11961E+02     0.16276E-01     0.20568E+00     0.28161E-01
     0.12006E+02     0.16210E-01     0.22629E+00     0.29304E-01
     0.12051E+02     0.16523E-01     0.25012E+00     0.30773E-01
     0.12108E+02     0.16846E-01     0.28139E+00     0.33155E-01
     0.12154E+02     0.16483E-01     0.30229E+00     0.34562E-01
     0.12210E+02     0.14616E-01     0.31758E+00     0.35344E-01
     0.12256E+02     0.12256E-01     0.31508E+00     0.34027E-01
     0.12301E+02     0.83593E-02     0.29813E+00     0.30229E-01
     0.12358E+02     0.19961E-02     0.26234E+00     0.19659E-01
     0.12404E+02    -0.23426E-02     0.22974E+00     0.91013E-02
     0.12460E+02    -0.62606E-02     0.19297E+00    -0.21885E-02
     0.12506E+02    -0.83965E-02     0.16839E+00    -0.82684E-02
     0.12551E+02    -0.10001E-01     0.14765E+00    -0.11318E-01
     0.12608E+02    -0.11457E-01     0.12636E+00    -0.10952E-01
     0.12654E+02    -0.12297E-01     0.11306E+00    -0.75489E-02
     0.12711E+02    -0.12787E-01     0.10004E+00    -0.15090E-02
     0.12756E+02    -0.12779E-01     0.92391E-01     0.28048E-02
     0.12802E+02    -0.12547E-01     0.86679E-01     0.52064E-02
     0.12858E+02    -0.12065E-01     0.81358E-01     0.47667E-02
     0.12904E+02    -0.11780E-01     0.78248E-01     0.19688E-02
     0.12961E+02    -0.11563E-01     0.74494E-01    -0.35902E-02
     0.13006E+02    -0.11555E-01     0.71384E-01    -0.79854E-02
     0.13052E+02    -0.11670E-01     0.68256E-01    -0.10942E-01
     0.13109E+02    -0.11898E-01     0.64559E-01    -0.11604E-01
     0.13154E+02    -0.11970E-01     0.62342E-01    -0.98202E-02
     0.13211E+02    -0.11757E-01     0.61128E-01    -0.52602E-02
     0.13257E+02    -0.11240E-01     0.61205E-01    -0.10776E-02
     0.13302E+02    -0.10420E-01     0.62164E-01     0.23118E-02
     0.13359E+02    -0.90762E-02     0.64988E-01     0.35962E-02
     0.13404E+02    -0.79681E-02     0.68711E-01     0.23166E-02
     0.13461E+02    -0.66535E-02     0.73208E-01    -0.97223E-03
     0.13507E+02    -0.57639E-02     0.75640E-01    -0.38925E-02
     0.13552E+02    -0.50249E-02     0.77036E-01    -0.62065E-02
     0.13609E+02    -0.41654E-02     0.78020E-01    -0.74008E-02
     0.13655E+02    -0.35199E-02     0.78470E-01    -0.66703E-02
     0.13701E+02    -0.29032E-02     0.78798E-01    -0.45430E-02
     0.13758E+02    -0.21019E-02     0.79335E-01    -0.52139E-03
     0.13804E+02    -0.14659E-02     0.80181E-01     0.28756E-02
     0.13862E+02    -0.76617E-03     0.81579E-01     0.59801E-02
     0.13908E+02    -0.30411E-03     0.82910E-01     0.67851E-02
     0.13954E+02     0.90935E-04     0.84434E-01     0.59988E-02
     0.14001E+02     0.47292E-03     0.85951E-01     0.38634E-02
     0.14060E+02     0.86269E-03     0.87712E-01     0.17260E-03
     0.14106E+02     0.10925E-02     0.88945E-01    -0.28608E-02
     0.14153E+02     0.12913E-02     0.90227E-01    -0.53350E-02
     0.14212E+02     0.16170E-02     0.92355E-01    -0.68363E-02
     0.14259E+02     0.19613E-02     0.94600E-01    -0.66364E-02
     0.14305E+02     0.23842E-02     0.97319E-01    -0.54598E-02
     0.14352E+02     0.28889E-02     0.10038E+00    -0.37291E-02
     0.14411E+02     0.35615E-02     0.10448E+00    -0.12935E-02
     0.14458E+02     0.40158E-02     0.10781E+00     0.51188E-03
     0.14505E+02     0.43481E-02     0.11092E+00     0.20231E-02
     0.14551E+02     0.45084E-02     0.11362E+00     0.34558E-02
     0.14609E+02     0.44895E-02     0.11618E+00     0.52942E-02
     0.14655E+02     0.43694E-02     0.11790E+00     0.66310E-02
     0.14700E+02     0.42179E-02     0.11957E+00     0.76378E-02
     0.14757E+02     0.40320E-02     0.12189E+00     0.82509E-02
     0.14803E+02     0.38951E-02     0.12400E+00     0.81675E-02
     0.14860E+02     0.37677E-02     0.12657E+00     0.73354E-02
     0.14906E+02     0.36517E-02     0.12825E+00     0.61925E-02
     0.14951E+02     0.34547E-02     0.12968E+00     0.50477E-02
     0.15008E+02     0.31343E-02     0.13146E+00     0.37172E-02
     0.15054E+02     0.28891E-02     0.13302E+00     0.28006E-02
     0.15111E+02     0.26290E-02     0.13502E+00     0.17629E-02
     0.15156E+02     0.24614E-02     0.13664E+00     0.73418E-03
     0.15202E+02     0.23128E-02     0.13825E+00    -0.75279E-03
     0.15259E+02     0.21861E-02     0.14006E+00    -0.33595E-02
     0.15305E+02     0.20639E-02     0.14122E+00    -0.57516E-02
     0.15350E+02     0.18929E-02     0.14209E+00    -0.81768E-02
     0.15407E+02     0.15965E-02     0.14261E+00    -0.10749E-01
     0.15453E+02     0.13038E-02     0.14235E+00    -0.12155E-01
     0.15510E+02     0.87273E-03     0.14109E+00    -0.13041E-01
     0.15555E+02     0.46869E-03     0.13925E+00    -0.13312E-01
     0.15601E+02     0.21756E-04     0.13692E+00    -0.13417E-01
     0.15658E+02    -0.49227E-03     0.13373E+00    -0.13642E-01
     0.15703E+02    -0.81341E-03     0.13119E+00    -0.14200E-01
     0.15760E+02    -0.10776E-02     0.12821E+00    -0.15420E-01
     0.15806E+02    -0.11973E-02     0.12592E+00    -0.16606E-01
     0.15851E+02    -0.12598E-02     0.12375E+00    -0.17771E-01
     0.15908E+02    -0.12690E-02     0.12114E+00    -0.19010E-01
     0.15954E+02    -0.12611E-02     0.11893E+00    -0.19690E-01
     0.16011E+02    -0.12773E-02     0.11595E+00    -0.20077E-01
     0.16056E+02    -0.13213E-02     0.11348E+00    -0.20042E-01
     0.16102E+02    -0.13906E-02     0.11109E+00    -0.19740E-01
     0.16159E+02    -0.15031E-02     0.10850E+00    -0.19185E-01
     0.16204E+02    -0.15857E-02     0.10688E+00    -0.18801E-01
     0.16261E+02    -0.16729E-02     0.10537E+00    -0.18557E-01
     0.16307E+02    -0.16926E-02     0.10449E+00    -0.18520E-01
     0.16353E+02    -0.16456E-02     0.10371E+00    -0.18530E-01
     0.16410E+02    -0.15324E-02     0.10272E+00    -0.18527E-01
     0.16455E+02    -0.14330E-02     0.10189E+00    -0.18480E-01
     0.16501E+02    -0.13280E-02     0.10106E+00    -0.18394E-01
     0.16558E+02    -0.11639E-02     0.10003E+00    -0.18198E-01
     0.16604E+02    -0.10150E-02     0.99218E-01    -0.17869E-01
     0.16661E+02    -0.82872E-03     0.98269E-01    -0.17114E-01
     0.16707E+02    -0.69071E-03     0.97582E-01    -0.16278E-01
     0.16752E+02    -0.58224E-03     0.97028E-01    -0.15371E-01
     0.16809E+02    -0.49148E-03     0.96730E-01    -0.14265E-01
     0.16855E+02    -0.43901E-03     0.96986E-01    -0.13417E-01
     0.16901E+02    -0.37930E-03     0.97837E-01    -0.12618E-01
     0.16958E+02    -0.25340E-03     0.99769E-01    -0.11871E-01
     0.17004E+02    -0.95610E-04     0.10179E+00    -0.11799E-01
     0.17061E+02     0.11661E-03     0.10470E+00    -0.12857E-01
     0.17107E+02     0.29638E-03     0.10704E+00    -0.14660E-01
     0.17153E+02     0.46689E-03     0.10922E+00    -0.17314E-01
     0.17210E+02     0.68786E-03     0.11137E+00    -0.21517E-01
     0.17256E+02     0.85797E-03     0.11219E+00    -0.24865E-01
     0.17302E+02     0.85492E-03     0.11175E+00    -0.27404E-01
     0.17359E+02     0.62904E-03     0.10946E+00    -0.29208E-01
     0.17405E+02     0.33974E-03     0.10646E+00    -0.29582E-01
     0.17451E+02    -0.91546E-05     0.10270E+00    -0.29386E-01
     0.17508E+02    -0.41319E-03     0.97605E-01    -0.28736E-01
     0.17554E+02    -0.62552E-03     0.93821E-01    -0.28020E-01
     0.17611E+02    -0.73534E-03     0.90284E-01    -0.26842E-01
     0.17657E+02    -0.72413E-03     0.88349E-01    -0.25698E-01
     0.17703E+02    -0.69292E-03     0.87055E-01    -0.24620E-01
     0.17760E+02    -0.67117E-03     0.86059E-01    -0.23595E-01
     0.17806E+02    -0.63617E-03     0.85496E-01    -0.23088E-01
     0.17851E+02    -0.57847E-03     0.84973E-01    -0.22825E-01
     0.17908E+02    -0.46659E-03     0.84236E-01    -0.22768E-01
     0.17954E+02    -0.34407E-03     0.83569E-01    -0.22971E-01
     0.18011E+02    -0.15481E-03     0.82853E-01    -0.23512E-01
     0.18057E+02     0.29100E-04     0.82559E-01    -0.24078E-01
     0.18102E+02     0.24524E-03     0.82616E-01    -0.24637E-01
     0.18159E+02     0.57628E-03     0.83247E-01    -0.25119E-01
     0.18205E+02     0.88965E-03     0.84107E-01    -0.25216E-01
     0.18251E+02     0.12309E-02     0.85039E-01    -0.24965E-01
     0.18308E+02     0.16593E-02     0.85740E-01    -0.24018E-01
     0.18353E+02     0.19326E-02     0.85396E-01    -0.22674E-01
     0.18410E+02     0.21262E-02     0.83418E-01    -0.20541E-01
     0.18456E+02     0.21488E-02     0.80517E-01    -0.18710E-01
     0.18501E+02     0.21277E-02     0.76619E-01    -0.17021E-01
     0.18558E+02     0.22037E-02     0.70871E-01    -0.15695E-01
     0.18603E+02     0.24522E-02     0.66049E-01    -0.15386E-01
     0.18660E+02     0.30040E-02     0.60381E-01    -0.15574E-01
     0.18706E+02     0.36861E-02     0.55985E-01    -0.15999E-01
     0.18751E+02     0.45636E-02     0.51220E-01    -0.16375E-01
     0.18808E+02     0.57952E-02     0.43947E-01    -0.16669E-01
     0.18854E+02     0.68539E-02     0.36441E-01    -0.16839E-01
     0.18910E+02     0.83599E-02     0.24216E-01    -0.16965E-01
     0.18956E+02     0.97472E-02     0.12198E-01    -0.17157E-01
     0.19001E+02     0.11351E-01    -0.17868E-02    -0.17453E-01
     0.19058E+02     0.13624E-01    -0.21511E-01    -0.17827E-01
     0.19103E+02     0.15781E-01    -0.39165E-01    -0.18024E-01
     0.19159E+02     0.19013E-01    -0.64060E-01    -0.17823E-01
     0.19205E+02     0.22038E-01    -0.86380E-01    -0.17042E-01
     0.19261E+02     0.26425E-01    -0.11691E+00    -0.15453E-01
     0.19306E+02     0.30404E-01    -0.14278E+00    -0.13892E-01
     0.19351E+02     0.34780E-01    -0.16911E+00    -0.12258E-01
     0.19408E+02     0.40675E-01    -0.20141E+00    -0.99806E-02
     0.19453E+02     0.45560E-01    -0.22561E+00    -0.79594E-02
     0.19509E+02     0.51500E-01    -0.25213E+00    -0.51642E-02
     0.19555E+02     0.55822E-01    -0.26939E+00    -0.29078E-02
     0.19611E+02     0.60231E-01    -0.28534E+00     0.35638E-03
     0.19656E+02     0.62771E-01    -0.29184E+00     0.25888E-02
     0.19701E+02     0.64389E-01    -0.29239E+00     0.44288E-02
     0.19758E+02     0.65451E-01    -0.28425E+00     0.62940E-02
     0.19803E+02     0.65692E-01    -0.27116E+00     0.74497E-02
     0.19860E+02     0.65183E-01    -0.24698E+00     0.86035E-02
     0.19905E+02     0.64165E-01    -0.22221E+00     0.91351E-02
     0.19951E+02     0.62683E-01    -0.19384E+00     0.92736E-02
     0.20007E+02     0.60538E-01    -0.15537E+00     0.94474E-02
     0.20053E+02     0.58542E-01    -0.12302E+00     0.98610E-02
     0.20109E+02     0.55694E-01    -0.80629E-01     0.10645E-01
     0.20155E+02     0.53340E-01    -0.45019E-01     0.11307E-01
     0.20200E+02     0.51111E-01    -0.77211E-02     0.11746E-01
     0.20257E+02     0.48470E-01     0.38547E-01     0.12336E-01
     0.20302E+02     0.46153E-01     0.74765E-01     0.12781E-01
     0.20359E+02     0.42898E-01     0.11793E+00     0.13152E-01
     0.20404E+02     0.40177E-01     0.15092E+00     0.13187E-01
     0.20460E+02     0.37007E-01     0.19157E+00     0.13092E-01
     0.20506E+02     0.34793E-01     0.22431E+00     0.13184E-01
     0.20551E+02     0.32815E-01     0.25720E+00     0.13643E-01
     0.20607E+02     0.30370E-01     0.29724E+00     0.14449E-01
     0.20652E+02     0.28288E-01     0.32774E+00     0.14701E-01
     0.20709E+02     0.25647E-01     0.36418E+00     0.13593E-01
     0.20754E+02     0.23699E-01     0.39270E+00     0.11694E-01
     0.20810E+02     0.21609E-01     0.42811E+00     0.89811E-02
     0.20855E+02     0.20190E-01     0.45591E+00     0.72412E-02
     0.20911E+02     0.18422E-01     0.48912E+00     0.54188E-02
     0.20956E+02     0.16807E-01     0.51475E+00     0.32207E-02
     0.21001E+02     0.15313E-01     0.53971E+00     0.40536E-03
     0.21057E+02     0.13609E-01     0.56926E+00    -0.28052E-02
     0.21102E+02     0.12050E-01     0.58947E+00    -0.42772E-02
     0.21158E+02     0.97510E-02     0.60989E+00    -0.53931E-02
     0.21203E+02     0.78134E-02     0.62178E+00    -0.58118E-02
     0.21259E+02     0.54354E-02     0.63187E+00    -0.36320E-02
     0.21304E+02     0.30310E-02     0.63552E+00     0.22411E-02
     0.21360E+02    -0.24213E-02     0.62471E+00     0.10357E-01
     0.21405E+02    -0.10124E-01     0.61856E+00     0.84842E-02
     0.21450E+02    -0.21057E-01     0.55116E+00     0.50828E-02
     0.21506E+02    -0.40725E-01     0.46876E+00    -0.86374E-02
     0.21551E+02    -0.47348E-01     0.26159E+00    -0.19432E-01
     0.21608E+02    -0.45356E-01    -0.34480E-03    -0.20155E-01
     0.21653E+02    -0.39952E-01    -0.28863E+00    -0.54339E-02
     0.21709E+02    -0.34336E-01    -0.35593E+00     0.43481E-02
     0.21754E+02    -0.32881E-01    -0.37039E+00     0.15690E-01
     0.21809E+02    -0.32174E-01    -0.31891E+00     0.19775E-01
     0.21854E+02    -0.31103E-01    -0.27637E+00     0.21945E-01
     0.21910E+02    -0.27813E-01    -0.23580E+00     0.21177E-01
     0.21955E+02    -0.24962E-01    -0.21522E+00     0.19520E-01
     0.22000E+02    -0.21737E-01    -0.20007E+00     0.16824E-01
     0.22057E+02    -0.18738E-01    -0.18512E+00     0.12793E-01
     0.22102E+02    -0.17392E-01    -0.17348E+00     0.96728E-02
     0.22158E+02    -0.16677E-01    -0.15698E+00     0.58734E-02
     0.22204E+02    -0.16593E-01    -0.14122E+00     0.34388E-02
     0.22260E+02    -0.16413E-01    -0.11828E+00     0.17762E-02
     0.22306E+02    -0.15722E-01    -0.97717E-01     0.13531E-02
     0.22351E+02    -0.14401E-01    -0.75182E-01     0.14803E-02
     0.22408E+02    -0.12054E-01    -0.44147E-01     0.22459E-02
     0.22453E+02    -0.98736E-02    -0.18415E-01     0.31629E-02
     0.22510E+02    -0.72074E-02     0.13376E-01     0.46702E-02
     0.22556E+02    -0.54937E-02     0.36067E-01     0.54540E-02
     0.22601E+02    -0.43438E-02     0.55298E-01     0.57912E-02
     0.22658E+02    -0.35190E-02     0.74725E-01     0.52577E-02
     0.22704E+02    -0.33639E-02     0.88372E-01     0.34011E-02
     0.22761E+02    -0.29997E-02     0.10448E+00    -0.71059E-03
     0.22807E+02    -0.23673E-02     0.11803E+00    -0.48436E-02
     0.22859E+02    -0.13871E-02     0.13290E+00    -0.84613E-02
     0.22903E+02    -0.10419E-02     0.14231E+00    -0.88170E-02
     0.22958E+02    -0.16640E-02     0.15006E+00    -0.49559E-02
     0.23004E+02    -0.27240E-02     0.15295E+00     0.28303E-03
     0.23061E+02    -0.44184E-02     0.15282E+00     0.61708E-02
     0.23107E+02    -0.56900E-02     0.15097E+00     0.91194E-02
     0.23152E+02    -0.65898E-02     0.14879E+00     0.10529E-01
     0.23209E+02    -0.68700E-02     0.14608E+00     0.11341E-01
     0.23255E+02    -0.66961E-02     0.14363E+00     0.11765E-01
     0.23301E+02    -0.63508E-02     0.14000E+00     0.12632E-01
     0.23358E+02    -0.60049E-02     0.13267E+00     0.15366E-01
     0.23404E+02    -0.60099E-02     0.12481E+00     0.18628E-01
     0.23461E+02    -0.62967E-02     0.11286E+00     0.22745E-01
     0.23507E+02    -0.66463E-02     0.10219E+00     0.25043E-01
     0.23553E+02    -0.69117E-02     0.91304E-01     0.26329E-01
     0.23610E+02    -0.71289E-02     0.78364E-01     0.26912E-01
     0.23656E+02    -0.72776E-02     0.68786E-01     0.27234E-01
     0.23702E+02    -0.74595E-02     0.59865E-01     0.27769E-01
     0.23760E+02    -0.76954E-02     0.50140E-01     0.28795E-01
     0.23805E+02    -0.78241E-02     0.44040E-01     0.29310E-01
     0.23850E+02    -0.78726E-02     0.39474E-01     0.29171E-01
     0.23908E+02    -0.78115E-02     0.36435E-01     0.27552E-01
     0.23954E+02    -0.77014E-02     0.35955E-01     0.25170E-01
     0.24010E+02    -0.76299E-02     0.37119E-01     0.21315E-01
     0.24056E+02    -0.76249E-02     0.39255E-01     0.17640E-01
     0.24100E+02    -0.76628E-02     0.42056E-01     0.13941E-01
     0.24157E+02    -0.77712E-02     0.46397E-01     0.92698E-02
     0.24211E+02    -0.79327E-02     0.50981E-01     0.51090E-02
     0.24257E+02    -0.81100E-02     0.55210E-01     0.17323E-02
     0.24303E+02    -0.82956E-02     0.59790E-01    -0.17325E-02
     0.24360E+02    -0.85504E-02     0.66330E-01    -0.65229E-02
     0.24406E+02    -0.86913E-02     0.72556E-01    -0.10975E-01
     0.24452E+02    -0.86973E-02     0.79821E-01    -0.16259E-01
     0.24509E+02    -0.85035E-02     0.90079E-01    -0.23527E-01
     0.24555E+02    -0.82948E-02     0.98504E-01    -0.29029E-01
     0.24601E+02    -0.81558E-02     0.10633E+00    -0.33576E-01
     0.24658E+02    -0.81131E-02     0.11516E+00    -0.37542E-01
     0.24704E+02    -0.81143E-02     0.12182E+00    -0.39859E-01
     0.24761E+02    -0.79336E-02     0.12990E+00    -0.42699E-01
     0.24807E+02    -0.75602E-02     0.13605E+00    -0.45456E-01
     0.24853E+02    -0.70500E-02     0.14133E+00    -0.48620E-01
     0.24911E+02    -0.65166E-02     0.14553E+00    -0.52254E-01
     0.24957E+02    -0.64254E-02     0.14672E+00    -0.53879E-01
     0.25002E+02    -0.64993E-02     0.14638E+00    -0.55058E-01
