     0.11273E-01     0.58640E-02     0.00000E+00     0.00000E+00
     0.56772E-01     0.58640E-02     0.00000E+00     0.00000E+00
     0.10226E+00     0.58640E-02     0.00000E+00     0.00000E+00
     0.15908E+00     0.58640E-02     0.00000E+00     0.00000E+00
     0.20451E+00     0.58640E-02     0.00000E+00     0.00000E+00
     0.26127E+00     0.58640E-02     0.00000E+00     0.00000E+00
     0.30666E+00     0.58640E-02     0.00000E+00     0.00000E+00
     0.35204E+00     0.58640E-02     0.00000E+00     0.00000E+00
     0.40877E+00     0.58640E-02     0.00000E+00     0.00000E+00
     0.45415E+00     0.58640E-02     0.00000E+00     0.00000E+00
     0.51088E+00     0.58640E-02     0.00000E+00     0.00000E+00
     0.55626E+00     0.58640E-02     0.00000E+00     0.00000E+00
     0.60166E+00     0.58640E-02     0.00000E+00     0.00000E+00
     0.65840E+00     0.58640E-02     0.00000E+00     0.00000E+00
     0.70379E+00     0.58640E-02     0.00000E+00     0.00000E+00
     0.76053E+00     0.58640E-02     0.00000E+00     0.00000E+00
     0.80593E+00     0.58640E-02     0.00000E+00     0.00000E+00
     0.85132E+00     0.58640E-02     0.00000E+00     0.00000E+00
     0.90806E+00     0.58640E-02     0.00000E+00     0.00000E+00
     0.95344E+00     0.58640E-02     0.00000E+00     0.00000E+00
     0.10102E+01     0.58640E-02     0.00000E+00     0.00000E+00
     0.10556E+01     0.58640E-02     0.00000E+00     0.00000E+00
     0.11009E+01     0.58640E-02     0.00000E+00     0.00000E+00
     0.11577E+01     0.58640E-02     0.00000E+00     0.00000E+00
     0.12030E+01     0.58640E-02     0.00000E+00     0.00000E+00
     0.12598E+01     0.58640E-02     0.00000E+00     0.00000E+00
     0.13051E+01     0.58640E-02     0.00000E+00     0.00000E+00
     0.13505E+01     0.58640E-02     0.00000E+00     0.00000E+00
     0.14072E+01     0.58640E-02     0.00000E+00     0.00000E+00
     0.14526E+01     0.58640E-02     0.00000E+00     0.00000E+00
     0.15093E+01     0.58640E-02     0.00000E+00     0.00000E+00
     0.15546E+01     0.58640E-02     0.00000E+00     0.00000E+00
     0.16113E+01     0.58640E-02     0.00000E+00     0.00000E+00
     0.16567E+01     0.58640E-02     0.00000E+00     0.00000E+00
     0.17020E+01     0.58640E-02     0.00000E+00     0.00000E+00
     0.17587E+01     0.58640E-02     0.00000E+00     0.00000E+00
     0.18041E+01     0.58640E-02     0.00000E+00     0.00000E+00
     0.18608E+01     0.58640E-02     0.00000E+00     0.00000E+00
     0.19061E+01     0.58640E-02     0.00000E+00     0.00000E+00
     0.19515E+01     0.58640E-02     0.00000E+00     0.00000E+00
     0.20082E+01     0.58640E-02     0.00000E+00     0.00000E+00
     0.20535E+01     0.58640E-02     0.00000E+00     0.00000E+00
     0.21102E+01     0.58640E-02     0.00000E+00     0.00000E+00
     0.21555E+01     0.58640E-02     0.00000E+00     0.00000E+00
     0.22009E+01     0.58640E-02     0.00000E+00     0.00000E+00
     0.22575E+01     0.58640E-02     0.00000E+00     0.00000E+00
     0.23029E+01     0.58640E-02     0.00000E+00     0.00000E+00
     0.23595E+01     0.58640E-02     0.00000E+00     0.00000E+00
     0.24049E+01     0.58640E-02     0.00000E+00     0.00000E+00
     0.24502E+01     0.58640E-02     0.00000E+00     0.00000E+00
     0.25069E+01     0.58640E-02     0.00000E+00     0.00000E+00
     0.25522E+01     0.58640E-02     0.00000E+00     0.00000E+00
     0.26089E+01     0.58640E-02     0.00000E+00     0.00000E+00
     0.26542E+01     0.58640E-02     0.00000E+00     0.00000E+00
     0.27108E+01     0.58640E-02     0.00000E+00     0.00000E+00
     0.27562E+01     0.58640E-02     0.00000E+00     0.00000E+00
     0.28015E+01     0.58640E-02     0.00000E+00     0.00000E+00
     0.28582E+01     0.58640E-02     0.00000E+00     0.00000E+00
     0.29035E+01     0.58640E-02     0.00000E+00     0.00000E+00
     0.29601E+01     0.58640E-02     0.00000E+00     0.00000E+00
     0.30055E+01     0.58640E-02     0.00000E+00     0.00000E+00
     0.30508E+01     0.58640E-02     0.00000E+00     0.00000E+00
     0.31074E+01     0.58640E-02     0.00000E+00     0.00000E+00
     0.31528E+01     0.58640E-02     0.00000E+00     0.00000E+00
     0.32094E+01     0.58640E-02     0.00000E+00     0.00000E+00
     0.32547E+01     0.58640E-02     0.00000E+00     0.00000E+00
     0.33000E+01     0.58640E-02     0.00000E+00     0.00000E+00
     0.33567E+01     0.58640E-02     0.00000E+00     0.00000E+00
     0.34020E+01     0.58640E-02     0.00000E+00     0.00000E+00
     0.34587E+01     0.58640E-02     0.00000E+00     0.00000E+00
     0.35040E+01     0.58640E-02     0.00000E+00     0.00000E+00
     0.35606E+01     0.58640E-02     0.00000E+00     0.00000E+00
     0.36059E+01     0.58640E-02     0.00000E+00     0.00000E+00
     0.36513E+01     0.58640E-02     0.00000E+00     0.00000E+00
     0.37079E+01     0.58640E-02     0.00000E+00     0.00000E+00
     0.37532E+01     0.58640E-02     0.00000E+00     0.00000E+00
     0.38099E+01     0.58640E-02     0.00000E+00     0.00000E+00
     0.38552E+01     0.58640E-02     0.00000E+00     0.00000E+00
     0.39005E+01     0.58640E-02     0.00000E+00     0.00000E+00
     0.39572E+01     0.58640E-02     0.00000E+00     0.00000E+00
     0.40025E+01     0.58640E-02     0.00000E+00     0.00000E+00
     0.40591E+01     0.58640E-02     0.00000E+00     0.00000E+00
     0.41044E+01     0.58640E-02     0.00000E+00     0.00000E+00
     0.41611E+01     0.58640E-02     0.00000E+00     0.00000E+00
     0.42064E+01     0.58640E-02     0.00000E+00     0.00000E+00
     0.42517E+01     0.58640E-02     0.00000E+00     0.00000E+00
     0.43084E+01     0.58640E-02     0.00000E+00     0.00000E+00
     0.43537E+01     0.58640E-02     0.00000E+00     0.00000E+00
     0.44103E+01     0.58640E-02     0.00000E+00     0.00000E+00
     0.44557E+01     0.58640E-02     0.00000E+00     0.00000E+00
     0.45010E+01     0.58640E-02     0.00000E+00     0.00000E+00
     0.45576E+01     0.58640E-02     0.00000E+00     0.00000E+00
     0.46029E+01     0.58640E-02     0.00000E+00     0.00000E+00
     0.46596E+01     0.58640E-02     0.00000E+00     0.00000E+00
     0.47049E+01     0.58640E-02     0.00000E+00     0.00000E+00
     0.47502E+01     0.58640E-02     0.00000E+00     0.00000E+00
     0.48069E+01     0.58640E-02     0.00000E+00     0.00000E+00
     0.48522E+01     0.58640E-02     0.00000E+00     0.00000E+00
     0.49088E+01     0.58640E-02     0.00000E+00     0.00000E+00
     0.49542E+01     0.58640E-02     0.00000E+00     0.00000E+00
     0.50108E+01     0.58640E-02     0.00000E+00     0.00000E+00
     0.50561E+01     0.58640E-02     0.00000E+00     0.00000E+00
     0.51015E+01     0.58640E-02     0.00000E+00     0.00000E+00
     0.51581E+01     0.58640E-02     0.00000E+00     0.00000E+00
     0.52034E+01     0.58640E-02     0.00000E+00     0.00000E+00
     0.52601E+01     0.58640E-02     0.00000E+00     0.00000E+00
     0.53054E+01     0.58640E-02     0.00000E+00     0.00000E+00
     0.53507E+01     0.58640E-02     0.00000E+00     0.00000E+00
     0.54074E+01     0.58640E-02     0.00000E+00     0.00000E+00
     0.54527E+01     0.58640E-02     0.00000E+00     0.00000E+00
     0.55094E+01     0.58640E-02     0.00000E+00     0.00000E+00
     0.55547E+01     0.58640E-02     0.00000E+00     0.00000E+00
     0.56000E+01     0.58640E-02     0.00000E+00     0.00000E+00
     0.56567E+01     0.58640E-02     0.00000E+00     0.00000E+00
     0.57020E+01     0.58640E-02     0.00000E+00     0.00000E+00
     0.57587E+01     0.58640E-02     0.00000E+00     0.00000E+00
     0.58040E+01     0.58640E-02     0.00000E+00     0.00000E+00
     0.58607E+01     0.58640E-02     0.00000E+00     0.00000E+00
     0.59060E+01     0.58640E-02     0.00000E+00     0.00000E+00
     0.59513E+01     0.58640E-02     0.00000E+00     0.00000E+00
     0.60080E+01     0.59978E-02     0.34193E-01     0.38665E-03
     0.60533E+01     0.64033E-02     0.91030E-01     0.13277E-02
     0.61100E+01     0.75087E-02     0.14958E+00     0.30479E-02
     0.61553E+01     0.90677E-02     0.18029E+00     0.41250E-02
     0.62006E+01     0.11417E-01     0.20775E+00     0.51682E-02
     0.62573E+01     0.15940E-01     0.24036E+00     0.57818E-02
     0.63026E+01     0.20743E-01     0.26978E+00     0.53329E-02
     0.63592E+01     0.27561E-01     0.34096E+00     0.27737E-02
     0.64045E+01     0.34348E-01     0.41398E+00     0.29417E-04
     0.64611E+01     0.44580E-01     0.49777E+00    -0.38150E-02
     0.65063E+01     0.53299E-01     0.54796E+00    -0.67130E-02
     0.65514E+01     0.61697E-01     0.58231E+00    -0.81287E-02
     0.66078E+01     0.70936E-01     0.60069E+00    -0.74796E-02
     0.66529E+01     0.77087E-01     0.59978E+00    -0.48618E-02
     0.67093E+01     0.82409E-01     0.57454E+00    -0.64410E-03
     0.67543E+01     0.85171E-01     0.54168E+00     0.19854E-02
     0.68106E+01     0.87284E-01     0.49253E+00     0.36861E-02
     0.68556E+01     0.88023E-01     0.44637E+00     0.40316E-02
     0.69006E+01     0.88055E-01     0.39608E+00     0.41450E-02
     0.69568E+01     0.87635E-01     0.33058E+00     0.40714E-02
     0.70017E+01     0.86635E-01     0.27426E+00     0.46011E-02
     0.70579E+01     0.84853E-01     0.20002E+00     0.55394E-02
     0.71028E+01     0.83448E-01     0.14240E+00     0.61191E-02
     0.71589E+01     0.81639E-01     0.72493E-01     0.73504E-02
     0.72038E+01     0.79876E-01     0.15735E-01     0.88286E-02
     0.72599E+01     0.77140E-01    -0.58209E-01     0.10903E-01
     0.73047E+01     0.74655E-01    -0.11939E+00     0.12330E-01
     0.73608E+01     0.71453E-01    -0.19688E+00     0.13164E-01
     0.74057E+01     0.68919E-01    -0.25885E+00     0.13461E-01
     0.74505E+01     0.66386E-01    -0.32082E+00     0.13967E-01
     0.75066E+01     0.63129E-01    -0.39878E+00     0.15073E-01
     0.75515E+01     0.60379E-01    -0.46342E+00     0.16007E-01
     0.76076E+01     0.56663E-01    -0.54672E+00     0.16957E-01
     0.76525E+01     0.53401E-01    -0.61570E+00     0.18035E-01
     0.77086E+01     0.48889E-01    -0.70509E+00     0.19968E-01
     0.77536E+01     0.45086E-01    -0.78289E+00     0.21535E-01
     0.78098E+01     0.40095E-01    -0.89035E+00     0.23622E-01
     0.78548E+01     0.35697E-01    -0.98135E+00     0.25380E-01
     0.79110E+01     0.29714E-01    -0.10971E+01     0.26301E-01
     0.79561E+01     0.25044E-01    -0.11914E+01     0.22109E-01
     0.80012E+01     0.20896E-01    -0.12681E+01     0.96350E-02
     0.80576E+01     0.15684E-01    -0.13355E+01     0.30697E-02
     0.81028E+01     0.10830E-01    -0.13298E+01     0.15521E-02
     0.81593E+01     0.66203E-02    -0.12175E+01     0.40981E-03
     0.82046E+01     0.57123E-02    -0.99045E+00     0.36192E-03
     0.82613E+01     0.47239E-02    -0.60281E+00     0.96941E-04
     0.83066E+01     0.49140E-02     0.00000E+00     0.00000E+00
     0.83520E+01     0.49140E-02     0.00000E+00     0.00000E+00
     0.84087E+01     0.49140E-02     0.00000E+00     0.00000E+00
     0.84541E+01     0.49140E-02     0.00000E+00     0.00000E+00
     0.85108E+01     0.49140E-02     0.00000E+00     0.00000E+00
     0.85562E+01     0.49140E-02     0.00000E+00     0.00000E+00
     0.86016E+01     0.49140E-02     0.00000E+00     0.00000E+00
     0.86567E+01     0.49140E-02     0.00000E+00     0.00000E+00
     0.87075E+01     0.49140E-02     0.00000E+00     0.00000E+00
     0.87598E+01     0.49140E-02     0.00000E+00     0.00000E+00
     0.88002E+01     0.49140E-02     0.00000E+00     0.00000E+00
     0.88534E+01     0.49140E-02     0.00000E+00     0.00000E+00
     0.89101E+01     0.49140E-02     0.00000E+00     0.00000E+00
     0.89548E+01     0.49140E-02     0.00000E+00     0.00000E+00
     0.90078E+01     0.49140E-02     0.00000E+00     0.00000E+00
     0.90578E+01     0.49140E-02     0.00000E+00     0.00000E+00
     0.91006E+01     0.49140E-02     0.00000E+00     0.00000E+00
     0.91584E+01     0.49140E-02     0.00000E+00     0.00000E+00
     0.92053E+01     0.49140E-02     0.00000E+00     0.00000E+00
     0.92587E+01     0.49140E-02     0.00000E+00     0.00000E+00
     0.93100E+01     0.49140E-02     0.00000E+00     0.00000E+00
     0.93609E+01     0.49140E-02     0.00000E+00     0.00000E+00
     0.94025E+01     0.49140E-02     0.00000E+00     0.00000E+00
     0.94531E+01     0.49140E-02     0.00000E+00     0.00000E+00
     0.95061E+01     0.49140E-02     0.00000E+00     0.00000E+00
     0.95511E+01     0.49140E-02     0.00000E+00     0.00000E+00
     0.96074E+01     0.49140E-02     0.00000E+00     0.00000E+00
     0.96573E+01     0.49140E-02     0.00000E+00     0.00000E+00
     0.97064E+01     0.49140E-02     0.00000E+00     0.00000E+00
     0.97503E+01     0.49140E-02     0.00000E+00     0.00000E+00
     0.98070E+01     0.49140E-02     0.00000E+00     0.00000E+00
     0.98524E+01     0.49140E-02     0.00000E+00     0.00000E+00
     0.99065E+01     0.49140E-02     0.00000E+00     0.00000E+00
     0.99519E+01     0.49140E-02     0.00000E+00     0.00000E+00
     0.10009E+02     0.49140E-02     0.00000E+00     0.00000E+00
     0.10054E+02     0.49140E-02     0.00000E+00     0.00000E+00
     0.10111E+02     0.49140E-02     0.00000E+00     0.00000E+00
     0.10156E+02     0.49140E-02     0.00000E+00     0.00000E+00
     0.10202E+02     0.50216E-02     0.15968E-01    -0.82570E-01
     0.10258E+02     0.54875E-02     0.64152E-01    -0.33487E+00
     0.10303E+02     0.57505E-02     0.80841E-01    -0.57947E+00
     0.10359E+02     0.58629E-02     0.45744E-01    -0.58028E+00
     0.10405E+02     0.59579E-02    -0.94543E-02    -0.44457E+00
     0.10461E+02     0.61507E-02    -0.10658E+00    -0.28333E+00
     0.10507E+02     0.62425E-02    -0.22937E+00    -0.15623E+00
     0.10552E+02     0.60998E-02    -0.38854E+00    -0.58963E-01
     0.10609E+02     0.55347E-02    -0.42640E+00    -0.49193E-02
     0.10654E+02     0.49507E-02    -0.34028E+00    -0.57086E-02
     0.10711E+02     0.50050E-02     0.00000E+00     0.00000E+00
     0.10757E+02     0.50050E-02     0.00000E+00     0.00000E+00
     0.10802E+02     0.50050E-02     0.00000E+00     0.00000E+00
     0.10859E+02     0.50050E-02     0.00000E+00     0.00000E+00
     0.10904E+02     0.50050E-02     0.00000E+00     0.00000E+00
     0.10961E+02     0.50050E-02     0.00000E+00     0.00000E+00
     0.11006E+02     0.50050E-02     0.00000E+00     0.00000E+00
     0.11052E+02     0.50050E-02     0.00000E+00     0.00000E+00
     0.11109E+02     0.50050E-02     0.00000E+00     0.00000E+00
     0.11154E+02     0.50050E-02     0.00000E+00     0.00000E+00
     0.11211E+02     0.50050E-02     0.00000E+00     0.00000E+00
     0.11256E+02     0.50050E-02     0.00000E+00     0.00000E+00
     0.11302E+02     0.50050E-02     0.00000E+00     0.00000E+00
     0.11359E+02     0.50050E-02     0.00000E+00     0.00000E+00
     0.11404E+02     0.50050E-02     0.00000E+00     0.00000E+00
     0.11461E+02     0.50050E-02     0.00000E+00     0.00000E+00
     0.11506E+02     0.50050E-02     0.00000E+00     0.00000E+00
     0.11552E+02     0.50050E-02     0.00000E+00     0.00000E+00
     0.11609E+02     0.50050E-02     0.00000E+00     0.00000E+00
     0.11654E+02     0.50050E-02     0.00000E+00     0.00000E+00
     0.11711E+02     0.50050E-02     0.00000E+00     0.00000E+00
     0.11756E+02     0.50050E-02     0.00000E+00     0.00000E+00
     0.11802E+02     0.50050E-02     0.00000E+00     0.00000E+00
     0.11859E+02     0.50050E-02     0.00000E+00     0.00000E+00
     0.11904E+02     0.50050E-02     0.00000E+00     0.00000E+00
     0.11961E+02     0.50050E-02     0.00000E+00     0.00000E+00
     0.12006E+02     0.50050E-02     0.00000E+00     0.00000E+00
     0.12051E+02     0.50050E-02     0.00000E+00     0.00000E+00
     0.12108E+02     0.50050E-02     0.00000E+00     0.00000E+00
     0.12154E+02     0.50050E-02     0.00000E+00     0.00000E+00
     0.12210E+02     0.50050E-02     0.00000E+00     0.00000E+00
     0.12256E+02     0.50050E-02     0.00000E+00     0.00000E+00
     0.12301E+02     0.50050E-02     0.00000E+00     0.00000E+00
     0.12358E+02     0.50050E-02     0.00000E+00     0.00000E+00
     0.12404E+02     0.50050E-02     0.00000E+00     0.00000E+00
     0.12460E+02     0.50050E-02     0.00000E+00     0.00000E+00
     0.12506E+02     0.50050E-02     0.00000E+00     0.00000E+00
     0.12551E+02     0.50050E-02     0.00000E+00     0.00000E+00
     0.12608E+02     0.50050E-02     0.00000E+00     0.00000E+00
     0.12654E+02     0.50050E-02     0.00000E+00     0.00000E+00
     0.12711E+02     0.50050E-02     0.00000E+00     0.00000E+00
     0.12756E+02     0.50050E-02     0.00000E+00     0.00000E+00
     0.12802E+02     0.50050E-02     0.00000E+00     0.00000E+00
     0.12858E+02     0.50050E-02     0.00000E+00     0.00000E+00
     0.12904E+02     0.50050E-02     0.00000E+00     0.00000E+00
     0.12961E+02     0.50050E-02     0.00000E+00     0.00000E+00
     0.13006E+02     0.50050E-02     0.00000E+00     0.00000E+00
     0.13052E+02     0.50050E-02     0.00000E+00     0.00000E+00
     0.13109E+02     0.50050E-02     0.00000E+00     0.00000E+00
     0.13154E+02     0.50050E-02     0.00000E+00     0.00000E+00
     0.13211E+02     0.50050E-02     0.00000E+00     0.00000E+00
     0.13257E+02     0.50050E-02     0.00000E+00     0.00000E+00
     0.13302E+02     0.50050E-02     0.00000E+00     0.00000E+00
     0.13359E+02     0.50050E-02     0.00000E+00     0.00000E+00
     0.13404E+02     0.50050E-02     0.00000E+00     0.00000E+00
     0.13461E+02     0.50050E-02     0.00000E+00     0.00000E+00
     0.13507E+02     0.50050E-02     0.00000E+00     0.00000E+00
     0.13552E+02     0.50050E-02     0.00000E+00     0.00000E+00
     0.13609E+02     0.50050E-02     0.00000E+00     0.00000E+00
     0.13655E+02     0.50050E-02     0.00000E+00     0.00000E+00
     0.13701E+02     0.50050E-02     0.00000E+00     0.00000E+00
     0.13758E+02     0.50050E-02     0.00000E+00     0.00000E+00
     0.13804E+02     0.50050E-02     0.00000E+00     0.00000E+00
     0.13862E+02     0.50050E-02     0.00000E+00     0.00000E+00
     0.13908E+02     0.50050E-02     0.00000E+00     0.00000E+00
     0.13954E+02     0.50050E-02     0.00000E+00     0.00000E+00
     0.14001E+02     0.50050E-02     0.00000E+00     0.00000E+00
     0.14060E+02     0.50050E-02     0.00000E+00     0.00000E+00
     0.14106E+02     0.50050E-02     0.00000E+00     0.00000E+00
     0.14153E+02     0.50050E-02     0.00000E+00     0.00000E+00
     0.14212E+02     0.50050E-02     0.00000E+00     0.00000E+00
     0.14259E+02     0.50050E-02     0.00000E+00     0.00000E+00
     0.14305E+02     0.50050E-02     0.00000E+00     0.00000E+00
     0.14352E+02     0.50050E-02     0.00000E+00     0.00000E+00
     0.14411E+02     0.50050E-02     0.00000E+00     0.00000E+00
     0.14458E+02     0.50050E-02     0.00000E+00     0.00000E+00
     0.14505E+02     0.50050E-02     0.00000E+00     0.00000E+00
     0.14551E+02     0.50050E-02     0.00000E+00     0.00000E+00
     0.14609E+02     0.50050E-02     0.00000E+00     0.00000E+00
     0.14655E+02     0.50050E-02     0.00000E+00     0.00000E+00
     0.14700E+02     0.50050E-02     0.00000E+00     0.00000E+00
     0.14757E+02     0.50050E-02     0.00000E+00     0.00000E+00
     0.14803E+02     0.50050E-02     0.00000E+00     0.00000E+00
     0.14860E+02     0.50050E-02     0.00000E+00     0.00000E+00
     0.14906E+02     0.50050E-02     0.00000E+00     0.00000E+00
     0.14951E+02     0.50050E-02     0.00000E+00     0.00000E+00
     0.15008E+02     0.50050E-02     0.00000E+00     0.00000E+00
     0.15054E+02     0.50050E-02     0.00000E+00     0.00000E+00
     0.15111E+02     0.50050E-02     0.00000E+00     0.00000E+00
     0.15156E+02     0.50050E-02     0.00000E+00     0.00000E+00
     0.15202E+02     0.50050E-02     0.00000E+00     0.00000E+00
     0.15259E+02     0.50050E-02     0.00000E+00     0.00000E+00
     0.15305E+02     0.50050E-02     0.00000E+00     0.00000E+00
     0.15350E+02     0.50050E-02     0.00000E+00     0.00000E+00
     0.15407E+02     0.50050E-02     0.00000E+00     0.00000E+00
     0.15453E+02     0.50050E-02     0.00000E+00     0.00000E+00
     0.15510E+02     0.50050E-02     0.00000E+00     0.00000E+00
     0.15555E+02     0.50050E-02     0.00000E+00     0.00000E+00
     0.15601E+02     0.50050E-02     0.00000E+00     0.00000E+00
     0.15658E+02     0.50050E-02     0.00000E+00     0.00000E+00
     0.15703E+02     0.50050E-02     0.00000E+00     0.00000E+00
     0.15760E+02     0.50050E-02     0.00000E+00     0.00000E+00
     0.15806E+02     0.50050E-02     0.00000E+00     0.00000E+00
     0.15851E+02     0.50050E-02     0.00000E+00     0.00000E+00
     0.15908E+02     0.50050E-02     0.00000E+00     0.00000E+00
     0.15954E+02     0.50050E-02     0.00000E+00     0.00000E+00
     0.16011E+02     0.50050E-02     0.00000E+00     0.00000E+00
     0.16056E+02     0.50050E-02     0.00000E+00     0.00000E+00
     0.16102E+02     0.50050E-02     0.00000E+00     0.00000E+00
     0.16159E+02     0.50050E-02     0.00000E+00     0.00000E+00
     0.16204E+02     0.50050E-02     0.00000E+00     0.00000E+00
     0.16261E+02     0.50050E-02     0.00000E+00     0.00000E+00
     0.16307E+02     0.50050E-02     0.00000E+00     0.00000E+00
     0.16353E+02     0.50050E-02     0.00000E+00     0.00000E+00
     0.16410E+02     0.50050E-02     0.00000E+00     0.00000E+00
     0.16455E+02     0.50050E-02     0.00000E+00     0.00000E+00
     0.16501E+02     0.50050E-02     0.00000E+00     0.00000E+00
     0.16558E+02     0.50050E-02     0.00000E+00     0.00000E+00
     0.16604E+02     0.50050E-02     0.00000E+00     0.00000E+00
     0.16661E+02     0.50050E-02     0.00000E+00     0.00000E+00
     0.16707E+02     0.50050E-02     0.00000E+00     0.00000E+00
     0.16752E+02     0.50050E-02     0.00000E+00     0.00000E+00
     0.16809E+02     0.50050E-02     0.00000E+00     0.00000E+00
     0.16855E+02     0.50050E-02     0.00000E+00     0.00000E+00
     0.16901E+02     0.50050E-02     0.00000E+00     0.00000E+00
     0.16958E+02     0.50050E-02     0.00000E+00     0.00000E+00
     0.17004E+02     0.50050E-02     0.00000E+00     0.00000E+00
     0.17061E+02     0.50050E-02     0.00000E+00     0.00000E+00
     0.17107E+02     0.50050E-02     0.00000E+00     0.00000E+00
     0.17153E+02     0.50050E-02     0.00000E+00     0.00000E+00
     0.17210E+02     0.50050E-02     0.00000E+00     0.00000E+00
     0.17256E+02     0.50050E-02     0.00000E+00     0.00000E+00
     0.17302E+02     0.50050E-02     0.00000E+00     0.00000E+00
     0.17359E+02     0.50050E-02     0.00000E+00     0.00000E+00
     0.17405E+02     0.50050E-02     0.00000E+00     0.00000E+00
     0.17451E+02     0.50050E-02     0.00000E+00     0.00000E+00
     0.17508E+02     0.50050E-02     0.00000E+00     0.00000E+00
     0.17554E+02     0.50050E-02     0.00000E+00     0.00000E+00
     0.17611E+02     0.50050E-02     0.00000E+00     0.00000E+00
     0.17657E+02     0.50050E-02     0.00000E+00     0.00000E+00
     0.17703E+02     0.50050E-02     0.00000E+00     0.00000E+00
     0.17760E+02     0.50050E-02     0.00000E+00     0.00000E+00
     0.17806E+02     0.50050E-02     0.00000E+00     0.00000E+00
     0.17851E+02     0.50050E-02     0.00000E+00     0.00000E+00
     0.17908E+02     0.50050E-02     0.00000E+00     0.00000E+00
     0.17954E+02     0.50050E-02     0.00000E+00     0.00000E+00
     0.18011E+02     0.50050E-02     0.00000E+00     0.00000E+00
     0.18057E+02     0.50050E-02     0.00000E+00     0.00000E+00
     0.18102E+02     0.50050E-02     0.00000E+00     0.00000E+00
     0.18159E+02     0.50050E-02     0.00000E+00     0.00000E+00
     0.18205E+02     0.50050E-02     0.00000E+00     0.00000E+00
     0.18251E+02     0.50050E-02     0.00000E+00     0.00000E+00
     0.18308E+02     0.50232E-02    -0.31025E-01    -0.37439E-01
     0.18353E+02     0.50349E-02    -0.53101E-01    -0.76213E-01
     0.18410E+02     0.50621E-02    -0.23453E-01    -0.98713E-01
     0.18456E+02     0.51600E-02     0.14332E-01    -0.12279E+00
     0.18501E+02     0.53490E-02     0.55264E-01    -0.16458E+00
     0.18558E+02     0.57123E-02     0.11003E+00    -0.27150E+00
     0.18603E+02     0.60968E-02     0.12307E+00    -0.35691E+00
     0.18660E+02     0.66326E-02     0.11038E+00    -0.34660E+00
     0.18706E+02     0.70812E-02     0.10280E+00    -0.31376E+00
     0.18751E+02     0.75491E-02     0.95186E-01    -0.27781E+00
     0.18808E+02     0.81668E-02     0.83645E-01    -0.23631E+00
     0.18854E+02     0.86902E-02     0.71414E-01    -0.20855E+00
     0.18910E+02     0.93890E-02     0.48110E-01    -0.18029E+00
     0.18956E+02     0.99911E-02     0.24127E-01    -0.16322E+00
     0.19001E+02     0.10571E-01    -0.13977E-02    -0.15228E+00
     0.19058E+02     0.11141E-01    -0.30323E-01    -0.14332E+00
     0.19103E+02     0.11374E-01    -0.51957E-01    -0.13929E+00
     0.19159E+02     0.11230E-01    -0.69555E-01    -0.13237E+00
     0.19205E+02     0.10873E-01    -0.76854E-01    -0.12387E+00
     0.19261E+02     0.10267E-01    -0.78159E-01    -0.11508E+00
     0.19306E+02     0.97519E-02    -0.81192E-01    -0.10768E+00
     0.19351E+02     0.91909E-02    -0.94285E-01    -0.98363E-01
     0.19408E+02     0.83750E-02    -0.13628E+00    -0.82190E-01
     0.19453E+02     0.76326E-02    -0.20081E+00    -0.62445E-01
     0.19509E+02     0.66018E-02    -0.34125E+00    -0.24692E-01
     0.19555E+02     0.57382E-02    -0.47429E+00    -0.13899E-02
     0.19611E+02     0.46656E-02    -0.38799E+00    -0.87728E-04
     0.19656E+02     0.48653E-02     0.00000E+00     0.00000E+00
     0.19701E+02     0.48653E-02     0.00000E+00     0.00000E+00
     0.19758E+02     0.48653E-02     0.00000E+00     0.00000E+00
     0.19803E+02     0.48653E-02     0.00000E+00     0.00000E+00
     0.19860E+02     0.48653E-02     0.00000E+00     0.00000E+00
     0.19905E+02     0.48653E-02     0.00000E+00     0.00000E+00
     0.19951E+02     0.48653E-02     0.00000E+00     0.00000E+00
     0.20007E+02     0.48653E-02     0.00000E+00     0.00000E+00
     0.20053E+02     0.48653E-02     0.00000E+00     0.00000E+00
     0.20109E+02     0.48653E-02     0.00000E+00     0.00000E+00
     0.20155E+02     0.48653E-02     0.00000E+00     0.00000E+00
     0.20200E+02     0.48653E-02     0.00000E+00     0.00000E+00
     0.20257E+02     0.48653E-02     0.00000E+00     0.00000E+00
     0.20302E+02     0.48653E-02     0.00000E+00     0.00000E+00
     0.20359E+02     0.48653E-02     0.00000E+00     0.00000E+00
     0.20404E+02     0.48653E-02     0.00000E+00     0.00000E+00
     0.20460E+02     0.48653E-02     0.00000E+00     0.00000E+00
     0.20506E+02     0.48653E-02     0.00000E+00     0.00000E+00
     0.20551E+02     0.48653E-02     0.00000E+00     0.00000E+00
     0.20607E+02     0.48653E-02     0.00000E+00     0.00000E+00
     0.20652E+02     0.48653E-02     0.00000E+00     0.00000E+00
     0.20709E+02     0.48653E-02     0.00000E+00     0.00000E+00
     0.20754E+02     0.48653E-02     0.00000E+00     0.00000E+00
     0.20810E+02     0.48653E-02     0.00000E+00     0.00000E+00
     0.20855E+02     0.48653E-02     0.00000E+00     0.00000E+00
     0.20911E+02     0.48653E-02     0.00000E+00     0.00000E+00
     0.20956E+02     0.50565E-02     0.22737E-02    -0.13962E+00
     0.21001E+02     0.60478E-02     0.11940E+00    -0.58193E+00
     0.21057E+02     0.79811E-02     0.19875E+00    -0.44524E+00
     0.21102E+02     0.10399E-01     0.21989E+00    -0.31807E+00
     0.21158E+02     0.14497E-01     0.18875E+00    -0.16300E+00
     0.21203E+02     0.17621E-01     0.15028E+00    -0.87110E-01
     0.21259E+02     0.20119E-01     0.12070E+00    -0.25552E-01
     0.21304E+02     0.20867E-01     0.10069E+00    -0.65684E-02
     0.21360E+02     0.21120E-01     0.68937E-01     0.21216E-02
     0.21405E+02     0.21141E-01     0.39003E-01     0.61805E-02
     0.21450E+02     0.21243E-01     0.30404E-02     0.10621E-01
     0.21506E+02     0.21325E-01    -0.42477E-01     0.15845E-01
     0.21551E+02     0.21197E-01    -0.75631E-01     0.17815E-01
     0.21608E+02     0.20829E-01    -0.11415E+00     0.15625E-01
     0.21653E+02     0.20265E-01    -0.14273E+00     0.95888E-02
     0.21709E+02     0.18944E-01    -0.17268E+00    -0.38226E-02
     0.21754E+02     0.17450E-01    -0.19102E+00    -0.14976E-01
     0.21809E+02     0.15269E-01    -0.20499E+00    -0.25724E-01
     0.21854E+02     0.13363E-01    -0.20536E+00    -0.32965E-01
     0.21910E+02     0.11006E-01    -0.20477E+00    -0.36391E-01
     0.21955E+02     0.93923E-02    -0.20458E+00    -0.30216E-01
     0.22000E+02     0.79918E-02    -0.21390E+00    -0.22572E-01
     0.22057E+02     0.65532E-02    -0.28543E+00    -0.90229E-02
     0.22102E+02     0.55794E-02    -0.37291E+00     0.21059E-03
     0.22158E+02     0.49311E-02     0.00000E+00     0.00000E+00
     0.22204E+02     0.49311E-02     0.00000E+00     0.00000E+00
     0.22260E+02     0.49311E-02     0.00000E+00     0.00000E+00
     0.22306E+02     0.49311E-02     0.00000E+00     0.00000E+00
     0.22351E+02     0.49311E-02     0.00000E+00     0.00000E+00
     0.22408E+02     0.49311E-02     0.00000E+00     0.00000E+00
     0.22453E+02     0.49311E-02     0.00000E+00     0.00000E+00
     0.22510E+02     0.49311E-02     0.00000E+00     0.00000E+00
     0.22556E+02     0.49311E-02     0.00000E+00     0.00000E+00
     0.22601E+02     0.49311E-02     0.00000E+00     0.00000E+00
     0.22658E+02     0.49311E-02     0.00000E+00     0.00000E+00
     0.22704E+02     0.49311E-02     0.00000E+00     0.00000E+00
     0.22761E+02     0.49311E-02     0.00000E+00     0.00000E+00
     0.22807E+02     0.49311E-02     0.00000E+00     0.00000E+00
     0.22859E+02     0.49311E-02     0.00000E+00     0.00000E+00
     0.22903E+02     0.49311E-02     0.00000E+00     0.00000E+00
     0.22958E+02     0.49311E-02     0.00000E+00     0.00000E+00
     0.23004E+02     0.50039E-02     0.23894E-01     0.23801E-01
     0.23061E+02     0.56780E-02     0.16531E+00     0.16599E+00
     0.23107E+02     0.64884E-02     0.16639E+00     0.21133E+00
     0.23152E+02     0.75537E-02     0.13275E+00     0.16786E+00
     0.23209E+02     0.87860E-02     0.35366E-01     0.12188E+00
     0.23255E+02     0.93259E-02    -0.50848E-01     0.95949E-01
     0.23301E+02     0.94883E-02    -0.11521E+00     0.82154E-01
     0.23358E+02     0.92468E-02    -0.19480E+00     0.68967E-01
     0.23404E+02     0.88334E-02    -0.23969E+00     0.56235E-01
     0.23461E+02     0.81937E-02    -0.26257E+00     0.46664E-01
     0.23507E+02     0.77166E-02    -0.26146E+00     0.43257E-01
     0.23553E+02     0.72685E-02    -0.24128E+00     0.40411E-01
     0.23610E+02     0.69290E-02    -0.20455E+00     0.44329E-01
     0.23656E+02     0.68879E-02    -0.16654E+00     0.49231E-01
     0.23702E+02     0.69652E-02    -0.12731E+00     0.46977E-01
     0.23760E+02     0.72917E-02    -0.56963E-01     0.36742E-01
     0.23805E+02     0.83211E-02    -0.18311E-01    -0.80918E-02
     0.23850E+02     0.16967E-01    -0.51822E-01    -0.60761E+00
     0.23908E+02     0.33797E-01     0.58343E-01    -0.77093E+00
     0.23954E+02     0.39288E-01     0.13976E+00    -0.74828E+00
     0.24010E+02     0.42289E-01     0.16401E+00    -0.68294E+00
     0.24056E+02     0.45492E-01     0.16275E+00    -0.60579E+00
     0.24100E+02     0.51745E-01     0.21576E+00    -0.46925E+00
     0.24157E+02     0.65847E-01     0.28414E+00    -0.22741E+00
     0.24211E+02     0.70438E-01     0.25862E+00    -0.11930E+00
     0.24257E+02     0.68050E-01     0.22860E+00    -0.10083E+00
     0.24303E+02     0.64683E-01     0.19402E+00    -0.91114E-01
     0.24360E+02     0.60268E-01     0.14791E+00    -0.87639E-01
     0.24406E+02     0.56996E-01     0.11304E+00    -0.82760E-01
     0.24452E+02     0.54124E-01     0.79166E-01    -0.76666E-01
     0.24509E+02     0.50859E-01     0.33526E-01    -0.69913E-01
     0.24555E+02     0.48174E-01    -0.52162E-02    -0.66324E-01
     0.24601E+02     0.45435E-01    -0.44354E-01    -0.63520E-01
     0.24658E+02     0.42077E-01    -0.92849E-01    -0.60130E-01
     0.24704E+02     0.39556E-01    -0.13303E+00    -0.57295E-01
     0.24761E+02     0.36725E-01    -0.18998E+00    -0.54696E-01
     0.24807E+02     0.34745E-01    -0.24433E+00    -0.53459E-01
     0.24853E+02     0.33040E-01    -0.30943E+00    -0.51656E-01
     0.24911E+02     0.31127E-01    -0.41080E+00    -0.38854E-01
     0.24957E+02     0.29375E-01    -0.50892E+00    -0.15397E-01
     0.25002E+02     0.26779E-01    -0.62053E+00     0.34247E-02
