     0.11273E-01     0.56683E-12     0.36189E-11    -0.42845E-15
     0.56772E-01     0.61727E-12     0.42483E-11    -0.13068E-14
     0.10226E+00     0.67854E-12     0.49570E-11    -0.46807E-14
     0.15908E+00     0.77277E-12     0.59923E-11    -0.14623E-13
     0.20451E+00     0.86458E-12     0.69839E-11    -0.28554E-13
     0.26127E+00     0.10041E-11     0.85056E-11    -0.55934E-13
     0.30666E+00     0.11397E-11     0.10023E-10    -0.87833E-13
     0.35204E+00     0.13017E-11     0.11888E-10    -0.13043E-12
     0.40877E+00     0.15510E-11     0.14853E-10    -0.20153E-12
     0.45415E+00     0.17974E-11     0.17874E-10    -0.27167E-12
     0.51088E+00     0.21813E-11     0.22704E-10    -0.37414E-12
     0.55626E+00     0.25651E-11     0.27638E-10    -0.46788E-12
     0.60166E+00     0.30348E-11     0.33767E-10    -0.57283E-12
     0.65840E+00     0.37735E-11     0.43528E-10    -0.72100E-12
     0.70379E+00     0.45167E-11     0.53408E-10    -0.85840E-12
     0.76053E+00     0.56856E-11     0.68996E-10    -0.10772E-11
     0.80593E+00     0.68569E-11     0.84633E-10    -0.13115E-11
     0.85132E+00     0.82856E-11     0.10368E-09    -0.16158E-11
     0.90806E+00     0.10514E-10     0.13324E-09    -0.21140E-11
     0.95344E+00     0.12730E-10     0.16238E-09    -0.26315E-11
     0.10102E+01     0.16166E-10     0.20707E-09    -0.34601E-11
     0.10556E+01     0.19562E-10     0.25070E-09    -0.42869E-11
     0.11009E+01     0.23651E-10     0.30269E-09    -0.52792E-11
     0.11577E+01     0.29939E-10     0.38179E-09    -0.67870E-11
     0.12030E+01     0.36107E-10     0.45866E-09    -0.82432E-11
     0.12598E+01     0.45563E-10     0.57559E-09    -0.10438E-10
     0.13051E+01     0.54820E-10     0.68939E-09    -0.12549E-10
     0.13505E+01     0.65900E-10     0.82511E-09    -0.15043E-10
     0.14072E+01     0.82871E-10     0.10324E-08    -0.18806E-10
     0.14526E+01     0.99482E-10     0.12352E-08    -0.22438E-10
     0.15093E+01     0.12493E-09     0.15459E-08    -0.27940E-10
     0.15546E+01     0.14986E-09     0.18505E-08    -0.33280E-10
     0.16113E+01     0.18809E-09     0.23182E-08    -0.41415E-10
     0.16567E+01     0.22555E-09     0.27773E-08    -0.49355E-10
     0.17020E+01     0.27045E-09     0.33284E-08    -0.58858E-10
     0.17587E+01     0.33934E-09     0.41749E-08    -0.73437E-10
     0.18041E+01     0.40688E-09     0.50056E-08    -0.87758E-10
     0.18608E+01     0.51051E-09     0.62812E-08    -0.10980E-09
     0.19061E+01     0.61212E-09     0.75325E-08    -0.13150E-09
     0.19515E+01     0.73397E-09     0.90335E-08    -0.15761E-09
     0.20082E+01     0.92096E-09     0.11337E-07    -0.19783E-09
     0.20535E+01     0.11043E-08     0.13597E-07    -0.23741E-09
     0.21102E+01     0.13858E-08     0.17065E-07    -0.29830E-09
     0.21555E+01     0.16618E-08     0.20467E-07    -0.35811E-09
     0.22009E+01     0.19928E-08     0.24547E-07    -0.42989E-09
     0.22575E+01     0.25009E-08     0.30809E-07    -0.54006E-09
     0.23029E+01     0.29991E-08     0.36949E-07    -0.64805E-09
     0.23595E+01     0.37638E-08     0.46372E-07    -0.81370E-09
     0.24049E+01     0.45136E-08     0.55611E-07    -0.97603E-09
     0.24502E+01     0.54127E-08     0.66690E-07    -0.11706E-08
     0.25069E+01     0.67925E-08     0.83690E-07    -0.14690E-08
     0.25522E+01     0.81455E-08     0.10036E-06    -0.17615E-08
     0.26089E+01     0.10222E-07     0.12594E-06    -0.22103E-08
     0.26542E+01     0.12258E-07     0.15102E-06    -0.26504E-08
     0.27108E+01     0.15382E-07     0.18952E-06    -0.33256E-08
     0.27562E+01     0.18446E-07     0.22726E-06    -0.39877E-08
     0.28015E+01     0.22120E-07     0.27252E-06    -0.47817E-08
     0.28582E+01     0.27757E-07     0.34198E-06    -0.60001E-08
     0.29035E+01     0.33285E-07     0.41008E-06    -0.71948E-08
     0.29601E+01     0.41768E-07     0.51458E-06    -0.90280E-08
     0.30055E+01     0.50085E-07     0.61705E-06    -0.10826E-07
     0.30508E+01     0.60059E-07     0.73991E-06    -0.12981E-07
     0.31074E+01     0.75363E-07     0.92843E-06    -0.16288E-07
     0.31528E+01     0.90368E-07     0.11133E-05    -0.19531E-07
     0.32094E+01     0.11339E-06     0.13969E-05    -0.24507E-07
     0.32547E+01     0.13597E-06     0.16749E-05    -0.29386E-07
     0.33000E+01     0.16304E-06     0.20083E-05    -0.35235E-07
     0.33567E+01     0.20457E-06     0.25198E-05    -0.44209E-07
     0.34020E+01     0.24528E-06     0.30212E-05    -0.53008E-07
     0.34587E+01     0.30775E-06     0.37905E-05    -0.66505E-07
     0.35040E+01     0.36900E-06     0.45445E-05    -0.79737E-07
     0.35606E+01     0.46295E-06     0.57012E-05    -0.10003E-06
     0.36059E+01     0.55505E-06     0.68350E-05    -0.11993E-06
     0.36513E+01     0.66547E-06     0.81940E-05    -0.14377E-06
     0.37079E+01     0.83483E-06     0.10278E-04    -0.18035E-06
     0.37532E+01     0.10008E-05     0.12321E-04    -0.21619E-06
     0.38099E+01     0.12554E-05     0.15453E-04    -0.27115E-06
     0.38552E+01     0.15050E-05     0.18522E-04    -0.32501E-06
     0.39005E+01     0.18040E-05     0.22200E-04    -0.38954E-06
     0.39572E+01     0.22626E-05     0.27838E-04    -0.48848E-06
     0.40025E+01     0.27120E-05     0.33361E-04    -0.58539E-06
     0.40591E+01     0.34009E-05     0.41826E-04    -0.73395E-06
     0.41044E+01     0.40759E-05     0.50117E-04    -0.87944E-06
     0.41611E+01     0.51106E-05     0.62821E-04    -0.11024E-05
     0.42064E+01     0.61240E-05     0.75261E-04    -0.13207E-05
     0.42517E+01     0.73379E-05     0.90155E-04    -0.15820E-05
     0.43084E+01     0.91983E-05     0.11297E-03    -0.19824E-05
     0.43537E+01     0.11020E-04     0.13530E-03    -0.23742E-05
     0.44103E+01     0.13811E-04     0.16949E-03    -0.29742E-05
     0.44557E+01     0.16543E-04     0.20295E-03    -0.35612E-05
     0.45010E+01     0.19814E-04     0.24298E-03    -0.42636E-05
     0.45576E+01     0.24824E-04     0.30426E-03    -0.53385E-05
     0.46029E+01     0.29727E-04     0.36418E-03    -0.63896E-05
     0.46596E+01     0.37234E-04     0.45587E-03    -0.79978E-05
     0.47049E+01     0.44580E-04     0.54551E-03    -0.95697E-05
     0.47502E+01     0.53370E-04     0.65270E-03    -0.11449E-04
     0.48069E+01     0.66826E-04     0.81663E-03    -0.14323E-04
     0.48522E+01     0.79989E-04     0.97682E-03    -0.17130E-04
     0.49088E+01     0.10014E-03     0.12217E-02    -0.21420E-04
     0.49542E+01     0.11984E-03     0.14610E-02    -0.25610E-04
     0.50108E+01     0.15001E-03     0.18267E-02    -0.32012E-04
     0.50561E+01     0.17952E-03     0.21840E-02    -0.38260E-04
     0.51015E+01     0.21483E-03     0.26107E-02    -0.45722E-04
     0.51581E+01     0.26890E-03     0.32629E-02    -0.57114E-04
     0.52034E+01     0.32181E-03     0.38997E-02    -0.68227E-04
     0.52601E+01     0.40288E-03     0.48727E-02    -0.85187E-04
     0.53054E+01     0.48229E-03     0.58227E-02    -0.10172E-03
     0.53507E+01     0.57745E-03     0.69577E-02    -0.12145E-03
     0.54074E+01     0.72350E-03     0.86919E-02    -0.15153E-03
     0.54527E+01     0.86685E-03     0.10385E-01    -0.18084E-03
     0.55094E+01     0.10873E-02     0.12974E-01    -0.22550E-03
     0.55547E+01     0.13042E-02     0.15502E-01    -0.26897E-03
     0.56000E+01     0.15655E-02     0.18524E-01    -0.32074E-03
     0.56567E+01     0.19695E-02     0.23146E-01    -0.39951E-03
     0.57020E+01     0.23693E-02     0.27665E-01    -0.47591E-03
     0.57587E+01     0.29910E-02     0.34578E-01    -0.59309E-03
     0.58040E+01     0.36110E-02     0.41338E-01    -0.71412E-03
     0.58607E+01     0.45830E-02     0.51678E-01    -0.90148E-03
     0.59060E+01     0.55607E-02     0.61781E-01    -0.10715E-02
     0.59513E+01     0.67661E-02     0.73856E-01    -0.12560E-02
     0.60080E+01     0.87802E-02     0.91525E-01    -0.16977E-02
     0.60533E+01     0.10758E-01     0.10974E+00    -0.16697E-02
     0.61100E+01     0.13691E-01     0.13992E+00    -0.97989E-03
     0.61553E+01     0.16502E-01     0.17166E+00    -0.52443E-04
     0.62006E+01     0.19875E-01     0.20952E+00     0.92680E-03
     0.62573E+01     0.25020E-01     0.26942E+00     0.18809E-02
     0.63026E+01     0.30184E-01     0.32468E+00     0.19590E-02
     0.63592E+01     0.37983E-01     0.39452E+00     0.11666E-02
     0.64045E+01     0.45075E-01     0.44614E+00     0.22016E-03
     0.64611E+01     0.54404E-01     0.50080E+00    -0.12143E-02
     0.65063E+01     0.61511E-01     0.52983E+00    -0.26587E-02
     0.65514E+01     0.67766E-01     0.54359E+00    -0.39974E-02
     0.66078E+01     0.74211E-01     0.54265E+00    -0.49168E-02
     0.66529E+01     0.77768E-01     0.52657E+00    -0.40427E-02
     0.67093E+01     0.80615E-01     0.49416E+00    -0.13332E-02
     0.67543E+01     0.81657E-01     0.46013E+00     0.86296E-03
     0.68106E+01     0.81665E-01     0.41094E+00     0.30363E-02
     0.68556E+01     0.81252E-01     0.36837E+00     0.41104E-02
     0.69006E+01     0.80045E-01     0.32149E+00     0.46620E-02
     0.69568E+01     0.77868E-01     0.25701E+00     0.50881E-02
     0.70017E+01     0.76162E-01     0.20615E+00     0.47536E-02
     0.70579E+01     0.74188E-01     0.14431E+00     0.45172E-02
     0.71028E+01     0.72437E-01     0.93856E-01     0.53683E-02
     0.71589E+01     0.69788E-01     0.27570E-01     0.75871E-02
     0.72038E+01     0.67363E-01    -0.27452E-01     0.94259E-02
     0.72599E+01     0.64230E-01    -0.95854E-01     0.10610E-01
     0.73047E+01     0.61784E-01    -0.14886E+00     0.10745E-01
     0.73608E+01     0.58799E-01    -0.21338E+00     0.10813E-01
     0.74057E+01     0.56392E-01    -0.26509E+00     0.11093E-01
     0.74505E+01     0.53905E-01    -0.31799E+00     0.12073E-01
     0.75066E+01     0.50615E-01    -0.38614E+00     0.14174E-01
     0.75515E+01     0.47801E-01    -0.44221E+00     0.16206E-01
     0.76076E+01     0.44059E-01    -0.51466E+00     0.18303E-01
     0.76525E+01     0.40900E-01    -0.57474E+00     0.19325E-01
     0.77086E+01     0.36685E-01    -0.65321E+00     0.20458E-01
     0.77536E+01     0.32924E-01    -0.71808E+00     0.21988E-01
     0.78098E+01     0.27860E-01    -0.80640E+00     0.24153E-01
     0.78548E+01     0.23440E-01    -0.88510E+00     0.26217E-01
     0.79110E+01     0.17105E-01    -0.99378E+00     0.29013E-01
     0.79561E+01     0.11396E-01    -0.10832E+01     0.31074E-01
     0.80012E+01     0.53978E-02    -0.11889E+01     0.31351E-01
     0.80576E+01    -0.18975E-02    -0.13174E+01     0.22479E-01
     0.81028E+01    -0.67088E-02    -0.13736E+01     0.92245E-02
     0.81593E+01    -0.12710E-01    -0.13511E+01     0.28103E-02
     0.82046E+01    -0.16906E-01    -0.12161E+01     0.24889E-02
     0.82613E+01    -0.18864E-01    -0.92137E+00     0.25658E-02
     0.83066E+01    -0.19165E-01    -0.67099E+00     0.20291E-02
     0.83520E+01    -0.19512E-01    -0.53338E+00     0.12577E-02
     0.84087E+01    -0.20133E-01    -0.50954E+00     0.86316E-03
     0.84541E+01    -0.19966E-01     0.00000E+00     0.00000E+00
     0.85108E+01    -0.19966E-01     0.00000E+00     0.00000E+00
     0.85562E+01    -0.19966E-01     0.00000E+00     0.00000E+00
     0.86016E+01    -0.19966E-01     0.00000E+00     0.00000E+00
     0.86567E+01    -0.19966E-01     0.00000E+00     0.00000E+00
     0.87075E+01    -0.19966E-01     0.00000E+00     0.00000E+00
     0.87598E+01    -0.19966E-01     0.00000E+00     0.00000E+00
     0.88002E+01    -0.19966E-01     0.00000E+00     0.00000E+00
     0.88534E+01    -0.19966E-01     0.00000E+00     0.00000E+00
     0.89101E+01    -0.19966E-01     0.00000E+00     0.00000E+00
     0.89548E+01    -0.18595E-01     0.32031E+00    -0.75895E-01
     0.90078E+01    -0.15552E-01     0.22015E+00    -0.96245E-01
     0.90578E+01    -0.13727E-01     0.10567E+00    -0.10453E+00
     0.91006E+01    -0.13076E-01     0.86571E-02    -0.10325E+00
     0.91584E+01    -0.13447E-01    -0.12016E+00    -0.88831E-01
     0.92053E+01    -0.14578E-01    -0.23157E+00    -0.65542E-01
     0.92587E+01    -0.16001E-01    -0.31128E+00    -0.31134E-01
     0.93100E+01    -0.17080E-01    -0.30051E+00    -0.88299E-02
     0.93609E+01    -0.17560E-01    -0.24067E+00    -0.59928E-02
     0.94025E+01    -0.17384E-01    -0.12298E+00    -0.69469E-02
     0.94531E+01    -0.16292E-01     0.45260E-01    -0.71507E-02
     0.95061E+01    -0.14364E-01     0.11938E+00    -0.10605E-01
     0.95511E+01    -0.12498E-01     0.14157E+00    -0.20251E-01
     0.96074E+01    -0.99846E-02     0.12543E+00    -0.41435E-01
     0.96573E+01    -0.78600E-02     0.96970E-01    -0.59489E-01
     0.97064E+01    -0.65394E-02     0.84778E-01    -0.49366E-01
     0.97503E+01    -0.55525E-02     0.80036E-01    -0.32668E-01
     0.98070E+01    -0.41825E-02     0.77657E-01    -0.22471E-01
     0.98524E+01    -0.30889E-02     0.78209E-01    -0.18406E-01
     0.99065E+01    -0.18465E-02     0.80498E-01    -0.14612E-01
     0.99519E+01    -0.86921E-03     0.79911E-01    -0.12048E-01
     0.10009E+02     0.25869E-03     0.74080E-01    -0.96610E-02
     0.10054E+02     0.11371E-02     0.65113E-01    -0.85445E-02
     0.10111E+02     0.23876E-02     0.47452E-01    -0.85422E-02
     0.10156E+02     0.34111E-02     0.30532E-01    -0.98560E-02
     0.10202E+02     0.43136E-02     0.12387E-01    -0.11635E-01
     0.10258E+02     0.48586E-02    -0.35386E-02    -0.14811E-01
     0.10303E+02     0.50352E-02    -0.11945E-01    -0.16021E-01
     0.10359E+02     0.48591E-02    -0.20454E-01    -0.15392E-01
     0.10405E+02     0.45240E-02    -0.24675E-01    -0.15497E-01
     0.10461E+02     0.39276E-02    -0.29682E-01    -0.16935E-01
     0.10507E+02     0.34579E-02    -0.34873E-01    -0.18805E-01
     0.10552E+02     0.30975E-02    -0.42554E-01    -0.21127E-01
     0.10609E+02     0.28652E-02    -0.56373E-01    -0.22913E-01
     0.10654E+02     0.27193E-02    -0.69217E-01    -0.22800E-01
     0.10711E+02     0.23387E-02    -0.84243E-01    -0.25648E-01
     0.10757E+02     0.16889E-02    -0.90549E-01    -0.29876E-01
     0.10802E+02     0.86183E-03    -0.93503E-01    -0.35439E-01
     0.10859E+02    -0.29386E-03    -0.93657E-01    -0.40842E-01
     0.10904E+02    -0.12226E-02    -0.91573E-01    -0.43760E-01
     0.10961E+02    -0.23367E-02    -0.86699E-01    -0.45388E-01
     0.11006E+02    -0.31635E-02    -0.82272E-01    -0.45085E-01
     0.11052E+02    -0.38921E-02    -0.77125E-01    -0.44096E-01
     0.11109E+02    -0.46589E-02    -0.69671E-01    -0.42224E-01
     0.11154E+02    -0.51688E-02    -0.62954E-01    -0.40403E-01
     0.11211E+02    -0.56790E-02    -0.53682E-01    -0.37905E-01
     0.11256E+02    -0.59769E-02    -0.45407E-01    -0.36038E-01
     0.11302E+02    -0.61792E-02    -0.36308E-01    -0.34757E-01
     0.11359E+02    -0.63004E-02    -0.23603E-01    -0.34060E-01
     0.11404E+02    -0.63015E-02    -0.13054E-01    -0.34018E-01
     0.11461E+02    -0.61801E-02    -0.13598E-02    -0.34858E-01
     0.11506E+02    -0.60315E-02     0.59975E-02    -0.35673E-01
     0.11552E+02    -0.58872E-02     0.11773E-01    -0.35345E-01
     0.11609E+02    -0.57076E-02     0.16140E-01    -0.32901E-01
     0.11654E+02    -0.55478E-02     0.17139E-01    -0.30459E-01
     0.11711E+02    -0.53325E-02     0.16060E-01    -0.27792E-01
     0.11756E+02    -0.51574E-02     0.14297E-01    -0.26290E-01
     0.11802E+02    -0.49992E-02     0.11665E-01    -0.25625E-01
     0.11859E+02    -0.48803E-02     0.77267E-02    -0.25708E-01
     0.11904E+02    -0.48309E-02     0.43039E-02    -0.26280E-01
     0.11961E+02    -0.47803E-02    -0.35525E-03    -0.27810E-01
     0.12006E+02    -0.47307E-02    -0.41918E-02    -0.29235E-01
     0.12051E+02    -0.46463E-02    -0.79034E-02    -0.30497E-01
     0.12108E+02    -0.44977E-02    -0.11689E-01    -0.31412E-01
     0.12154E+02    -0.43834E-02    -0.13345E-01    -0.30824E-01
     0.12210E+02    -0.42783E-02    -0.13460E-01    -0.28782E-01
     0.12256E+02    -0.42028E-02    -0.11940E-01    -0.27693E-01
     0.12301E+02    -0.41515E-02    -0.98989E-02    -0.27746E-01
     0.12358E+02    -0.41088E-02    -0.72363E-02    -0.29208E-01
     0.12404E+02    -0.40661E-02    -0.53025E-02    -0.31370E-01
     0.12460E+02    -0.40143E-02    -0.35534E-02    -0.34557E-01
     0.12506E+02    -0.39731E-02    -0.27944E-02    -0.37059E-01
     0.12551E+02    -0.39342E-02    -0.23649E-02    -0.39444E-01
     0.12608E+02    -0.38951E-02    -0.19450E-02    -0.42024E-01
     0.12654E+02    -0.38517E-02    -0.18013E-02    -0.43953E-01
     0.12711E+02    -0.37696E-02    -0.17408E-02    -0.46176E-01
     0.12756E+02    -0.36790E-02    -0.18520E-02    -0.47567E-01
     0.12802E+02    -0.35773E-02    -0.18936E-02    -0.48517E-01
     0.12858E+02    -0.34358E-02    -0.12774E-02    -0.48887E-01
     0.12904E+02    -0.33138E-02    -0.15067E-03    -0.48975E-01
     0.12961E+02    -0.31368E-02     0.20254E-02    -0.48909E-01
     0.13006E+02    -0.29700E-02     0.44709E-02    -0.48676E-01
     0.13052E+02    -0.27710E-02     0.74320E-02    -0.48322E-01
     0.13109E+02    -0.24682E-02     0.11202E-01    -0.47625E-01
     0.13154E+02    -0.21905E-02     0.13812E-01    -0.46602E-01
     0.13211E+02    -0.18199E-02     0.15476E-01    -0.43938E-01
     0.13257E+02    -0.14990E-02     0.14953E-01    -0.40449E-01
     0.13302E+02    -0.11566E-02     0.13727E-01    -0.35693E-01
     0.13359E+02    -0.71662E-03     0.11156E-01    -0.28896E-01
     0.13404E+02    -0.41059E-03     0.85837E-02    -0.22802E-01
     0.13461E+02    -0.11019E-03     0.45025E-02    -0.15033E-01
     0.13507E+02     0.10488E-03     0.84870E-03    -0.92222E-02
     0.13552E+02     0.29439E-03    -0.37938E-02    -0.48034E-02
     0.13609E+02     0.45942E-03    -0.98474E-02    -0.16397E-02
     0.13655E+02     0.50391E-03    -0.13957E-01    -0.12449E-02
     0.13701E+02     0.47272E-03    -0.16925E-01    -0.26417E-02
     0.13758E+02     0.35203E-03    -0.18870E-01    -0.67544E-02
     0.13804E+02     0.18488E-03    -0.20019E-01    -0.12015E-01
     0.13862E+02    -0.12889E-03    -0.22570E-01    -0.19600E-01
     0.13908E+02    -0.42102E-03    -0.25755E-01    -0.26776E-01
     0.13954E+02    -0.71130E-03    -0.30235E-01    -0.35165E-01
     0.14001E+02    -0.10060E-02    -0.35781E-01    -0.43758E-01
     0.14060E+02    -0.14107E-02    -0.42843E-01    -0.53771E-01
     0.14106E+02    -0.17823E-02    -0.46887E-01    -0.60651E-01
     0.14153E+02    -0.22234E-02    -0.48638E-01    -0.66119E-01
     0.14212E+02    -0.27744E-02    -0.47761E-01    -0.70771E-01
     0.14259E+02    -0.31638E-02    -0.44446E-01    -0.72884E-01
     0.14305E+02    -0.34675E-02    -0.39097E-01    -0.74484E-01
     0.14352E+02    -0.36922E-02    -0.32163E-01    -0.75411E-01
     0.14411E+02    -0.38677E-02    -0.22240E-01    -0.74863E-01
     0.14458E+02    -0.39333E-02    -0.14034E-01    -0.72773E-01
     0.14505E+02    -0.38794E-02    -0.65264E-02    -0.69695E-01
     0.14551E+02    -0.37491E-02     0.24116E-03    -0.65763E-01
     0.14609E+02    -0.35292E-02     0.78489E-02    -0.59702E-01
     0.14655E+02    -0.33348E-02     0.13178E-01    -0.53979E-01
     0.14700E+02    -0.31197E-02     0.17374E-01    -0.47672E-01
     0.14757E+02    -0.28138E-02     0.20626E-01    -0.39366E-01
     0.14803E+02    -0.25497E-02     0.21225E-01    -0.32746E-01
     0.14860E+02    -0.22113E-02     0.20515E-01    -0.25036E-01
     0.14906E+02    -0.19410E-02     0.18714E-01    -0.19612E-01
     0.14951E+02    -0.17189E-02     0.15170E-01    -0.15427E-01
     0.15008E+02    -0.15318E-02     0.90124E-02    -0.11926E-01
     0.15054E+02    -0.14135E-02     0.29453E-02    -0.10596E-01
     0.15111E+02    -0.12960E-02    -0.55982E-02    -0.10987E-01
     0.15156E+02    -0.12231E-02    -0.12335E-01    -0.12248E-01
     0.15202E+02    -0.11897E-02    -0.17972E-01    -0.14543E-01
     0.15259E+02    -0.11882E-02    -0.22428E-01    -0.20714E-01
     0.15305E+02    -0.12888E-02    -0.23509E-01    -0.26899E-01
     0.15350E+02    -0.14394E-02    -0.23318E-01    -0.33216E-01
     0.15407E+02    -0.16308E-02    -0.21437E-01    -0.40940E-01
     0.15453E+02    -0.17524E-02    -0.18761E-01    -0.46103E-01
     0.15510E+02    -0.18224E-02    -0.14934E-01    -0.50922E-01
     0.15555E+02    -0.18147E-02    -0.11817E-01    -0.53272E-01
     0.15601E+02    -0.17636E-02    -0.89455E-02    -0.54083E-01
     0.15658E+02    -0.16712E-02    -0.62560E-02    -0.54143E-01
     0.15703E+02    -0.16112E-02    -0.45224E-02    -0.53078E-01
     0.15760E+02    -0.15488E-02    -0.24030E-02    -0.50702E-01
     0.15806E+02    -0.14688E-02    -0.75442E-03    -0.48659E-01
     0.15851E+02    -0.13600E-02     0.77354E-03    -0.46631E-01
     0.15908E+02    -0.12155E-02     0.22370E-02    -0.43865E-01
     0.15954E+02    -0.10970E-02     0.30550E-02    -0.41601E-01
     0.16011E+02    -0.93385E-03     0.36176E-02    -0.38909E-01
     0.16056E+02    -0.79311E-03     0.36999E-02    -0.37016E-01
     0.16102E+02    -0.65115E-03     0.35251E-02    -0.35518E-01
     0.16159E+02    -0.49304E-03     0.28661E-02    -0.34544E-01
     0.16204E+02    -0.37136E-03     0.19273E-02    -0.34458E-01
     0.16261E+02    -0.22083E-03     0.15595E-03    -0.34888E-01
     0.16307E+02    -0.90853E-04    -0.16198E-02    -0.35807E-01
     0.16353E+02     0.26410E-04    -0.33655E-02    -0.36992E-01
     0.16410E+02     0.13100E-03    -0.50652E-02    -0.38827E-01
     0.16455E+02     0.17665E-03    -0.57833E-02    -0.40405E-01
     0.16501E+02     0.18723E-03    -0.62872E-02    -0.41811E-01
     0.16558E+02     0.16754E-03    -0.68731E-02    -0.43323E-01
     0.16604E+02     0.12406E-03    -0.73422E-02    -0.44025E-01
     0.16661E+02     0.37015E-04    -0.81352E-02    -0.44109E-01
     0.16707E+02    -0.53919E-04    -0.91092E-02    -0.43844E-01
     0.16752E+02    -0.15263E-03    -0.10036E-01    -0.43184E-01
     0.16809E+02    -0.27793E-03    -0.10846E-01    -0.41765E-01
     0.16855E+02    -0.37980E-03    -0.11085E-01    -0.40148E-01
     0.16901E+02    -0.47311E-03    -0.10964E-01    -0.38182E-01
     0.16958E+02    -0.56538E-03    -0.95607E-02    -0.35604E-01
     0.17004E+02    -0.60350E-03    -0.76170E-02    -0.33519E-01
     0.17061E+02    -0.59627E-03    -0.42755E-02    -0.30970E-01
     0.17107E+02    -0.52225E-03    -0.13039E-02    -0.29171E-01
     0.17153E+02    -0.40687E-03     0.16646E-02    -0.27746E-01
     0.17210E+02    -0.22585E-03     0.52087E-02    -0.26406E-01
     0.17256E+02    -0.49426E-04     0.74634E-02    -0.25652E-01
     0.17302E+02     0.15372E-03     0.88383E-02    -0.25215E-01
     0.17359E+02     0.42565E-03     0.91071E-02    -0.25270E-01
     0.17405E+02     0.64116E-03     0.84914E-02    -0.25873E-01
     0.17451E+02     0.85301E-03     0.70152E-02    -0.27180E-01
     0.17508E+02     0.11002E-02     0.44698E-02    -0.30189E-01
     0.17554E+02     0.12856E-02     0.20752E-02    -0.33708E-01
     0.17611E+02     0.15264E-02    -0.11969E-02    -0.39176E-01
     0.17657E+02     0.17126E-02    -0.34949E-02    -0.44018E-01
     0.17703E+02     0.18696E-02    -0.46745E-02    -0.48840E-01
     0.17760E+02     0.20431E-02    -0.49203E-02    -0.54527E-01
     0.17806E+02     0.21723E-02    -0.44400E-02    -0.58499E-01
     0.17851E+02     0.23060E-02    -0.32210E-02    -0.61603E-01
     0.17908E+02     0.24839E-02    -0.12481E-02    -0.63608E-01
     0.17954E+02     0.26379E-02     0.24147E-03    -0.63579E-01
     0.18011E+02     0.28444E-02     0.18551E-02    -0.62094E-01
     0.18057E+02     0.30374E-02     0.30517E-02    -0.60174E-01
     0.18102E+02     0.32631E-02     0.41712E-02    -0.57840E-01
     0.18159E+02     0.35850E-02     0.56577E-02    -0.54455E-01
     0.18205E+02     0.38754E-02     0.70480E-02    -0.51508E-01
     0.18251E+02     0.41966E-02     0.85024E-02    -0.48370E-01
     0.18308E+02     0.46404E-02     0.10110E-01    -0.44164E-01
     0.18353E+02     0.50223E-02     0.11237E-01    -0.40577E-01
     0.18410E+02     0.55264E-02     0.12035E-01    -0.36588E-01
     0.18456E+02     0.59131E-02     0.12391E-01    -0.34081E-01
     0.18501E+02     0.62440E-02     0.13508E-01    -0.32428E-01
     0.18558E+02     0.66012E-02     0.15953E-01    -0.30336E-01
     0.18603E+02     0.68531E-02     0.18412E-01    -0.27634E-01
     0.18660E+02     0.71271E-02     0.21650E-01    -0.23981E-01
     0.18706E+02     0.73500E-02     0.23986E-01    -0.22012E-01
     0.18751E+02     0.76278E-02     0.25362E-01    -0.20851E-01
     0.18808E+02     0.80176E-02     0.25837E-01    -0.20045E-01
     0.18854E+02     0.83470E-02     0.25441E-01    -0.19951E-01
     0.18910E+02     0.87604E-02     0.23939E-01    -0.20901E-01
     0.18956E+02     0.90775E-02     0.20935E-01    -0.21926E-01
     0.19001E+02     0.93580E-02     0.16044E-01    -0.22957E-01
     0.19058E+02     0.96029E-02     0.71434E-02    -0.24134E-01
     0.19103E+02     0.97189E-02    -0.25578E-02    -0.25576E-01
     0.19159E+02     0.96923E-02    -0.17578E-01    -0.27301E-01
     0.19205E+02     0.94952E-02    -0.31326E-01    -0.27858E-01
     0.19261E+02     0.90732E-02    -0.49392E-01    -0.28534E-01
     0.19306E+02     0.84326E-02    -0.61573E-01    -0.28821E-01
     0.19351E+02     0.75023E-02    -0.71750E-01    -0.28417E-01
     0.19408E+02     0.61016E-02    -0.83489E-01    -0.25350E-01
     0.19453E+02     0.48811E-02    -0.92945E-01    -0.22099E-01
     0.19509E+02     0.33457E-02    -0.10608E+00    -0.17752E-01
     0.19555E+02     0.21643E-02    -0.11820E+00    -0.13967E-01
     0.19611E+02     0.73989E-03    -0.13523E+00    -0.85070E-02
     0.19656E+02    -0.62665E-03    -0.15076E+00    -0.43072E-02
     0.19701E+02    -0.23931E-02    -0.15830E+00    -0.71588E-04
     0.19758E+02    -0.47816E-02    -0.16362E+00     0.25404E-02
     0.19803E+02    -0.66643E-02    -0.16812E+00     0.23275E-02
     0.19860E+02    -0.89300E-02    -0.18130E+00    -0.10657E-02
     0.19905E+02    -0.10578E-01    -0.19745E+00    -0.48707E-02
     0.19951E+02    -0.12677E-01    -0.19115E+00    -0.10972E-01
     0.20007E+02    -0.14639E-01    -0.18074E+00    -0.16855E-01
     0.20053E+02    -0.15811E-01    -0.17213E+00    -0.21102E-01
     0.20109E+02    -0.16903E-01    -0.16261E+00    -0.27064E-01
     0.20155E+02    -0.17550E-01    -0.15654E+00    -0.31833E-01
     0.20200E+02    -0.18042E-01    -0.15193E+00    -0.35220E-01
     0.20257E+02    -0.18472E-01    -0.14361E+00    -0.38673E-01
     0.20302E+02    -0.18671E-01    -0.12933E+00    -0.43024E-01
     0.20359E+02    -0.18714E-01    -0.94656E-01    -0.56091E-01
     0.20404E+02    -0.18577E-01    -0.41738E-01    -0.72894E-01
     0.20460E+02    -0.18125E-01     0.37125E-01    -0.97188E-01
     0.20506E+02    -0.17432E-01     0.80863E-01    -0.11106E+00
     0.20551E+02    -0.16412E-01     0.10766E+00    -0.11898E+00
     0.20607E+02    -0.14639E-01     0.13083E+00    -0.12435E+00
     0.20652E+02    -0.12730E-01     0.14289E+00    -0.12635E+00
     0.20709E+02    -0.96036E-02     0.15048E+00    -0.12811E+00
     0.20754E+02    -0.66157E-02     0.14966E+00    -0.12362E+00
     0.20810E+02    -0.36410E-02     0.15264E+00    -0.81161E-01
     0.20855E+02    -0.13568E-02     0.16628E+00    -0.61563E-01
     0.20911E+02     0.14519E-02     0.18349E+00    -0.49599E-01
     0.20956E+02     0.35342E-02     0.19053E+00    -0.41818E-01
     0.21001E+02     0.56125E-02     0.18847E+00    -0.36429E-01
     0.21057E+02     0.83651E-02     0.17654E+00    -0.25067E-01
     0.21102E+02     0.10459E-01     0.16172E+00    -0.17897E-01
     0.21158E+02     0.12779E-01     0.13971E+00    -0.12525E-01
     0.21203E+02     0.14284E-01     0.12109E+00    -0.91164E-02
     0.21259E+02     0.15858E-01     0.94212E-01    -0.44155E-02
     0.21304E+02     0.16832E-01     0.72611E-01     0.43249E-03
     0.21360E+02     0.17544E-01     0.46598E-01     0.28433E-02
     0.21405E+02     0.17790E-01     0.29383E-01     0.47912E-02
     0.21450E+02     0.17858E-01     0.14737E-01     0.70356E-02
     0.21506E+02     0.17779E-01    -0.40047E-02     0.93386E-02
     0.21551E+02     0.17644E-01    -0.20443E-01     0.10958E-01
     0.21608E+02     0.17339E-01    -0.42197E-01     0.13791E-01
     0.21653E+02     0.16938E-01    -0.60578E-01     0.16121E-01
     0.21709E+02     0.16221E-01    -0.84661E-01     0.19217E-01
     0.21754E+02     0.15488E-01    -0.10344E+00     0.21633E-01
     0.21809E+02     0.14186E-01    -0.12605E+00     0.23526E-01
     0.21854E+02     0.12717E-01    -0.14073E+00     0.21657E-01
     0.21910E+02     0.10642E-01    -0.15437E+00     0.14871E-01
     0.21955E+02     0.88910E-02    -0.16197E+00     0.82058E-02
     0.22000E+02     0.71503E-02    -0.16687E+00     0.24200E-02
     0.22057E+02     0.50667E-02    -0.16994E+00    -0.22136E-02
     0.22102E+02     0.34932E-02    -0.17058E+00    -0.27272E-02
     0.22158E+02     0.15489E-02    -0.16827E+00     0.36344E-03
     0.22204E+02    -0.11615E-03    -0.16170E+00     0.44782E-02
     0.22260E+02    -0.22334E-02    -0.14508E+00     0.95159E-02
     0.22306E+02    -0.37015E-02    -0.12844E+00     0.12819E-01
     0.22351E+02    -0.48592E-02    -0.11024E+00     0.15320E-01
     0.22408E+02    -0.58360E-02    -0.85201E-01     0.17030E-01
     0.22453E+02    -0.62267E-02    -0.60979E-01     0.16947E-01
     0.22510E+02    -0.62523E-02    -0.25970E-01     0.16669E-01
     0.22556E+02    -0.60165E-02     0.42896E-02     0.16938E-01
     0.22601E+02    -0.55087E-02     0.32634E-01     0.17568E-01
     0.22658E+02    -0.47035E-02     0.62649E-01     0.17741E-01
     0.22704E+02    -0.40754E-02     0.78771E-01     0.16376E-01
     0.22761E+02    -0.32041E-02     0.90168E-01     0.15791E-01
     0.22807E+02    -0.24183E-02     0.92909E-01     0.16138E-01
     0.22859E+02    -0.14076E-02     0.90697E-01     0.17140E-01
     0.22903E+02    -0.43322E-03     0.86520E-01     0.18646E-01
     0.22958E+02     0.11914E-02     0.68204E-01     0.19415E-01
     0.23004E+02     0.28703E-02     0.43660E-01     0.17827E-01
     0.23061E+02     0.47030E-02     0.16756E-01     0.17087E-01
     0.23107E+02     0.57183E-02     0.37198E-02     0.17052E-01
     0.23152E+02     0.63670E-02    -0.27847E-02     0.16732E-01
     0.23209E+02     0.67381E-02    -0.51582E-02     0.16889E-01
     0.23255E+02     0.67192E-02    -0.54335E-02     0.16924E-01
     0.23301E+02     0.67013E-02    -0.53655E-02     0.17083E-01
     0.23358E+02     0.67248E-02    -0.62223E-02     0.16927E-01
     0.23404E+02     0.68159E-02    -0.76126E-02     0.15421E-01
     0.23461E+02     0.71470E-02    -0.91506E-02     0.11079E-01
     0.23507E+02     0.75672E-02    -0.98317E-02     0.58482E-02
     0.23553E+02     0.79917E-02    -0.65668E-02     0.30362E-03
     0.23610E+02     0.86244E-02     0.30375E-02    -0.73232E-02
     0.23656E+02     0.92079E-02     0.15951E-01    -0.13648E-01
     0.23702E+02     0.99103E-02     0.34294E-01    -0.20487E-01
     0.23760E+02     0.11174E-01     0.61781E-01    -0.26727E-01
     0.23805E+02     0.12643E-01     0.89445E-01    -0.32737E-01
     0.23850E+02     0.18850E-01     0.11154E+00    -0.10621E+00
     0.23908E+02     0.39744E-01     0.10775E+00    -0.38714E+00
     0.23954E+02     0.46952E-01     0.11115E+00    -0.44249E+00
     0.24010E+02     0.50330E-01     0.13125E+00    -0.38657E+00
     0.24056E+02     0.55567E-01     0.16001E+00    -0.29822E+00
     0.24100E+02     0.63596E-01     0.16895E+00    -0.17781E+00
     0.24157E+02     0.68600E-01     0.15090E+00    -0.61298E-01
     0.24211E+02     0.66577E-01     0.12133E+00    -0.40340E-01
     0.24257E+02     0.63333E-01     0.10294E+00    -0.41655E-01
     0.24303E+02     0.59564E-01     0.79170E-01    -0.41204E-01
     0.24360E+02     0.55060E-01     0.49892E-01    -0.40670E-01
     0.24406E+02     0.51582E-01     0.25154E-01    -0.41560E-01
     0.24452E+02     0.48199E-01    -0.14788E-03    -0.42733E-01
     0.24509E+02     0.44189E-01    -0.31306E-01    -0.44391E-01
     0.24555E+02     0.41330E-01    -0.56041E-01    -0.45635E-01
     0.24601E+02     0.38717E-01    -0.81292E-01    -0.46224E-01
     0.24658E+02     0.35558E-01    -0.11363E+00    -0.46000E-01
     0.24704E+02     0.33041E-01    -0.13905E+00    -0.45994E-01
     0.24761E+02     0.29909E-01    -0.17025E+00    -0.46421E-01
     0.24807E+02     0.27503E-01    -0.19618E+00    -0.47061E-01
     0.24853E+02     0.25317E-01    -0.22503E+00    -0.48472E-01
     0.24911E+02     0.23031E-01    -0.26856E+00    -0.51035E-01
     0.24957E+02     0.21694E-01    -0.31237E+00    -0.52178E-01
     0.25002E+02     0.20671E-01    -0.36520E+00    -0.52342E-01
