     0.11273E-01     0.27614E-14     0.17647E-13    -0.24912E-15
     0.56772E-01     0.28383E-14     0.20286E-13    -0.44469E-15
     0.10226E+00     0.29296E-14     0.23037E-13    -0.88384E-15
     0.15908E+00     0.30698E-14     0.26661E-13    -0.18373E-14
     0.20451E+00     0.32083E-14     0.29740E-13    -0.29801E-14
     0.26127E+00     0.34238E-14     0.33866E-13    -0.49693E-14
     0.30666E+00     0.36391E-14     0.37439E-13    -0.70818E-14
     0.35204E+00     0.39021E-14     0.41308E-13    -0.97330E-14
     0.40877E+00     0.43145E-14     0.46658E-13    -0.13935E-13
     0.45415E+00     0.47271E-14     0.51444E-13    -0.18135E-13
     0.51088E+00     0.53716E-14     0.58221E-13    -0.24654E-13
     0.55626E+00     0.60126E-14     0.64426E-13    -0.31089E-13
     0.60166E+00     0.67894E-14     0.71492E-13    -0.38831E-13
     0.65840E+00     0.79926E-14     0.81816E-13    -0.50733E-13
     0.70379E+00     0.91809E-14     0.91545E-13    -0.62412E-13
     0.76053E+00     0.11015E-13     0.10599E-12    -0.80327E-13
     0.80593E+00     0.12820E-13     0.11980E-12    -0.97875E-13
     0.85132E+00     0.14991E-13     0.13605E-12    -0.11889E-12
     0.90806E+00     0.18328E-13     0.16057E-12    -0.15107E-12
     0.95344E+00     0.21604E-13     0.18430E-12    -0.18256E-12
     0.10102E+01     0.26632E-13     0.22034E-12    -0.23076E-12
     0.10556E+01     0.31562E-13     0.25540E-12    -0.27791E-12
     0.11009E+01     0.37470E-13     0.29720E-12    -0.33432E-12
     0.11577E+01     0.46529E-13     0.36103E-12    -0.42069E-12
     0.12030E+01     0.55404E-13     0.42338E-12    -0.50522E-12
     0.12598E+01     0.69011E-13     0.51878E-12    -0.63470E-12
     0.13051E+01     0.82344E-13     0.61212E-12    -0.76150E-12
     0.13505E+01     0.98323E-13     0.72390E-12    -0.91340E-12
     0.14072E+01     0.12283E-12     0.89524E-12    -0.11463E-11
     0.14526E+01     0.14686E-12     0.10631E-11    -0.13746E-11
     0.15093E+01     0.18373E-12     0.13207E-11    -0.17249E-11
     0.15546E+01     0.21988E-12     0.15732E-11    -0.20684E-11
     0.16113E+01     0.27536E-12     0.19607E-11    -0.25957E-11
     0.16567E+01     0.32978E-12     0.23408E-11    -0.31128E-11
     0.17020E+01     0.39504E-12     0.27967E-11    -0.37331E-11
     0.17587E+01     0.49521E-12     0.34966E-11    -0.46853E-11
     0.18041E+01     0.59346E-12     0.41832E-11    -0.56194E-11
     0.18608E+01     0.74428E-12     0.52373E-11    -0.70535E-11
     0.19061E+01     0.89221E-12     0.62714E-11    -0.84603E-11
     0.19515E+01     0.10696E-11     0.75119E-11    -0.10148E-10
     0.20082E+01     0.13420E-11     0.94164E-11    -0.12738E-10
     0.20535E+01     0.16092E-11     0.11285E-10    -0.15280E-10
     0.21102E+01     0.20193E-11     0.14153E-10    -0.19180E-10
     0.21555E+01     0.24215E-11     0.16966E-10    -0.23006E-10
     0.22009E+01     0.29040E-11     0.20341E-10    -0.27595E-10
     0.22575E+01     0.36445E-11     0.25522E-10    -0.34639E-10
     0.23029E+01     0.43708E-11     0.30603E-10    -0.41547E-10
     0.23595E+01     0.54856E-11     0.38403E-10    -0.52150E-10
     0.24049E+01     0.65790E-11     0.46054E-10    -0.62548E-10
     0.24502E+01     0.78902E-11     0.55230E-10    -0.75017E-10
     0.25069E+01     0.99027E-11     0.69313E-10    -0.94155E-10
     0.25522E+01     0.11876E-10     0.83125E-10    -0.11292E-09
     0.26089E+01     0.14905E-10     0.10432E-09    -0.14172E-09
     0.26542E+01     0.17876E-10     0.12511E-09    -0.16996E-09
     0.27108E+01     0.22434E-10     0.15702E-09    -0.21331E-09
     0.27562E+01     0.26905E-10     0.18831E-09    -0.25581E-09
     0.28015E+01     0.32266E-10     0.22583E-09    -0.30677E-09
     0.28582E+01     0.40493E-10     0.28342E-09    -0.38498E-09
     0.29035E+01     0.48560E-10     0.33989E-09    -0.46167E-09
     0.29601E+01     0.60940E-10     0.42655E-09    -0.57936E-09
     0.30055E+01     0.73080E-10     0.51153E-09    -0.69476E-09
     0.30508E+01     0.87639E-10     0.61343E-09    -0.83314E-09
     0.31074E+01     0.10998E-09     0.76981E-09    -0.10455E-08
     0.31528E+01     0.13188E-09     0.92316E-09    -0.12537E-08
     0.32094E+01     0.16550E-09     0.11585E-08    -0.15733E-08
     0.32547E+01     0.19846E-09     0.13892E-08    -0.18866E-08
     0.33000E+01     0.23799E-09     0.16659E-08    -0.22623E-08
     0.33567E+01     0.29865E-09     0.20905E-08    -0.28388E-08
     0.34020E+01     0.35813E-09     0.25069E-08    -0.34042E-08
     0.34587E+01     0.44940E-09     0.31458E-08    -0.42717E-08
     0.35040E+01     0.53889E-09     0.37723E-08    -0.51223E-08
     0.35606E+01     0.67623E-09     0.47337E-08    -0.64276E-08
     0.36059E+01     0.81089E-09     0.56764E-08    -0.77076E-08
     0.36513E+01     0.97237E-09     0.68068E-08    -0.92424E-08
     0.37079E+01     0.12202E-08     0.85413E-08    -0.11598E-07
     0.37532E+01     0.14631E-08     0.10242E-07    -0.13907E-07
     0.38099E+01     0.18360E-08     0.12852E-07    -0.17450E-07
     0.38552E+01     0.22015E-08     0.15411E-07    -0.20925E-07
     0.39005E+01     0.26399E-08     0.18480E-07    -0.25091E-07
     0.39572E+01     0.33126E-08     0.23189E-07    -0.31484E-07
     0.40025E+01     0.39721E-08     0.27806E-07    -0.37753E-07
     0.40591E+01     0.49842E-08     0.34891E-07    -0.47372E-07
     0.41044E+01     0.59765E-08     0.41838E-07    -0.56803E-07
     0.41611E+01     0.74992E-08     0.52497E-07    -0.71273E-07
     0.42064E+01     0.89921E-08     0.62949E-07    -0.85462E-07
     0.42517E+01     0.10782E-07     0.75481E-07    -0.10247E-06
     0.43084E+01     0.13529E-07     0.94710E-07    -0.12858E-06
     0.43537E+01     0.16222E-07     0.11356E-06    -0.15417E-06
     0.44103E+01     0.20354E-07     0.14249E-06    -0.19343E-06
     0.44557E+01     0.24405E-07     0.17085E-06    -0.23192E-06
     0.45010E+01     0.29262E-07     0.20486E-06    -0.27807E-06
     0.45576E+01     0.36713E-07     0.25703E-06    -0.34887E-06
     0.46029E+01     0.44018E-07     0.30817E-06    -0.41827E-06
     0.46596E+01     0.55225E-07     0.38664E-06    -0.52473E-06
     0.47049E+01     0.66211E-07     0.46356E-06    -0.62909E-06
     0.47502E+01     0.79381E-07     0.55578E-06    -0.75419E-06
     0.48069E+01     0.99583E-07     0.69724E-06    -0.94606E-06
     0.48522E+01     0.11938E-06     0.83590E-06    -0.11341E-05
     0.49088E+01     0.14976E-06     0.10486E-05    -0.14225E-05
     0.49542E+01     0.17952E-06     0.12570E-05    -0.17051E-05
     0.50108E+01     0.22517E-06     0.15767E-05    -0.21385E-05
     0.50561E+01     0.26991E-06     0.18901E-05    -0.25632E-05
     0.51015E+01     0.32352E-06     0.22656E-05    -0.30720E-05
     0.51581E+01     0.40572E-06     0.28414E-05    -0.38521E-05
     0.52034E+01     0.48626E-06     0.34055E-05    -0.46162E-05
     0.52601E+01     0.60974E-06     0.42705E-05    -0.57875E-05
     0.53054E+01     0.73070E-06     0.51179E-05    -0.69347E-05
     0.53507E+01     0.87560E-06     0.61332E-05    -0.83088E-05
     0.54074E+01     0.10977E-05     0.76894E-05    -0.10414E-04
     0.54527E+01     0.13152E-05     0.92135E-05    -0.12476E-04
     0.55094E+01     0.16485E-05     0.11549E-04    -0.15634E-04
     0.55547E+01     0.19749E-05     0.13837E-04    -0.18726E-04
     0.56000E+01     0.23656E-05     0.16576E-04    -0.22427E-04
     0.56567E+01     0.29643E-05     0.20772E-04    -0.28094E-04
     0.57020E+01     0.35502E-05     0.24880E-04    -0.33640E-04
     0.57587E+01     0.44476E-05     0.31172E-04    -0.42132E-04
     0.58040E+01     0.53257E-05     0.37330E-04    -0.50438E-04
     0.58607E+01     0.66703E-05     0.46760E-04    -0.63152E-04
     0.59060E+01     0.79857E-05     0.55986E-04    -0.75586E-04
     0.59513E+01     0.95598E-05     0.67028E-04    -0.90460E-04
     0.60080E+01     0.11969E-04     0.83931E-04    -0.11322E-03
     0.60533E+01     0.14325E-04     0.10046E-03    -0.13546E-03
     0.61100E+01     0.17931E-04     0.12577E-03    -0.16949E-03
     0.61553E+01     0.21456E-04     0.15051E-03    -0.20275E-03
     0.62006E+01     0.25672E-04     0.18011E-03    -0.24251E-03
     0.62573E+01     0.32121E-04     0.22539E-03    -0.30331E-03
     0.63026E+01     0.38424E-04     0.26966E-03    -0.36269E-03
     0.63592E+01     0.48059E-04     0.33734E-03    -0.45344E-03
     0.64045E+01     0.57468E-04     0.40346E-03    -0.54201E-03
     0.64611E+01     0.71842E-04     0.50449E-03    -0.67725E-03
     0.65063E+01     0.85873E-04     0.60314E-03    -0.80919E-03
     0.65514E+01     0.10263E-03     0.72098E-03    -0.96668E-03
     0.66078E+01     0.12822E-03     0.90104E-03    -0.12070E-02
     0.66529E+01     0.15320E-03     0.10769E-02    -0.14415E-02
     0.67093E+01     0.19136E-03     0.13456E-02    -0.17994E-02
     0.67543E+01     0.22861E-03     0.16081E-02    -0.21486E-02
     0.68106E+01     0.28554E-03     0.20096E-02    -0.26816E-02
     0.68556E+01     0.34115E-03     0.24021E-02    -0.32018E-02
     0.69006E+01     0.40763E-03     0.28719E-02    -0.38230E-02
     0.69568E+01     0.50936E-03     0.35915E-02    -0.47723E-02
     0.70017E+01     0.60892E-03     0.42968E-02    -0.56997E-02
     0.70579E+01     0.76154E-03     0.53799E-02    -0.71187E-02
     0.71028E+01     0.91122E-03     0.64446E-02    -0.85073E-02
     0.71589E+01     0.11414E-02     0.80858E-02    -0.10636E-01
     0.72038E+01     0.13679E-02     0.97062E-02    -0.12724E-01
     0.72599E+01     0.17177E-02     0.12219E-01    -0.15935E-01
     0.73047E+01     0.20638E-02     0.14717E-01    -0.19096E-01
     0.73608E+01     0.26020E-02     0.18623E-01    -0.23978E-01
     0.74057E+01     0.31390E-02     0.22548E-01    -0.28808E-01
     0.74505E+01     0.37960E-02     0.27387E-01    -0.34663E-01
     0.75066E+01     0.48346E-02     0.35115E-01    -0.43793E-01
     0.75515E+01     0.58914E-02     0.43076E-01    -0.52920E-01
     0.76076E+01     0.75926E-02     0.56087E-01    -0.67276E-01
     0.76525E+01     0.93597E-02     0.69853E-01    -0.81754E-01
     0.77086E+01     0.12281E-01     0.93094E-01    -0.10456E+00
     0.77536E+01     0.15425E-01     0.11855E+00    -0.12725E+00
     0.78098E+01     0.20791E-01     0.16284E+00    -0.16188E+00
     0.78548E+01     0.26605E-01     0.21167E+00    -0.19441E+00
     0.79110E+01     0.36096E-01     0.29332E+00    -0.23762E+00
     0.79561E+01     0.45085E-01     0.37355E+00    -0.26914E+00
     0.80012E+01     0.52929E-01     0.44712E+00    -0.28706E+00
     0.80576E+01     0.58321E-01     0.49815E+00    -0.28386E+00
     0.81028E+01     0.59780E-01     0.51159E+00    -0.26709E+00
     0.81593E+01     0.59856E-01     0.51233E+00    -0.23520E+00
     0.82046E+01     0.59952E-01     0.51201E+00    -0.20473E+00
     0.82613E+01     0.60174E-01     0.51199E+00    -0.15738E+00
     0.83066E+01     0.61390E-01     0.52162E+00    -0.10807E+00
     0.83520E+01     0.65769E-01     0.54756E+00    -0.29410E-01
     0.84087E+01     0.70351E-01     0.57029E+00     0.73256E-01
     0.84541E+01     0.69045E-01     0.56040E+00     0.12029E+00
     0.85108E+01     0.64890E-01     0.53555E+00     0.16336E+00
     0.85562E+01     0.61134E-01     0.51223E+00     0.18818E+00
     0.86016E+01     0.57030E-01     0.48601E+00     0.20685E+00
     0.86567E+01     0.51577E-01     0.45413E+00     0.22863E+00
     0.87075E+01     0.45913E-01     0.42521E+00     0.24602E+00
     0.87598E+01     0.39911E-01     0.39657E+00     0.26041E+00
     0.88002E+01     0.35424E-01     0.37341E+00     0.26846E+00
     0.88534E+01     0.29915E-01     0.34444E+00     0.27769E+00
     0.89101E+01     0.24314E-01     0.31420E+00     0.28579E+00
     0.89548E+01     0.20011E-01     0.29067E+00     0.28999E+00
     0.90078E+01     0.14925E-01     0.26247E+00     0.29096E+00
     0.90578E+01     0.99450E-02     0.23465E+00     0.28523E+00
     0.91006E+01     0.56963E-02     0.21044E+00     0.27621E+00
     0.91584E+01     0.28540E-03     0.17263E+00     0.26312E+00
     0.92053E+01    -0.35014E-02     0.13222E+00     0.25700E+00
     0.92587E+01    -0.71768E-02     0.75580E-01     0.25571E+00
     0.93100E+01    -0.10301E-01     0.17179E-01     0.25683E+00
     0.93609E+01    -0.13303E-01    -0.36232E-01     0.25436E+00
     0.94025E+01    -0.15978E-01    -0.69889E-01     0.24416E+00
     0.94531E+01    -0.19297E-01    -0.10254E+00     0.22226E+00
     0.95061E+01    -0.22410E-01    -0.12990E+00     0.19899E+00
     0.95511E+01    -0.24577E-01    -0.14986E+00     0.17289E+00
     0.96074E+01    -0.26566E-01    -0.16819E+00     0.13462E+00
     0.96573E+01    -0.27508E-01    -0.17876E+00     0.96442E-01
     0.97064E+01    -0.27588E-01    -0.18684E+00     0.59911E-01
     0.97503E+01    -0.27270E-01    -0.19230E+00     0.25035E-01
     0.98070E+01    -0.26378E-01    -0.19563E+00    -0.17429E-01
     0.98524E+01    -0.25412E-01    -0.19277E+00    -0.44749E-01
     0.99065E+01    -0.24271E-01    -0.18509E+00    -0.66490E-01
     0.99519E+01    -0.23359E-01    -0.17654E+00    -0.80004E-01
     0.10009E+02    -0.22307E-01    -0.16574E+00    -0.92681E-01
     0.10054E+02    -0.21308E-01    -0.15507E+00    -0.96628E-01
     0.10111E+02    -0.19821E-01    -0.14099E+00    -0.97084E-01
     0.10156E+02    -0.18599E-01    -0.12938E+00    -0.95919E-01
     0.10202E+02    -0.17426E-01    -0.11776E+00    -0.93760E-01
     0.10258E+02    -0.16032E-01    -0.10391E+00    -0.91133E-01
     0.10303E+02    -0.15018E-01    -0.93083E-01    -0.89531E-01
     0.10359E+02    -0.13866E-01    -0.79843E-01    -0.88080E-01
     0.10405E+02    -0.12965E-01    -0.69847E-01    -0.87058E-01
     0.10461E+02    -0.11777E-01    -0.59148E-01    -0.85041E-01
     0.10507E+02    -0.10743E-01    -0.52446E-01    -0.82256E-01
     0.10552E+02    -0.95642E-02    -0.47782E-01    -0.77567E-01
     0.10609E+02    -0.78481E-02    -0.43237E-01    -0.67620E-01
     0.10654E+02    -0.63795E-02    -0.39217E-01    -0.57205E-01
     0.10711E+02    -0.46807E-02    -0.32638E-01    -0.43506E-01
     0.10757E+02    -0.35825E-02    -0.25523E-01    -0.33334E-01
     0.10802E+02    -0.28614E-02    -0.17896E-01    -0.24926E-01
     0.10859E+02    -0.24779E-02    -0.10086E-01    -0.17507E-01
     0.10904E+02    -0.25081E-02    -0.59327E-02    -0.13102E-01
     0.10961E+02    -0.27871E-02    -0.29880E-02    -0.89427E-02
     0.11006E+02    -0.30420E-02    -0.21728E-02    -0.54549E-02
     0.11052E+02    -0.32334E-02    -0.27789E-02    -0.15014E-02
     0.11109E+02    -0.33207E-02    -0.51259E-02     0.39139E-02
     0.11154E+02    -0.32226E-02    -0.75934E-02     0.83270E-02
     0.11211E+02    -0.29563E-02    -0.98299E-02     0.13648E-01
     0.11256E+02    -0.26862E-02    -0.11053E-01     0.17395E-01
     0.11302E+02    -0.24211E-02    -0.11898E-01     0.20087E-01
     0.11359E+02    -0.21251E-02    -0.11945E-01     0.21514E-01
     0.11404E+02    -0.19141E-02    -0.10991E-01     0.20911E-01
     0.11461E+02    -0.17155E-02    -0.85618E-02     0.18414E-01
     0.11506E+02    -0.15804E-02    -0.66889E-02     0.16143E-01
     0.11552E+02    -0.14096E-02    -0.56932E-02     0.14114E-01
     0.11609E+02    -0.12019E-02    -0.61875E-02     0.12381E-01
     0.11654E+02    -0.10729E-02    -0.79953E-02     0.11232E-01
     0.11711E+02    -0.91873E-03    -0.11318E-01     0.93775E-02
     0.11756E+02    -0.78051E-03    -0.13796E-01     0.72615E-02
     0.11802E+02    -0.65641E-03    -0.14603E-01     0.41838E-02
     0.11859E+02    -0.56040E-03    -0.13154E-01    -0.17267E-02
     0.11904E+02    -0.62367E-03    -0.95751E-02    -0.82071E-02
     0.11961E+02    -0.80009E-03    -0.42741E-02    -0.17245E-01
     0.12006E+02    -0.96005E-03    -0.12509E-02    -0.23745E-01
     0.12051E+02    -0.10527E-02    -0.65064E-03    -0.28682E-01
     0.12108E+02    -0.11264E-02    -0.40492E-02    -0.32064E-01
     0.12154E+02    -0.10408E-02    -0.90197E-02    -0.32217E-01
     0.12210E+02    -0.10122E-02    -0.16558E-01    -0.30284E-01
     0.12256E+02    -0.11302E-02    -0.22077E-01    -0.27325E-01
     0.12301E+02    -0.13402E-02    -0.26110E-01    -0.23613E-01
     0.12358E+02    -0.16919E-02    -0.29189E-01    -0.18503E-01
     0.12404E+02    -0.19739E-02    -0.30365E-01    -0.14260E-01
     0.12460E+02    -0.22651E-02    -0.30673E-01    -0.90580E-02
     0.12506E+02    -0.24766E-02    -0.30374E-01    -0.55143E-02
     0.12551E+02    -0.27251E-02    -0.29761E-01    -0.30508E-02
     0.12608E+02    -0.30520E-02    -0.29137E-01    -0.11996E-02
     0.12654E+02    -0.33121E-02    -0.29042E-01    -0.11829E-02
     0.12711E+02    -0.35711E-02    -0.29268E-01    -0.33220E-02
     0.12756E+02    -0.37703E-02    -0.30110E-01    -0.67176E-02
     0.12802E+02    -0.40043E-02    -0.31383E-01    -0.11578E-01
     0.12858E+02    -0.41601E-02    -0.32465E-01    -0.17035E-01
     0.12904E+02    -0.39202E-02    -0.33079E-01    -0.18546E-01
     0.12961E+02    -0.32118E-02    -0.34097E-01    -0.15386E-01
     0.13006E+02    -0.26089E-02    -0.33598E-01    -0.10988E-01
     0.13052E+02    -0.21677E-02    -0.31822E-01    -0.76768E-02
     0.13109E+02    -0.19732E-02    -0.28603E-01    -0.79359E-02
     0.13154E+02    -0.20881E-02    -0.25264E-01    -0.11532E-01
     0.13211E+02    -0.24489E-02    -0.20283E-01    -0.19383E-01
     0.13257E+02    -0.27710E-02    -0.16634E-01    -0.26614E-01
     0.13302E+02    -0.30424E-02    -0.13840E-01    -0.32865E-01
     0.13359E+02    -0.31640E-02    -0.11734E-01    -0.38150E-01
     0.13404E+02    -0.31322E-02    -0.11207E-01    -0.40189E-01
     0.13461E+02    -0.30333E-02    -0.11761E-01    -0.40979E-01
     0.13507E+02    -0.28986E-02    -0.13237E-01    -0.40826E-01
     0.13552E+02    -0.27215E-02    -0.15242E-01    -0.40235E-01
     0.13609E+02    -0.24573E-02    -0.18238E-01    -0.39127E-01
     0.13655E+02    -0.22093E-02    -0.20935E-01    -0.37781E-01
     0.13701E+02    -0.18988E-02    -0.23793E-01    -0.35607E-01
     0.13758E+02    -0.13960E-02    -0.27567E-01    -0.32033E-01
     0.13804E+02    -0.90963E-03    -0.30955E-01    -0.28680E-01
     0.13862E+02    -0.15465E-03    -0.35282E-01    -0.22507E-01
     0.13908E+02     0.68753E-03    -0.38893E-01    -0.15741E-01
     0.13954E+02     0.16682E-02    -0.43733E-01    -0.83248E-02
     0.14001E+02     0.26381E-02    -0.50833E-01    -0.74804E-03
     0.14060E+02     0.34458E-02    -0.63828E-01     0.42309E-02
     0.14106E+02     0.37039E-02    -0.76294E-01     0.40895E-02
     0.14153E+02     0.38102E-02    -0.88679E-01    -0.77699E-03
     0.14212E+02     0.38708E-02    -0.10369E+00    -0.92813E-02
     0.14259E+02     0.41772E-02    -0.11544E+00    -0.15814E-01
     0.14305E+02     0.48968E-02    -0.12668E+00    -0.20338E-01
     0.14352E+02     0.59566E-02    -0.13725E+00    -0.22752E-01
     0.14411E+02     0.76105E-02    -0.15338E+00    -0.22682E-01
     0.14458E+02     0.10036E-01    -0.17834E+00    -0.16819E-01
     0.14505E+02     0.14423E-01    -0.21823E+00    -0.10427E-02
     0.14551E+02     0.19366E-01    -0.25709E+00     0.21256E-01
     0.14609E+02     0.20837E-01    -0.26861E+00     0.40028E-01
     0.14655E+02     0.20103E-01    -0.25813E+00     0.47848E-01
     0.14700E+02     0.18439E-01    -0.23831E+00     0.53547E-01
     0.14757E+02     0.16219E-01    -0.21356E+00     0.65769E-01
     0.14803E+02     0.14930E-01    -0.19922E+00     0.78501E-01
     0.14860E+02     0.13464E-01    -0.18654E+00     0.94152E-01
     0.14906E+02     0.11918E-01    -0.17849E+00     0.10386E+00
     0.14951E+02     0.10101E-01    -0.17129E+00     0.11040E+00
     0.15008E+02     0.78314E-02    -0.16285E+00     0.11402E+00
     0.15054E+02     0.60904E-02    -0.15643E+00     0.11522E+00
     0.15111E+02     0.41680E-02    -0.14981E+00     0.11368E+00
     0.15156E+02     0.27097E-02    -0.14496E+00     0.10967E+00
     0.15202E+02     0.13139E-02    -0.13918E+00     0.10373E+00
     0.15259E+02    -0.13553E-03    -0.13050E+00     0.95767E-01
     0.15305E+02    -0.94281E-03    -0.12260E+00     0.91352E-01
     0.15350E+02    -0.14267E-02    -0.11421E+00     0.88551E-01
     0.15407E+02    -0.19203E-02    -0.10313E+00     0.84409E-01
     0.15453E+02    -0.23670E-02    -0.93861E-01     0.78484E-01
     0.15510E+02    -0.31611E-02    -0.82425E-01     0.66499E-01
     0.15555E+02    -0.38790E-02    -0.73726E-01     0.54111E-01
     0.15601E+02    -0.44791E-02    -0.65661E-01     0.41411E-01
     0.15658E+02    -0.48992E-02    -0.55595E-01     0.27813E-01
     0.15703E+02    -0.49750E-02    -0.47707E-01     0.19561E-01
     0.15760E+02    -0.49749E-02    -0.38577E-01     0.12379E-01
     0.15806E+02    -0.51151E-02    -0.33853E-01     0.92113E-02
     0.15851E+02    -0.53470E-02    -0.31869E-01     0.83406E-02
     0.15908E+02    -0.57652E-02    -0.31872E-01     0.93138E-02
     0.15954E+02    -0.61183E-02    -0.33762E-01     0.11594E-01
     0.16011E+02    -0.64433E-02    -0.37148E-01     0.16191E-01
     0.16056E+02    -0.64292E-02    -0.39602E-01     0.21064E-01
     0.16102E+02    -0.62070E-02    -0.41005E-01     0.26621E-01
     0.16159E+02    -0.56897E-02    -0.42227E-01     0.33470E-01
     0.16204E+02    -0.52186E-02    -0.42350E-01     0.38214E-01
     0.16261E+02    -0.48431E-02    -0.42225E-01     0.42000E-01
     0.16307E+02    -0.47752E-02    -0.41607E-01     0.41942E-01
     0.16353E+02    -0.49637E-02    -0.41825E-01     0.38550E-01
     0.16410E+02    -0.56196E-02    -0.44094E-01     0.31117E-01
     0.16455E+02    -0.61634E-02    -0.47495E-01     0.23653E-01
     0.16501E+02    -0.65825E-02    -0.52179E-01     0.16742E-01
     0.16558E+02    -0.70487E-02    -0.58236E-01     0.94562E-02
     0.16604E+02    -0.72495E-02    -0.63362E-01     0.46910E-02
     0.16661E+02    -0.70380E-02    -0.69825E-01    -0.64309E-03
     0.16707E+02    -0.65447E-02    -0.73987E-01    -0.52457E-02
     0.16752E+02    -0.58769E-02    -0.76950E-01    -0.10176E-01
     0.16809E+02    -0.48863E-02    -0.79596E-01    -0.16845E-01
     0.16855E+02    -0.40756E-02    -0.81678E-01    -0.22953E-01
     0.16901E+02    -0.32422E-02    -0.83911E-01    -0.28523E-01
     0.16958E+02    -0.21226E-02    -0.88537E-01    -0.32067E-01
     0.17004E+02    -0.11282E-02    -0.94054E-01    -0.32072E-01
     0.17061E+02     0.34120E-03    -0.10267E+00    -0.28691E-01
     0.17107E+02     0.15271E-02    -0.11011E+00    -0.23181E-01
     0.17153E+02     0.24917E-02    -0.11766E+00    -0.17017E-01
     0.17210E+02     0.32776E-02    -0.12631E+00    -0.89863E-02
     0.17256E+02     0.36340E-02    -0.13195E+00    -0.26265E-02
     0.17302E+02     0.37694E-02    -0.13595E+00     0.31895E-02
     0.17359E+02     0.36781E-02    -0.13884E+00     0.92969E-02
     0.17405E+02     0.35055E-02    -0.13864E+00     0.13397E-01
     0.17451E+02     0.33164E-02    -0.13683E+00     0.17070E-01
     0.17508E+02     0.31228E-02    -0.13409E+00     0.21182E-01
     0.17554E+02     0.30488E-02    -0.13215E+00     0.23980E-01
     0.17611E+02     0.30845E-02    -0.13041E+00     0.26988E-01
     0.17657E+02     0.32197E-02    -0.12979E+00     0.29373E-01
     0.17703E+02     0.34175E-02    -0.13006E+00     0.31940E-01
     0.17760E+02     0.36888E-02    -0.13143E+00     0.35747E-01
     0.17806E+02     0.38551E-02    -0.13297E+00     0.38901E-01
     0.17851E+02     0.38899E-02    -0.13423E+00     0.41515E-01
     0.17908E+02     0.37558E-02    -0.13456E+00     0.44057E-01
     0.17954E+02     0.34999E-02    -0.13436E+00     0.45384E-01
     0.18011E+02     0.29839E-02    -0.13404E+00     0.46095E-01
     0.18057E+02     0.25402E-02    -0.13375E+00     0.45416E-01
     0.18102E+02     0.21522E-02    -0.13392E+00     0.43969E-01
     0.18159E+02     0.17321E-02    -0.13405E+00     0.41917E-01
     0.18205E+02     0.14432E-02    -0.13345E+00     0.40078E-01
     0.18251E+02     0.11511E-02    -0.13118E+00     0.38007E-01
     0.18308E+02     0.79502E-03    -0.12490E+00     0.35247E-01
     0.18353E+02     0.58663E-03    -0.11792E+00     0.33193E-01
     0.18410E+02     0.40587E-03    -0.10769E+00     0.31014E-01
     0.18456E+02     0.29296E-03    -0.99416E-01     0.30026E-01
     0.18501E+02     0.20764E-03    -0.91971E-01     0.30249E-01
     0.18558E+02     0.55914E-04    -0.84423E-01     0.31178E-01
     0.18603E+02    -0.11801E-03    -0.80128E-01     0.31608E-01
     0.18660E+02    -0.39605E-03    -0.76558E-01     0.31442E-01
     0.18706E+02    -0.66718E-03    -0.74169E-01     0.30706E-01
     0.18751E+02    -0.90996E-03    -0.71921E-01     0.30137E-01
     0.18808E+02    -0.11282E-02    -0.69799E-01     0.29937E-01
     0.18854E+02    -0.12275E-02    -0.68755E-01     0.29560E-01
     0.18910E+02    -0.12686E-02    -0.68253E-01     0.28507E-01
     0.18956E+02    -0.12303E-02    -0.68396E-01     0.27663E-01
     0.19001E+02    -0.11422E-02    -0.69060E-01     0.27121E-01
     0.19058E+02    -0.98910E-03    -0.70303E-01     0.26932E-01
     0.19103E+02    -0.86234E-03    -0.71308E-01     0.27087E-01
     0.19159E+02    -0.73302E-03    -0.72612E-01     0.27638E-01
     0.19205E+02    -0.64059E-03    -0.73946E-01     0.28402E-01
     0.19261E+02    -0.55337E-03    -0.76266E-01     0.29593E-01
     0.19306E+02    -0.52051E-03    -0.78588E-01     0.30585E-01
     0.19351E+02    -0.53129E-03    -0.81245E-01     0.31665E-01
     0.19408E+02    -0.59081E-03    -0.84927E-01     0.33057E-01
     0.19453E+02    -0.64453E-03    -0.88113E-01     0.34068E-01
     0.19509E+02    -0.69105E-03    -0.92207E-01     0.35011E-01
     0.19555E+02    -0.64956E-03    -0.95061E-01     0.35713E-01
     0.19611E+02    -0.35408E-03    -0.97225E-01     0.37704E-01
     0.19656E+02     0.14928E-03    -0.98328E-01     0.41499E-01
     0.19701E+02     0.90542E-03    -0.98764E-01     0.47356E-01
     0.19758E+02     0.19666E-02    -0.98518E-01     0.56324E-01
     0.19803E+02     0.26187E-02    -0.97841E-01     0.62043E-01
     0.19860E+02     0.26677E-02    -0.96556E-01     0.62530E-01
     0.19905E+02     0.21283E-02    -0.96407E-01     0.57435E-01
     0.19951E+02     0.13787E-02    -0.98209E-01     0.47164E-01
     0.20007E+02     0.49125E-03    -0.10179E+00     0.31527E-01
     0.20053E+02     0.29557E-05    -0.10554E+00     0.17608E-01
     0.20109E+02    -0.23920E-03    -0.11188E+00    -0.13424E-03
     0.20155E+02     0.62005E-04    -0.11925E+00    -0.13545E-01
     0.20200E+02     0.67127E-03    -0.12884E+00    -0.25790E-01
     0.20257E+02     0.17416E-02    -0.14287E+00    -0.40152E-01
     0.20302E+02     0.27982E-02    -0.15507E+00    -0.51086E-01
     0.20359E+02     0.42475E-02    -0.17084E+00    -0.64420E-01
     0.20404E+02     0.55043E-02    -0.18353E+00    -0.75580E-01
     0.20460E+02     0.74056E-02    -0.19958E+00    -0.90108E-01
     0.20506E+02     0.92950E-02    -0.21368E+00    -0.10280E+00
     0.20551E+02     0.11644E-01    -0.22952E+00    -0.11579E+00
     0.20607E+02     0.15337E-01    -0.25285E+00    -0.13178E+00
     0.20652E+02     0.19038E-01    -0.27424E+00    -0.14367E+00
     0.20709E+02     0.24362E-01    -0.30418E+00    -0.15777E+00
     0.20754E+02     0.29070E-01    -0.33064E+00    -0.16808E+00
     0.20810E+02     0.35341E-01    -0.36688E+00    -0.17821E+00
     0.20855E+02     0.40234E-01    -0.39435E+00    -0.18003E+00
     0.20911E+02     0.45371E-01    -0.42982E+00    -0.17809E+00
     0.20956E+02     0.48443E-01    -0.44976E+00    -0.17358E+00
     0.21001E+02     0.50800E-01    -0.46364E+00    -0.16531E+00
     0.21057E+02     0.52664E-01    -0.47284E+00    -0.14900E+00
     0.21102E+02     0.53599E-01    -0.47432E+00    -0.12994E+00
     0.21158E+02     0.54781E-01    -0.47117E+00    -0.99403E-01
     0.21203E+02     0.55436E-01    -0.46715E+00    -0.70241E-01
     0.21259E+02     0.55858E-01    -0.45921E+00    -0.30462E-01
     0.21304E+02     0.55770E-01    -0.44994E+00     0.31880E-02
     0.21360E+02     0.55613E-01    -0.43793E+00     0.48684E-01
     0.21405E+02     0.55650E-01    -0.43313E+00     0.89676E-01
     0.21450E+02     0.55536E-01    -0.42869E+00     0.13270E+00
     0.21506E+02     0.54364E-01    -0.42268E+00     0.18069E+00
     0.21551E+02     0.52879E-01    -0.41729E+00     0.21307E+00
     0.21608E+02     0.49738E-01    -0.40812E+00     0.24317E+00
     0.21653E+02     0.46300E-01    -0.39974E+00     0.25788E+00
     0.21709E+02     0.41501E-01    -0.38743E+00     0.26929E+00
     0.21754E+02     0.37376E-01    -0.37523E+00     0.27478E+00
     0.21809E+02     0.32176E-01    -0.35832E+00     0.27864E+00
     0.21854E+02     0.28021E-01    -0.34271E+00     0.28019E+00
     0.21910E+02     0.23015E-01    -0.31957E+00     0.28087E+00
     0.21955E+02     0.19112E-01    -0.29866E+00     0.27988E+00
     0.22000E+02     0.15312E-01    -0.27653E+00     0.27675E+00
     0.22057E+02     0.10709E-01    -0.24599E+00     0.26974E+00
     0.22102E+02     0.70785E-02    -0.21564E+00     0.26231E+00
     0.22158E+02     0.27135E-02    -0.16959E+00     0.25161E+00
     0.22204E+02    -0.53643E-03    -0.12869E+00     0.24201E+00
     0.22260E+02    -0.42393E-02    -0.74215E-01     0.22692E+00
     0.22306E+02    -0.68144E-02    -0.33389E-01     0.21095E+00
     0.22351E+02    -0.89298E-02     0.24809E-02     0.19178E+00
     0.22408E+02    -0.10955E-01     0.39516E-01     0.16083E+00
     0.22453E+02    -0.12254E-01     0.62196E-01     0.13003E+00
     0.22510E+02    -0.13684E-01     0.87450E-01     0.85373E-01
     0.22556E+02    -0.14567E-01     0.10278E+00     0.50614E-01
     0.22601E+02    -0.15098E-01     0.11331E+00     0.15787E-01
     0.22658E+02    -0.15307E-01     0.11527E+00    -0.19308E-01
     0.22704E+02    -0.15394E-01     0.11158E+00    -0.44642E-01
     0.22761E+02    -0.15123E-01     0.10408E+00    -0.70294E-01
     0.22807E+02    -0.14632E-01     0.95683E-01    -0.86057E-01
     0.22859E+02    -0.13857E-01     0.84863E-01    -0.10010E+00
     0.22903E+02    -0.13125E-01     0.76105E-01    -0.10933E+00
     0.22958E+02    -0.12095E-01     0.64632E-01    -0.11852E+00
     0.23004E+02    -0.11173E-01     0.54529E-01    -0.12431E+00
     0.23061E+02    -0.98246E-02     0.41138E-01    -0.12886E+00
     0.23107E+02    -0.85926E-02     0.30057E-01    -0.12961E+00
     0.23152E+02    -0.72720E-02     0.19500E-01    -0.12871E+00
     0.23209E+02    -0.55569E-02     0.70095E-02    -0.12468E+00
     0.23255E+02    -0.41285E-02    -0.27877E-02    -0.11793E+00
     0.23301E+02    -0.26589E-02    -0.11839E-01    -0.10871E+00
     0.23358E+02    -0.83864E-03    -0.20678E-01    -0.94211E-01
     0.23404E+02     0.54405E-03    -0.25954E-01    -0.80846E-01
     0.23461E+02     0.20503E-02    -0.31771E-01    -0.63855E-01
     0.23507E+02     0.29854E-02    -0.37357E-01    -0.51732E-01
     0.23553E+02     0.35888E-02    -0.44621E-01    -0.42399E-01
     0.23610E+02     0.39802E-02    -0.56061E-01    -0.35114E-01
     0.23656E+02     0.42212E-02    -0.66062E-01    -0.30269E-01
     0.23702E+02     0.44990E-02    -0.76203E-01    -0.24382E-01
     0.23760E+02     0.49291E-02    -0.88058E-01    -0.13527E-01
     0.23805E+02     0.53326E-02    -0.95485E-01    -0.23087E-02
     0.23850E+02     0.56956E-02    -0.10122E+00     0.10892E-01
     0.23908E+02     0.59464E-02    -0.10682E+00     0.28182E-01
     0.23954E+02     0.58372E-02    -0.11068E+00     0.42609E-01
     0.24010E+02     0.54532E-02    -0.11561E+00     0.61689E-01
     0.24056E+02     0.50542E-02    -0.11870E+00     0.78671E-01
     0.24100E+02     0.46039E-02    -0.12009E+00     0.96467E-01
     0.24157E+02     0.38818E-02    -0.11810E+00     0.11941E+00
     0.24211E+02     0.28543E-02    -0.11014E+00     0.13764E+00
     0.24257E+02     0.16530E-02    -0.97136E-01     0.14687E+00
     0.24303E+02     0.22199E-03    -0.80096E-01     0.15055E+00
     0.24360E+02    -0.17476E-02    -0.57241E-01     0.14948E+00
     0.24406E+02    -0.31321E-02    -0.39692E-01     0.14652E+00
     0.24452E+02    -0.41409E-02    -0.23725E-01     0.14322E+00
     0.24509E+02    -0.48762E-02    -0.25432E-02     0.14039E+00
     0.24555E+02    -0.55504E-02     0.16403E-01     0.13698E+00
     0.24601E+02    -0.65077E-02     0.29776E-01     0.13038E+00
     0.24658E+02    -0.79017E-02     0.39470E-01     0.11832E+00
     0.24704E+02    -0.88499E-02     0.46167E-01     0.10694E+00
     0.24761E+02    -0.96460E-02     0.52973E-01     0.92987E-01
     0.24807E+02    -0.99590E-02     0.56317E-01     0.83231E-01
     0.24853E+02    -0.10176E-01     0.57154E-01     0.75444E-01
     0.24911E+02    -0.10386E-01     0.54396E-01     0.68937E-01
     0.24957E+02    -0.10537E-01     0.50039E-01     0.65552E-01
     0.25002E+02    -0.10731E-01     0.44907E-01     0.62753E-01
