     0.11273E-01     0.37925E-14     0.24316E-13    -0.52415E-15
     0.56772E-01     0.39810E-14     0.28022E-13    -0.82847E-15
     0.10226E+00     0.42028E-14     0.31989E-13    -0.14826E-14
     0.15908E+00     0.45391E-14     0.37387E-13    -0.28841E-14
     0.20451E+00     0.48667E-14     0.42130E-13    -0.45611E-14
     0.26127E+00     0.53684E-14     0.48713E-13    -0.74999E-14
     0.30666E+00     0.58607E-14     0.54618E-13    -0.10660E-13
     0.35204E+00     0.64526E-14     0.61217E-13    -0.14684E-13
     0.40877E+00     0.73648E-14     0.70663E-13    -0.21176E-13
     0.45415E+00     0.82645E-14     0.79396E-13    -0.27778E-13
     0.51088E+00     0.96543E-14     0.92142E-13    -0.38176E-13
     0.55626E+00     0.11026E-13     0.10414E-12    -0.48563E-13
     0.60166E+00     0.12681E-13     0.11809E-12    -0.61163E-13
     0.65840E+00     0.15236E-13     0.13892E-12    -0.80675E-13
     0.70379E+00     0.17754E-13     0.15890E-12    -0.99920E-13
     0.76053E+00     0.21631E-13     0.18904E-12    -0.12956E-12
     0.80593E+00     0.25444E-13     0.21820E-12    -0.15867E-12
     0.85132E+00     0.30024E-13     0.25283E-12    -0.19360E-12
     0.90806E+00     0.37059E-13     0.30554E-12    -0.24720E-12
     0.95344E+00     0.43961E-13     0.35690E-12    -0.29972E-12
     0.10102E+01     0.54552E-13     0.43531E-12    -0.38025E-12
     0.10556E+01     0.64937E-13     0.51192E-12    -0.45914E-12
     0.11009E+01     0.77387E-13     0.60354E-12    -0.55364E-12
     0.11577E+01     0.96489E-13     0.74385E-12    -0.69853E-12
     0.12030E+01     0.11522E-12     0.88123E-12    -0.84050E-12
     0.12598E+01     0.14397E-12     0.10918E-11    -0.10582E-11
     0.13051E+01     0.17216E-12     0.12982E-11    -0.12717E-11
     0.13505E+01     0.20597E-12     0.15457E-11    -0.15275E-11
     0.14072E+01     0.25788E-12     0.19254E-11    -0.19202E-11
     0.14526E+01     0.30880E-12     0.22977E-11    -0.23052E-11
     0.15093E+01     0.38697E-12     0.28693E-11    -0.28962E-11
     0.15546E+01     0.46365E-12     0.34300E-11    -0.34757E-11
     0.16113E+01     0.58137E-12     0.42907E-11    -0.43653E-11
     0.16567E+01     0.69686E-12     0.51351E-11    -0.52378E-11
     0.17020E+01     0.83540E-12     0.61481E-11    -0.62842E-11
     0.17587E+01     0.10481E-11     0.77034E-11    -0.78906E-11
     0.18041E+01     0.12567E-11     0.92292E-11    -0.94661E-11
     0.18608E+01     0.15770E-11     0.11572E-10    -0.11885E-10
     0.19061E+01     0.18911E-11     0.13870E-10    -0.14257E-10
     0.19515E+01     0.22679E-11     0.16626E-10    -0.17102E-10
     0.20082E+01     0.28464E-11     0.20858E-10    -0.21469E-10
     0.20535E+01     0.34137E-11     0.25009E-10    -0.25752E-10
     0.21102E+01     0.42845E-11     0.31382E-10    -0.32326E-10
     0.21555E+01     0.51386E-11     0.37632E-10    -0.38773E-10
     0.22009E+01     0.61630E-11     0.45129E-10    -0.46505E-10
     0.22575E+01     0.77352E-11     0.56636E-10    -0.58372E-10
     0.23029E+01     0.92772E-11     0.67922E-10    -0.70010E-10
     0.23595E+01     0.11644E-10     0.85244E-10    -0.87869E-10
     0.24049E+01     0.13964E-10     0.10223E-09    -0.10538E-09
     0.24502E+01     0.16748E-10     0.12261E-09    -0.12639E-09
     0.25069E+01     0.21019E-10     0.15388E-09    -0.15862E-09
     0.25522E+01     0.25208E-10     0.18454E-09    -0.19023E-09
     0.26089E+01     0.31636E-10     0.23160E-09    -0.23873E-09
     0.26542E+01     0.37940E-10     0.27775E-09    -0.28629E-09
     0.27108E+01     0.47614E-10     0.34857E-09    -0.35928E-09
     0.27562E+01     0.57100E-10     0.41802E-09    -0.43085E-09
     0.28015E+01     0.68476E-10     0.50131E-09    -0.51668E-09
     0.28582E+01     0.85934E-10     0.62912E-09    -0.64838E-09
     0.29035E+01     0.10305E-09     0.75445E-09    -0.77753E-09
     0.29601E+01     0.12932E-09     0.94678E-09    -0.97572E-09
     0.30055E+01     0.15508E-09     0.11354E-08    -0.11701E-08
     0.30508E+01     0.18597E-09     0.13615E-08    -0.14031E-08
     0.31074E+01     0.23337E-09     0.17086E-08    -0.17607E-08
     0.31528E+01     0.27985E-09     0.20489E-08    -0.21113E-08
     0.32094E+01     0.35118E-09     0.25711E-08    -0.26494E-08
     0.32547E+01     0.42112E-09     0.30832E-08    -0.31770E-08
     0.33000E+01     0.50499E-09     0.36972E-08    -0.38097E-08
     0.33567E+01     0.63369E-09     0.46395E-08    -0.47806E-08
     0.34020E+01     0.75989E-09     0.55635E-08    -0.57326E-08
     0.34587E+01     0.95354E-09     0.69813E-08    -0.71934E-08
     0.35040E+01     0.11434E-08     0.83716E-08    -0.86258E-08
     0.35606E+01     0.14348E-08     0.10505E-07    -0.10824E-07
     0.36059E+01     0.17205E-08     0.12597E-07    -0.12979E-07
     0.36513E+01     0.20631E-08     0.15105E-07    -0.15564E-07
     0.37079E+01     0.25888E-08     0.18954E-07    -0.19529E-07
     0.37532E+01     0.31043E-08     0.22728E-07    -0.23418E-07
     0.38099E+01     0.38953E-08     0.28520E-07    -0.29384E-07
     0.38552E+01     0.46709E-08     0.34198E-07    -0.35235E-07
     0.39005E+01     0.56008E-08     0.41007E-07    -0.42249E-07
     0.39572E+01     0.70278E-08     0.51455E-07    -0.53013E-07
     0.40025E+01     0.84270E-08     0.61699E-07    -0.63566E-07
     0.40591E+01     0.10574E-07     0.77418E-07    -0.79759E-07
     0.41044E+01     0.12679E-07     0.92830E-07    -0.95635E-07
     0.41611E+01     0.15908E-07     0.11648E-06    -0.11999E-06
     0.42064E+01     0.19075E-07     0.13966E-06    -0.14388E-06
     0.42517E+01     0.22871E-07     0.16746E-06    -0.17251E-06
     0.43084E+01     0.28696E-07     0.21011E-06    -0.21643E-06
     0.43537E+01     0.34407E-07     0.25192E-06    -0.25950E-06
     0.44103E+01     0.43167E-07     0.31607E-06    -0.32556E-06
     0.44557E+01     0.51756E-07     0.37896E-06    -0.39032E-06
     0.45010E+01     0.62052E-07     0.45435E-06    -0.46795E-06
     0.45576E+01     0.77846E-07     0.57001E-06    -0.58703E-06
     0.46029E+01     0.93328E-07     0.68338E-06    -0.70374E-06
     0.46596E+01     0.11708E-06     0.85728E-06    -0.88276E-06
     0.47049E+01     0.14035E-06     0.10277E-05    -0.10582E-05
     0.47502E+01     0.16825E-06     0.12320E-05    -0.12685E-05
     0.48069E+01     0.21104E-06     0.15454E-05    -0.15909E-05
     0.48522E+01     0.25297E-06     0.18524E-05    -0.19068E-05
     0.49088E+01     0.31726E-06     0.23233E-05    -0.23912E-05
     0.49542E+01     0.38026E-06     0.27847E-05    -0.28658E-05
     0.50108E+01     0.47685E-06     0.34922E-05    -0.35933E-05
     0.50561E+01     0.57148E-06     0.41853E-05    -0.43059E-05
     0.51015E+01     0.68485E-06     0.50157E-05    -0.51595E-05
     0.51581E+01     0.85864E-06     0.62887E-05    -0.64678E-05
     0.52034E+01     0.10288E-05     0.75356E-05    -0.77488E-05
     0.52601E+01     0.12897E-05     0.94465E-05    -0.97117E-05
     0.53054E+01     0.15451E-05     0.11318E-04    -0.11633E-04
     0.53507E+01     0.18510E-05     0.13559E-04    -0.13934E-04
     0.54074E+01     0.23196E-05     0.16993E-04    -0.17458E-04
     0.54527E+01     0.27784E-05     0.20354E-04    -0.20907E-04
     0.55094E+01     0.34811E-05     0.25503E-04    -0.26188E-04
     0.55547E+01     0.41687E-05     0.30542E-04    -0.31356E-04
     0.56000E+01     0.49918E-05     0.36575E-04    -0.37539E-04
     0.56567E+01     0.62521E-05     0.45811E-04    -0.47003E-04
     0.57020E+01     0.74850E-05     0.54848E-04    -0.56259E-04
     0.57587E+01     0.93723E-05     0.68683E-04    -0.70423E-04
     0.58040E+01     0.11218E-04     0.82215E-04    -0.84271E-04
     0.58607E+01     0.14043E-04     0.10293E-03    -0.10546E-03
     0.59060E+01     0.16805E-04     0.12318E-03    -0.12617E-03
     0.59513E+01     0.20109E-04     0.14740E-03    -0.15092E-03
     0.60080E+01     0.25163E-04     0.18447E-03    -0.18879E-03
     0.60533E+01     0.30103E-04     0.22070E-03    -0.22578E-03
     0.61100E+01     0.37659E-04     0.27613E-03    -0.28235E-03
     0.61553E+01     0.45043E-04     0.33030E-03    -0.33760E-03
     0.62006E+01     0.53871E-04     0.39507E-03    -0.40363E-03
     0.62573E+01     0.67368E-04     0.49412E-03    -0.50454E-03
     0.63026E+01     0.80555E-04     0.59091E-03    -0.60307E-03
     0.63592E+01     0.10071E-03     0.73886E-03    -0.75357E-03
     0.64045E+01     0.12038E-03     0.88332E-03    -0.90042E-03
     0.64611E+01     0.15043E-03     0.11040E-02    -0.11246E-02
     0.65063E+01     0.17976E-03     0.13195E-02    -0.13432E-02
     0.65514E+01     0.21478E-03     0.15769E-02    -0.16040E-02
     0.66078E+01     0.26828E-03     0.19703E-02    -0.20021E-02
     0.66529E+01     0.32050E-03     0.23545E-02    -0.23904E-02
     0.67093E+01     0.40030E-03     0.29420E-02    -0.29829E-02
     0.67543E+01     0.47825E-03     0.35162E-02    -0.35609E-02
     0.68106E+01     0.59745E-03     0.43951E-02    -0.44432E-02
     0.68556E+01     0.71400E-03     0.52555E-02    -0.53043E-02
     0.69006E+01     0.85348E-03     0.62863E-02    -0.63326E-02
     0.69568E+01     0.10673E-02     0.78685E-02    -0.79041E-02
     0.70017E+01     0.12768E-02     0.94225E-02    -0.94395E-02
     0.70579E+01     0.15989E-02     0.11816E-01    -0.11789E-01
     0.71028E+01     0.19156E-02     0.14176E-01    -0.14087E-01
     0.71589E+01     0.24042E-02     0.17829E-01    -0.17610E-01
     0.72038E+01     0.28870E-02     0.21453E-01    -0.21063E-01
     0.72599E+01     0.36363E-02     0.27103E-01    -0.26365E-01
     0.73047E+01     0.43817E-02     0.32755E-01    -0.31574E-01
     0.73608E+01     0.55480E-02     0.41656E-01    -0.39585E-01
     0.74057E+01     0.67192E-02     0.50661E-01    -0.47460E-01
     0.74505E+01     0.81611E-02     0.61831E-01    -0.56918E-01
     0.75066E+01     0.10454E-01     0.79759E-01    -0.71414E-01
     0.75515E+01     0.12794E-01     0.98242E-01    -0.85523E-01
     0.76076E+01     0.16554E-01     0.12820E+00    -0.10671E+00
     0.76525E+01     0.20414E-01     0.15920E+00    -0.12659E+00
     0.77086E+01     0.26558E-01     0.20870E+00    -0.15431E+00
     0.77536E+01     0.32644E-01     0.25762E+00    -0.17705E+00
     0.78098E+01     0.41479E-01     0.32793E+00    -0.20146E+00
     0.78548E+01     0.48735E-01     0.38493E+00    -0.21360E+00
     0.79110E+01     0.56198E-01     0.44567E+00    -0.21489E+00
     0.79561E+01     0.59325E-01     0.47589E+00    -0.20821E+00
     0.80012E+01     0.60048E-01     0.48126E+00    -0.19472E+00
     0.80576E+01     0.59482E-01     0.47667E+00    -0.17176E+00
     0.81028E+01     0.58539E-01     0.46964E+00    -0.14876E+00
     0.81593E+01     0.57351E-01     0.46049E+00    -0.11625E+00
     0.82046E+01     0.56547E-01     0.45389E+00    -0.86953E-01
     0.82613E+01     0.55860E-01     0.44620E+00    -0.41543E-01
     0.83066E+01     0.56388E-01     0.44783E+00    -0.24258E-02
     0.83520E+01     0.58578E-01     0.45351E+00     0.61365E-01
     0.84087E+01     0.61575E-01     0.45729E+00     0.14837E+00
     0.84541E+01     0.61149E-01     0.44514E+00     0.19065E+00
     0.85108E+01     0.57704E-01     0.42586E+00     0.22513E+00
     0.85562E+01     0.53453E-01     0.40406E+00     0.24780E+00
     0.86016E+01     0.48509E-01     0.38296E+00     0.26401E+00
     0.86567E+01     0.42505E-01     0.35637E+00     0.27713E+00
     0.87075E+01     0.37196E-01     0.33108E+00     0.28501E+00
     0.87598E+01     0.31972E-01     0.30546E+00     0.28945E+00
     0.88002E+01     0.28115E-01     0.28583E+00     0.29101E+00
     0.88534E+01     0.23221E-01     0.26034E+00     0.29104E+00
     0.89101E+01     0.18184E-01     0.23439E+00     0.28840E+00
     0.89548E+01     0.14350E-01     0.21551E+00     0.28442E+00
     0.90078E+01     0.99266E-02     0.19515E+00     0.27669E+00
     0.90578E+01     0.58851E-02     0.17745E+00     0.26613E+00
     0.91006E+01     0.25746E-02     0.16226E+00     0.25464E+00
     0.91584E+01    -0.16599E-02     0.14098E+00     0.23524E+00
     0.92053E+01    -0.50196E-02     0.12237E+00     0.21574E+00
     0.92587E+01    -0.88239E-02     0.97906E-01     0.18979E+00
     0.93100E+01    -0.12302E-01     0.71110E-01     0.16239E+00
     0.93609E+01    -0.15223E-01     0.42972E-01     0.13573E+00
     0.94025E+01    -0.17063E-01     0.20144E-01     0.11536E+00
     0.94531E+01    -0.18689E-01    -0.70288E-02     0.92937E-01
     0.95061E+01    -0.19829E-01    -0.33284E-01     0.70963E-01
     0.95511E+01    -0.20508E-01    -0.51051E-01     0.52438E-01
     0.96074E+01    -0.21234E-01    -0.66323E-01     0.27422E-01
     0.96573E+01    -0.21829E-01    -0.73265E-01     0.54688E-02
     0.97064E+01    -0.22288E-01    -0.75712E-01    -0.15541E-01
     0.97503E+01    -0.22581E-01    -0.75659E-01    -0.33397E-01
     0.98070E+01    -0.22791E-01    -0.73749E-01    -0.54928E-01
     0.98524E+01    -0.22744E-01    -0.71203E-01    -0.69996E-01
     0.99065E+01    -0.22368E-01    -0.67658E-01    -0.84378E-01
     0.99519E+01    -0.21777E-01    -0.64465E-01    -0.93286E-01
     0.10009E+02    -0.20760E-01    -0.60500E-01    -0.10095E+00
     0.10054E+02    -0.19831E-01    -0.57381E-01    -0.10462E+00
     0.10111E+02    -0.18543E-01    -0.52909E-01    -0.10643E+00
     0.10156E+02    -0.17455E-01    -0.48592E-01    -0.10582E+00
     0.10202E+02    -0.16380E-01    -0.43919E-01    -0.10378E+00
     0.10258E+02    -0.15072E-01    -0.37851E-01    -0.99576E-01
     0.10303E+02    -0.14070E-01    -0.32766E-01    -0.95107E-01
     0.10359E+02    -0.12825E-01    -0.25884E-01    -0.88277E-01
     0.10405E+02    -0.11826E-01    -0.20014E-01    -0.81834E-01
     0.10461E+02    -0.10610E-01    -0.12610E-01    -0.73311E-01
     0.10507E+02    -0.96883E-02    -0.68459E-02    -0.66512E-01
     0.10552E+02    -0.88127E-02    -0.13323E-02    -0.59837E-01
     0.10609E+02    -0.77600E-02     0.51183E-02    -0.51763E-01
     0.10654E+02    -0.69291E-02     0.96578E-02    -0.45479E-01
     0.10711E+02    -0.59373E-02     0.13853E-01    -0.37891E-01
     0.10757E+02    -0.52658E-02     0.15271E-01    -0.32062E-01
     0.10802E+02    -0.46975E-02     0.14951E-01    -0.26328E-01
     0.10859E+02    -0.40322E-02     0.12317E-01    -0.19586E-01
     0.10904E+02    -0.36829E-02     0.92102E-02    -0.14999E-01
     0.10961E+02    -0.34155E-02     0.56503E-02    -0.10493E-01
     0.11006E+02    -0.33137E-02     0.41520E-02    -0.80629E-02
     0.11052E+02    -0.32997E-02     0.42840E-02    -0.65285E-02
     0.11109E+02    -0.33298E-02     0.65140E-02    -0.53162E-02
     0.11154E+02    -0.33260E-02     0.94224E-02    -0.45767E-02
     0.11211E+02    -0.31664E-02     0.13797E-01    -0.31742E-02
     0.11256E+02    -0.28986E-02     0.17377E-01    -0.10352E-02
     0.11302E+02    -0.24874E-02     0.20526E-01     0.17654E-02
     0.11359E+02    -0.18707E-02     0.23492E-01     0.57533E-02
     0.11404E+02    -0.14098E-02     0.24969E-01     0.87281E-02
     0.11461E+02    -0.97639E-03     0.25921E-01     0.11590E-01
     0.11506E+02    -0.77078E-03     0.26361E-01     0.12817E-01
     0.11552E+02    -0.63520E-03     0.26944E-01     0.13531E-01
     0.11609E+02    -0.49314E-03     0.28253E-01     0.13762E-01
     0.11654E+02    -0.38031E-03     0.30189E-01     0.13887E-01
     0.11711E+02    -0.18171E-03     0.33831E-01     0.14459E-01
     0.11756E+02     0.35967E-05     0.37283E-01     0.15317E-01
     0.11802E+02     0.16298E-03     0.40246E-01     0.16364E-01
     0.11859E+02     0.25285E-03     0.42188E-01     0.17396E-01
     0.11904E+02     0.16112E-03     0.41739E-01     0.17790E-01
     0.11961E+02    -0.15820E-03     0.38859E-01     0.17609E-01
     0.12006E+02    -0.58513E-03     0.35178E-01     0.16795E-01
     0.12051E+02    -0.10798E-02     0.30891E-01     0.15692E-01
     0.12108E+02    -0.16594E-02     0.25525E-01     0.14090E-01
     0.12154E+02    -0.20912E-02     0.22166E-01     0.12635E-01
     0.12210E+02    -0.25664E-02     0.19598E-01     0.10700E-01
     0.12256E+02    -0.28440E-02     0.18582E-01     0.93207E-02
     0.12301E+02    -0.29944E-02     0.17709E-01     0.82949E-02
     0.12358E+02    -0.30888E-02     0.16481E-01     0.74755E-02
     0.12404E+02    -0.30938E-02     0.14958E-01     0.74800E-02
     0.12460E+02    -0.29871E-02     0.12659E-01     0.87019E-02
     0.12506E+02    -0.28832E-02     0.10810E-01     0.10157E-01
     0.12551E+02    -0.28431E-02     0.93805E-02     0.11616E-01
     0.12608E+02    -0.28647E-02     0.86630E-02     0.13053E-01
     0.12654E+02    -0.29577E-02     0.88503E-02     0.13453E-01
     0.12711E+02    -0.30917E-02     0.10217E-01     0.12742E-01
     0.12756E+02    -0.31679E-02     0.12004E-01     0.11200E-01
     0.12802E+02    -0.31971E-02     0.14243E-01     0.91452E-02
     0.12858E+02    -0.31202E-02     0.17180E-01     0.62478E-02
     0.12904E+02    -0.29544E-02     0.19426E-01     0.37834E-02
     0.12961E+02    -0.26227E-02     0.22144E-01     0.73200E-03
     0.13006E+02    -0.23493E-02     0.23857E-01    -0.17936E-02
     0.13052E+02    -0.21580E-02     0.24647E-01    -0.44948E-02
     0.13109E+02    -0.20344E-02     0.23980E-01    -0.77580E-02
     0.13154E+02    -0.20494E-02     0.21881E-01    -0.98362E-02
     0.13211E+02    -0.20119E-02     0.17861E-01    -0.11192E-01
     0.13257E+02    -0.19312E-02     0.14182E-01    -0.11524E-01
     0.13302E+02    -0.18958E-02     0.10706E-01    -0.11358E-01
     0.13359E+02    -0.19756E-02     0.74450E-02    -0.11238E-01
     0.13404E+02    -0.21834E-02     0.59948E-02    -0.11818E-01
     0.13461E+02    -0.25748E-02     0.50906E-02    -0.13576E-01
     0.13507E+02    -0.28852E-02     0.51758E-02    -0.15331E-01
     0.13552E+02    -0.31182E-02     0.52357E-02    -0.17028E-01
     0.13609E+02    -0.32620E-02     0.48765E-02    -0.18520E-01
     0.13655E+02    -0.31963E-02     0.43070E-02    -0.18951E-01
     0.13701E+02    -0.29407E-02     0.35149E-02    -0.18935E-01
     0.13758E+02    -0.24052E-02     0.18729E-02    -0.18509E-01
     0.13804E+02    -0.18867E-02     0.10272E-03    -0.18050E-01
     0.13862E+02    -0.12730E-02    -0.25048E-02    -0.17984E-01
     0.13908E+02    -0.81589E-03    -0.49528E-02    -0.18414E-01
     0.13954E+02    -0.39332E-03    -0.78616E-02    -0.19568E-01
     0.14001E+02    -0.18244E-04    -0.11415E-01    -0.20926E-01
     0.14060E+02     0.52296E-03    -0.16999E-01    -0.22952E-01
     0.14106E+02     0.10632E-02    -0.22322E-01    -0.24855E-01
     0.14153E+02     0.17098E-02    -0.28493E-01    -0.26989E-01
     0.14212E+02     0.26135E-02    -0.37114E-01    -0.29926E-01
     0.14259E+02     0.33511E-02    -0.44174E-01    -0.32465E-01
     0.14305E+02     0.41218E-02    -0.51222E-01    -0.34967E-01
     0.14352E+02     0.49295E-02    -0.58358E-01    -0.37287E-01
     0.14411E+02     0.59929E-02    -0.68167E-01    -0.39743E-01
     0.14458E+02     0.68966E-02    -0.76658E-01    -0.41025E-01
     0.14505E+02     0.78829E-02    -0.86123E-01    -0.41159E-01
     0.14551E+02     0.89930E-02    -0.97793E-01    -0.40028E-01
     0.14609E+02     0.10720E-01    -0.11838E+00    -0.36003E-01
     0.14655E+02     0.12816E-01    -0.14209E+00    -0.28687E-01
     0.14700E+02     0.15769E-01    -0.17097E+00    -0.16175E-01
     0.14757E+02     0.18532E-01    -0.19897E+00     0.20877E-02
     0.14803E+02     0.18038E-01    -0.20403E+00     0.12251E-01
     0.14860E+02     0.16187E-01    -0.19670E+00     0.21472E-01
     0.14906E+02     0.13720E-01    -0.18301E+00     0.26975E-01
     0.14951E+02     0.11408E-01    -0.16720E+00     0.33278E-01
     0.15008E+02     0.93970E-02    -0.15027E+00     0.46298E-01
     0.15054E+02     0.84982E-02    -0.14040E+00     0.58540E-01
     0.15111E+02     0.76001E-02    -0.13015E+00     0.72200E-01
     0.15156E+02     0.66873E-02    -0.12127E+00     0.79426E-01
     0.15202E+02     0.55124E-02    -0.11099E+00     0.83063E-01
     0.15259E+02     0.40717E-02    -0.97145E-01     0.84376E-01
     0.15305E+02     0.32209E-02    -0.85887E-01     0.84693E-01
     0.15350E+02     0.26882E-02    -0.74757E-01     0.85362E-01
     0.15407E+02     0.23397E-02    -0.61380E-01     0.85826E-01
     0.15453E+02     0.21930E-02    -0.50920E-01     0.86036E-01
     0.15510E+02     0.19822E-02    -0.38725E-01     0.85574E-01
     0.15555E+02     0.16762E-02    -0.30365E-01     0.83878E-01
     0.15601E+02     0.99485E-03    -0.23603E-01     0.80401E-01
     0.15658E+02    -0.42184E-03    -0.18096E-01     0.73325E-01
     0.15703E+02    -0.18422E-02    -0.15666E-01     0.65598E-01
     0.15760E+02    -0.35858E-02    -0.13907E-01     0.55529E-01
     0.15806E+02    -0.47458E-02    -0.12381E-01     0.48696E-01
     0.15851E+02    -0.56093E-02    -0.10153E-01     0.43761E-01
     0.15908E+02    -0.62143E-02    -0.63939E-02     0.40773E-01
     0.15954E+02    -0.63714E-02    -0.29401E-02     0.40062E-01
     0.16011E+02    -0.63934E-02     0.13214E-02     0.40342E-01
     0.16056E+02    -0.63798E-02     0.39864E-02     0.40865E-01
     0.16102E+02    -0.63798E-02     0.52462E-02     0.41402E-01
     0.16159E+02    -0.63558E-02     0.40671E-02     0.42003E-01
     0.16204E+02    -0.63119E-02     0.93834E-03     0.41915E-01
     0.16261E+02    -0.63229E-02    -0.52949E-02     0.40355E-01
     0.16307E+02    -0.63279E-02    -0.11271E-01     0.38039E-01
     0.16353E+02    -0.63605E-02    -0.17637E-01     0.34340E-01
     0.16410E+02    -0.64117E-02    -0.25387E-01     0.27843E-01
     0.16455E+02    -0.63974E-02    -0.30592E-01     0.22176E-01
     0.16501E+02    -0.63039E-02    -0.33985E-01     0.16633E-01
     0.16558E+02    -0.60229E-02    -0.35069E-01     0.10401E-01
     0.16604E+02    -0.56895E-02    -0.33675E-01     0.61064E-02
     0.16661E+02    -0.51997E-02    -0.29990E-01     0.16095E-02
     0.16707E+02    -0.47520E-02    -0.25946E-01    -0.11777E-02
     0.16752E+02    -0.42399E-02    -0.21641E-01    -0.30761E-02
     0.16809E+02    -0.35109E-02    -0.17249E-01    -0.41130E-02
     0.16855E+02    -0.29561E-02    -0.15397E-01    -0.46264E-02
     0.16901E+02    -0.25548E-02    -0.15661E-01    -0.53921E-02
     0.16958E+02    -0.21765E-02    -0.18901E-01    -0.67090E-02
     0.17004E+02    -0.20767E-02    -0.23446E-01    -0.82646E-02
     0.17061E+02    -0.20561E-02    -0.31022E-01    -0.10530E-01
     0.17107E+02    -0.19644E-02    -0.37839E-01    -0.12018E-01
     0.17153E+02    -0.16582E-02    -0.44784E-01    -0.12455E-01
     0.17210E+02    -0.10125E-02    -0.53329E-01    -0.11411E-01
     0.17256E+02    -0.25827E-03    -0.59992E-01    -0.88829E-02
     0.17302E+02     0.67581E-03    -0.66519E-01    -0.51387E-02
     0.17359E+02     0.19645E-02    -0.74406E-01     0.31559E-03
     0.17405E+02     0.29154E-02    -0.80115E-01     0.45292E-02
     0.17451E+02     0.35558E-02    -0.84666E-01     0.77431E-02
     0.17508E+02     0.37820E-02    -0.87941E-01     0.98540E-02
     0.17554E+02     0.37391E-02    -0.89438E-01     0.10644E-01
     0.17611E+02     0.34510E-02    -0.90414E-01     0.11784E-01
     0.17657E+02     0.31877E-02    -0.90796E-01     0.13099E-01
     0.17703E+02     0.30100E-02    -0.90852E-01     0.15253E-01
     0.17760E+02     0.29217E-02    -0.90482E-01     0.19365E-01
     0.17806E+02     0.29805E-02    -0.89793E-01     0.23380E-01
     0.17851E+02     0.31950E-02    -0.88611E-01     0.27906E-01
     0.17908E+02     0.36060E-02    -0.86543E-01     0.33682E-01
     0.17954E+02     0.39607E-02    -0.84567E-01     0.37418E-01
     0.18011E+02     0.42094E-02    -0.81561E-01     0.40195E-01
     0.18057E+02     0.42502E-02    -0.78591E-01     0.41177E-01
     0.18102E+02     0.42014E-02    -0.75410E-01     0.40834E-01
     0.18159E+02     0.38706E-02    -0.72042E-01     0.39413E-01
     0.18205E+02     0.34107E-02    -0.69950E-01     0.38119E-01
     0.18251E+02     0.28859E-02    -0.68271E-01     0.37030E-01
     0.18308E+02     0.23648E-02    -0.66601E-01     0.36766E-01
     0.18353E+02     0.20897E-02    -0.65451E-01     0.37439E-01
     0.18410E+02     0.18549E-02    -0.63580E-01     0.39458E-01
     0.18456E+02     0.17553E-02    -0.61591E-01     0.41350E-01
     0.18501E+02     0.16525E-02    -0.59137E-01     0.43015E-01
     0.18558E+02     0.14026E-02    -0.55405E-01     0.44073E-01
     0.18603E+02     0.10835E-02    -0.52066E-01     0.44089E-01
     0.18660E+02     0.59484E-03    -0.47925E-01     0.42990E-01
     0.18706E+02     0.21376E-03    -0.45028E-01     0.41379E-01
     0.18751E+02    -0.66894E-04    -0.42668E-01     0.39357E-01
     0.18808E+02    -0.28985E-03    -0.40553E-01     0.36841E-01
     0.18854E+02    -0.41130E-03    -0.39485E-01     0.34963E-01
     0.18910E+02    -0.53525E-03    -0.38594E-01     0.32882E-01
     0.18956E+02    -0.65059E-03    -0.38043E-01     0.31576E-01
     0.19001E+02    -0.77870E-03    -0.37724E-01     0.30571E-01
     0.19058E+02    -0.94614E-03    -0.37783E-01     0.29617E-01
     0.19103E+02    -0.10692E-02    -0.38311E-01     0.29113E-01
     0.19159E+02    -0.12194E-02    -0.39741E-01     0.28754E-01
     0.19205E+02    -0.13337E-02    -0.41484E-01     0.28556E-01
     0.19261E+02    -0.14564E-02    -0.44251E-01     0.28416E-01
     0.19306E+02    -0.15096E-02    -0.46613E-01     0.28265E-01
     0.19351E+02    -0.15294E-02    -0.48895E-01     0.28041E-01
     0.19408E+02    -0.15249E-02    -0.51398E-01     0.27740E-01
     0.19453E+02    -0.14886E-02    -0.53155E-01     0.27545E-01
     0.19509E+02    -0.13822E-02    -0.55116E-01     0.27460E-01
     0.19555E+02    -0.12517E-02    -0.56684E-01     0.27602E-01
     0.19611E+02    -0.10016E-02    -0.58999E-01     0.28174E-01
     0.19656E+02    -0.74529E-03    -0.61378E-01     0.29070E-01
     0.19701E+02    -0.43991E-03    -0.64348E-01     0.30252E-01
     0.19758E+02    -0.46094E-04    -0.68786E-01     0.31443E-01
     0.19803E+02     0.21540E-03    -0.72911E-01     0.31543E-01
     0.19860E+02     0.51560E-03    -0.78297E-01     0.30491E-01
     0.19905E+02     0.72555E-03    -0.82784E-01     0.29028E-01
     0.19951E+02     0.97202E-03    -0.87569E-01     0.27472E-01
     0.20007E+02     0.13476E-02    -0.93448E-01     0.25785E-01
     0.20053E+02     0.16181E-02    -0.97466E-01     0.24120E-01
     0.20109E+02     0.18542E-02    -0.10139E+00     0.20167E-01
     0.20155E+02     0.19401E-02    -0.10356E+00     0.14921E-01
     0.20200E+02     0.19802E-02    -0.10499E+00     0.81943E-02
     0.20257E+02     0.21272E-02    -0.10644E+00    -0.19671E-02
     0.20302E+02     0.24687E-02    -0.10845E+00    -0.11279E-01
     0.20359E+02     0.33235E-02    -0.11347E+00    -0.23376E-01
     0.20404E+02     0.44644E-02    -0.12019E+00    -0.32987E-01
     0.20460E+02     0.64540E-02    -0.13176E+00    -0.44936E-01
     0.20506E+02     0.83808E-02    -0.14314E+00    -0.54686E-01
     0.20551E+02     0.10541E-01    -0.15611E+00    -0.65060E-01
     0.20607E+02     0.13536E-01    -0.17454E+00    -0.79446E-01
     0.20652E+02     0.16190E-01    -0.19127E+00    -0.92132E-01
     0.20709E+02     0.19922E-01    -0.21517E+00    -0.10889E+00
     0.20754E+02     0.23318E-01    -0.23700E+00    -0.12221E+00
     0.20810E+02     0.28136E-01    -0.26753E+00    -0.13736E+00
     0.20855E+02     0.32388E-01    -0.29371E+00    -0.14735E+00
     0.20911E+02     0.37862E-01    -0.32612E+00    -0.15650E+00
     0.20956E+02     0.41939E-01    -0.34918E+00    -0.16080E+00
     0.21001E+02     0.45431E-01    -0.36775E+00    -0.16125E+00
     0.21057E+02     0.48743E-01    -0.38432E+00    -0.15527E+00
     0.21102E+02     0.50502E-01    -0.39285E+00    -0.14689E+00
     0.21158E+02     0.51541E-01    -0.39900E+00    -0.13425E+00
     0.21203E+02     0.51618E-01    -0.40153E+00    -0.12083E+00
     0.21259E+02     0.51139E-01    -0.40220E+00    -0.99046E-01
     0.21304E+02     0.50840E-01    -0.40203E+00    -0.77404E-01
     0.21360E+02     0.50358E-01    -0.40141E+00    -0.45277E-01
     0.21405E+02     0.49940E-01    -0.39944E+00    -0.16048E-01
     0.21450E+02     0.49597E-01    -0.39610E+00     0.15150E-01
     0.21506E+02     0.49205E-01    -0.39242E+00     0.57545E-01
     0.21551E+02     0.49062E-01    -0.39012E+00     0.93492E-01
     0.21608E+02     0.48490E-01    -0.38628E+00     0.13661E+00
     0.21653E+02     0.47113E-01    -0.38166E+00     0.16632E+00
     0.21709E+02     0.44297E-01    -0.37229E+00     0.19453E+00
     0.21754E+02     0.41229E-01    -0.36150E+00     0.21091E+00
     0.21809E+02     0.37210E-01    -0.34629E+00     0.22486E+00
     0.21854E+02     0.33827E-01    -0.33254E+00     0.23230E+00
     0.21910E+02     0.29621E-01    -0.31398E+00     0.23770E+00
     0.21955E+02     0.26329E-01    -0.29810E+00     0.23952E+00
     0.22000E+02     0.23100E-01    -0.28205E+00     0.23896E+00
     0.22057E+02     0.19142E-01    -0.26243E+00     0.23436E+00
     0.22102E+02     0.15972E-01    -0.24699E+00     0.22744E+00
     0.22158E+02     0.12057E-01    -0.22778E+00     0.21463E+00
     0.22204E+02     0.90144E-02    -0.21209E+00     0.20115E+00
     0.22260E+02     0.54862E-02    -0.19187E+00     0.18167E+00
     0.22306E+02     0.31073E-02    -0.17569E+00     0.16588E+00
     0.22351E+02     0.12357E-02    -0.15986E+00     0.15106E+00
     0.22408E+02    -0.50731E-03    -0.14031E+00     0.13374E+00
     0.22453E+02    -0.17449E-02    -0.12450E+00     0.11937E+00
     0.22510E+02    -0.35538E-02    -0.10552E+00     0.97784E-01
     0.22556E+02    -0.52058E-02    -0.92207E-01     0.77479E-01
     0.22601E+02    -0.68527E-02    -0.80607E-01     0.55108E-01
     0.22658E+02    -0.85334E-02    -0.68447E-01     0.26532E-01
     0.22704E+02    -0.94124E-02    -0.59859E-01     0.51109E-02
     0.22761E+02    -0.10077E-01    -0.50607E-01    -0.18439E-01
     0.22807E+02    -0.10331E-01    -0.44707E-01    -0.34625E-01
     0.22859E+02    -0.10295E-01    -0.39990E-01    -0.50694E-01
     0.22903E+02    -0.10116E-01    -0.38021E-01    -0.61883E-01
     0.22958E+02    -0.97691E-02    -0.38291E-01    -0.73820E-01
     0.23004E+02    -0.94489E-02    -0.40055E-01    -0.81651E-01
     0.23061E+02    -0.89572E-02    -0.43221E-01    -0.88969E-01
     0.23107E+02    -0.84919E-02    -0.45680E-01    -0.93088E-01
     0.23152E+02    -0.79259E-02    -0.47654E-01    -0.95710E-01
     0.23209E+02    -0.70560E-02    -0.49442E-01    -0.96608E-01
     0.23255E+02    -0.62321E-02    -0.50693E-01    -0.95832E-01
     0.23301E+02    -0.53372E-02    -0.52031E-01    -0.93415E-01
     0.23358E+02    -0.41446E-02    -0.54140E-01    -0.87956E-01
     0.23404E+02    -0.31404E-02    -0.56352E-01    -0.81834E-01
     0.23461E+02    -0.18396E-02    -0.59876E-01    -0.72319E-01
     0.23507E+02    -0.78849E-03    -0.63178E-01    -0.63565E-01
     0.23553E+02     0.22110E-03    -0.66659E-01    -0.54236E-01
     0.23610E+02     0.12044E-02    -0.70893E-01    -0.43359E-01
     0.23656E+02     0.16831E-02    -0.74143E-01    -0.36562E-01
     0.23702E+02     0.19209E-02    -0.77241E-01    -0.31488E-01
     0.23760E+02     0.19800E-02    -0.81036E-01    -0.26831E-01
     0.23805E+02     0.19966E-02    -0.84341E-01    -0.23660E-01
     0.23850E+02     0.20204E-02    -0.88217E-01    -0.20214E-01
     0.23908E+02     0.20654E-02    -0.93588E-01    -0.14950E-01
     0.23954E+02     0.21786E-02    -0.98062E-01    -0.98197E-02
     0.24010E+02     0.23305E-02    -0.10319E+00    -0.26097E-02
     0.24056E+02     0.23655E-02    -0.10633E+00     0.35872E-02
     0.24100E+02     0.23044E-02    -0.10833E+00     0.97790E-02
     0.24157E+02     0.21569E-02    -0.10927E+00     0.18366E-01
     0.24211E+02     0.20813E-02    -0.10914E+00     0.27624E-01
     0.24257E+02     0.20930E-02    -0.10817E+00     0.36433E-01
     0.24303E+02     0.21283E-02    -0.10617E+00     0.45763E-01
     0.24360E+02     0.20876E-02    -0.10176E+00     0.56741E-01
     0.24406E+02     0.16938E-02    -0.96601E-01     0.63404E-01
     0.24452E+02     0.76661E-03    -0.90145E-01     0.66521E-01
     0.24509E+02    -0.92017E-03    -0.80831E-01     0.66339E-01
     0.24555E+02    -0.24534E-02    -0.72802E-01     0.63600E-01
     0.24601E+02    -0.39979E-02    -0.64808E-01     0.59906E-01
     0.24658E+02    -0.56614E-02    -0.55393E-01     0.55432E-01
     0.24704E+02    -0.67163E-02    -0.48562E-01     0.52630E-01
     0.24761E+02    -0.76455E-02    -0.41324E-01     0.50266E-01
     0.24807E+02    -0.82157E-02    -0.36534E-01     0.48826E-01
     0.24853E+02    -0.86558E-02    -0.32221E-01     0.47251E-01
     0.24911E+02    -0.91921E-02    -0.27667E-01     0.44636E-01
     0.24957E+02    -0.96729E-02    -0.24687E-01     0.42005E-01
     0.25002E+02    -0.10147E-01    -0.21884E-01     0.38889E-01
