     0.11273E-01     0.37774E-14     0.24152E-13    -0.33137E-15
     0.56772E-01     0.38975E-14     0.27789E-13    -0.59712E-15
     0.10226E+00     0.40398E-14     0.31614E-13    -0.11961E-14
     0.15908E+00     0.42574E-14     0.36708E-13    -0.25004E-14
     0.20451E+00     0.44714E-14     0.41084E-13    -0.40691E-14
     0.26127E+00     0.48027E-14     0.47016E-13    -0.68126E-14
     0.30666E+00     0.51319E-14     0.52214E-13    -0.97431E-14
     0.35204E+00     0.55322E-14     0.57903E-13    -0.13443E-13
     0.40877E+00     0.61572E-14     0.65863E-13    -0.19350E-13
     0.45415E+00     0.67804E-14     0.73065E-13    -0.25299E-13
     0.51088E+00     0.77516E-14     0.83371E-13    -0.34597E-13
     0.55626E+00     0.87172E-14     0.92898E-13    -0.43834E-13
     0.60166E+00     0.98875E-14     0.10383E-12    -0.55003E-13
     0.65840E+00     0.11702E-13     0.11992E-12    -0.72265E-13
     0.70379E+00     0.13497E-13     0.13518E-12    -0.89278E-13
     0.76053E+00     0.16271E-13     0.15798E-12    -0.11548E-12
     0.80593E+00     0.19006E-13     0.17988E-12    -0.14124E-12
     0.85132E+00     0.22297E-13     0.20575E-12    -0.17217E-12
     0.90806E+00     0.27361E-13     0.24492E-12    -0.21967E-12
     0.95344E+00     0.32337E-13     0.28296E-12    -0.26626E-12
     0.10102E+01     0.39980E-13     0.34086E-12    -0.33771E-12
     0.10556E+01     0.47479E-13     0.39731E-12    -0.40770E-12
     0.11009E+01     0.56475E-13     0.46474E-12    -0.49156E-12
     0.11577E+01     0.70282E-13     0.56789E-12    -0.62008E-12
     0.12030E+01     0.83821E-13     0.66882E-12    -0.74597E-12
     0.12598E+01     0.10460E-12     0.82348E-12    -0.93894E-12
     0.13051E+01     0.12497E-12     0.97500E-12    -0.11280E-11
     0.13505E+01     0.14941E-12     0.11566E-11    -0.13546E-11
     0.14072E+01     0.18691E-12     0.14353E-11    -0.17022E-11
     0.14526E+01     0.22370E-12     0.17086E-11    -0.20430E-11
     0.15093E+01     0.28016E-12     0.21281E-11    -0.25658E-11
     0.15546E+01     0.33555E-12     0.25396E-11    -0.30786E-11
     0.16113E+01     0.42058E-12     0.31715E-11    -0.38656E-11
     0.16567E+01     0.50399E-12     0.37914E-11    -0.46376E-11
     0.17020E+01     0.60404E-12     0.45352E-11    -0.55635E-11
     0.17587E+01     0.75764E-12     0.56772E-11    -0.69849E-11
     0.18041E+01     0.90832E-12     0.67977E-11    -0.83793E-11
     0.18608E+01     0.11396E-11     0.85182E-11    -0.10520E-10
     0.19061E+01     0.13665E-11     0.10206E-10    -0.12619E-10
     0.19515E+01     0.16387E-11     0.12231E-10    -0.15138E-10
     0.20082E+01     0.20565E-11     0.15340E-10    -0.19004E-10
     0.20535E+01     0.24662E-11     0.18390E-10    -0.22796E-10
     0.21102E+01     0.30953E-11     0.23073E-10    -0.28617E-10
     0.21555E+01     0.37123E-11     0.27666E-10    -0.34326E-10
     0.22009E+01     0.44523E-11     0.33176E-10    -0.41173E-10
     0.22575E+01     0.55882E-11     0.41634E-10    -0.51682E-10
     0.23029E+01     0.67022E-11     0.49930E-10    -0.61989E-10
     0.23595E+01     0.84121E-11     0.62664E-10    -0.77806E-10
     0.24049E+01     0.10089E-10     0.75153E-10    -0.93318E-10
     0.24502E+01     0.12100E-10     0.90132E-10    -0.11192E-09
     0.25069E+01     0.15187E-10     0.11312E-09    -0.14047E-09
     0.25522E+01     0.18213E-10     0.13567E-09    -0.16846E-09
     0.26089E+01     0.22859E-10     0.17027E-09    -0.21142E-09
     0.26542E+01     0.27414E-10     0.20420E-09    -0.25355E-09
     0.27108E+01     0.34405E-10     0.25628E-09    -0.31819E-09
     0.27562E+01     0.41261E-10     0.30735E-09    -0.38159E-09
     0.28015E+01     0.49482E-10     0.36859E-09    -0.45760E-09
     0.28582E+01     0.62098E-10     0.46258E-09    -0.57426E-09
     0.29035E+01     0.74469E-10     0.55474E-09    -0.68864E-09
     0.29601E+01     0.93454E-10     0.69617E-09    -0.86418E-09
     0.30055E+01     0.11207E-09     0.83486E-09    -0.10363E-08
     0.30508E+01     0.13440E-09     0.10012E-08    -0.12427E-08
     0.31074E+01     0.16865E-09     0.12564E-08    -0.15594E-08
     0.31528E+01     0.20224E-09     0.15067E-08    -0.18700E-08
     0.32094E+01     0.25379E-09     0.18907E-08    -0.23466E-08
     0.32547E+01     0.30434E-09     0.22673E-08    -0.28139E-08
     0.33000E+01     0.36495E-09     0.27188E-08    -0.33743E-08
     0.33567E+01     0.45796E-09     0.34118E-08    -0.42342E-08
     0.34020E+01     0.54917E-09     0.40912E-08    -0.50774E-08
     0.34587E+01     0.68912E-09     0.51339E-08    -0.63713E-08
     0.35040E+01     0.82636E-09     0.61563E-08    -0.76400E-08
     0.35606E+01     0.10369E-08     0.77252E-08    -0.95869E-08
     0.36059E+01     0.12434E-08     0.92636E-08    -0.11496E-07
     0.36513E+01     0.14911E-08     0.11108E-07    -0.13785E-07
     0.37079E+01     0.18710E-08     0.13939E-07    -0.17298E-07
     0.37532E+01     0.22436E-08     0.16715E-07    -0.20742E-07
     0.38099E+01     0.28153E-08     0.20974E-07    -0.26027E-07
     0.38552E+01     0.33758E-08     0.25150E-07    -0.31209E-07
     0.39005E+01     0.40480E-08     0.30158E-07    -0.37423E-07
     0.39572E+01     0.50794E-08     0.37842E-07    -0.46958E-07
     0.40025E+01     0.60907E-08     0.45377E-07    -0.56307E-07
     0.40591E+01     0.76425E-08     0.56938E-07    -0.70651E-07
     0.41044E+01     0.91640E-08     0.68274E-07    -0.84716E-07
     0.41611E+01     0.11499E-07     0.85668E-07    -0.10630E-06
     0.42064E+01     0.13788E-07     0.10272E-06    -0.12746E-06
     0.42517E+01     0.16532E-07     0.12317E-06    -0.15282E-06
     0.43084E+01     0.20743E-07     0.15455E-06    -0.19175E-06
     0.43537E+01     0.24872E-07     0.18531E-06    -0.22991E-06
     0.44103E+01     0.31206E-07     0.23250E-06    -0.28845E-06
     0.44557E+01     0.37417E-07     0.27878E-06    -0.34584E-06
     0.45010E+01     0.44862E-07     0.33425E-06    -0.41464E-06
     0.45576E+01     0.56285E-07     0.41936E-06    -0.52019E-06
     0.46029E+01     0.67482E-07     0.50280E-06    -0.62365E-06
     0.46596E+01     0.84659E-07     0.63080E-06    -0.78236E-06
     0.47049E+01     0.10150E-06     0.75627E-06    -0.93791E-06
     0.47502E+01     0.12168E-06     0.90667E-06    -0.11244E-05
     0.48069E+01     0.15264E-06     0.11374E-05    -0.14103E-05
     0.48522E+01     0.18298E-06     0.13635E-05    -0.16905E-05
     0.49088E+01     0.22952E-06     0.17103E-05    -0.21202E-05
     0.49542E+01     0.27512E-06     0.20502E-05    -0.25413E-05
     0.50108E+01     0.34506E-06     0.25714E-05    -0.31869E-05
     0.50561E+01     0.41358E-06     0.30822E-05    -0.38194E-05
     0.51015E+01     0.49569E-06     0.36942E-05    -0.45772E-05
     0.51581E+01     0.62158E-06     0.46326E-05    -0.57387E-05
     0.52034E+01     0.74491E-06     0.55520E-05    -0.68764E-05
     0.52601E+01     0.93395E-06     0.69613E-05    -0.86199E-05
     0.53054E+01     0.11191E-05     0.83418E-05    -0.10327E-04
     0.53507E+01     0.13409E-05     0.99954E-05    -0.12372E-04
     0.54074E+01     0.16808E-05     0.12530E-04    -0.15504E-04
     0.54527E+01     0.20136E-05     0.15011E-04    -0.18571E-04
     0.55094E+01     0.25235E-05     0.18814E-04    -0.23267E-04
     0.55547E+01     0.30226E-05     0.22537E-04    -0.27864E-04
     0.56000E+01     0.36202E-05     0.26994E-04    -0.33365E-04
     0.56567E+01     0.45355E-05     0.33822E-04    -0.41789E-04
     0.57020E+01     0.54312E-05     0.40504E-04    -0.50029E-04
     0.57587E+01     0.68028E-05     0.50736E-04    -0.62642E-04
     0.58040E+01     0.81447E-05     0.60749E-04    -0.74978E-04
     0.58607E+01     0.10199E-04     0.76078E-04    -0.93855E-04
     0.59060E+01     0.12208E-04     0.91074E-04    -0.11231E-03
     0.59513E+01     0.14612E-04     0.10902E-03    -0.13438E-03
     0.60080E+01     0.18291E-04     0.13648E-03    -0.16815E-03
     0.60533E+01     0.21888E-04     0.16333E-03    -0.20115E-03
     0.61100E+01     0.27391E-04     0.20442E-03    -0.25162E-03
     0.61553E+01     0.32771E-04     0.24460E-03    -0.30093E-03
     0.62006E+01     0.39205E-04     0.29266E-03    -0.35987E-03
     0.62573E+01     0.49045E-04     0.36616E-03    -0.44998E-03
     0.63026E+01     0.58661E-04     0.43801E-03    -0.53798E-03
     0.63592E+01     0.73361E-04     0.54788E-03    -0.67245E-03
     0.64045E+01     0.87716E-04     0.65519E-03    -0.80368E-03
     0.64611E+01     0.10965E-03     0.81918E-03    -0.10040E-02
     0.65063E+01     0.13106E-03     0.97934E-03    -0.11995E-02
     0.65514E+01     0.15663E-03     0.11707E-02    -0.14328E-02
     0.66078E+01     0.19570E-03     0.14632E-02    -0.17890E-02
     0.66529E+01     0.23386E-03     0.17490E-02    -0.21365E-02
     0.67093E+01     0.29217E-03     0.21860E-02    -0.26671E-02
     0.67543E+01     0.34914E-03     0.26133E-02    -0.31848E-02
     0.68106E+01     0.43629E-03     0.32675E-02    -0.39757E-02
     0.68556E+01     0.52152E-03     0.39081E-02    -0.47480E-02
     0.69006E+01     0.62355E-03     0.46757E-02    -0.56710E-02
     0.69568E+01     0.77997E-03     0.58544E-02    -0.70828E-02
     0.70017E+01     0.93339E-03     0.70125E-02    -0.84640E-02
     0.70579E+01     0.11692E-02     0.87971E-02    -0.10580E-01
     0.71028E+01     0.14014E-02     0.10558E-01    -0.12655E-01
     0.71589E+01     0.17598E-02     0.13287E-01    -0.15843E-01
     0.72038E+01     0.21144E-02     0.15997E-01    -0.18979E-01
     0.72599E+01     0.26656E-02     0.20231E-01    -0.23816E-01
     0.73047E+01     0.32154E-02     0.24479E-01    -0.28596E-01
     0.73608E+01     0.40787E-02     0.31199E-01    -0.36010E-01
     0.74057E+01     0.49502E-02     0.38040E-01    -0.43379E-01
     0.74505E+01     0.60300E-02     0.46592E-01    -0.52350E-01
     0.75066E+01     0.77653E-02     0.60502E-01    -0.66403E-01
     0.75515E+01     0.95647E-02     0.75129E-01    -0.80496E-01
     0.76076E+01     0.12529E-01     0.99636E-01    -0.10259E+00
     0.76525E+01     0.15694E-01     0.12620E+00    -0.12451E+00
     0.77086E+01     0.21049E-01     0.17159E+00    -0.15772E+00
     0.77536E+01     0.26787E-01     0.22096E+00    -0.18885E+00
     0.78098E+01     0.36043E-01     0.30127E+00    -0.22917E+00
     0.78548E+01     0.44872E-01     0.37967E+00    -0.25721E+00
     0.79110E+01     0.54574E-01     0.46720E+00    -0.27051E+00
     0.79561E+01     0.59089E-01     0.50649E+00    -0.26470E+00
     0.80012E+01     0.61026E-01     0.52224E+00    -0.24834E+00
     0.80576E+01     0.61290E-01     0.52273E+00    -0.21732E+00
     0.81028E+01     0.61436E-01     0.52100E+00    -0.18810E+00
     0.81593E+01     0.61472E-01     0.51760E+00    -0.14304E+00
     0.82046E+01     0.61714E-01     0.51645E+00    -0.10133E+00
     0.82613E+01     0.63738E-01     0.52445E+00    -0.30025E-01
     0.83066E+01     0.67402E-01     0.53935E+00     0.52976E-01
     0.83520E+01     0.69881E-01     0.53977E+00     0.13187E+00
     0.84087E+01     0.67765E-01     0.52079E+00     0.19261E+00
     0.84541E+01     0.64661E-01     0.50200E+00     0.22785E+00
     0.85108E+01     0.59204E-01     0.47692E+00     0.25576E+00
     0.85562E+01     0.54284E-01     0.45569E+00     0.26891E+00
     0.86016E+01     0.49352E-01     0.43452E+00     0.28053E+00
     0.86567E+01     0.43009E-01     0.40678E+00     0.29339E+00
     0.87075E+01     0.37162E-01     0.37919E+00     0.30357E+00
     0.87598E+01     0.31483E-01     0.34926E+00     0.31156E+00
     0.88002E+01     0.27308E-01     0.32767E+00     0.31557E+00
     0.88534E+01     0.21948E-01     0.29927E+00     0.31797E+00
     0.89101E+01     0.16424E-01     0.26965E+00     0.31692E+00
     0.89548E+01     0.12159E-01     0.24439E+00     0.31340E+00
     0.90078E+01     0.73534E-02     0.21055E+00     0.30851E+00
     0.90578E+01     0.29034E-02     0.16666E+00     0.30463E+00
     0.91006E+01    -0.11042E-02     0.11738E+00     0.29982E+00
     0.91584E+01    -0.66697E-02     0.43832E-01     0.28798E+00
     0.92053E+01    -0.10917E-01    -0.12811E-01     0.27421E+00
     0.92587E+01    -0.15241E-01    -0.69619E-01     0.25427E+00
     0.93100E+01    -0.18694E-01    -0.11318E+00     0.23298E+00
     0.93609E+01    -0.21514E-01    -0.15423E+00     0.21801E+00
     0.94025E+01    -0.23550E-01    -0.18026E+00     0.19949E+00
     0.94531E+01    -0.25685E-01    -0.20481E+00     0.17451E+00
     0.95061E+01    -0.27498E-01    -0.22052E+00     0.14425E+00
     0.95511E+01    -0.28618E-01    -0.22787E+00     0.12004E+00
     0.96074E+01    -0.29304E-01    -0.22552E+00     0.71921E-01
     0.96573E+01    -0.29420E-01    -0.21772E+00     0.35335E-01
     0.97064E+01    -0.29078E-01    -0.21115E+00    -0.37766E-02
     0.97503E+01    -0.28313E-01    -0.20316E+00    -0.36824E-01
     0.98070E+01    -0.26952E-01    -0.18435E+00    -0.81033E-01
     0.98524E+01    -0.25855E-01    -0.17053E+00    -0.10181E+00
     0.99065E+01    -0.24566E-01    -0.16020E+00    -0.11934E+00
     0.99519E+01    -0.23366E-01    -0.15303E+00    -0.12865E+00
     0.10009E+02    -0.21738E-01    -0.14246E+00    -0.13507E+00
     0.10054E+02    -0.20345E-01    -0.13373E+00    -0.13332E+00
     0.10111E+02    -0.18459E-01    -0.12188E+00    -0.12865E+00
     0.10156E+02    -0.16924E-01    -0.11259E+00    -0.12259E+00
     0.10202E+02    -0.15429E-01    -0.10285E+00    -0.11505E+00
     0.10258E+02    -0.13718E-01    -0.89709E-01    -0.10605E+00
     0.10303E+02    -0.12546E-01    -0.78844E-01    -0.99016E-01
     0.10359E+02    -0.11247E-01    -0.65198E-01    -0.90463E-01
     0.10405E+02    -0.10313E-01    -0.54405E-01    -0.83907E-01
     0.10461E+02    -0.92268E-02    -0.41052E-01    -0.75950E-01
     0.10507E+02    -0.83178E-02    -0.29823E-01    -0.68846E-01
     0.10552E+02    -0.72903E-02    -0.19070E-01    -0.60059E-01
     0.10609E+02    -0.59885E-02    -0.82667E-02    -0.47733E-01
     0.10654E+02    -0.50696E-02    -0.28612E-02    -0.38038E-01
     0.10711E+02    -0.41899E-02    -0.19146E-02    -0.27044E-01
     0.10757E+02    -0.36572E-02    -0.52346E-02    -0.19992E-01
     0.10802E+02    -0.33084E-02    -0.11037E-01    -0.15386E-01
     0.10859E+02    -0.31206E-02    -0.18844E-01    -0.12073E-01
     0.10904E+02    -0.30577E-02    -0.24282E-01    -0.97115E-02
     0.10961E+02    -0.30359E-02    -0.28531E-01    -0.68910E-02
     0.11006E+02    -0.30353E-02    -0.29676E-01    -0.44286E-02
     0.11052E+02    -0.30292E-02    -0.28708E-01    -0.12981E-02
     0.11109E+02    -0.29141E-02    -0.25320E-01     0.39034E-02
     0.11154E+02    -0.26759E-02    -0.21725E-01     0.90597E-02
     0.11211E+02    -0.22288E-02    -0.17165E-01     0.16466E-01
     0.11256E+02    -0.18442E-02    -0.13939E-01     0.21853E-01
     0.11302E+02    -0.15014E-02    -0.11342E-01     0.26122E-01
     0.11359E+02    -0.12106E-02    -0.92587E-02     0.29510E-01
     0.11404E+02    -0.10673E-02    -0.85847E-02     0.31004E-01
     0.11461E+02    -0.99253E-03    -0.81690E-02     0.31457E-01
     0.11506E+02    -0.91039E-03    -0.73598E-02     0.30755E-01
     0.11552E+02    -0.86513E-03    -0.51639E-02     0.29845E-01
     0.11609E+02    -0.70629E-03     0.26729E-03     0.28996E-01
     0.11654E+02    -0.44264E-03     0.60090E-02     0.28464E-01
     0.11711E+02    -0.37207E-04     0.13103E-01     0.28246E-01
     0.11756E+02     0.23331E-03     0.17227E-01     0.28010E-01
     0.11802E+02     0.29589E-03     0.18289E-01     0.27391E-01
     0.11859E+02     0.12355E-03     0.16470E-01     0.26089E-01
     0.11904E+02    -0.57175E-04     0.12722E-01     0.24677E-01
     0.11961E+02    -0.42871E-03     0.68147E-02     0.23024E-01
     0.12006E+02    -0.86332E-03     0.20676E-02     0.21569E-01
     0.12051E+02    -0.13646E-02    -0.22412E-02     0.20073E-01
     0.12108E+02    -0.20098E-02    -0.60839E-02     0.17934E-01
     0.12154E+02    -0.24985E-02    -0.76337E-02     0.15934E-01
     0.12210E+02    -0.29749E-02    -0.93659E-02     0.13331E-01
     0.12256E+02    -0.31612E-02    -0.11147E-01     0.11704E-01
     0.12301E+02    -0.31714E-02    -0.13381E-01     0.10826E-01
     0.12358E+02    -0.30754E-02    -0.17740E-01     0.11092E-01
     0.12404E+02    -0.28021E-02    -0.22048E-01     0.12945E-01
     0.12460E+02    -0.23662E-02    -0.27079E-01     0.16924E-01
     0.12506E+02    -0.21827E-02    -0.29611E-01     0.20340E-01
     0.12551E+02    -0.22391E-02    -0.31434E-01     0.23068E-01
     0.12608E+02    -0.25633E-02    -0.32571E-01     0.25030E-01
     0.12654E+02    -0.29081E-02    -0.32932E-01     0.25790E-01
     0.12711E+02    -0.32547E-02    -0.32750E-01     0.26668E-01
     0.12756E+02    -0.34434E-02    -0.32911E-01     0.27317E-01
     0.12802E+02    -0.35488E-02    -0.34137E-01     0.27581E-01
     0.12858E+02    -0.36940E-02    -0.35140E-01     0.25171E-01
     0.12904E+02    -0.37846E-02    -0.36282E-01     0.19350E-01
     0.12961E+02    -0.39125E-02    -0.38290E-01     0.83048E-02
     0.13006E+02    -0.39806E-02    -0.39385E-01    -0.99458E-03
     0.13052E+02    -0.38103E-02    -0.40188E-01    -0.87109E-02
     0.13109E+02    -0.33365E-02    -0.42125E-01    -0.14490E-01
     0.13154E+02    -0.26380E-02    -0.44230E-01    -0.15577E-01
     0.13211E+02    -0.18149E-02    -0.45825E-01    -0.15275E-01
     0.13257E+02    -0.14599E-02    -0.45256E-01    -0.14705E-01
     0.13302E+02    -0.15321E-02    -0.43738E-01    -0.14669E-01
     0.13359E+02    -0.20503E-02    -0.40757E-01    -0.15645E-01
     0.13404E+02    -0.25615E-02    -0.37215E-01    -0.16728E-01
     0.13461E+02    -0.30098E-02    -0.32058E-01    -0.17459E-01
     0.13507E+02    -0.31109E-02    -0.29193E-01    -0.16813E-01
     0.13552E+02    -0.30838E-02    -0.27676E-01    -0.14130E-01
     0.13609E+02    -0.28736E-02    -0.26946E-01    -0.96161E-02
     0.13655E+02    -0.26037E-02    -0.27055E-01    -0.67380E-02
     0.13701E+02    -0.23429E-02    -0.27450E-01    -0.49655E-02
     0.13758E+02    -0.20540E-02    -0.28541E-01    -0.42251E-02
     0.13804E+02    -0.18309E-02    -0.30418E-01    -0.49247E-02
     0.13862E+02    -0.15744E-02    -0.34147E-01    -0.76096E-02
     0.13908E+02    -0.13499E-02    -0.38380E-01    -0.11448E-01
     0.13954E+02    -0.10369E-02    -0.43425E-01    -0.16038E-01
     0.14001E+02    -0.65832E-03    -0.49044E-01    -0.20962E-01
     0.14060E+02    -0.13755E-03    -0.55902E-01    -0.27538E-01
     0.14106E+02     0.29873E-03    -0.60626E-01    -0.32936E-01
     0.14153E+02     0.80092E-03    -0.64644E-01    -0.38518E-01
     0.14212E+02     0.15772E-02    -0.69072E-01    -0.45675E-01
     0.14259E+02     0.23190E-02    -0.72916E-01    -0.51029E-01
     0.14305E+02     0.31678E-02    -0.77131E-01    -0.55524E-01
     0.14352E+02     0.42067E-02    -0.81373E-01    -0.58522E-01
     0.14411E+02     0.56688E-02    -0.86836E-01    -0.60563E-01
     0.14458E+02     0.68569E-02    -0.92659E-01    -0.61452E-01
     0.14505E+02     0.79573E-02    -0.10145E+00    -0.61942E-01
     0.14551E+02     0.91033E-02    -0.11564E+00    -0.61807E-01
     0.14609E+02     0.11465E-01    -0.15091E+00    -0.60670E-01
     0.14655E+02     0.14866E-01    -0.19694E+00    -0.53773E-01
     0.14700E+02     0.18526E-01    -0.24280E+00    -0.41156E-01
     0.14757E+02     0.19210E-01    -0.26728E+00    -0.25973E-01
     0.14803E+02     0.18256E-01    -0.26894E+00    -0.13425E-01
     0.14860E+02     0.16679E-01    -0.25841E+00     0.56735E-02
     0.14906E+02     0.15218E-01    -0.24546E+00     0.25091E-01
     0.14951E+02     0.13858E-01    -0.23158E+00     0.46548E-01
     0.15008E+02     0.12155E-01    -0.21393E+00     0.70978E-01
     0.15054E+02     0.10694E-01    -0.19983E+00     0.86116E-01
     0.15111E+02     0.85426E-02    -0.18209E+00     0.99763E-01
     0.15156E+02     0.68295E-02    -0.16785E+00     0.10663E+00
     0.15202E+02     0.54384E-02    -0.15337E+00     0.11227E+00
     0.15259E+02     0.41824E-02    -0.13513E+00     0.11989E+00
     0.15305E+02     0.33568E-02    -0.11941E+00     0.12416E+00
     0.15350E+02     0.26519E-02    -0.10227E+00     0.12608E+00
     0.15407E+02     0.20250E-02    -0.80420E-01     0.12539E+00
     0.15453E+02     0.14394E-02    -0.63679E-01     0.12134E+00
     0.15510E+02     0.51978E-03    -0.45962E-01     0.11155E+00
     0.15555E+02    -0.42733E-03    -0.35344E-01     0.10067E+00
     0.15601E+02    -0.15811E-02    -0.28724E-01     0.88384E-01
     0.15658E+02    -0.30854E-02    -0.25157E-01     0.72635E-01
     0.15703E+02    -0.41028E-02    -0.23750E-01     0.62239E-01
     0.15760E+02    -0.49880E-02    -0.22241E-01     0.53548E-01
     0.15806E+02    -0.54861E-02    -0.20894E-01     0.49505E-01
     0.15851E+02    -0.57706E-02    -0.18926E-01     0.47469E-01
     0.15908E+02    -0.60193E-02    -0.14741E-01     0.46961E-01
     0.15954E+02    -0.59824E-02    -0.10897E-01     0.50108E-01
     0.16011E+02    -0.57863E-02    -0.72471E-02     0.56296E-01
     0.16056E+02    -0.56851E-02    -0.50531E-02     0.61462E-01
     0.16102E+02    -0.57802E-02    -0.39722E-02     0.65735E-01
     0.16159E+02    -0.60904E-02    -0.75220E-02     0.67228E-01
     0.16204E+02    -0.66070E-02    -0.13053E-01     0.64697E-01
     0.16261E+02    -0.72946E-02    -0.23041E-01     0.58474E-01
     0.16307E+02    -0.78925E-02    -0.32421E-01     0.51678E-01
     0.16353E+02    -0.83155E-02    -0.40975E-01     0.44361E-01
     0.16410E+02    -0.83688E-02    -0.49417E-01     0.35981E-01
     0.16455E+02    -0.81046E-02    -0.53624E-01     0.29411E-01
     0.16501E+02    -0.76550E-02    -0.55027E-01     0.22861E-01
     0.16558E+02    -0.70960E-02    -0.52305E-01     0.15202E-01
     0.16604E+02    -0.65455E-02    -0.47288E-01     0.10218E-01
     0.16661E+02    -0.56963E-02    -0.37535E-01     0.61048E-02
     0.16707E+02    -0.49706E-02    -0.28278E-01     0.38980E-02
     0.16752E+02    -0.42666E-02    -0.19843E-01     0.14138E-02
     0.16809E+02    -0.35589E-02    -0.12725E-01    -0.29878E-02
     0.16855E+02    -0.32470E-02    -0.11386E-01    -0.85036E-02
     0.16901E+02    -0.30987E-02    -0.12411E-01    -0.14830E-01
     0.16958E+02    -0.29452E-02    -0.17511E-01    -0.22067E-01
     0.17004E+02    -0.27748E-02    -0.22901E-01    -0.25818E-01
     0.17061E+02    -0.23733E-02    -0.30149E-01    -0.27228E-01
     0.17107E+02    -0.18627E-02    -0.36302E-01    -0.25988E-01
     0.17153E+02    -0.11891E-02    -0.43804E-01    -0.23208E-01
     0.17210E+02    -0.45018E-04    -0.56362E-01    -0.18468E-01
     0.17256E+02     0.99867E-03    -0.68877E-01    -0.13763E-01
     0.17302E+02     0.19630E-02    -0.82147E-01    -0.92070E-02
     0.17359E+02     0.28525E-02    -0.97008E-01    -0.50753E-02
     0.17405E+02     0.32992E-02    -0.10565E+00    -0.30820E-02
     0.17451E+02     0.35753E-02    -0.11096E+00    -0.11917E-02
     0.17508E+02     0.37746E-02    -0.11356E+00     0.23044E-02
     0.17554E+02     0.38333E-02    -0.11370E+00     0.61255E-02
     0.17611E+02     0.38946E-02    -0.11276E+00     0.12128E-01
     0.17657E+02     0.39129E-02    -0.11111E+00     0.17658E-01
     0.17703E+02     0.40027E-02    -0.10820E+00     0.24049E-01
     0.17760E+02     0.41958E-02    -0.10380E+00     0.32944E-01
     0.17806E+02     0.43502E-02    -0.10100E+00     0.39997E-01
     0.17851E+02     0.44235E-02    -0.99251E-01     0.45071E-01
     0.17908E+02     0.42721E-02    -0.97181E-01     0.47761E-01
     0.17954E+02     0.40853E-02    -0.94609E-01     0.47916E-01
     0.18011E+02     0.38594E-02    -0.90272E-01     0.45602E-01
     0.18057E+02     0.36699E-02    -0.86091E-01     0.42178E-01
     0.18102E+02     0.34724E-02    -0.81696E-01     0.38217E-01
     0.18159E+02     0.32411E-02    -0.76107E-01     0.34229E-01
     0.18205E+02     0.31476E-02    -0.71652E-01     0.32956E-01
     0.18251E+02     0.30767E-02    -0.67398E-01     0.33693E-01
     0.18308E+02     0.29868E-02    -0.62755E-01     0.36643E-01
     0.18353E+02     0.28824E-02    -0.59868E-01     0.39952E-01
     0.18410E+02     0.26557E-02    -0.56624E-01     0.44004E-01
     0.18456E+02     0.23371E-02    -0.53945E-01     0.46267E-01
     0.18501E+02     0.19023E-02    -0.50983E-01     0.47429E-01
     0.18558E+02     0.13122E-02    -0.46785E-01     0.47496E-01
     0.18603E+02     0.85819E-03    -0.43255E-01     0.46635E-01
     0.18660E+02     0.28411E-03    -0.39169E-01     0.44298E-01
     0.18706E+02    -0.13864E-03    -0.36373E-01     0.41563E-01
     0.18751E+02    -0.46283E-03    -0.33897E-01     0.38554E-01
     0.18808E+02    -0.72463E-03    -0.30985E-01     0.34455E-01
     0.18854E+02    -0.82920E-03    -0.28635E-01     0.31140E-01
     0.18910E+02    -0.85843E-03    -0.25627E-01     0.27568E-01
     0.18956E+02    -0.83820E-03    -0.23482E-01     0.25537E-01
     0.19001E+02    -0.86650E-03    -0.22214E-01     0.24380E-01
     0.19058E+02    -0.98094E-03    -0.22086E-01     0.23313E-01
     0.19103E+02    -0.10925E-02    -0.23051E-01     0.22501E-01
     0.19159E+02    -0.12429E-02    -0.25940E-01     0.21713E-01
     0.19205E+02    -0.13609E-02    -0.29325E-01     0.21187E-01
     0.19261E+02    -0.15104E-02    -0.33986E-01     0.20352E-01
     0.19306E+02    -0.16247E-02    -0.37604E-01     0.19422E-01
     0.19351E+02    -0.16856E-02    -0.40735E-01     0.18423E-01
     0.19408E+02    -0.16285E-02    -0.43798E-01     0.17782E-01
     0.19453E+02    -0.14464E-02    -0.45878E-01     0.18492E-01
     0.19509E+02    -0.10159E-02    -0.48435E-01     0.21766E-01
     0.19555E+02    -0.68923E-03    -0.51034E-01     0.25129E-01
     0.19611E+02    -0.32865E-03    -0.55771E-01     0.30240E-01
     0.19656E+02    -0.14680E-03    -0.60966E-01     0.33545E-01
     0.19701E+02    -0.14491E-03    -0.66201E-01     0.34384E-01
     0.19758E+02    -0.34376E-03    -0.71661E-01     0.31834E-01
     0.19803E+02    -0.50406E-03    -0.75124E-01     0.27906E-01
     0.19860E+02    -0.39562E-03    -0.80467E-01     0.23796E-01
     0.19905E+02     0.45201E-04    -0.87054E-01     0.22507E-01
     0.19951E+02     0.64445E-03    -0.95047E-01     0.21761E-01
     0.20007E+02     0.10746E-02    -0.10178E+00     0.20132E-01
     0.20053E+02     0.10342E-02    -0.10471E+00     0.17211E-01
     0.20109E+02     0.58541E-03    -0.10535E+00     0.10575E-01
     0.20155E+02     0.16617E-03    -0.10354E+00     0.27536E-02
     0.20200E+02    -0.11866E-03    -0.10125E+00    -0.57640E-02
     0.20257E+02    -0.65329E-05    -0.10004E+00    -0.15985E-01
     0.20302E+02     0.42996E-03    -0.10102E+00    -0.23411E-01
     0.20359E+02     0.14420E-02    -0.10558E+00    -0.32705E-01
     0.20404E+02     0.26696E-02    -0.11262E+00    -0.40548E-01
     0.20460E+02     0.46305E-02    -0.12490E+00    -0.51667E-01
     0.20506E+02     0.64047E-02    -0.13692E+00    -0.61945E-01
     0.20551E+02     0.82867E-02    -0.15078E+00    -0.73369E-01
     0.20607E+02     0.10894E-01    -0.17121E+00    -0.88920E-01
     0.20652E+02     0.13349E-01    -0.19044E+00    -0.10205E+00
     0.20709E+02     0.17076E-01    -0.21829E+00    -0.11910E+00
     0.20754E+02     0.20677E-01    -0.24355E+00    -0.13290E+00
     0.20810E+02     0.25905E-01    -0.27828E+00    -0.15035E+00
     0.20855E+02     0.30519E-01    -0.30812E+00    -0.16436E+00
     0.20911E+02     0.36539E-01    -0.34898E+00    -0.18060E+00
     0.20956E+02     0.41462E-01    -0.38203E+00    -0.18973E+00
     0.21001E+02     0.45742E-01    -0.41349E+00    -0.19046E+00
     0.21057E+02     0.49628E-01    -0.44165E+00    -0.18772E+00
     0.21102E+02     0.51461E-01    -0.45591E+00    -0.18201E+00
     0.21158E+02     0.52878E-01    -0.46740E+00    -0.16766E+00
     0.21203E+02     0.53785E-01    -0.47286E+00    -0.14956E+00
     0.21259E+02     0.54585E-01    -0.47571E+00    -0.11726E+00
     0.21304E+02     0.55119E-01    -0.47673E+00    -0.85249E-01
     0.21360E+02     0.55458E-01    -0.47491E+00    -0.41652E-01
     0.21405E+02     0.55416E-01    -0.47051E+00    -0.54034E-02
     0.21450E+02     0.55305E-01    -0.46699E+00     0.33902E-01
     0.21506E+02     0.55167E-01    -0.46485E+00     0.86311E-01
     0.21551E+02     0.54313E-01    -0.46353E+00     0.12500E+00
     0.21608E+02     0.52473E-01    -0.45901E+00     0.16634E+00
     0.21653E+02     0.49887E-01    -0.45166E+00     0.19148E+00
     0.21709E+02     0.45832E-01    -0.43909E+00     0.21476E+00
     0.21754E+02     0.42292E-01    -0.42608E+00     0.23003E+00
     0.21809E+02     0.37649E-01    -0.40593E+00     0.24490E+00
     0.21854E+02     0.33855E-01    -0.38646E+00     0.25472E+00
     0.21910E+02     0.29313E-01    -0.36356E+00     0.26331E+00
     0.21955E+02     0.25539E-01    -0.34482E+00     0.26650E+00
     0.22000E+02     0.21694E-01    -0.32614E+00     0.26628E+00
     0.22057E+02     0.16923E-01    -0.30241E+00     0.26127E+00
     0.22102E+02     0.13117E-01    -0.28083E+00     0.25369E+00
     0.22158E+02     0.86459E-02    -0.25104E+00     0.24058E+00
     0.22204E+02     0.53973E-02    -0.22136E+00     0.22974E+00
     0.22260E+02     0.22031E-02    -0.16864E+00     0.22050E+00
     0.22306E+02     0.31222E-03    -0.11575E+00     0.21654E+00
     0.22351E+02    -0.15436E-02    -0.60277E-01     0.20967E+00
     0.22408E+02    -0.43986E-02    -0.56560E-02     0.18951E+00
     0.22453E+02    -0.68834E-02     0.22809E-01     0.16607E+00
     0.22510E+02    -0.96549E-02     0.45085E-01     0.13146E+00
     0.22556E+02    -0.11407E-01     0.55218E-01     0.10177E+00
     0.22601E+02    -0.12766E-01     0.62121E-01     0.72107E-01
     0.22658E+02    -0.13944E-01     0.69379E-01     0.35685E-01
     0.22704E+02    -0.14446E-01     0.74000E-01     0.95251E-02
     0.22761E+02    -0.14564E-01     0.77078E-01    -0.20738E-01
     0.22807E+02    -0.14295E-01     0.76777E-01    -0.43375E-01
     0.22859E+02    -0.13712E-01     0.73688E-01    -0.66660E-01
     0.22903E+02    -0.13123E-01     0.69627E-01    -0.82127E-01
     0.22958E+02    -0.12258E-01     0.62890E-01    -0.96584E-01
     0.23004E+02    -0.11505E-01     0.56313E-01    -0.10506E+00
     0.23061E+02    -0.10475E-01     0.47181E-01    -0.11212E+00
     0.23107E+02    -0.94905E-02     0.39749E-01    -0.11451E+00
     0.23152E+02    -0.83606E-02     0.32977E-01    -0.11438E+00
     0.23209E+02    -0.67999E-02     0.25521E-01    -0.11184E+00
     0.23255E+02    -0.54728E-02     0.20163E-01    -0.10697E+00
     0.23301E+02    -0.41406E-02     0.14278E-01    -0.10050E+00
     0.23358E+02    -0.24778E-02     0.53151E-02    -0.91381E-01
     0.23404E+02    -0.12248E-02    -0.32940E-02    -0.84143E-01
     0.23461E+02     0.15825E-03    -0.15625E-01    -0.75599E-01
     0.23507E+02     0.10980E-02    -0.25556E-01    -0.70336E-01
     0.23553E+02     0.18111E-02    -0.34855E-01    -0.65886E-01
     0.23610E+02     0.23635E-02    -0.44635E-01    -0.60124E-01
     0.23656E+02     0.25837E-02    -0.51690E-01    -0.55093E-01
     0.23702E+02     0.26470E-02    -0.58364E-01    -0.49965E-01
     0.23760E+02     0.26589E-02    -0.66663E-01    -0.44123E-01
     0.23805E+02     0.27248E-02    -0.74036E-01    -0.39748E-01
     0.23850E+02     0.28950E-02    -0.82537E-01    -0.34888E-01
     0.23908E+02     0.31915E-02    -0.94013E-01    -0.28261E-01
     0.23954E+02     0.34207E-02    -0.10309E+00    -0.22385E-01
     0.24010E+02     0.35502E-02    -0.11270E+00    -0.14549E-01
     0.24056E+02     0.36387E-02    -0.11856E+00    -0.65914E-02
     0.24100E+02     0.38179E-02    -0.12243E+00     0.31346E-02
     0.24157E+02     0.42463E-02    -0.12448E+00     0.18537E-01
     0.24211E+02     0.45345E-02    -0.12174E+00     0.33996E-01
     0.24257E+02     0.45541E-02    -0.11695E+00     0.45772E-01
     0.24303E+02     0.42212E-02    -0.11023E+00     0.54817E-01
     0.24360E+02     0.31962E-02    -0.99344E-01     0.61161E-01
     0.24406E+02     0.18782E-02    -0.87667E-01     0.63377E-01
     0.24452E+02     0.30539E-03    -0.73134E-01     0.64170E-01
     0.24509E+02    -0.17419E-02    -0.52334E-01     0.63625E-01
     0.24555E+02    -0.32859E-02    -0.34134E-01     0.63262E-01
     0.24601E+02    -0.46423E-02    -0.15130E-01     0.63630E-01
     0.24658E+02    -0.61269E-02     0.84239E-02     0.63483E-01
     0.24704E+02    -0.71361E-02     0.23772E-01     0.62866E-01
     0.24761E+02    -0.81158E-02     0.37169E-01     0.60943E-01
     0.24807E+02    -0.87436E-02     0.45090E-01     0.58503E-01
     0.24853E+02    -0.93434E-02     0.52504E-01     0.56263E-01
     0.24911E+02    -0.10098E-01     0.61409E-01     0.51766E-01
     0.24957E+02    -0.10672E-01     0.67409E-01     0.46145E-01
     0.25002E+02    -0.11199E-01     0.71873E-01     0.39236E-01
