     0.11273E-01     0.63121E-12     0.40410E-11    -0.76602E-15
     0.56772E-01     0.69477E-12     0.47297E-11    -0.14746E-14
     0.10226E+00     0.76910E-12     0.55595E-11    -0.34624E-14
     0.15908E+00     0.88212E-12     0.68229E-11    -0.92114E-14
     0.20451E+00     0.99315E-12     0.80513E-11    -0.17905E-13
     0.26127E+00     0.11649E-11     0.99369E-11    -0.36300E-13
     0.30666E+00     0.13352E-11     0.11809E-10    -0.59077E-13
     0.35204E+00     0.15419E-11     0.14102E-10    -0.91222E-13
     0.40877E+00     0.18646E-11     0.17741E-10    -0.14672E-12
     0.45415E+00     0.21872E-11     0.21445E-10    -0.20391E-12
     0.51088E+00     0.26933E-11     0.27363E-10    -0.29040E-12
     0.55626E+00     0.32012E-11     0.33391E-10    -0.37067E-12
     0.60166E+00     0.38232E-11     0.40848E-10    -0.46155E-12
     0.65840E+00     0.48000E-11     0.52649E-10    -0.59373E-12
     0.70379E+00     0.57781E-11     0.64511E-10    -0.71917E-12
     0.76053E+00     0.73073E-11     0.83060E-10    -0.91418E-12
     0.80593E+00     0.88296E-11     0.10149E-09    -0.11152E-11
     0.85132E+00     0.10675E-10     0.12376E-09    -0.13687E-11
     0.90806E+00     0.13530E-10     0.15807E-09    -0.17769E-11
     0.95344E+00     0.16346E-10     0.19172E-09    -0.21928E-11
     0.10102E+01     0.20682E-10     0.24317E-09    -0.28493E-11
     0.10556E+01     0.24942E-10     0.29332E-09    -0.35021E-11
     0.11009E+01     0.30052E-10     0.35308E-09    -0.42846E-11
     0.11577E+01     0.37889E-10     0.44410E-09    -0.54733E-11
     0.12030E+01     0.45568E-10     0.53274E-09    -0.66220E-11
     0.12598E+01     0.57338E-10     0.66796E-09    -0.83572E-11
     0.13051E+01     0.68868E-10     0.79996E-09    -0.10034E-10
     0.13505E+01     0.82685E-10     0.95778E-09    -0.12022E-10
     0.14072E+01     0.10388E-09     0.11995E-08    -0.15035E-10
     0.14526E+01     0.12465E-09     0.14362E-08    -0.17958E-10
     0.15093E+01     0.15652E-09     0.17994E-08    -0.22401E-10
     0.15546E+01     0.18776E-09     0.21557E-08    -0.26722E-10
     0.16113E+01     0.23570E-09     0.27026E-08    -0.33314E-10
     0.16567E+01     0.28271E-09     0.32393E-08    -0.39752E-10
     0.17020E+01     0.33906E-09     0.38831E-08    -0.47459E-10
     0.17587E+01     0.42551E-09     0.48716E-08    -0.59280E-10
     0.18041E+01     0.51026E-09     0.58413E-08    -0.70886E-10
     0.18608E+01     0.64030E-09     0.73297E-08    -0.88739E-10
     0.19061E+01     0.76780E-09     0.87897E-08    -0.10630E-09
     0.19515E+01     0.92069E-09     0.10541E-07    -0.12744E-09
     0.20082E+01     0.11553E-08     0.13229E-07    -0.15998E-09
     0.20535E+01     0.13854E-08     0.15866E-07    -0.19199E-09
     0.21102E+01     0.17386E-08     0.19913E-07    -0.24121E-09
     0.21555E+01     0.20850E-08     0.23882E-07    -0.28954E-09
     0.22009E+01     0.25004E-08     0.28641E-07    -0.34752E-09
     0.22575E+01     0.31378E-08     0.35946E-07    -0.43650E-09
     0.23029E+01     0.37630E-08     0.43109E-07    -0.52373E-09
     0.23595E+01     0.47222E-08     0.54100E-07    -0.65751E-09
     0.24049E+01     0.56629E-08     0.64877E-07    -0.78863E-09
     0.24502E+01     0.67909E-08     0.77801E-07    -0.94581E-09
     0.25069E+01     0.85219E-08     0.97633E-07    -0.11869E-08
     0.25522E+01     0.10219E-07     0.11708E-06    -0.14233E-08
     0.26089E+01     0.12824E-07     0.14692E-06    -0.17861E-08
     0.26542E+01     0.15379E-07     0.17619E-06    -0.21417E-08
     0.27108E+01     0.19299E-07     0.22109E-06    -0.26875E-08
     0.27562E+01     0.23142E-07     0.26513E-06    -0.32226E-08
     0.28015E+01     0.27751E-07     0.31793E-06    -0.38642E-08
     0.28582E+01     0.34824E-07     0.39895E-06    -0.48488E-08
     0.29035E+01     0.41759E-07     0.47840E-06    -0.58142E-08
     0.29601E+01     0.52400E-07     0.60030E-06    -0.72955E-08
     0.30055E+01     0.62835E-07     0.71983E-06    -0.87480E-08
     0.30508E+01     0.75346E-07     0.86316E-06    -0.10490E-07
     0.31074E+01     0.94544E-07     0.10831E-05    -0.13162E-07
     0.31528E+01     0.11337E-06     0.12987E-05    -0.15782E-07
     0.32094E+01     0.14225E-06     0.16295E-05    -0.19802E-07
     0.32547E+01     0.17056E-06     0.19538E-05    -0.23743E-07
     0.33000E+01     0.20451E-06     0.23426E-05    -0.28468E-07
     0.33567E+01     0.25660E-06     0.29392E-05    -0.35717E-07
     0.34020E+01     0.30767E-06     0.35239E-05    -0.42823E-07
     0.34587E+01     0.38601E-06     0.44210E-05    -0.53723E-07
     0.35040E+01     0.46281E-06     0.53003E-05    -0.64406E-07
     0.35606E+01     0.58061E-06     0.66490E-05    -0.80793E-07
     0.36059E+01     0.69609E-06     0.79710E-05    -0.96853E-07
     0.36513E+01     0.83451E-06     0.95554E-05    -0.11610E-06
     0.37079E+01     0.10468E-05     0.11985E-04    -0.14562E-06
     0.37532E+01     0.12549E-05     0.14366E-04    -0.17454E-06
     0.38099E+01     0.15740E-05     0.18017E-04    -0.21888E-06
     0.38552E+01     0.18867E-05     0.21594E-04    -0.26232E-06
     0.39005E+01     0.22613E-05     0.25879E-04    -0.31436E-06
     0.39572E+01     0.28358E-05     0.32448E-04    -0.39412E-06
     0.40025E+01     0.33986E-05     0.38882E-04    -0.47224E-06
     0.40591E+01     0.42614E-05     0.48742E-04    -0.59193E-06
     0.41044E+01     0.51064E-05     0.58398E-04    -0.70913E-06
     0.41611E+01     0.64015E-05     0.73191E-04    -0.88866E-06
     0.42064E+01     0.76698E-05     0.87673E-04    -0.10644E-05
     0.42517E+01     0.91887E-05     0.10501E-03    -0.12747E-05
     0.43084E+01     0.11516E-04     0.13156E-03    -0.15968E-05
     0.43537E+01     0.13794E-04     0.15755E-03    -0.19118E-05
     0.44103E+01     0.17283E-04     0.19733E-03    -0.23941E-05
     0.44557E+01     0.20698E-04     0.23625E-03    -0.28657E-05
     0.45010E+01     0.24785E-04     0.28281E-03    -0.34298E-05
     0.45576E+01     0.31043E-04     0.35406E-03    -0.42927E-05
     0.46029E+01     0.37165E-04     0.42373E-03    -0.51361E-05
     0.46596E+01     0.46536E-04     0.53032E-03    -0.64259E-05
     0.47049E+01     0.55702E-04     0.63451E-03    -0.76861E-05
     0.47502E+01     0.66667E-04     0.75907E-03    -0.91919E-05
     0.48069E+01     0.83447E-04     0.94956E-03    -0.11493E-04
     0.48522E+01     0.99855E-04     0.11357E-02    -0.13740E-04
     0.49088E+01     0.12496E-03     0.14202E-02    -0.17172E-04
     0.49542E+01     0.14950E-03     0.16982E-02    -0.20522E-04
     0.50108E+01     0.18706E-03     0.21231E-02    -0.25636E-04
     0.50561E+01     0.22377E-03     0.25381E-02    -0.30626E-04
     0.51015E+01     0.26769E-03     0.30339E-02    -0.36580E-04
     0.51581E+01     0.33490E-03     0.37917E-02    -0.45663E-04
     0.52034E+01     0.40064E-03     0.45318E-02    -0.54516E-04
     0.52601E+01     0.50129E-03     0.56630E-02    -0.68016E-04
     0.53054E+01     0.59980E-03     0.67680E-02    -0.81166E-04
     0.53507E+01     0.71777E-03     0.80886E-02    -0.96834E-04
     0.54074E+01     0.89864E-03     0.10108E-01    -0.12069E-03
     0.54527E+01     0.10760E-02     0.12081E-01    -0.14390E-03
     0.55094E+01     0.13483E-02     0.15100E-01    -0.17919E-03
     0.55547E+01     0.16158E-02     0.18053E-01    -0.21347E-03
     0.56000E+01     0.19375E-02     0.21586E-01    -0.25417E-03
     0.56567E+01     0.24336E-02     0.26998E-01    -0.31593E-03
     0.57020E+01     0.29232E-02     0.32299E-01    -0.37564E-03
     0.57587E+01     0.36815E-02     0.40427E-01    -0.46558E-03
     0.58040E+01     0.44337E-02     0.48393E-01    -0.55285E-03
     0.58607E+01     0.56055E-02     0.60614E-01    -0.68589E-03
     0.59060E+01     0.67755E-02     0.72594E-01    -0.81124E-03
     0.59513E+01     0.82052E-02     0.86947E-01    -0.95248E-03
     0.60080E+01     0.10465E-01     0.10864E+00    -0.11686E-02
     0.60533E+01     0.12765E-01     0.12942E+00    -0.13772E-02
     0.61100E+01     0.16391E-01     0.16107E+00    -0.15068E-02
     0.61553E+01     0.19972E-01     0.19224E+00    -0.13200E-02
     0.62006E+01     0.24235E-01     0.22924E+00    -0.79466E-03
     0.62573E+01     0.30507E-01     0.28135E+00     0.15266E-03
     0.63026E+01     0.36150E-01     0.33141E+00     0.73522E-03
     0.63592E+01     0.43986E-01     0.39587E+00     0.68587E-03
     0.64045E+01     0.50639E-01     0.44328E+00     0.30084E-03
     0.64611E+01     0.58800E-01     0.48939E+00    -0.30002E-03
     0.65063E+01     0.64613E-01     0.51118E+00    -0.95138E-03
     0.65514E+01     0.69706E-01     0.52077E+00    -0.16755E-02
     0.66078E+01     0.74552E-01     0.51287E+00    -0.26800E-02
     0.66529E+01     0.77128E-01     0.49290E+00    -0.28313E-02
     0.67093E+01     0.78874E-01     0.45657E+00    -0.13372E-02
     0.67543E+01     0.79193E-01     0.42122E+00     0.45754E-03
     0.68106E+01     0.78804E-01     0.37310E+00     0.25340E-02
     0.68556E+01     0.77490E-01     0.33035E+00     0.38179E-02
     0.69006E+01     0.75640E-01     0.28282E+00     0.49442E-02
     0.69568E+01     0.73173E-01     0.22332E+00     0.51598E-02
     0.70017E+01     0.71361E-01     0.17701E+00     0.43455E-02
     0.70579E+01     0.69002E-01     0.11822E+00     0.43228E-02
     0.71028E+01     0.66833E-01     0.69128E-01     0.55226E-02
     0.71589E+01     0.63732E-01     0.51037E-02     0.78997E-02
     0.72038E+01     0.61198E-01    -0.46382E-01     0.92398E-02
     0.72599E+01     0.58217E-01    -0.10910E+00     0.96434E-02
     0.73047E+01     0.55940E-01    -0.15786E+00     0.94761E-02
     0.73608E+01     0.53024E-01    -0.21812E+00     0.96138E-02
     0.74057E+01     0.50549E-01    -0.26657E+00     0.10508E-01
     0.74505E+01     0.47979E-01    -0.31587E+00     0.11967E-01
     0.75066E+01     0.44672E-01    -0.37907E+00     0.13943E-01
     0.75515E+01     0.41937E-01    -0.43069E+00     0.15340E-01
     0.76076E+01     0.38471E-01    -0.49656E+00     0.16524E-01
     0.76525E+01     0.35549E-01    -0.55004E+00     0.17210E-01
     0.77086E+01     0.31618E-01    -0.61964E+00     0.17888E-01
     0.77536E+01     0.28153E-01    -0.67847E+00     0.18925E-01
     0.78098E+01     0.23290E-01    -0.74838E+00     0.20801E-01
     0.78548E+01     0.19132E-01    -0.81938E+00     0.22752E-01
     0.79110E+01     0.12984E-01    -0.91866E+00     0.25594E-01
     0.79561E+01     0.70014E-02    -0.10065E+01     0.27962E-01
     0.80012E+01     0.27233E-03    -0.11078E+01     0.30284E-01
     0.80576E+01    -0.86632E-02    -0.12554E+01     0.29508E-01
     0.81028E+01    -0.15247E-01    -0.13619E+01     0.20776E-01
     0.81593E+01    -0.21380E-01    -0.13937E+01     0.58371E-02
     0.82046E+01    -0.25872E-01    -0.13218E+01     0.30571E-02
     0.82613E+01    -0.30212E-01    -0.10246E+01     0.27412E-02
     0.83066E+01    -0.31414E-01    -0.77728E+00     0.24921E-02
     0.83520E+01    -0.31646E-01    -0.59416E+00     0.26105E-02
     0.84087E+01    -0.31688E-01    -0.51173E+00     0.28146E-02
     0.84541E+01    -0.32178E-01    -0.53605E+00     0.13272E-02
     0.85108E+01    -0.32488E-01     0.00000E+00     0.00000E+00
     0.85562E+01    -0.32488E-01     0.00000E+00     0.00000E+00
     0.86016E+01    -0.32488E-01     0.00000E+00     0.00000E+00
     0.86567E+01    -0.32488E-01     0.00000E+00     0.00000E+00
     0.87075E+01    -0.32488E-01     0.00000E+00     0.00000E+00
     0.87598E+01    -0.32488E-01     0.00000E+00     0.00000E+00
     0.88002E+01    -0.32488E-01     0.00000E+00     0.00000E+00
     0.88534E+01    -0.27655E-01     0.41134E+00    -0.40270E-01
     0.89101E+01    -0.21664E-01     0.32489E+00    -0.47190E-01
     0.89548E+01    -0.19549E-01     0.24631E+00    -0.43391E-01
     0.90078E+01    -0.19298E-01     0.15036E+00    -0.35241E-01
     0.90578E+01    -0.19079E-01     0.67126E-01    -0.30953E-01
     0.91006E+01    -0.18949E-01     0.36224E-02    -0.32413E-01
     0.91584E+01    -0.18484E-01    -0.56329E-01    -0.38392E-01
     0.92053E+01    -0.17603E-01    -0.75438E-01    -0.41932E-01
     0.92587E+01    -0.16196E-01    -0.76202E-01    -0.38391E-01
     0.93100E+01    -0.15034E-01    -0.46693E-01    -0.28254E-01
     0.93609E+01    -0.13886E-01    -0.38883E-03    -0.16054E-01
     0.94025E+01    -0.13127E-01     0.40427E-01    -0.94585E-02
     0.94531E+01    -0.12814E-01     0.79471E-01    -0.74505E-02
     0.95061E+01    -0.12725E-01     0.10406E+00    -0.99769E-02
     0.95511E+01    -0.12332E-01     0.11294E+00    -0.14244E-01
     0.96074E+01    -0.11075E-01     0.11185E+00    -0.20702E-01
     0.96573E+01    -0.95174E-02     0.10714E+00    -0.26212E-01
     0.97064E+01    -0.76652E-02     0.98125E-01    -0.29403E-01
     0.97503E+01    -0.60809E-02     0.89700E-01    -0.27943E-01
     0.98070E+01    -0.42277E-02     0.82642E-01    -0.21376E-01
     0.98524E+01    -0.29524E-02     0.79913E-01    -0.15825E-01
     0.99065E+01    -0.17315E-02     0.77107E-01    -0.10704E-01
     0.99519E+01    -0.94130E-03     0.74423E-01    -0.80204E-02
     0.10009E+02    -0.12502E-03     0.69015E-01    -0.67347E-02
     0.10054E+02     0.45937E-03     0.62816E-01    -0.62447E-02
     0.10111E+02     0.12666E-02     0.51270E-01    -0.54204E-02
     0.10156E+02     0.19989E-02     0.38580E-01    -0.42745E-02
     0.10202E+02     0.27757E-02     0.23490E-01    -0.35409E-02
     0.10258E+02     0.36931E-02     0.33609E-02    -0.36135E-02
     0.10303E+02     0.40720E-02    -0.97720E-02    -0.45742E-02
     0.10359E+02     0.42430E-02    -0.22739E-01    -0.62336E-02
     0.10405E+02     0.40538E-02    -0.31142E-01    -0.70460E-02
     0.10461E+02     0.35507E-02    -0.38048E-01    -0.75906E-02
     0.10507E+02     0.30175E-02    -0.42330E-01    -0.79013E-02
     0.10552E+02     0.24804E-02    -0.47252E-01    -0.83002E-02
     0.10609E+02     0.19271E-02    -0.55917E-01    -0.90851E-02
     0.10654E+02     0.15903E-02    -0.65162E-01    -0.98447E-02
     0.10711E+02     0.12579E-02    -0.77971E-01    -0.11058E-01
     0.10757E+02     0.97243E-03    -0.87641E-01    -0.12669E-01
     0.10802E+02     0.47868E-03    -0.93756E-01    -0.15169E-01
     0.10859E+02    -0.35257E-03    -0.96212E-01    -0.19606E-01
     0.10904E+02    -0.10916E-02    -0.94893E-01    -0.22759E-01
     0.10961E+02    -0.20208E-02    -0.89684E-01    -0.25264E-01
     0.11006E+02    -0.27051E-02    -0.83502E-01    -0.25883E-01
     0.11052E+02    -0.33139E-02    -0.76116E-01    -0.25772E-01
     0.11109E+02    -0.39705E-02    -0.66050E-01    -0.25119E-01
     0.11154E+02    -0.44047E-02    -0.57778E-01    -0.24523E-01
     0.11211E+02    -0.48539E-02    -0.47477E-01    -0.23715E-01
     0.11256E+02    -0.51323E-02    -0.39334E-01    -0.23237E-01
     0.11302E+02    -0.53371E-02    -0.31453E-01    -0.22928E-01
     0.11359E+02    -0.55078E-02    -0.22210E-01    -0.22888E-01
     0.11404E+02    -0.55926E-02    -0.15557E-01    -0.22973E-01
     0.11461E+02    -0.56643E-02    -0.81297E-02    -0.23041E-01
     0.11506E+02    -0.56782E-02    -0.33853E-02    -0.23187E-01
     0.11552E+02    -0.56489E-02     0.13211E-03    -0.23448E-01
     0.11609E+02    -0.55775E-02     0.30223E-02    -0.23463E-01
     0.11654E+02    -0.55119E-02     0.41882E-02    -0.23064E-01
     0.11711E+02    -0.54173E-02     0.41418E-02    -0.22103E-01
     0.11756E+02    -0.53275E-02     0.29063E-02    -0.20849E-01
     0.11802E+02    -0.52409E-02     0.91310E-03    -0.19720E-01
     0.11859E+02    -0.51459E-02    -0.21297E-02    -0.18745E-01
     0.11904E+02    -0.50847E-02    -0.45081E-02    -0.18460E-01
     0.11961E+02    -0.50122E-02    -0.72290E-02    -0.18421E-01
     0.12006E+02    -0.49293E-02    -0.91288E-02    -0.18285E-01
     0.12051E+02    -0.48119E-02    -0.10877E-01    -0.18057E-01
     0.12108E+02    -0.46081E-02    -0.12986E-01    -0.17709E-01
     0.12154E+02    -0.44278E-02    -0.14509E-01    -0.16876E-01
     0.12210E+02    -0.42228E-02    -0.15631E-01    -0.15500E-01
     0.12256E+02    -0.40857E-02    -0.15990E-01    -0.14812E-01
     0.12301E+02    -0.40006E-02    -0.15655E-01    -0.14854E-01
     0.12358E+02    -0.39478E-02    -0.14023E-01    -0.15676E-01
     0.12404E+02    -0.39394E-02    -0.12333E-01    -0.16975E-01
     0.12460E+02    -0.39263E-02    -0.10006E-01    -0.19225E-01
     0.12506E+02    -0.39019E-02    -0.82654E-02    -0.21213E-01
     0.12551E+02    -0.38711E-02    -0.67818E-02    -0.23176E-01
     0.12608E+02    -0.38274E-02    -0.54661E-02    -0.25308E-01
     0.12654E+02    -0.37833E-02    -0.48043E-02    -0.26718E-01
     0.12711E+02    -0.37187E-02    -0.41656E-02    -0.28060E-01
     0.12756E+02    -0.36522E-02    -0.36591E-02    -0.28781E-01
     0.12802E+02    -0.35585E-02    -0.31218E-02    -0.29113E-01
     0.12858E+02    -0.34005E-02    -0.23984E-02    -0.29364E-01
     0.12904E+02    -0.32457E-02    -0.16805E-02    -0.29524E-01
     0.12961E+02    -0.30200E-02    -0.53237E-03    -0.29685E-01
     0.13006E+02    -0.28137E-02     0.62675E-03    -0.29794E-01
     0.13052E+02    -0.25884E-02     0.20283E-02    -0.29883E-01
     0.13109E+02    -0.22931E-02     0.36902E-02    -0.29785E-01
     0.13154E+02    -0.20658E-02     0.44917E-02    -0.29095E-01
     0.13211E+02    -0.17869E-02     0.48050E-02    -0.27270E-01
     0.13257E+02    -0.15524E-02     0.44747E-02    -0.24799E-01
     0.13302E+02    -0.12942E-02     0.31887E-02    -0.21235E-01
     0.13359E+02    -0.94104E-03     0.41885E-03    -0.15467E-01
     0.13404E+02    -0.64216E-03    -0.23167E-02    -0.99848E-02
     0.13461E+02    -0.31246E-03    -0.56483E-02    -0.30831E-02
     0.13507E+02    -0.10966E-03    -0.77483E-02     0.16399E-02
     0.13552E+02     0.15747E-04    -0.94688E-02     0.48984E-02
     0.13609E+02     0.13254E-03    -0.12053E-01     0.65063E-02
     0.13655E+02     0.20909E-03    -0.14663E-01     0.62196E-02
     0.13701E+02     0.25043E-03    -0.17497E-01     0.49682E-02
     0.13758E+02     0.19504E-03    -0.20998E-01     0.16593E-02
     0.13804E+02     0.18938E-04    -0.23544E-01    -0.20853E-02
     0.13862E+02    -0.37132E-03    -0.26498E-01    -0.75883E-02
     0.13908E+02    -0.74470E-03    -0.28933E-01    -0.12562E-01
     0.13954E+02    -0.11315E-02    -0.31685E-01    -0.17578E-01
     0.14001E+02    -0.14844E-02    -0.35123E-01    -0.22710E-01
     0.14060E+02    -0.18469E-02    -0.39513E-01    -0.29304E-01
     0.14106E+02    -0.20807E-02    -0.42179E-01    -0.34315E-01
     0.14153E+02    -0.23011E-02    -0.43277E-01    -0.38716E-01
     0.14212E+02    -0.25816E-02    -0.42057E-01    -0.43039E-01
     0.14259E+02    -0.27701E-02    -0.39114E-01    -0.45503E-01
     0.14305E+02    -0.29247E-02    -0.34827E-01    -0.46898E-01
     0.14352E+02    -0.30652E-02    -0.29707E-01    -0.47613E-01
     0.14411E+02    -0.32326E-02    -0.22797E-01    -0.47116E-01
     0.14458E+02    -0.33292E-02    -0.17371E-01    -0.45864E-01
     0.14505E+02    -0.33840E-02    -0.12124E-01    -0.44216E-01
     0.14551E+02    -0.33587E-02    -0.76793E-02    -0.42240E-01
     0.14609E+02    -0.32384E-02    -0.33967E-02    -0.38810E-01
     0.14655E+02    -0.30959E-02    -0.62353E-03    -0.35370E-01
     0.14700E+02    -0.29321E-02     0.17617E-02    -0.31552E-01
     0.14757E+02    -0.27104E-02     0.39962E-02    -0.26369E-01
     0.14803E+02    -0.25350E-02     0.50667E-02    -0.22146E-01
     0.14860E+02    -0.23173E-02     0.52521E-02    -0.17179E-01
     0.14906E+02    -0.21508E-02     0.41724E-02    -0.13569E-01
     0.14951E+02    -0.20193E-02     0.23300E-02    -0.10654E-01
     0.15008E+02    -0.18942E-02    -0.53064E-03    -0.80768E-02
     0.15054E+02    -0.18243E-02    -0.29950E-02    -0.68927E-02
     0.15111E+02    -0.17246E-02    -0.65634E-02    -0.64195E-02
     0.15156E+02    -0.16273E-02    -0.97119E-02    -0.67047E-02
     0.15202E+02    -0.15278E-02    -0.12772E-01    -0.78560E-02
     0.15259E+02    -0.14381E-02    -0.16000E-01    -0.10825E-01
     0.15305E+02    -0.14020E-02    -0.17979E-01    -0.14189E-01
     0.15350E+02    -0.14545E-02    -0.18725E-01    -0.17811E-01
     0.15407E+02    -0.15686E-02    -0.18300E-01    -0.22263E-01
     0.15453E+02    -0.16421E-02    -0.17267E-01    -0.25534E-01
     0.15510E+02    -0.16776E-02    -0.15444E-01    -0.28778E-01
     0.15555E+02    -0.16593E-02    -0.13918E-01    -0.30655E-01
     0.15601E+02    -0.16283E-02    -0.12458E-01    -0.31841E-01
     0.15658E+02    -0.15764E-02    -0.10810E-01    -0.32520E-01
     0.15703E+02    -0.15420E-02    -0.96675E-02    -0.32531E-01
     0.15760E+02    -0.14862E-02    -0.80958E-02    -0.32007E-01
     0.15806E+02    -0.14183E-02    -0.68251E-02    -0.31409E-01
     0.15851E+02    -0.13335E-02    -0.57131E-02    -0.30713E-01
     0.15908E+02    -0.12165E-02    -0.46557E-02    -0.29377E-01
     0.15954E+02    -0.11145E-02    -0.40156E-02    -0.28002E-01
     0.16011E+02    -0.97324E-03    -0.33847E-02    -0.26123E-01
     0.16056E+02    -0.84895E-03    -0.30651E-02    -0.24599E-01
     0.16102E+02    -0.72235E-03    -0.30235E-02    -0.23204E-01
     0.16159E+02    -0.57327E-03    -0.33096E-02    -0.21873E-01
     0.16204E+02    -0.46374E-03    -0.37397E-02    -0.21227E-01
     0.16261E+02    -0.33875E-03    -0.45579E-02    -0.21039E-01
     0.16307E+02    -0.23750E-03    -0.54242E-02    -0.21379E-01
     0.16353E+02    -0.13276E-03    -0.65063E-02    -0.22023E-01
     0.16410E+02    -0.15466E-04    -0.80734E-02    -0.23066E-01
     0.16455E+02     0.55236E-04    -0.93982E-02    -0.24007E-01
     0.16501E+02     0.87265E-04    -0.10570E-01    -0.24998E-01
     0.16558E+02     0.84033E-04    -0.11766E-01    -0.26218E-01
     0.16604E+02     0.58108E-04    -0.12511E-01    -0.27028E-01
     0.16661E+02    -0.20699E-04    -0.13111E-01    -0.27271E-01
     0.16707E+02    -0.10128E-03    -0.13263E-01    -0.26975E-01
     0.16752E+02    -0.18519E-03    -0.13278E-01    -0.26306E-01
     0.16809E+02    -0.27786E-03    -0.13153E-01    -0.25033E-01
     0.16855E+02    -0.34169E-03    -0.12763E-01    -0.23699E-01
     0.16901E+02    -0.39169E-03    -0.12021E-01    -0.22151E-01
     0.16958E+02    -0.42905E-03    -0.10652E-01    -0.20044E-01
     0.17004E+02    -0.42931E-03    -0.91096E-02    -0.18461E-01
     0.17061E+02    -0.38382E-03    -0.67872E-02    -0.16802E-01
     0.17107E+02    -0.32069E-03    -0.46992E-02    -0.15824E-01
     0.17153E+02    -0.22011E-03    -0.27387E-02    -0.15310E-01
     0.17210E+02    -0.63628E-04    -0.62337E-03    -0.14889E-01
     0.17256E+02     0.70427E-04     0.68888E-03    -0.14711E-01
     0.17302E+02     0.21024E-03     0.14916E-02    -0.14738E-01
     0.17359E+02     0.38441E-03     0.16673E-02    -0.15268E-01
     0.17405E+02     0.53310E-03     0.11385E-02    -0.16070E-01
     0.17451E+02     0.67926E-03     0.21141E-03    -0.17305E-01
     0.17508E+02     0.87121E-03    -0.14465E-02    -0.19574E-01
     0.17554E+02     0.10366E-02    -0.29861E-02    -0.21979E-01
     0.17611E+02     0.12653E-02    -0.49827E-02    -0.25642E-01
     0.17657E+02     0.14802E-02    -0.66607E-02    -0.28931E-01
     0.17703E+02     0.17232E-02    -0.83044E-02    -0.32330E-01
     0.17760E+02     0.19985E-02    -0.94826E-02    -0.36488E-01
     0.17806E+02     0.21912E-02    -0.95808E-02    -0.39428E-01
     0.17851E+02     0.23768E-02    -0.90327E-02    -0.41680E-01
     0.17908E+02     0.25795E-02    -0.74723E-02    -0.43295E-01
     0.17954E+02     0.27270E-02    -0.59302E-02    -0.43555E-01
     0.18011E+02     0.29188E-02    -0.39879E-02    -0.42724E-01
     0.18057E+02     0.30987E-02    -0.26050E-02    -0.41400E-01
     0.18102E+02     0.33115E-02    -0.14167E-02    -0.39689E-01
     0.18159E+02     0.36357E-02    -0.14147E-03    -0.37284E-01
     0.18205E+02     0.39325E-02     0.84973E-03    -0.35252E-01
     0.18251E+02     0.42537E-02     0.19269E-02    -0.33172E-01
     0.18308E+02     0.46907E-02     0.34116E-02    -0.30458E-01
     0.18353E+02     0.50684E-02     0.46174E-02    -0.28176E-01
     0.18410E+02     0.55659E-02     0.57602E-02    -0.25412E-01
     0.18456E+02     0.59723E-02     0.63740E-02    -0.23502E-01
     0.18501E+02     0.63491E-02     0.70977E-02    -0.22037E-01
     0.18558E+02     0.67278E-02     0.82916E-02    -0.21254E-01
     0.18603E+02     0.69844E-02     0.94135E-02    -0.20976E-01
     0.18660E+02     0.72754E-02     0.10985E-01    -0.20813E-01
     0.18706E+02     0.74862E-02     0.12355E-01    -0.20603E-01
     0.18751E+02     0.76977E-02     0.13489E-01    -0.20374E-01
     0.18808E+02     0.79715E-02     0.14074E-01    -0.20289E-01
     0.18854E+02     0.82104E-02     0.13544E-01    -0.20594E-01
     0.18910E+02     0.84991E-02     0.11265E-01    -0.21204E-01
     0.18956E+02     0.86819E-02     0.81517E-02    -0.21565E-01
     0.19001E+02     0.88037E-02     0.38875E-02    -0.21476E-01
     0.19058E+02     0.88559E-02    -0.32612E-02    -0.20837E-01
     0.19103E+02     0.88110E-02    -0.10520E-01    -0.19625E-01
     0.19159E+02     0.86385E-02    -0.21477E-01    -0.18170E-01
     0.19205E+02     0.83756E-02    -0.31482E-01    -0.16547E-01
     0.19261E+02     0.79630E-02    -0.45839E-01    -0.14848E-01
     0.19306E+02     0.74631E-02    -0.58035E-01    -0.14123E-01
     0.19351E+02     0.66779E-02    -0.69158E-01    -0.13402E-01
     0.19408E+02     0.53716E-02    -0.80954E-01    -0.11273E-01
     0.19453E+02     0.41480E-02    -0.88986E-01    -0.85851E-02
     0.19509E+02     0.24833E-02    -0.98452E-01    -0.49113E-02
     0.19555E+02     0.11552E-02    -0.10655E+00    -0.21334E-02
     0.19611E+02    -0.42703E-03    -0.11832E+00     0.54023E-03
     0.19656E+02    -0.15584E-02    -0.12952E+00     0.19636E-02
     0.19701E+02    -0.27716E-02    -0.13915E+00     0.29547E-02
     0.19758E+02    -0.46495E-02    -0.14452E+00     0.39586E-02
     0.19803E+02    -0.63098E-02    -0.14426E+00     0.38287E-02
     0.19860E+02    -0.83768E-02    -0.14048E+00     0.18748E-02
     0.19905E+02    -0.99017E-02    -0.13656E+00    -0.10507E-02
     0.19951E+02    -0.11372E-01    -0.13128E+00    -0.54538E-02
     0.20007E+02    -0.13209E-01    -0.11811E+00    -0.12199E-01
     0.20053E+02    -0.14501E-01    -0.10469E+00    -0.17561E-01
     0.20109E+02    -0.15841E-01    -0.86578E-01    -0.24020E-01
     0.20155E+02    -0.16657E-01    -0.71985E-01    -0.28830E-01
     0.20200E+02    -0.17226E-01    -0.57730E-01    -0.33588E-01
     0.20257E+02    -0.17586E-01    -0.39596E-01    -0.39798E-01
     0.20302E+02    -0.17650E-01    -0.23636E-01    -0.44768E-01
     0.20359E+02    -0.17453E-01    -0.66066E-03    -0.50338E-01
     0.20404E+02    -0.17057E-01     0.19549E-01    -0.54170E-01
     0.20460E+02    -0.16292E-01     0.45723E-01    -0.57149E-01
     0.20506E+02    -0.15499E-01     0.66622E-01    -0.58376E-01
     0.20551E+02    -0.14493E-01     0.86810E-01    -0.59484E-01
     0.20607E+02    -0.12861E-01     0.11023E+00    -0.61300E-01
     0.20652E+02    -0.11237E-01     0.12646E+00    -0.62931E-01
     0.20709E+02    -0.87839E-02     0.14170E+00    -0.64120E-01
     0.20754E+02    -0.64404E-02     0.14779E+00    -0.63339E-01
     0.20810E+02    -0.31188E-02     0.15073E+00    -0.63173E-01
     0.20855E+02    -0.41807E-03     0.15116E+00    -0.58526E-01
     0.20911E+02     0.26024E-02     0.14988E+00    -0.48382E-01
     0.20956E+02     0.46322E-02     0.14866E+00    -0.39256E-01
     0.21001E+02     0.63405E-02     0.14792E+00    -0.30383E-01
     0.21057E+02     0.82613E-02     0.14406E+00    -0.20439E-01
     0.21102E+02     0.96548E-02     0.13639E+00    -0.14713E-01
     0.21158E+02     0.11248E-01     0.12021E+00    -0.11037E-01
     0.21203E+02     0.12489E-01     0.10401E+00    -0.99370E-02
     0.21259E+02     0.13952E-01     0.81159E-01    -0.88320E-02
     0.21304E+02     0.14963E-01     0.62864E-01    -0.73687E-02
     0.21360E+02     0.15964E-01     0.41882E-01    -0.47937E-02
     0.21405E+02     0.16446E-01     0.27597E-01    -0.21611E-02
     0.21450E+02     0.16572E-01     0.14489E-01     0.89047E-03
     0.21506E+02     0.16425E-01    -0.10958E-02     0.46251E-02
     0.21551E+02     0.16196E-01    -0.13782E-01     0.71153E-02
     0.21608E+02     0.15794E-01    -0.30869E-01     0.98603E-02
     0.21653E+02     0.15341E-01    -0.45550E-01     0.12402E-01
     0.21709E+02     0.14609E-01    -0.64793E-01     0.16135E-01
     0.21754E+02     0.13868E-01    -0.80847E-01     0.19440E-01
     0.21809E+02     0.12769E-01    -0.10143E+00     0.23589E-01
     0.21854E+02     0.11652E-01    -0.11665E+00     0.26159E-01
     0.21910E+02     0.99697E-02    -0.13165E+00     0.26957E-01
     0.21955E+02     0.84736E-02    -0.14016E+00     0.25384E-01
     0.22000E+02     0.69331E-02    -0.14575E+00     0.22531E-01
     0.22057E+02     0.50601E-02    -0.14898E+00     0.17809E-01
     0.22102E+02     0.36468E-02    -0.14897E+00     0.13811E-01
     0.22158E+02     0.20331E-02    -0.14503E+00     0.10180E-01
     0.22204E+02     0.84868E-03    -0.13876E+00     0.99565E-02
     0.22260E+02    -0.58969E-03    -0.12426E+00     0.12256E-01
     0.22306E+02    -0.16523E-02    -0.10722E+00     0.14678E-01
     0.22351E+02    -0.25783E-02    -0.86781E-01     0.17101E-01
     0.22408E+02    -0.34091E-02    -0.58802E-01     0.19161E-01
     0.22453E+02    -0.37648E-02    -0.36325E-01     0.20311E-01
     0.22510E+02    -0.38450E-02    -0.10341E-01     0.21975E-01
     0.22556E+02    -0.37317E-02     0.76684E-02     0.23776E-01
     0.22601E+02    -0.35569E-02     0.23568E-01     0.25556E-01
     0.22658E+02    -0.32251E-02     0.39569E-01     0.27078E-01
     0.22704E+02    -0.28745E-02     0.49482E-01     0.27796E-01
     0.22761E+02    -0.23589E-02     0.58358E-01     0.27873E-01
     0.22807E+02    -0.18827E-02     0.62494E-01     0.27220E-01
     0.22859E+02    -0.12693E-02     0.64003E-01     0.26695E-01
     0.22903E+02    -0.64679E-03     0.62606E-01     0.26357E-01
     0.22958E+02     0.25738E-03     0.57246E-01     0.26072E-01
     0.23004E+02     0.12877E-02     0.48166E-01     0.25489E-01
     0.23061E+02     0.31150E-02     0.30469E-01     0.22528E-01
     0.23107E+02     0.45844E-02     0.14800E-01     0.20608E-01
     0.23152E+02     0.57180E-02     0.23756E-02     0.20360E-01
     0.23209E+02     0.65004E-02    -0.69810E-02     0.20052E-01
     0.23255E+02     0.67611E-02    -0.94770E-02     0.20208E-01
     0.23301E+02     0.67626E-02    -0.96848E-02     0.20161E-01
     0.23358E+02     0.67468E-02    -0.78814E-02     0.19544E-01
     0.23404E+02     0.68747E-02    -0.54203E-02     0.18053E-01
     0.23461E+02     0.72117E-02    -0.11419E-02     0.14403E-01
     0.23507E+02     0.76808E-02     0.25873E-02     0.99501E-02
     0.23553E+02     0.83159E-02     0.75198E-02     0.43376E-02
     0.23610E+02     0.93137E-02     0.16472E-01    -0.37639E-02
     0.23656E+02     0.10300E-01     0.26776E-01    -0.10635E-01
     0.23702E+02     0.11454E-01     0.40890E-01    -0.17802E-01
     0.23760E+02     0.13071E-01     0.64494E-01    -0.25029E-01
     0.23805E+02     0.14853E-01     0.88942E-01    -0.33273E-01
     0.23850E+02     0.20864E-01     0.11149E+00    -0.94260E-01
     0.23908E+02     0.40219E-01     0.10228E+00    -0.31008E+00
     0.23954E+02     0.49380E-01     0.10089E+00    -0.37766E+00
     0.24010E+02     0.53737E-01     0.11274E+00    -0.32718E+00
     0.24056E+02     0.58991E-01     0.12821E+00    -0.23574E+00
     0.24100E+02     0.64016E-01     0.12726E+00    -0.13308E+00
     0.24157E+02     0.66938E-01     0.10012E+00    -0.48891E-01
     0.24211E+02     0.65059E-01     0.82519E-01    -0.34375E-01
     0.24257E+02     0.61372E-01     0.66377E-01    -0.32530E-01
     0.24303E+02     0.57458E-01     0.47532E-01    -0.32464E-01
     0.24360E+02     0.52722E-01     0.21633E-01    -0.33523E-01
     0.24406E+02     0.49128E-01     0.85834E-04    -0.35170E-01
     0.24452E+02     0.45751E-01    -0.21712E-01    -0.36441E-01
     0.24509E+02     0.41888E-01    -0.47201E-01    -0.38810E-01
     0.24555E+02     0.39007E-01    -0.66542E-01    -0.40298E-01
     0.24601E+02     0.36249E-01    -0.86516E-01    -0.41185E-01
     0.24658E+02     0.33035E-01    -0.11312E+00    -0.41589E-01
     0.24704E+02     0.30630E-01    -0.13498E+00    -0.41698E-01
     0.24761E+02     0.27695E-01    -0.16123E+00    -0.41972E-01
     0.24807E+02     0.25369E-01    -0.18025E+00    -0.43568E-01
     0.24853E+02     0.23146E-01    -0.19988E+00    -0.44294E-01
     0.24911E+02     0.20674E-01    -0.22723E+00    -0.45970E-01
     0.24957E+02     0.19124E-01    -0.25398E+00    -0.47769E-01
     0.25002E+02     0.18096E-01    -0.28727E+00    -0.49181E-01
