     0.11273E-01     0.18361E-01     0.00000E+00     0.00000E+00
     0.56772E-01     0.18361E-01     0.00000E+00     0.00000E+00
     0.10226E+00     0.18361E-01     0.00000E+00     0.00000E+00
     0.15908E+00     0.18361E-01     0.00000E+00     0.00000E+00
     0.20451E+00     0.18361E-01     0.00000E+00     0.00000E+00
     0.26127E+00     0.18361E-01     0.00000E+00     0.00000E+00
     0.30666E+00     0.18361E-01     0.00000E+00     0.00000E+00
     0.35204E+00     0.18361E-01     0.00000E+00     0.00000E+00
     0.40877E+00     0.18361E-01     0.00000E+00     0.00000E+00
     0.45415E+00     0.18361E-01     0.00000E+00     0.00000E+00
     0.51088E+00     0.18361E-01     0.00000E+00     0.00000E+00
     0.55626E+00     0.18361E-01     0.00000E+00     0.00000E+00
     0.60166E+00     0.18361E-01     0.00000E+00     0.00000E+00
     0.65840E+00     0.18361E-01     0.00000E+00     0.00000E+00
     0.70379E+00     0.18361E-01     0.00000E+00     0.00000E+00
     0.76053E+00     0.18361E-01     0.00000E+00     0.00000E+00
     0.80593E+00     0.18361E-01     0.00000E+00     0.00000E+00
     0.85132E+00     0.18361E-01     0.00000E+00     0.00000E+00
     0.90806E+00     0.18361E-01     0.00000E+00     0.00000E+00
     0.95344E+00     0.18361E-01     0.00000E+00     0.00000E+00
     0.10102E+01     0.18361E-01     0.00000E+00     0.00000E+00
     0.10556E+01     0.18361E-01     0.00000E+00     0.00000E+00
     0.11009E+01     0.18361E-01     0.00000E+00     0.00000E+00
     0.11577E+01     0.18361E-01     0.00000E+00     0.00000E+00
     0.12030E+01     0.18361E-01     0.00000E+00     0.00000E+00
     0.12598E+01     0.18361E-01     0.00000E+00     0.00000E+00
     0.13051E+01     0.18361E-01     0.00000E+00     0.00000E+00
     0.13505E+01     0.18361E-01     0.00000E+00     0.00000E+00
     0.14072E+01     0.18361E-01     0.00000E+00     0.00000E+00
     0.14526E+01     0.18361E-01     0.00000E+00     0.00000E+00
     0.15093E+01     0.18361E-01     0.00000E+00     0.00000E+00
     0.15546E+01     0.18361E-01     0.00000E+00     0.00000E+00
     0.16113E+01     0.18361E-01     0.00000E+00     0.00000E+00
     0.16567E+01     0.18361E-01     0.00000E+00     0.00000E+00
     0.17020E+01     0.18361E-01     0.00000E+00     0.00000E+00
     0.17587E+01     0.18361E-01     0.00000E+00     0.00000E+00
     0.18041E+01     0.18361E-01     0.00000E+00     0.00000E+00
     0.18608E+01     0.18361E-01     0.00000E+00     0.00000E+00
     0.19061E+01     0.18361E-01     0.00000E+00     0.00000E+00
     0.19515E+01     0.18361E-01     0.00000E+00     0.00000E+00
     0.20082E+01     0.18361E-01     0.00000E+00     0.00000E+00
     0.20535E+01     0.18361E-01     0.00000E+00     0.00000E+00
     0.21102E+01     0.18361E-01     0.00000E+00     0.00000E+00
     0.21555E+01     0.18361E-01     0.00000E+00     0.00000E+00
     0.22009E+01     0.18361E-01     0.00000E+00     0.00000E+00
     0.22575E+01     0.18361E-01     0.00000E+00     0.00000E+00
     0.23029E+01     0.18361E-01     0.00000E+00     0.00000E+00
     0.23595E+01     0.18361E-01     0.00000E+00     0.00000E+00
     0.24049E+01     0.18361E-01     0.00000E+00     0.00000E+00
     0.24502E+01     0.18361E-01     0.00000E+00     0.00000E+00
     0.25069E+01     0.18361E-01     0.00000E+00     0.00000E+00
     0.25522E+01     0.18361E-01     0.00000E+00     0.00000E+00
     0.26089E+01     0.18361E-01     0.00000E+00     0.00000E+00
     0.26542E+01     0.18361E-01     0.00000E+00     0.00000E+00
     0.27108E+01     0.18361E-01     0.00000E+00     0.00000E+00
     0.27562E+01     0.18361E-01     0.00000E+00     0.00000E+00
     0.28015E+01     0.18361E-01     0.00000E+00     0.00000E+00
     0.28582E+01     0.18361E-01     0.00000E+00     0.00000E+00
     0.29035E+01     0.18361E-01     0.00000E+00     0.00000E+00
     0.29601E+01     0.18361E-01     0.00000E+00     0.00000E+00
     0.30055E+01     0.18361E-01     0.00000E+00     0.00000E+00
     0.30508E+01     0.18361E-01     0.00000E+00     0.00000E+00
     0.31074E+01     0.18361E-01     0.00000E+00     0.00000E+00
     0.31528E+01     0.18361E-01     0.00000E+00     0.00000E+00
     0.32094E+01     0.18361E-01     0.00000E+00     0.00000E+00
     0.32547E+01     0.18361E-01     0.00000E+00     0.00000E+00
     0.33000E+01     0.18361E-01     0.00000E+00     0.00000E+00
     0.33567E+01     0.18361E-01     0.00000E+00     0.00000E+00
     0.34020E+01     0.18361E-01     0.00000E+00     0.00000E+00
     0.34587E+01     0.18361E-01     0.00000E+00     0.00000E+00
     0.35040E+01     0.18361E-01     0.00000E+00     0.00000E+00
     0.35606E+01     0.18361E-01     0.00000E+00     0.00000E+00
     0.36059E+01     0.18361E-01     0.00000E+00     0.00000E+00
     0.36513E+01     0.18361E-01     0.00000E+00     0.00000E+00
     0.37079E+01     0.18361E-01     0.00000E+00     0.00000E+00
     0.37532E+01     0.18361E-01     0.00000E+00     0.00000E+00
     0.38099E+01     0.18361E-01     0.00000E+00     0.00000E+00
     0.38552E+01     0.18361E-01     0.00000E+00     0.00000E+00
     0.39005E+01     0.18361E-01     0.00000E+00     0.00000E+00
     0.39572E+01     0.18361E-01     0.00000E+00     0.00000E+00
     0.40025E+01     0.18361E-01     0.00000E+00     0.00000E+00
     0.40591E+01     0.18361E-01     0.00000E+00     0.00000E+00
     0.41044E+01     0.18361E-01     0.00000E+00     0.00000E+00
     0.41611E+01     0.18361E-01     0.00000E+00     0.00000E+00
     0.42064E+01     0.18361E-01     0.00000E+00     0.00000E+00
     0.42517E+01     0.18361E-01     0.00000E+00     0.00000E+00
     0.43084E+01     0.18361E-01     0.00000E+00     0.00000E+00
     0.43537E+01     0.18361E-01     0.00000E+00     0.00000E+00
     0.44103E+01     0.18361E-01     0.00000E+00     0.00000E+00
     0.44557E+01     0.18361E-01     0.00000E+00     0.00000E+00
     0.45010E+01     0.18361E-01     0.00000E+00     0.00000E+00
     0.45576E+01     0.18361E-01     0.00000E+00     0.00000E+00
     0.46029E+01     0.18361E-01     0.00000E+00     0.00000E+00
     0.46596E+01     0.18361E-01     0.00000E+00     0.00000E+00
     0.47049E+01     0.18361E-01     0.00000E+00     0.00000E+00
     0.47502E+01     0.18361E-01     0.00000E+00     0.00000E+00
     0.48069E+01     0.18361E-01     0.00000E+00     0.00000E+00
     0.48522E+01     0.18361E-01     0.00000E+00     0.00000E+00
     0.49088E+01     0.18361E-01     0.00000E+00     0.00000E+00
     0.49542E+01     0.18361E-01     0.00000E+00     0.00000E+00
     0.50108E+01     0.18361E-01     0.00000E+00     0.00000E+00
     0.50561E+01     0.18361E-01     0.00000E+00     0.00000E+00
     0.51015E+01     0.18361E-01     0.00000E+00     0.00000E+00
     0.51581E+01     0.18361E-01     0.00000E+00     0.00000E+00
     0.52034E+01     0.18361E-01     0.00000E+00     0.00000E+00
     0.52601E+01     0.18361E-01     0.00000E+00     0.00000E+00
     0.53054E+01     0.18361E-01     0.00000E+00     0.00000E+00
     0.53507E+01     0.18361E-01     0.00000E+00     0.00000E+00
     0.54074E+01     0.18361E-01     0.00000E+00     0.00000E+00
     0.54527E+01     0.18361E-01     0.00000E+00     0.00000E+00
     0.55094E+01     0.18361E-01     0.00000E+00     0.00000E+00
     0.55547E+01     0.18361E-01     0.00000E+00     0.00000E+00
     0.56000E+01     0.18361E-01     0.00000E+00     0.00000E+00
     0.56567E+01     0.18361E-01     0.00000E+00     0.00000E+00
     0.57020E+01     0.18361E-01     0.00000E+00     0.00000E+00
     0.57587E+01     0.18361E-01     0.00000E+00     0.00000E+00
     0.58040E+01     0.18361E-01     0.00000E+00     0.00000E+00
     0.58607E+01     0.18361E-01     0.00000E+00     0.00000E+00
     0.59060E+01     0.18361E-01     0.00000E+00     0.00000E+00
     0.59513E+01     0.18361E-01     0.00000E+00     0.00000E+00
     0.60080E+01     0.18361E-01     0.00000E+00     0.00000E+00
     0.60533E+01     0.18361E-01     0.00000E+00     0.00000E+00
     0.61100E+01     0.18361E-01     0.00000E+00     0.00000E+00
     0.61553E+01     0.18361E-01     0.00000E+00     0.00000E+00
     0.62006E+01     0.18361E-01     0.00000E+00     0.00000E+00
     0.62573E+01     0.18361E-01     0.00000E+00     0.00000E+00
     0.63026E+01     0.18933E-01     0.13577E+00     0.73531E-02
     0.63592E+01     0.22279E-01     0.30439E+00     0.10270E-01
     0.64045E+01     0.27965E-01     0.37910E+00     0.53214E-02
     0.64611E+01     0.38331E-01     0.47179E+00    -0.22930E-02
     0.65063E+01     0.47757E-01     0.54861E+00    -0.77825E-02
     0.65514E+01     0.57596E-01     0.60069E+00    -0.11293E-01
     0.66078E+01     0.68304E-01     0.63113E+00    -0.94822E-02
     0.66529E+01     0.75390E-01     0.63155E+00    -0.57224E-02
     0.67093E+01     0.82588E-01     0.61467E+00    -0.80795E-03
     0.67543E+01     0.86521E-01     0.58546E+00     0.19814E-02
     0.68106E+01     0.89594E-01     0.53438E+00     0.39624E-02
     0.68556E+01     0.91121E-01     0.48802E+00     0.42606E-02
     0.69006E+01     0.91927E-01     0.43688E+00     0.42450E-02
     0.69568E+01     0.92002E-01     0.36734E+00     0.41445E-02
     0.70017E+01     0.91718E-01     0.30960E+00     0.43609E-02
     0.70579E+01     0.90595E-01     0.23334E+00     0.58937E-02
     0.71028E+01     0.89235E-01     0.17057E+00     0.71026E-02
     0.71589E+01     0.87407E-01     0.95533E-01     0.81893E-02
     0.72038E+01     0.85845E-01     0.37298E-01     0.90823E-02
     0.72599E+01     0.83564E-01    -0.37316E-01     0.10489E-01
     0.73047E+01     0.81413E-01    -0.10013E+00     0.11803E-01
     0.73608E+01     0.78411E-01    -0.18201E+00     0.13450E-01
     0.74057E+01     0.75862E-01    -0.24886E+00     0.14693E-01
     0.74505E+01     0.73244E-01    -0.31619E+00     0.15785E-01
     0.75066E+01     0.69890E-01    -0.40149E+00     0.16726E-01
     0.75515E+01     0.67092E-01    -0.47023E+00     0.17136E-01
     0.76076E+01     0.63339E-01    -0.55884E+00     0.17635E-01
     0.76525E+01     0.60028E-01    -0.63146E+00     0.18812E-01
     0.77086E+01     0.55672E-01    -0.72684E+00     0.20707E-01
     0.77536E+01     0.52110E-01    -0.81041E+00     0.22454E-01
     0.78098E+01     0.47323E-01    -0.92048E+00     0.25128E-01
     0.78548E+01     0.43124E-01    -0.10086E+01     0.26722E-01
     0.79110E+01     0.37858E-01    -0.11182E+01     0.26046E-01
     0.79561E+01     0.33954E-01    -0.12000E+01     0.17440E-01
     0.80012E+01     0.30109E-01    -0.12670E+01     0.59891E-02
     0.80576E+01     0.24270E-01    -0.12947E+01     0.22272E-02
     0.81028E+01     0.20228E-01    -0.12537E+01     0.62814E-03
     0.81593E+01     0.18241E-01    -0.99045E+00     0.36830E-03
     0.82046E+01     0.17453E-01    -0.62005E+00     0.17611E-04
     0.82613E+01     0.17447E-01     0.00000E+00     0.00000E+00
     0.83066E+01     0.17447E-01     0.00000E+00     0.00000E+00
     0.83520E+01     0.17447E-01     0.00000E+00     0.00000E+00
     0.84087E+01     0.17447E-01     0.00000E+00     0.00000E+00
     0.84541E+01     0.17447E-01     0.00000E+00     0.00000E+00
     0.85108E+01     0.17447E-01     0.00000E+00     0.00000E+00
     0.85562E+01     0.17447E-01     0.00000E+00     0.00000E+00
     0.86016E+01     0.17447E-01     0.00000E+00     0.00000E+00
     0.86567E+01     0.17447E-01     0.00000E+00     0.00000E+00
     0.87075E+01     0.17447E-01     0.00000E+00     0.00000E+00
     0.87598E+01     0.17447E-01     0.00000E+00     0.00000E+00
     0.88002E+01     0.17447E-01     0.00000E+00     0.00000E+00
     0.88534E+01     0.17447E-01     0.00000E+00     0.00000E+00
     0.89101E+01     0.17447E-01     0.00000E+00     0.00000E+00
     0.89548E+01     0.17447E-01     0.00000E+00     0.00000E+00
     0.90078E+01     0.17447E-01     0.00000E+00     0.00000E+00
     0.90578E+01     0.17447E-01     0.00000E+00     0.00000E+00
     0.91006E+01     0.17447E-01     0.00000E+00     0.00000E+00
     0.91584E+01     0.17447E-01     0.00000E+00     0.00000E+00
     0.92053E+01     0.17447E-01     0.00000E+00     0.00000E+00
     0.92587E+01     0.17447E-01     0.00000E+00     0.00000E+00
     0.93100E+01     0.17447E-01     0.00000E+00     0.00000E+00
     0.93609E+01     0.17447E-01     0.00000E+00     0.00000E+00
     0.94025E+01     0.17447E-01     0.00000E+00     0.00000E+00
     0.94531E+01     0.17447E-01     0.00000E+00     0.00000E+00
     0.95061E+01     0.17447E-01     0.00000E+00     0.00000E+00
     0.95511E+01     0.17447E-01     0.00000E+00     0.00000E+00
     0.96074E+01     0.17447E-01     0.00000E+00     0.00000E+00
     0.96573E+01     0.17447E-01     0.00000E+00     0.00000E+00
     0.97064E+01     0.17447E-01     0.00000E+00     0.00000E+00
     0.97503E+01     0.17447E-01     0.00000E+00     0.00000E+00
     0.98070E+01     0.17447E-01     0.00000E+00     0.00000E+00
     0.98524E+01     0.17447E-01     0.00000E+00     0.00000E+00
     0.99065E+01     0.17447E-01     0.00000E+00     0.00000E+00
     0.99519E+01     0.17447E-01     0.00000E+00     0.00000E+00
     0.10009E+02     0.17447E-01     0.00000E+00     0.00000E+00
     0.10054E+02     0.17447E-01     0.00000E+00     0.00000E+00
     0.10111E+02     0.17447E-01     0.00000E+00     0.00000E+00
     0.10156E+02     0.17447E-01     0.00000E+00     0.00000E+00
     0.10202E+02     0.17447E-01     0.00000E+00     0.00000E+00
     0.10258E+02     0.17447E-01     0.00000E+00     0.00000E+00
     0.10303E+02     0.17447E-01     0.00000E+00     0.00000E+00
     0.10359E+02     0.17447E-01     0.00000E+00     0.00000E+00
     0.10405E+02     0.17447E-01     0.00000E+00     0.00000E+00
     0.10461E+02     0.17447E-01     0.00000E+00     0.00000E+00
     0.10507E+02     0.17447E-01     0.00000E+00     0.00000E+00
     0.10552E+02     0.17447E-01     0.00000E+00     0.00000E+00
     0.10609E+02     0.17447E-01     0.00000E+00     0.00000E+00
     0.10654E+02     0.17447E-01     0.00000E+00     0.00000E+00
     0.10711E+02     0.17447E-01     0.00000E+00     0.00000E+00
     0.10757E+02     0.17447E-01     0.00000E+00     0.00000E+00
     0.10802E+02     0.17447E-01     0.00000E+00     0.00000E+00
     0.10859E+02     0.17447E-01     0.00000E+00     0.00000E+00
     0.10904E+02     0.17447E-01     0.00000E+00     0.00000E+00
     0.10961E+02     0.17447E-01     0.00000E+00     0.00000E+00
     0.11006E+02     0.17447E-01     0.00000E+00     0.00000E+00
     0.11052E+02     0.17447E-01     0.00000E+00     0.00000E+00
     0.11109E+02     0.17447E-01     0.00000E+00     0.00000E+00
     0.11154E+02     0.17447E-01     0.00000E+00     0.00000E+00
     0.11211E+02     0.17447E-01     0.00000E+00     0.00000E+00
     0.11256E+02     0.17447E-01     0.00000E+00     0.00000E+00
     0.11302E+02     0.17447E-01     0.00000E+00     0.00000E+00
     0.11359E+02     0.17447E-01     0.00000E+00     0.00000E+00
     0.11404E+02     0.17447E-01     0.00000E+00     0.00000E+00
     0.11461E+02     0.17447E-01     0.00000E+00     0.00000E+00
     0.11506E+02     0.17447E-01     0.00000E+00     0.00000E+00
     0.11552E+02     0.17447E-01     0.00000E+00     0.00000E+00
     0.11609E+02     0.17447E-01     0.00000E+00     0.00000E+00
     0.11654E+02     0.17447E-01     0.00000E+00     0.00000E+00
     0.11711E+02     0.17447E-01     0.00000E+00     0.00000E+00
     0.11756E+02     0.17447E-01     0.00000E+00     0.00000E+00
     0.11802E+02     0.17447E-01     0.00000E+00     0.00000E+00
     0.11859E+02     0.17447E-01     0.00000E+00     0.00000E+00
     0.11904E+02     0.17447E-01     0.00000E+00     0.00000E+00
     0.11961E+02     0.17447E-01     0.00000E+00     0.00000E+00
     0.12006E+02     0.17447E-01     0.00000E+00     0.00000E+00
     0.12051E+02     0.17447E-01     0.00000E+00     0.00000E+00
     0.12108E+02     0.17447E-01     0.00000E+00     0.00000E+00
     0.12154E+02     0.17447E-01     0.00000E+00     0.00000E+00
     0.12210E+02     0.17447E-01     0.00000E+00     0.00000E+00
     0.12256E+02     0.17447E-01     0.00000E+00     0.00000E+00
     0.12301E+02     0.17447E-01     0.00000E+00     0.00000E+00
     0.12358E+02     0.17447E-01     0.00000E+00     0.00000E+00
     0.12404E+02     0.17447E-01     0.00000E+00     0.00000E+00
     0.12460E+02     0.17447E-01     0.00000E+00     0.00000E+00
     0.12506E+02     0.17447E-01     0.00000E+00     0.00000E+00
     0.12551E+02     0.17447E-01     0.00000E+00     0.00000E+00
     0.12608E+02     0.17447E-01     0.00000E+00     0.00000E+00
     0.12654E+02     0.17447E-01     0.00000E+00     0.00000E+00
     0.12711E+02     0.17447E-01     0.00000E+00     0.00000E+00
     0.12756E+02     0.17447E-01     0.00000E+00     0.00000E+00
     0.12802E+02     0.17447E-01     0.00000E+00     0.00000E+00
     0.12858E+02     0.17447E-01     0.00000E+00     0.00000E+00
     0.12904E+02     0.17447E-01     0.00000E+00     0.00000E+00
     0.12961E+02     0.17447E-01     0.00000E+00     0.00000E+00
     0.13006E+02     0.17447E-01     0.00000E+00     0.00000E+00
     0.13052E+02     0.17447E-01     0.00000E+00     0.00000E+00
     0.13109E+02     0.17447E-01     0.00000E+00     0.00000E+00
     0.13154E+02     0.17447E-01     0.00000E+00     0.00000E+00
     0.13211E+02     0.17447E-01     0.00000E+00     0.00000E+00
     0.13257E+02     0.17447E-01     0.00000E+00     0.00000E+00
     0.13302E+02     0.17447E-01     0.00000E+00     0.00000E+00
     0.13359E+02     0.17447E-01     0.00000E+00     0.00000E+00
     0.13404E+02     0.17447E-01     0.00000E+00     0.00000E+00
     0.13461E+02     0.17447E-01     0.00000E+00     0.00000E+00
     0.13507E+02     0.17447E-01     0.00000E+00     0.00000E+00
     0.13552E+02     0.17447E-01     0.00000E+00     0.00000E+00
     0.13609E+02     0.17447E-01     0.00000E+00     0.00000E+00
     0.13655E+02     0.17447E-01     0.00000E+00     0.00000E+00
     0.13701E+02     0.17447E-01     0.00000E+00     0.00000E+00
     0.13758E+02     0.17447E-01     0.00000E+00     0.00000E+00
     0.13804E+02     0.17447E-01     0.00000E+00     0.00000E+00
     0.13862E+02     0.17447E-01     0.00000E+00     0.00000E+00
     0.13908E+02     0.17447E-01     0.00000E+00     0.00000E+00
     0.13954E+02     0.17447E-01     0.00000E+00     0.00000E+00
     0.14001E+02     0.17447E-01     0.00000E+00     0.00000E+00
     0.14060E+02     0.17447E-01     0.00000E+00     0.00000E+00
     0.14106E+02     0.17447E-01     0.00000E+00     0.00000E+00
     0.14153E+02     0.17447E-01     0.00000E+00     0.00000E+00
     0.14212E+02     0.17447E-01     0.00000E+00     0.00000E+00
     0.14259E+02     0.17447E-01     0.00000E+00     0.00000E+00
     0.14305E+02     0.17447E-01     0.00000E+00     0.00000E+00
     0.14352E+02     0.17447E-01     0.00000E+00     0.00000E+00
     0.14411E+02     0.17447E-01     0.00000E+00     0.00000E+00
     0.14458E+02     0.17447E-01     0.00000E+00     0.00000E+00
     0.14505E+02     0.17447E-01     0.00000E+00     0.00000E+00
     0.14551E+02     0.17447E-01     0.00000E+00     0.00000E+00
     0.14609E+02     0.17447E-01     0.00000E+00     0.00000E+00
     0.14655E+02     0.17447E-01     0.00000E+00     0.00000E+00
     0.14700E+02     0.17447E-01     0.00000E+00     0.00000E+00
     0.14757E+02     0.17447E-01     0.00000E+00     0.00000E+00
     0.14803E+02     0.17447E-01     0.00000E+00     0.00000E+00
     0.14860E+02     0.17447E-01     0.00000E+00     0.00000E+00
     0.14906E+02     0.17447E-01     0.00000E+00     0.00000E+00
     0.14951E+02     0.17447E-01     0.00000E+00     0.00000E+00
     0.15008E+02     0.17447E-01     0.00000E+00     0.00000E+00
     0.15054E+02     0.17447E-01     0.00000E+00     0.00000E+00
     0.15111E+02     0.17447E-01     0.00000E+00     0.00000E+00
     0.15156E+02     0.17447E-01     0.00000E+00     0.00000E+00
     0.15202E+02     0.17447E-01     0.00000E+00     0.00000E+00
     0.15259E+02     0.17447E-01     0.00000E+00     0.00000E+00
     0.15305E+02     0.17447E-01     0.00000E+00     0.00000E+00
     0.15350E+02     0.17447E-01     0.00000E+00     0.00000E+00
     0.15407E+02     0.17447E-01     0.00000E+00     0.00000E+00
     0.15453E+02     0.17447E-01     0.00000E+00     0.00000E+00
     0.15510E+02     0.17447E-01     0.00000E+00     0.00000E+00
     0.15555E+02     0.17447E-01     0.00000E+00     0.00000E+00
     0.15601E+02     0.17447E-01     0.00000E+00     0.00000E+00
     0.15658E+02     0.17447E-01     0.00000E+00     0.00000E+00
     0.15703E+02     0.17447E-01     0.00000E+00     0.00000E+00
     0.15760E+02     0.17447E-01     0.00000E+00     0.00000E+00
     0.15806E+02     0.17447E-01     0.00000E+00     0.00000E+00
     0.15851E+02     0.17447E-01     0.00000E+00     0.00000E+00
     0.15908E+02     0.17447E-01     0.00000E+00     0.00000E+00
     0.15954E+02     0.17447E-01     0.00000E+00     0.00000E+00
     0.16011E+02     0.17447E-01     0.00000E+00     0.00000E+00
     0.16056E+02     0.17447E-01     0.00000E+00     0.00000E+00
     0.16102E+02     0.17447E-01     0.00000E+00     0.00000E+00
     0.16159E+02     0.17447E-01     0.00000E+00     0.00000E+00
     0.16204E+02     0.17447E-01     0.00000E+00     0.00000E+00
     0.16261E+02     0.17447E-01     0.00000E+00     0.00000E+00
     0.16307E+02     0.17447E-01     0.00000E+00     0.00000E+00
     0.16353E+02     0.17447E-01     0.00000E+00     0.00000E+00
     0.16410E+02     0.17447E-01     0.00000E+00     0.00000E+00
     0.16455E+02     0.17447E-01     0.00000E+00     0.00000E+00
     0.16501E+02     0.17447E-01     0.00000E+00     0.00000E+00
     0.16558E+02     0.17447E-01     0.00000E+00     0.00000E+00
     0.16604E+02     0.17447E-01     0.00000E+00     0.00000E+00
     0.16661E+02     0.17447E-01     0.00000E+00     0.00000E+00
     0.16707E+02     0.17447E-01     0.00000E+00     0.00000E+00
     0.16752E+02     0.17447E-01     0.00000E+00     0.00000E+00
     0.16809E+02     0.17447E-01     0.00000E+00     0.00000E+00
     0.16855E+02     0.17447E-01     0.00000E+00     0.00000E+00
     0.16901E+02     0.17447E-01     0.00000E+00     0.00000E+00
     0.16958E+02     0.17447E-01     0.00000E+00     0.00000E+00
     0.17004E+02     0.17447E-01     0.00000E+00     0.00000E+00
     0.17061E+02     0.17447E-01     0.00000E+00     0.00000E+00
     0.17107E+02     0.17447E-01     0.00000E+00     0.00000E+00
     0.17153E+02     0.17447E-01     0.00000E+00     0.00000E+00
     0.17210E+02     0.17447E-01     0.00000E+00     0.00000E+00
     0.17256E+02     0.17447E-01     0.00000E+00     0.00000E+00
     0.17302E+02     0.17447E-01     0.00000E+00     0.00000E+00
     0.17359E+02     0.17447E-01     0.00000E+00     0.00000E+00
     0.17405E+02     0.17447E-01     0.00000E+00     0.00000E+00
     0.17451E+02     0.17447E-01     0.00000E+00     0.00000E+00
     0.17508E+02     0.17447E-01     0.00000E+00     0.00000E+00
     0.17554E+02     0.17447E-01     0.00000E+00     0.00000E+00
     0.17611E+02     0.17447E-01     0.00000E+00     0.00000E+00
     0.17657E+02     0.17447E-01     0.00000E+00     0.00000E+00
     0.17703E+02     0.17447E-01     0.00000E+00     0.00000E+00
     0.17760E+02     0.17447E-01     0.00000E+00     0.00000E+00
     0.17806E+02     0.17447E-01     0.00000E+00     0.00000E+00
     0.17851E+02     0.17447E-01     0.00000E+00     0.00000E+00
     0.17908E+02     0.17447E-01     0.00000E+00     0.00000E+00
     0.17954E+02     0.17447E-01     0.00000E+00     0.00000E+00
     0.18011E+02     0.17447E-01     0.00000E+00     0.00000E+00
     0.18057E+02     0.17447E-01     0.00000E+00     0.00000E+00
     0.18102E+02     0.17447E-01     0.00000E+00     0.00000E+00
     0.18159E+02     0.17447E-01     0.00000E+00     0.00000E+00
     0.18205E+02     0.17447E-01     0.00000E+00     0.00000E+00
     0.18251E+02     0.17447E-01     0.00000E+00     0.00000E+00
     0.18308E+02     0.17447E-01     0.00000E+00     0.00000E+00
     0.18353E+02     0.17447E-01     0.00000E+00     0.00000E+00
     0.18410E+02     0.17447E-01     0.00000E+00     0.00000E+00
     0.18456E+02     0.17447E-01     0.00000E+00     0.00000E+00
     0.18501E+02     0.17447E-01     0.00000E+00     0.00000E+00
     0.18558E+02     0.17447E-01     0.00000E+00     0.00000E+00
     0.18603E+02     0.17447E-01     0.00000E+00     0.00000E+00
     0.18660E+02     0.17447E-01     0.00000E+00     0.00000E+00
     0.18706E+02     0.17447E-01     0.00000E+00     0.00000E+00
     0.18751E+02     0.17447E-01     0.00000E+00     0.00000E+00
     0.18808E+02     0.17447E-01     0.00000E+00     0.00000E+00
     0.18854E+02     0.17447E-01     0.00000E+00     0.00000E+00
     0.18910E+02     0.17447E-01     0.00000E+00     0.00000E+00
     0.18956E+02     0.17447E-01     0.00000E+00     0.00000E+00
     0.19001E+02     0.17447E-01     0.00000E+00     0.00000E+00
     0.19058E+02     0.17447E-01     0.00000E+00     0.00000E+00
     0.19103E+02     0.17447E-01     0.00000E+00     0.00000E+00
     0.19159E+02     0.17447E-01     0.00000E+00     0.00000E+00
     0.19205E+02     0.17447E-01     0.00000E+00     0.00000E+00
     0.19261E+02     0.17447E-01     0.00000E+00     0.00000E+00
     0.19306E+02     0.17447E-01     0.00000E+00     0.00000E+00
     0.19351E+02     0.17447E-01     0.00000E+00     0.00000E+00
     0.19408E+02     0.17447E-01     0.00000E+00     0.00000E+00
     0.19453E+02     0.17447E-01     0.00000E+00     0.00000E+00
     0.19509E+02     0.17447E-01     0.00000E+00     0.00000E+00
     0.19555E+02     0.17447E-01     0.00000E+00     0.00000E+00
     0.19611E+02     0.17447E-01     0.00000E+00     0.00000E+00
     0.19656E+02     0.17447E-01     0.00000E+00     0.00000E+00
     0.19701E+02     0.17447E-01     0.00000E+00     0.00000E+00
     0.19758E+02     0.17447E-01     0.00000E+00     0.00000E+00
     0.19803E+02     0.17447E-01     0.00000E+00     0.00000E+00
     0.19860E+02     0.17447E-01     0.00000E+00     0.00000E+00
     0.19905E+02     0.17447E-01     0.00000E+00     0.00000E+00
     0.19951E+02     0.17447E-01     0.00000E+00     0.00000E+00
     0.20007E+02     0.17447E-01     0.00000E+00     0.00000E+00
     0.20053E+02     0.17447E-01     0.00000E+00     0.00000E+00
     0.20109E+02     0.17447E-01     0.00000E+00     0.00000E+00
     0.20155E+02     0.17447E-01     0.00000E+00     0.00000E+00
     0.20200E+02     0.17447E-01     0.00000E+00     0.00000E+00
     0.20257E+02     0.17447E-01     0.00000E+00     0.00000E+00
     0.20302E+02     0.17447E-01     0.00000E+00     0.00000E+00
     0.20359E+02     0.17447E-01     0.00000E+00     0.00000E+00
     0.20404E+02     0.17447E-01     0.00000E+00     0.00000E+00
     0.20460E+02     0.17447E-01     0.00000E+00     0.00000E+00
     0.20506E+02     0.17447E-01     0.00000E+00     0.00000E+00
     0.20551E+02     0.17447E-01     0.00000E+00     0.00000E+00
     0.20607E+02     0.17447E-01     0.00000E+00     0.00000E+00
     0.20652E+02     0.17447E-01     0.00000E+00     0.00000E+00
     0.20709E+02     0.17447E-01     0.00000E+00     0.00000E+00
     0.20754E+02     0.17447E-01     0.00000E+00     0.00000E+00
     0.20810E+02     0.17447E-01     0.00000E+00     0.00000E+00
     0.20855E+02     0.17447E-01     0.00000E+00     0.00000E+00
     0.20911E+02     0.17447E-01     0.00000E+00     0.00000E+00
     0.20956E+02     0.17447E-01     0.00000E+00     0.00000E+00
     0.21001E+02     0.17447E-01     0.00000E+00     0.00000E+00
     0.21057E+02     0.17447E-01     0.00000E+00     0.00000E+00
     0.21102E+02     0.17447E-01     0.00000E+00     0.00000E+00
     0.21158E+02     0.17583E-01    -0.17223E+00    -0.22687E+00
     0.21203E+02     0.18085E-01    -0.39608E-01    -0.32794E+00
     0.21259E+02     0.19095E-01     0.10820E+00    -0.29477E+00
     0.21304E+02     0.20567E-01     0.14788E+00    -0.19285E+00
     0.21360E+02     0.22576E-01     0.12046E+00    -0.99051E-01
     0.21405E+02     0.24056E-01     0.49911E-01    -0.53589E-01
     0.21450E+02     0.24817E-01    -0.14508E-01    -0.28141E-01
     0.21506E+02     0.24724E-01    -0.97014E-01    -0.14220E-01
     0.21551E+02     0.24006E-01    -0.16502E+00    -0.99946E-02
     0.21608E+02     0.22519E-01    -0.24656E+00    -0.15081E-01
     0.21653E+02     0.21115E-01    -0.29563E+00    -0.21451E-01
     0.21709E+02     0.19436E-01    -0.33560E+00    -0.19792E-01
     0.21754E+02     0.18378E-01    -0.39453E+00    -0.88473E-02
     0.21809E+02     0.17459E-01    -0.32019E+00    -0.14188E-02
     0.21854E+02     0.17246E-01    -0.20809E+00    -0.34708E-02
     0.21910E+02     0.17432E-01     0.00000E+00     0.00000E+00
     0.21955E+02     0.17432E-01     0.00000E+00     0.00000E+00
     0.22000E+02     0.17432E-01     0.00000E+00     0.00000E+00
     0.22057E+02     0.17432E-01     0.00000E+00     0.00000E+00
     0.22102E+02     0.17432E-01     0.00000E+00     0.00000E+00
     0.22158E+02     0.17432E-01     0.00000E+00     0.00000E+00
     0.22204E+02     0.17432E-01     0.00000E+00     0.00000E+00
     0.22260E+02     0.17432E-01     0.00000E+00     0.00000E+00
     0.22306E+02     0.17432E-01     0.00000E+00     0.00000E+00
     0.22351E+02     0.17432E-01     0.00000E+00     0.00000E+00
     0.22408E+02     0.17432E-01     0.00000E+00     0.00000E+00
     0.22453E+02     0.17432E-01     0.00000E+00     0.00000E+00
     0.22510E+02     0.17432E-01     0.00000E+00     0.00000E+00
     0.22556E+02     0.17432E-01     0.00000E+00     0.00000E+00
     0.22601E+02     0.17432E-01     0.00000E+00     0.00000E+00
     0.22658E+02     0.17432E-01     0.00000E+00     0.00000E+00
     0.22704E+02     0.17432E-01     0.00000E+00     0.00000E+00
     0.22761E+02     0.17432E-01     0.00000E+00     0.00000E+00
     0.22807E+02     0.17432E-01     0.00000E+00     0.00000E+00
     0.22859E+02     0.17432E-01     0.00000E+00     0.00000E+00
     0.22903E+02     0.17432E-01     0.00000E+00     0.00000E+00
     0.22958E+02     0.17432E-01     0.00000E+00     0.00000E+00
     0.23004E+02     0.17432E-01     0.00000E+00     0.00000E+00
     0.23061E+02     0.17432E-01     0.00000E+00     0.00000E+00
     0.23107E+02     0.17432E-01     0.00000E+00     0.00000E+00
     0.23152E+02     0.17432E-01     0.00000E+00     0.00000E+00
     0.23209E+02     0.17432E-01     0.00000E+00     0.00000E+00
     0.23255E+02     0.17432E-01     0.00000E+00     0.00000E+00
     0.23301E+02     0.17432E-01     0.00000E+00     0.00000E+00
     0.23358E+02     0.17432E-01     0.00000E+00     0.00000E+00
     0.23404E+02     0.17432E-01     0.00000E+00     0.00000E+00
     0.23461E+02     0.17432E-01     0.00000E+00     0.00000E+00
     0.23507E+02     0.17432E-01     0.00000E+00     0.00000E+00
     0.23553E+02     0.17432E-01     0.00000E+00     0.00000E+00
     0.23610E+02     0.17432E-01     0.00000E+00     0.00000E+00
     0.23656E+02     0.17432E-01     0.00000E+00     0.00000E+00
     0.23702E+02     0.17432E-01     0.00000E+00     0.00000E+00
     0.23760E+02     0.17432E-01     0.00000E+00     0.00000E+00
     0.23805E+02     0.17742E-01    -0.27868E+00    -0.30822E+00
     0.23850E+02     0.23109E-01    -0.30107E+00    -0.84933E+00
     0.23908E+02     0.33013E-01     0.15943E-01    -0.10555E+01
     0.23954E+02     0.37141E-01     0.11528E+00    -0.93335E+00
     0.24010E+02     0.40701E-01     0.13691E+00    -0.80349E+00
     0.24056E+02     0.42522E-01     0.13035E+00    -0.76132E+00
     0.24100E+02     0.44791E-01     0.12730E+00    -0.69475E+00
     0.24157E+02     0.53955E-01     0.24574E+00    -0.47495E+00
     0.24211E+02     0.66325E-01     0.34167E+00    -0.22899E+00
     0.24257E+02     0.68747E-01     0.31610E+00    -0.14486E+00
     0.24303E+02     0.67652E-01     0.27812E+00    -0.12223E+00
     0.24360E+02     0.63514E-01     0.22488E+00    -0.10548E+00
     0.24406E+02     0.60357E-01     0.18044E+00    -0.10123E+00
     0.24452E+02     0.57615E-01     0.13347E+00    -0.95062E-01
     0.24509E+02     0.54624E-01     0.79595E-01    -0.83759E-01
     0.24555E+02     0.52235E-01     0.37201E-01    -0.75362E-01
     0.24601E+02     0.49763E-01    -0.73645E-02    -0.68153E-01
     0.24658E+02     0.46704E-01    -0.69346E-01    -0.60459E-01
     0.24704E+02     0.44486E-01    -0.12665E+00    -0.56526E-01
     0.24761E+02     0.42100E-01    -0.21062E+00    -0.51578E-01
     0.24807E+02     0.40440E-01    -0.28985E+00    -0.44459E-01
     0.24853E+02     0.38895E-01    -0.38330E+00    -0.28658E-01
     0.24911E+02     0.36677E-01    -0.52068E+00     0.62598E-02
     0.24957E+02     0.34073E-01    -0.64577E+00     0.20670E-01
     0.25002E+02     0.29749E-01    -0.77571E+00     0.12716E-01
