-2	0.101757	0.101757	0.101757	0.101757	0.101757	0.101757	0.101757
-1.95	0.0992384	0.0992384	0.0992384	0.0992384	0.0992384	0.0992384	0.0992384
-1.9	0.0967195	0.0967195	0.0967195	0.0967195	0.0967195	0.0967195	0.0967195
-1.85	0.0942005	0.0942005	0.0942005	0.0942005	0.0942005	0.0942005	0.0942005
-1.8	0.0916817	0.0916817	0.0916817	0.0916817	0.0916817	0.0916817	0.0916817
-1.75	0.0891628	0.0891628	0.0891628	0.0891628	0.0891628	0.0891628	0.0891628
-1.7	0.0866439	0.0866439	0.0866439	0.0866439	0.0866439	0.0866439	0.0866439
-1.65	0.084125	0.084125	0.084125	0.084125	0.084125	0.084125	0.084125
-1.6	0.0816061	0.0816061	0.0816061	0.0816061	0.0816061	0.0816061	0.0816061
-1.55	0.0790872	0.0790872	0.0790872	0.0790872	0.0790872	0.0790872	0.0790872
-1.5	0.0765683	0.0765683	0.0765683	0.0765683	0.0782525	0.0757228	0.0757228
-1.45	0.0740494	0.0740494	0.0740494	0.0740494	0.0775621	0.073198	0.073198
-1.4	0.0715305	0.0715305	0.0715305	0.0715305	0.0767039	0.0706065	0.0706799
-1.35	0.0690116	0.0690116	0.0690116	0.0690116	0.0757266	0.0690199	0.0681709
-1.3	0.0664927	0.0664927	0.0664927	0.0664927	0.0746989	0.0675995	0.0656558
-1.25	0.0639738	0.0639738	0.0639738	0.0639738	0.073659	0.0664916	0.0631254
-1.2	0.0614549	0.0614549	0.0614549	0.0614549	0.0726019	0.065343	0.0606003
-1.15	0.058936	0.058936	0.058936	0.058936	0.0715294	0.0641563	0.0580806
-1.1	0.0564171	0.0564171	0.0564171	0.0587399	0.0704497	0.0629744	0.0555683
-1.05	0.0538982	0.0538982	0.0538982	0.0598878	0.0693667	0.0618039	0.0530628
-1	0.0513793	0.0513793	0.0513793	0.0597421	0.068285	0.0606393	0.0505308
-0.95	0.0488604	0.0488604	0.0488604	0.0591823	0.0672029	0.0594755	0.0479954
-0.9	0.0463416	0.0463416	0.0463416	0.0586176	0.0661231	0.0583069	0.0454917
-0.85	0.0438226	0.0438226	0.0438226	0.0580249	0.0650471	0.0571325	0.0429618
-0.8	0.0413037	0.0413037	0.0413037	0.0574772	0.0639759	0.0559527	0.0404658
-0.75	0.0387849	0.0387849	0.0387849	0.0568931	0.0629108	0.0547618	0.0379402
-0.7	0.036266	0.036266	0.036266	0.0563291	0.0618543	0.0535749	0.0354118
-0.65	0.033747	0.033747	0.033747	0.0557459	0.0608079	0.0523926	0.0328805
-0.6	0.0312282	0.0312282	0.0312282	0.0551577	0.0597697	0.0512225	0.0303872
-0.55	0.0287093	0.0287093	0.0287093	0.0545763	0.0587365	0.0500714	0.0278638
-0.5	0.0261904	0.0261904	0.0262254	0.0539976	0.0577061	0.0489405	0.0256522
-0.45	0.0236715	0.0236715	0.026579	0.0534162	0.0566788	0.047828	0.0233739
-0.4	0.0211526	0.0211526	0.028183	0.0528293	0.0556576	0.0467299	0.0210071
-0.35	0.0186337	0.0186337	0.0289082	0.0522384	0.0546458	0.0456434	0.0188623
-0.3	0.0161148	0.0161148	0.0294604	0.0516513	0.0536459	0.0445676	0.0174241
-0.25	0.0135959	0.0135959	0.0300168	0.0510713	0.0526588	0.0435019	0.0165954
-0.2	0.011077	0.011077	0.0305607	0.0505091	0.05169	0.0424527	0.0159215
-0.15	0.00855813	0.00855813	0.0310102	0.0499365	0.0507302	0.0414293	0.0151613
-0.1	0.00603922	0.00855621	0.0316204	0.0494852	0.0498805	0.0405222	0.0143651
-0.05	0.0035203	0.00873085	0.0319601	0.0486431	0.048946	0.0396253	0.0137444
0	0.00199226	0.0100708	0.0334864	0.0490024	0.0486316	0.0393499	0.0125086
0.05	0.00270957	0.0111099	0.0344761	0.0488913	0.0483487	0.0394704	0.0115517
0.1	0.0028582	0.0114799	0.0347758	0.0484167	0.0473045	0.0381086	0.0107333
0.15	0.00300333	0.0119697	0.0350741	0.0480007	0.0464401	0.0374307	0.0116095
0.2	0.00316812	0.0125087	0.0353276	0.047503	0.0455494	0.0365292	0.0133477
0.25	0.00333998	0.0130586	0.0355509	0.0469808	0.0446792	0.0357082	0.0133507
0.3	0.00351781	0.0135818	0.0357473	0.0464364	0.0438198	0.0348925	0.0130797
0.35	0.00369991	0.0140705	0.0359225	0.0458879	0.0429741	0.0341022	0.0129776
0.4	0.00388571	0.0145368	0.0360808	0.0453407	0.042142	0.033334	0.0129496
0.45	0.00407486	0.0149992	0.0362248	0.0447955	0.0413242	0.0325874	0.0129877
0.5	0.00426721	0.0154699	0.0363544	0.0442526	0.0405211	0.0318628	0.0130719
0.55	0.00446267	0.0159532	0.0364683	0.0437135	0.0397334	0.0311608	0.0131943
0.6	0.00466123	0.0164474	0.036565	0.0431667	0.038961	0.030481	0.0133544
0.65	0.0048629	0.0169479	0.0366449	0.0426157	0.038203	0.0298217	0.0135406
0.7	0.0050677	0.0174497	0.0367098	0.042066	0.037458	0.0291827	0.0137388
0.75	0.00527569	0.017949	0.0367618	0.0415197	0.0367244	0.028564	0.0139442
0.8	0.0054869	0.0184436	0.0368009	0.0409768	0.0360018	0.0279654	0.0141537
0.85	0.00570138	0.0189319	0.0368277	0.0404376	0.0352906	0.0273862	0.0143644
0.9	0.00591917	0.0194132	0.0368356	0.0399027	0.0345911	0.0268251	0.0145727
0.95	0.00614031	0.0198867	0.0368384	0.0393716	0.0339034	0.0262818	0.014775
1	0.00636483	0.0203518	0.0368385	0.0388437	0.0332281	0.0257564	0.0149678
1.05	0.00659275	0.020808	0.0368199	0.038318	0.0325657	0.025249	0.0151477
1.1	0.00682409	0.0212549	0.036777	0.0377939	0.0319176	0.0247595	0.0153126
1.15	0.00705883	0.021692	0.0367129	0.0372711	0.0312856	0.0242875	0.015462
1.2	0.00729696	0.0221189	0.0366297	0.0367497	0.0306708	0.0238324	0.0155978
1.25	0.00753845	0.0225354	0.0365287	0.0362305	0.0300742	0.0233938	0.0157226
1.3	0.00778327	0.0229412	0.0364132	0.0357141	0.0294954	0.0229707	0.0158386
1.35	0.00803135	0.023336	0.0362868	0.0352012	0.0289323	0.022562	0.015947
1.4	0.00828264	0.0237198	0.0361524	0.0346925	0.0283819	0.0221663	0.0160474
1.45	0.00853703	0.0240922	0.0360118	0.0341887	0.0278409	0.021783	0.0161391
1.5	0.00879446	0.0244532	0.0358659	0.0336904	0.0273073	0.0214115	0.0162213
1.55	0.0090548	0.0248027	0.0357149	0.033198	0.0267811	0.0210519	0.0162937
1.6	0.00931794	0.0251406	0.0355588	0.0327116	0.0262633	0.0207041	0.0163563
1.65	0.00958377	0.0254668	0.0353971	0.0322308	0.0257555	0.0203678	0.0164092
1.7	0.00985214	0.0257813	0.0352297	0.0317554	0.0252587	0.0200424	0.0164528
1.75	0.0101229	0.026084	0.035056	0.0312847	0.0247733	0.0197273	0.0164879
1.8	0.010396	0.0263751	0.0348757	0.0308183	0.0242989	0.0194217	0.0165151
1.85	0.0106711	0.0266543	0.0346879	0.0303562	0.0238347	0.0191252	0.016535
1.9	0.0109482	0.0269219	0.0344941	0.0298984	0.02338	0.0188376	0.0165479
1.95	0.011227	0.0271778	0.0342998	0.0294457	0.0229346	0.018559	0.0165544
2	0.0115074	0.0274221	0.0340986	0.0289989	0.0224983	0.0182894	0.0165551
2.05	0.0117893	0.0276549	0.033892	0.0285592	0.0220714	0.0180284	0.0165494
2.1	0.0120724	0.0278763	0.0336798	0.0281273	0.0216545	0.0177759	0.0165367
2.15	0.0123565	0.0280863	0.0334622	0.0277036	0.0212479	0.0175317	0.0165179
2.2	0.0126416	0.0282851	0.0332396	0.0272879	0.0208518	0.0172957	0.0164937
2.25	0.0129273	0.0284728	0.0330123	0.0268796	0.0204662	0.0170681	0.0164643
2.3	0.0132136	0.0286494	0.0327808	0.0264774	0.0200911	0.0168489	0.0164301
2.35	0.0135002	0.0288153	0.0325451	0.0260801	0.0197262	0.0166372	0.0163917
2.4	0.013787	0.0289704	0.0323057	0.0256865	0.0193709	0.0164318	0.0163497
2.45	0.0140737	0.029115	0.0320627	0.0252956	0.0190249	0.0162307	0.0163054
2.5	0.0143602	0.0292493	0.0318164	0.0249069	0.0186874	0.0160322	0.0162591
2.55	0.0146464	0.0293732	0.0315669	0.0245204	0.018358	0.0158352	0.0162098
2.6	0.014932	0.0294871	0.0313145	0.024136	0.0180359	0.0156401	0.0161547
2.65	0.0152168	0.0295911	0.0310593	0.0237544	0.0177206	0.0154468	0.0160975
2.7	0.0155008	0.0296854	0.0308015	0.023376	0.017412	0.0152586	0.016038
2.75	0.0157837	0.0297702	0.0305414	0.0230015	0.0171101	0.015076	0.0159748
2.8	0.0160654	0.0298455	0.0302791	0.0226315	0.0168151	0.0149	0.0159081
2.85	0.0163456	0.0299117	0.0300147	0.0222666	0.0165275	0.0147311	0.0158385
2.9	0.0166243	0.0299689	0.0297485	0.0219072	0.016248	0.014569	0.0157667
2.95	0.0169013	0.0300173	0.0294807	0.0215536	0.0159768	0.0144132	0.0156932
3	0.0171764	0.030057	0.0292114	0.0212061	0.015714	0.0142628	0.0156183
3.05	0.0174495	0.0300882	0.0289407	0.0208647	0.0154593	0.0141171	0.0155422
3.1	0.0177203	0.0301114	0.0286689	0.0205296	0.015212	0.0139754	0.0154645
3.15	0.0179889	0.0301265	0.0283961	0.0202008	0.0149714	0.0138372	0.0153851
3.2	0.0182549	0.0301323	0.0281224	0.0198782	0.0147365	0.0137028	0.0153037
3.25	0.0185184	0.0301305	0.027848	0.0195617	0.0145067	0.0135723	0.0152207
3.3	0.018779	0.0301223	0.027573	0.0192513	0.0142814	0.0134451	0.0151368
3.35	0.0190367	0.0301068	0.0272976	0.0189468	0.0140606	0.0133206	0.0150531
3.4	0.0192914	0.0300841	0.0270219	0.0186481	0.0138443	0.013199	0.0149701
3.45	0.019543	0.0300543	0.026746	0.0183552	0.0136329	0.0130798	0.0148883
3.5	0.0197912	0.0300177	0.0264701	0.018068	0.0134271	0.0129623	0.0148071
3.55	0.020036	0.0299744	0.0261943	0.0177863	0.0132273	0.0128457	0.0147254
3.6	0.0202772	0.0299246	0.0259188	0.01751	0.013034	0.0127295	0.014642
3.65	0.0205148	0.0298684	0.0256435	0.0172391	0.0128475	0.0126133	0.0145557
3.7	0.0207486	0.0298061	0.0253687	0.0169734	0.012668	0.0124971	0.0144662
3.75	0.0209784	0.0297378	0.0250945	0.0167129	0.0124953	0.0123812	0.0143736
3.8	0.0212043	0.0296636	0.024821	0.0164575	0.0123293	0.0122663	0.014279
3.85	0.0214261	0.0295825	0.0245482	0.0162071	0.0121695	0.0121531	0.0141837
3.9	0.0216436	0.0294974	0.0242762	0.0159616	0.0120154	0.0120425	0.0140889
3.95	0.0218569	0.029407	0.0240053	0.015721	0.0118664	0.0119347	0.0139958
4	0.0220658	0.0293112	0.0237354	0.0154852	0.011722	0.01183	0.0139048
4.05	0.0222702	0.0292104	0.0234666	0.015254	0.0115815	0.011728	0.0138161
4.1	0.02247	0.0291047	0.0231991	0.0150275	0.0114444	0.0116281	0.0137293
4.15	0.0226652	0.0289944	0.0229329	0.0148056	0.0113103	0.0115297	0.013644
4.2	0.0228557	0.0288794	0.0226681	0.0145881	0.0111788	0.0114321	0.0135598
4.25	0.0230415	0.0287601	0.0224048	0.0143751	0.0110496	0.0113348	0.0134765
4.3	0.0232224	0.0286364	0.022143	0.0141664	0.0109225	0.0112375	0.0133942
4.35	0.0233984	0.0285086	0.0218828	0.013962	0.0107974	0.0111402	0.0133127
4.4	0.0235695	0.0283768	0.0216244	0.0137617	0.0106741	0.0110433	0.013232
4.45	0.0237356	0.0282411	0.0213676	0.0135656	0.0105526	0.0109471	0.013152
4.5	0.0238966	0.0281017	0.0211127	0.0133736	0.010433	0.010852	0.0130719
4.55	0.0240526	0.0279587	0.0208597	0.0131855	0.0103152	0.0107587	0.0129912
4.6	0.0242035	0.0278123	0.0206086	0.0130014	0.0101993	0.0106674	0.0129093
4.65	0.0243492	0.0276625	0.0203595	0.0128211	0.0100853	0.0105785	0.0128258
4.7	0.0244898	0.0275096	0.0201124	0.0126445	0.00997342	0.0104918	0.0127404
4.75	0.0246252	0.0273536	0.0198674	0.0124717	0.00986355	0.0104074	0.0126537
4.8	0.0247554	0.0271947	0.0196245	0.0123025	0.00975581	0.010325	0.0125664
4.85	0.0248804	0.027033	0.0193838	0.0121368	0.00965022	0.0102442	0.0124794
4.9	0.0250002	0.0268687	0.0191453	0.0119747	0.00954682	0.0101646	0.0123938
4.95	0.0251147	0.0267018	0.0189091	0.0118159	0.00944563	0.0100858	0.0123104
5	0.0252241	0.0265325	0.0186751	0.0116606	0.00934665	0.0100074	0.0122298
5.05	0.0253282	0.0263608	0.0184435	0.0115085	0.00924989	0.00992899	0.0121522
5.1	0.0254271	0.026187	0.0182142	0.0113596	0.00915534	0.00985036	0.0120774
5.15	0.0255209	0.0260111	0.0179873	0.011214	0.00906296	0.0097714	0.0120052
5.2	0.0256094	0.0258333	0.0177628	0.0110714	0.00897274	0.00969212	0.0119348
5.25	0.0256928	0.0256536	0.0175407	0.0109318	0.00888463	0.00961261	0.0118658
5.3	0.0257711	0.0254722	0.0173211	0.0107952	0.00879861	0.00953305	0.0117975
5.35	0.0258442	0.0252891	0.0171039	0.0106615	0.00871462	0.00945368	0.0117298
5.4	0.0259123	0.0251045	0.0168893	0.0105306	0.00863261	0.00937476	0.0116626
5.45	0.0259753	0.0249185	0.0166771	0.0104025	0.00855253	0.00929661	0.0115958
5.5	0.0260333	0.0247312	0.0164674	0.0102772	0.00847432	0.00921949	0.0115297
5.55	0.0260863	0.0245426	0.0162603	0.0101545	0.00839794	0.00914368	0.0114647
5.6	0.0261344	0.024353	0.0160557	0.0100344	0.00832332	0.00906942	0.0114011
5.65	0.0261775	0.0241623	0.0158537	0.0099168	0.00825042	0.00899689	0.0113392
5.7	0.0262158	0.0239706	0.0156542	0.00980172	0.00817917	0.00892625	0.0112791
5.75	0.0262493	0.0237782	0.0154572	0.00968908	0.00810953	0.00885759	0.0112208
5.8	0.026278	0.0235849	0.0152628	0.00957881	0.00804143	0.00879096	0.0111643
5.85	0.026302	0.0233911	0.015071	0.00947086	0.00797483	0.00872637	0.0111093
5.9	0.0263213	0.0231966	0.0148817	0.00936519	0.00790968	0.00866378	0.0110554
5.95	0.026336	0.0230016	0.014695	0.00926173	0.00784593	0.00860313	0.0110024
6	0.0263463	0.0228063	0.0145108	0.00916044	0.00778352	0.00854431	0.0109497
6.05	0.0263517	0.0226106	0.0143291	0.00906126	0.00772242	0.0084872	0.010897
6.1	0.0263522	0.0224146	0.01415	0.00896415	0.00766257	0.00843166	0.0108441
6.15	0.0263487	0.0222184	0.0139734	0.00886905	0.00760395	0.00837756	0.0107908
6.2	0.0263412	0.0220222	0.0137993	0.00877593	0.00754649	0.00832473	0.0107369
6.25	0.0263293	0.0218259	0.0136277	0.00868473	0.00749018	0.00827303	0.0106824
6.3	0.0263132	0.0216297	0.0134586	0.00859542	0.00743497	0.00822231	0.0106275
6.35	0.0262929	0.0214335	0.013292	0.00850794	0.00738082	0.00817244	0.0105722
6.4	0.0262686	0.0212376	0.0131279	0.00842226	0.00732771	0.0081233	0.0105169
6.45	0.0262401	0.0210418	0.0129661	0.00833833	0.00727559	0.00807477	0.0104618
6.5	0.0262077	0.0208464	0.0128069	0.00825611	0.00722443	0.00802675	0.0104071
6.55	0.0261715	0.0206513	0.01265	0.00817555	0.00717421	0.00797917	0.0103531
6.6	0.0261312	0.0204567	0.0124955	0.00809662	0.0071249	0.00793194	0.0103
6.65	0.0260866	0.0202625	0.0123434	0.00801928	0.00707648	0.00788502	0.0102481
6.7	0.0260396	0.0200689	0.0121937	0.0079435	0.00702888	0.00783836	0.0101974
6.75	0.0259882	0.0198758	0.0120462	0.00786922	0.00698213	0.00779194	0.0101481
6.8	0.0259333	0.0196834	0.0119011	0.00779643	0.00693618	0.00774572	0.0101001
6.85	0.0258749	0.0194917	0.0117583	0.00772508	0.006891	0.0076997	0.0100534
6.9	0.0258131	0.0193008	0.0116177	0.00765515	0.00684659	0.00765388	0.010008
6.95	0.025748	0.0191106	0.0114794	0.00758659	0.00680291	0.00760827	0.00996363
7	0.0256795	0.0189213	0.0113433	0.00751937	0.00675994	0.00756287	0.00992022
7.05	0.0256078	0.0187328	0.0112093	0.00745346	0.00671767	0.00751771	0.00987755
7.1	0.0255329	0.0185453	0.0110776	0.00738884	0.00667607	0.00747282	0.00983545
7.15	0.025455	0.0183587	0.010948	0.00732547	0.00663513	0.0074282	0.00979372
7.2	0.025374	0.0181732	0.0108205	0.00726331	0.00659483	0.00738389	0.00975217
7.25	0.02529	0.0179887	0.0106951	0.00720235	0.00655515	0.00733991	0.00971063
7.3	0.0252032	0.0178052	0.0105717	0.00714255	0.00651608	0.0072963	0.00966895
7.35	0.0251136	0.0176229	0.0104504	0.00708389	0.00647759	0.00725308	0.009627
7.4	0.0250212	0.0174418	0.0103311	0.00702633	0.00643968	0.00721026	0.00958468
7.45	0.0249262	0.0172618	0.0102138	0.00696986	0.00640232	0.00716789	0.00954192
7.5	0.0248285	0.017083	0.0100984	0.00691444	0.00636551	0.00712599	0.00949869
7.55	0.0247283	0.0169055	0.009985	0.00686005	0.00632923	0.00708457	0.00945495
7.6	0.0246257	0.0167292	0.00987347	0.00680667	0.00629347	0.00704367	0.00941074
7.65	0.0245207	0.0165543	0.00976382	0.00675428	0.00625821	0.00700329	0.00936609
7.7	0.0244133	0.0163806	0.00965602	0.00670284	0.00622345	0.00696345	0.00932105
7.75	0.0243038	0.0162083	0.00955004	0.00665235	0.00618916	0.00692418	0.00927571
7.8	0.024192	0.0160374	0.00944586	0.00660276	0.00615534	0.00688547	0.00923014
7.85	0.0240781	0.0158679	0.00934345	0.00655407	0.00612198	0.00684735	0.00918444
7.9	0.0239622	0.0156998	0.00924277	0.00650626	0.00608907	0.00680983	0.00913872
7.95	0.0238443	0.0155331	0.00914381	0.00645929	0.00605659	0.0067729	0.00909307
8	0.0237245	0.0153678	0.00904654	0.00641316	0.00602453	0.00673657	0.00904761
8.05	0.0236028	0.015204	0.00895093	0.00636783	0.00599288	0.00670085	0.00900242
8.1	0.0234794	0.0150417	0.00885696	0.0063233	0.00596165	0.00666574	0.00895761
8.15	0.0233543	0.0148809	0.00876459	0.00627954	0.0059308	0.00663124	0.00891325
8.2	0.0232275	0.0147216	0.00867381	0.00623654	0.00590034	0.00659735	0.00886942
8.25	0.0230992	0.0145639	0.00858458	0.00619427	0.00587026	0.00656408	0.00882619
8.3	0.0229694	0.0144076	0.00849688	0.00615272	0.00584056	0.0065314	0.00878362
8.35	0.0228381	0.0142529	0.00841068	0.00611187	0.00581121	0.00649934	0.00874174
8.4	0.0227054	0.0140997	0.00832596	0.00607172	0.00578222	0.00646787	0.00870059
8.45	0.0225715	0.0139481	0.0082427	0.00603223	0.00575358	0.006437	0.00866019
8.5	0.0224362	0.0137981	0.00816087	0.00599339	0.00572528	0.00640672	0.00862056
8.55	0.0222998	0.0136496	0.00808044	0.0059552	0.00569731	0.00637702	0.00858169
8.6	0.0221623	0.0135027	0.0080014	0.00591763	0.00566968	0.0063479	0.00854357
8.65	0.0220236	0.0133574	0.00792371	0.00588067	0.00564236	0.00631935	0.0085062
8.7	0.021884	0.0132136	0.00784736	0.00584431	0.00561535	0.00629137	0.00846953
8.75	0.0217434	0.0130715	0.00777231	0.00580853	0.00558865	0.00626394	0.00843356
8.8	0.0216019	0.0129309	0.00769856	0.00577331	0.00556226	0.00623706	0.00839824
8.85	0.0214596	0.0127919	0.00762606	0.00573865	0.00553617	0.00621072	0.00836353
8.9	0.0213165	0.0126544	0.00755481	0.00570453	0.00551037	0.00618492	0.00832939
8.95	0.0211726	0.0125186	0.00748478	0.00567095	0.00548486	0.00615964	0.00829579
9	0.0210281	0.0123843	0.00741595	0.00563787	0.00545964	0.00613488	0.00826266
9.05	0.020883	0.0122516	0.00734829	0.00560531	0.0054347	0.00611063	0.00822998
9.1	0.0207373	0.0121205	0.00728179	0.00557324	0.00541004	0.00608688	0.00819768
9.15	0.020591	0.0119909	0.00721641	0.00554165	0.00538565	0.00606362	0.00816572
9.2	0.0204443	0.0118629	0.00715215	0.00551054	0.00536154	0.00604084	0.00813407
9.25	0.0202972	0.0117364	0.00708898	0.00547988	0.00533769	0.00601853	0.00810267
9.3	0.0201498	0.0116115	0.00702688	0.00544968	0.00531411	0.00599669	0.00807149
9.35	0.020002	0.0114881	0.00696583	0.00541993	0.00529079	0.00597531	0.00804048
9.4	0.0198539	0.0113663	0.00690582	0.0053906	0.00526773	0.00595437	0.00800962
9.45	0.0197056	0.011246	0.00684682	0.0053617	0.00524493	0.00593387	0.00797887
9.5	0.0195571	0.0111272	0.00678881	0.00533321	0.00522237	0.0059138	0.00794819
9.55	0.0194085	0.0110099	0.00673178	0.00530513	0.00520007	0.00589415	0.00791757
9.6	0.0192598	0.0108942	0.00667571	0.00527744	0.00517802	0.00587491	0.00788698
9.65	0.019111	0.0107799	0.00662058	0.00525014	0.00515622	0.00585608	0.0078564
9.7	0.0189622	0.0106671	0.00656637	0.00522322	0.00513465	0.00583764	0.0078258
9.75	0.0188135	0.0105557	0.00651307	0.00519667	0.00511333	0.00581958	0.00779519
9.8	0.0186648	0.0104458	0.00646065	0.00517048	0.00509225	0.0058019	0.00776454
9.85	0.0185163	0.0103374	0.00640911	0.00514464	0.00507141	0.00578459	0.00773385
9.9	0.0183679	0.0102304	0.00635842	0.00511916	0.0050508	0.00576764	0.00770311
9.95	0.0182196	0.0101248	0.00630857	0.00509401	0.00503043	0.00575104	0.00767232
10	0.0180716	0.0100207	0.00625955	0.0050692	0.00501029	0.00573478	0.00764147
10.05	0.0179239	0.00991793	0.00621133	0.00504471	0.00499038	0.00571885	0.00761057
10.1	0.0177765	0.00981657	0.0061639	0.00502054	0.0049707	0.00570324	0.00757962
10.15	0.0176294	0.00971658	0.00611726	0.00499667	0.00495125	0.00568794	0.00754862
10.2	0.0174826	0.00961796	0.00607137	0.00497312	0.00493202	0.00567294	0.00751757
10.25	0.0173362	0.00952069	0.00602624	0.00494986	0.00491301	0.00565825	0.00748649
10.3	0.0171903	0.00942475	0.00598184	0.00492688	0.00489423	0.00564384	0.0074554
10.35	0.0170448	0.00933014	0.00593816	0.00490419	0.00487567	0.0056297	0.00742428
10.4	0.0168998	0.00923684	0.00589519	0.00488178	0.00485733	0.00561584	0.00739317
10.45	0.0167554	0.00914484	0.00585291	0.00485964	0.0048392	0.00560224	0.00736206
10.5	0.0166114	0.00905412	0.00581131	0.00483776	0.00482129	0.00558889	0.00733097
10.55	0.0164681	0.00896467	0.00577038	0.00481614	0.0048036	0.00557579	0.00729992
10.6	0.0163253	0.00887648	0.0057301	0.00479478	0.00478612	0.00556293	0.00726891
10.65	0.0161831	0.00878953	0.00569046	0.00477366	0.00476885	0.00555029	0.00723797
10.7	0.0160416	0.00870381	0.00565146	0.00475279	0.00475179	0.00553788	0.0072071
10.75	0.0159008	0.0086193	0.00561307	0.00473215	0.00473494	0.00552568	0.00717631
10.8	0.0157606	0.00853599	0.00557528	0.00471174	0.0047183	0.00551368	0.00714563
10.85	0.0156212	0.00845387	0.00553809	0.00469156	0.00470187	0.00550188	0.00711506
10.9	0.0154825	0.00837292	0.00550148	0.0046716	0.00468565	0.00549028	0.00708463
10.95	0.0153445	0.00829312	0.00546544	0.00465186	0.00466964	0.00547886	0.00705433
11	0.0152074	0.00821447	0.00542995	0.00463233	0.00465383	0.00546761	0.00702419
11.05	0.015071	0.00813695	0.00539502	0.004613	0.00463822	0.00545653	0.00699421
11.1	0.0149354	0.00806055	0.00536062	0.00459388	0.00462283	0.00544562	0.00696442
11.15	0.0148007	0.00798524	0.00532675	0.00457496	0.00460764	0.00543486	0.00693482
11.2	0.0146668	0.00791102	0.00529339	0.00455624	0.00459265	0.00542425	0.00690542
11.25	0.0145337	0.00783787	0.00526055	0.00453771	0.00457787	0.00541379	0.00687624
11.3	0.0144016	0.00776578	0.00522819	0.00451936	0.00456329	0.00540345	0.00684728
11.35	0.0142703	0.00769473	0.00519633	0.0045012	0.00454892	0.00539325	0.00681856
11.4	0.0141399	0.0076247	0.00516494	0.00448323	0.00453475	0.00538316	0.00679008
11.45	0.0140105	0.00755569	0.00513401	0.00446543	0.00452078	0.0053732	0.00676186
11.5	0.0138819	0.00748769	0.00510355	0.00444781	0.00450703	0.00536334	0.00673391
11.55	0.0137543	0.00742067	0.00507353	0.00443036	0.00449347	0.00535358	0.00670622
11.6	0.0136277	0.00735462	0.00504396	0.00441308	0.00448013	0.00534391	0.00667882
11.65	0.013502	0.00728953	0.00501482	0.00439596	0.00446699	0.00533433	0.0066517
11.7	0.0133773	0.00722538	0.0049861	0.00437902	0.00445405	0.00532484	0.00662487
11.75	0.0132536	0.00716217	0.0049578	0.00436223	0.00444132	0.00531542	0.00659835
11.8	0.0131308	0.00709988	0.00492991	0.00434561	0.0044288	0.00530607	0.00657212
11.85	0.013009	0.00703849	0.00490241	0.00432914	0.00441648	0.00529678	0.00654621
11.9	0.0128882	0.00697799	0.00487532	0.00431283	0.00440437	0.00528755	0.00652062
11.95	0.0127685	0.00691838	0.0048486	0.00429668	0.00439246	0.00527837	0.00649534
12	0.0126497	0.00685963	0.00482227	0.00428068	0.00438076	0.00526923	0.00647039
12.05	0.012532	0.00680173	0.00479631	0.00426483	0.00436926	0.00526013	0.00644577
12.1	0.0124153	0.00674468	0.00477071	0.00424913	0.00435796	0.00525107	0.00642148
12.15	0.0122996	0.00668846	0.00474547	0.00423357	0.00434687	0.00524202	0.00639752
12.2	0.0121849	0.00663306	0.00472058	0.00421817	0.00433598	0.005233	0.0063739
12.25	0.0120712	0.00657846	0.00469603	0.00420291	0.00432529	0.00522399	0.00635062
12.3	0.0119586	0.00652467	0.00467182	0.00418779	0.0043148	0.00521498	0.00632769
12.35	0.0118471	0.00647165	0.00464794	0.00417281	0.00430452	0.00520598	0.0063051
12.4	0.0117365	0.0064194	0.00462439	0.00415797	0.00429442	0.00519698	0.00628286
12.45	0.011627	0.00636792	0.00460117	0.00414327	0.00428453	0.00518796	0.00626097
12.5	0.0115186	0.00631718	0.00457825	0.00412871	0.00427483	0.00517893	0.00623943
12.55	0.0114111	0.00626719	0.00455565	0.00411428	0.00426532	0.00516989	0.00621824
12.6	0.0113047	0.00621792	0.00453335	0.00409999	0.00425601	0.00516082	0.00619741
12.65	0.0111994	0.00616937	0.00451134	0.00408582	0.00424688	0.00515172	0.00617693
12.7	0.0110951	0.00612152	0.00448963	0.00407179	0.00423795	0.00514259	0.0061568
12.75	0.0109918	0.00607437	0.00446821	0.00405789	0.0042292	0.00513342	0.00613703
12.8	0.0108896	0.0060279	0.00444707	0.00404411	0.00422063	0.00512421	0.00611761
12.85	0.0107884	0.00598211	0.0044262	0.00403045	0.00421224	0.00511496	0.00609855
12.9	0.0106882	0.00593699	0.00440561	0.00401692	0.00420403	0.00510567	0.00607985
12.95	0.010589	0.00589251	0.00438528	0.00400352	0.004196	0.00509632	0.00606149
13	0.0104909	0.00584869	0.00436521	0.00399023	0.00418815	0.00508692	0.00604349
13.05	0.0103938	0.00580549	0.0043454	0.00397706	0.00418047	0.00507747	0.00602585
13.1	0.0102978	0.00576292	0.00432584	0.00396401	0.00417295	0.00506797	0.00600855
13.15	0.0102027	0.00572097	0.00430653	0.00395108	0.00416561	0.0050584	0.00599159
13.2	0.0101087	0.00567962	0.00428745	0.00393826	0.00415843	0.00504878	0.00597498
13.25	0.0100156	0.00563887	0.00426861	0.00392556	0.00415141	0.0050391	0.00595872
13.3	0.00992358	0.0055987	0.00425	0.00391297	0.00414455	0.00502936	0.00594278
13.35	0.00983255	0.00555911	0.00423162	0.0039005	0.00413785	0.00501956	0.00592719
13.4	0.0097425	0.00552008	0.00421346	0.00388814	0.00413131	0.0050097	0.00591192
13.45	0.00965345	0.00548162	0.00419551	0.00387589	0.00412492	0.00499978	0.00589697
13.5	0.00956537	0.0054437	0.00417777	0.00386376	0.00411868	0.0049898	0.00588235
13.55	0.00947828	0.00540633	0.00416023	0.00385173	0.00411259	0.00497976	0.00586803
13.6	0.00939216	0.00536949	0.0041429	0.00383982	0.00410665	0.00496966	0.00585403
13.65	0.009307	0.00533317	0.00412577	0.00382802	0.00410086	0.00495951	0.00584033
13.7	0.0092228	0.00529736	0.00410883	0.00381633	0.00409521	0.00494929	0.00582692
13.75	0.00913956	0.00526206	0.00409208	0.00380475	0.00408971	0.00493903	0.00581381
13.8	0.00905726	0.00522725	0.00407551	0.00379328	0.00408435	0.0049287	0.00580097
13.85	0.00897591	0.00519293	0.00405913	0.00378192	0.00407912	0.00491833	0.00578841
13.9	0.00889548	0.00515909	0.00404292	0.00377068	0.00407404	0.0049079	0.00577612
13.95	0.00881598	0.00512572	0.00402688	0.00375954	0.00406909	0.00489742	0.00576409
14	0.0087374	0.00509282	0.00401102	0.00374852	0.00406427	0.00488689	0.00575231
14.05	0.00865973	0.00506037	0.00399532	0.00373762	0.00405958	0.00487632	0.00574077
14.1	0.00858296	0.00502837	0.00397979	0.00372683	0.00405502	0.0048657	0.00572946
14.15	0.00850708	0.00499682	0.00396441	0.00371616	0.00405059	0.00485504	0.00571838
14.2	0.00843209	0.00496569	0.0039492	0.0037056	0.00404627	0.00484434	0.00570752
14.25	0.00835799	0.004935	0.00393413	0.00369516	0.00404208	0.0048336	0.00569687
14.3	0.00828475	0.00490472	0.00391922	0.00368484	0.00403801	0.00482282	0.00568642
14.35	0.00821238	0.00487487	0.00390446	0.00367464	0.00403406	0.004812	0.00567616
14.4	0.00814086	0.00484541	0.00388985	0.00366455	0.00403021	0.00480115	0.00566609
14.45	0.0080702	0.00481636	0.00387539	0.0036546	0.00402647	0.00479027	0.00565619
14.5	0.00800038	0.0047877	0.00386106	0.00364476	0.00402284	0.00477935	0.00564647
14.55	0.00793138	0.00475944	0.00384688	0.00363504	0.00401931	0.00476841	0.0056369
14.6	0.00786322	0.00473155	0.00383284	0.00362545	0.00401587	0.00475744	0.00562749
14.65	0.00779587	0.00470404	0.00381893	0.00361598	0.00401253	0.00474645	0.00561822
14.7	0.00772932	0.00467691	0.00380516	0.00360664	0.00400927	0.00473543	0.0056091
14.75	0.00766358	0.00465014	0.00379153	0.00359742	0.00400609	0.0047244	0.0056001
14.8	0.00759864	0.00462373	0.00377803	0.00358833	0.004003	0.00471335	0.00559123
14.85	0.00753448	0.00459768	0.00376465	0.00357936	0.00399998	0.00470229	0.00558248
14.9	0.0074711	0.00457198	0.00375141	0.00357051	0.00399702	0.00469122	0.00557383
14.95	0.00740849	0.00454662	0.00373829	0.00356179	0.00399413	0.00468014	0.00556529
15	0.00734664	0.00452161	0.0037253	0.00355319	0.0039913	0.00466906	0.00555685
15.05	0.00728555	0.00449693	0.00371243	0.00354472	0.00398852	0.00465798	0.0055485
15.1	0.00722521	0.00447259	0.00369969	0.00353636	0.0039858	0.00464691	0.00554023
15.15	0.00716561	0.00444857	0.00368706	0.00352813	0.00398311	0.00463585	0.00553204
15.2	0.00710674	0.00442487	0.00367455	0.00352002	0.00398046	0.00462481	0.00552392
15.25	0.0070486	0.00440149	0.00366216	0.00351202	0.00397785	0.00461379	0.00551586
15.3	0.00699117	0.00437842	0.00364988	0.00350415	0.00397526	0.0046028	0.00550786
15.35	0.00693446	0.00435565	0.00363771	0.00349639	0.0039727	0.00459184	0.00549991
15.4	0.00687846	0.00433319	0.00362565	0.00348875	0.00397017	0.00458091	0.005492
15.45	0.00682315	0.00431103	0.00361369	0.00348123	0.00396765	0.00457004	0.00548413
15.5	0.00676853	0.00428915	0.00360183	0.00347382	0.00396514	0.00455921	0.00547628
15.55	0.00671459	0.00426757	0.00359008	0.00346652	0.00396264	0.00454844	0.00546846
15.6	0.00666134	0.00424626	0.00357842	0.00345934	0.00396015	0.00453773	0.00546065
15.65	0.00660875	0.00422524	0.00356686	0.00345227	0.00395766	0.00452709	0.00545284
15.7	0.00655681	0.00420448	0.00355539	0.00344532	0.00395517	0.00451652	0.00544504
15.75	0.00650554	0.00418399	0.00354401	0.00343848	0.00395268	0.00450603	0.00543723
15.8	0.00645491	0.00416376	0.00353271	0.00343176	0.00395019	0.00449563	0.0054294
15.85	0.00640492	0.00414378	0.0035215	0.00342515	0.00394769	0.00448532	0.00542155
15.9	0.00635556	0.00412406	0.00351038	0.00341866	0.00394518	0.00447511	0.00541367
15.95	0.00630682	0.00410458	0.00349933	0.00341228	0.00394266	0.004465	0.00540575
16	0.0062587	0.00408533	0.00348835	0.00340602	0.00394012	0.00445499	0.00539779
16.05	0.00621118	0.00406632	0.00347746	0.00339988	0.00393758	0.00444509	0.00538978
16.1	0.00616426	0.00404754	0.00346664	0.00339386	0.00393502	0.00443531	0.00538171
16.15	0.00611794	0.00402899	0.00345589	0.00338795	0.00393244	0.00442564	0.00537359
16.2	0.0060722	0.00401065	0.00344522	0.00338218	0.00392985	0.00441609	0.0053654
16.25	0.00602703	0.00399253	0.00343462	0.00337652	0.00392723	0.00440667	0.00535714
16.3	0.00598243	0.00397461	0.00342409	0.003371	0.00392459	0.00439737	0.00534881
16.35	0.00593838	0.0039569	0.00341364	0.0033656	0.00392192	0.0043882	0.0053404
16.4	0.00589489	0.00393939	0.00340325	0.00336033	0.00391922	0.00437915	0.00533191
16.45	0.00585194	0.00392209	0.00339294	0.00335519	0.0039165	0.00437024	0.00532335
16.5	0.00580952	0.00390497	0.0033827	0.00335018	0.00391374	0.00436145	0.0053147
16.55	0.00576762	0.00388805	0.00337254	0.00334531	0.00391094	0.0043528	0.00530597
16.6	0.00572625	0.00387132	0.00336245	0.00334056	0.0039081	0.00434427	0.00529716
16.65	0.00568538	0.00385477	0.00335244	0.00333596	0.00390522	0.00433589	0.00528827
16.7	0.00564502	0.00383841	0.0033425	0.00333148	0.00390228	0.00432763	0.0052793
16.75	0.00560515	0.00382224	0.00333265	0.00332713	0.0038993	0.00431951	0.00527026
16.8	0.00556578	0.00380625	0.00332287	0.00332292	0.00389625	0.00431153	0.00526114
16.85	0.00552688	0.00379043	0.00331318	0.00331883	0.00389315	0.00430369	0.00525196
16.9	0.00548847	0.0037748	0.00330357	0.00331487	0.00388997	0.00429599	0.0052427
16.95	0.00545052	0.00375935	0.00329405	0.00331104	0.00388673	0.00428843	0.00523337
17	0.00541304	0.00374407	0.00328461	0.00330732	0.00388341	0.00428101	0.00522399
17.05	0.00537602	0.00372897	0.00327526	0.00330372	0.00388001	0.00427375	0.00521454
17.1	0.00533945	0.00371405	0.00326599	0.00330024	0.00387652	0.00426663	0.00520503
17.15	0.00530334	0.0036993	0.0032568	0.00329687	0.00387295	0.00425967	0.00519547
17.2	0.00526767	0.00368473	0.0032477	0.00329361	0.00386929	0.00425287	0.00518586
17.25	0.00523245	0.00367032	0.00323869	0.00329045	0.00386553	0.00424623	0.00517619
17.3	0.00519767	0.00365609	0.00322975	0.00328739	0.00386168	0.00423975	0.00516647
17.35	0.00516332	0.00364202	0.00322089	0.00328443	0.00385774	0.00423344	0.0051567
17.4	0.00512941	0.00362812	0.00321211	0.00328156	0.00385371	0.00422731	0.00514688
17.45	0.00509593	0.00361437	0.0032034	0.00327878	0.00384958	0.00422135	0.00513702
17.5	0.00506287	0.00360079	0.00319475	0.00327608	0.00384536	0.00421556	0.00512709
17.55	0.00503024	0.00358737	0.00318617	0.00327347	0.00384106	0.00420996	0.00511713
17.6	0.00499803	0.00357409	0.00317766	0.00327095	0.00383667	0.00420453	0.00510711
17.65	0.00496624	0.00356096	0.0031692	0.00326851	0.0038322	0.00419928	0.00509704
17.7	0.00493485	0.00354797	0.00316079	0.00326615	0.00382765	0.00419421	0.00508692
17.75	0.00490388	0.00353511	0.00315244	0.00326388	0.00382303	0.00418932	0.00507675
17.8	0.0048733	0.00352238	0.00314414	0.00326169	0.00381834	0.00418459	0.00506655
17.85	0.00484312	0.00350978	0.00313588	0.0032596	0.00381359	0.00418003	0.0050563
17.9	0.00481333	0.00349729	0.00312767	0.0032576	0.00380878	0.00417563	0.00504602
17.95	0.00478392	0.0034849	0.00311951	0.00325569	0.0038039	0.00417138	0.00503571
18	0.00475489	0.00347262	0.0031114	0.00325388	0.00379897	0.00416727	0.00502538
18.05	0.00472623	0.00346043	0.00310334	0.00325218	0.00379398	0.0041633	0.00501504
18.1	0.00469792	0.00344834	0.00309533	0.00325059	0.00378892	0.00415947	0.0050047
18.15	0.00466996	0.00343634	0.00308739	0.0032491	0.0037838	0.00415576	0.00499437
18.2	0.00464234	0.00342442	0.00307951	0.00324771	0.00377862	0.00415216	0.00498406
18.25	0.00461504	0.00341259	0.00307171	0.00324643	0.00377336	0.00414869	0.00497377
18.3	0.00458805	0.00340085	0.00306398	0.00324526	0.00376803	0.00414533	0.00496351
18.35	0.00456137	0.0033892	0.00305635	0.00324417	0.00376262	0.00414207	0.0049533
18.4	0.00453499	0.00337765	0.00304881	0.00324317	0.00375712	0.00413893	0.00494314
18.45	0.00450889	0.0033662	0.00304137	0.00324225	0.00375154	0.0041359	0.00493303
18.5	0.00448307	0.00335487	0.00303404	0.00324139	0.00374587	0.00413298	0.00492298
18.55	0.00445753	0.00334366	0.00302681	0.0032406	0.00374011	0.00413018	0.004913
18.6	0.00443228	0.00333257	0.00301967	0.00323985	0.00373427	0.00412749	0.00490308
18.65	0.0044073	0.00332161	0.00301263	0.00323914	0.00372835	0.00412492	0.00489322
18.7	0.00438261	0.00331079	0.00300569	0.00323847	0.00372235	0.00412245	0.00488344
18.75	0.00435822	0.00330009	0.00299882	0.00323783	0.00371629	0.0041201	0.00487372
18.8	0.00433414	0.00328953	0.00299202	0.00323721	0.00371016	0.00411786	0.00486407
18.85	0.00431036	0.00327908	0.00298529	0.00323663	0.00370399	0.00411572	0.0048545
18.9	0.0042869	0.00326874	0.00297862	0.00323608	0.00369777	0.00411368	0.004845
18.95	0.00426377	0.00325849	0.002972	0.00323556	0.00369152	0.00411173	0.00483558
19	0.00424095	0.00324833	0.00296543	0.00323508	0.00368524	0.00410985	0.00482624
19.05	0.00421845	0.00323823	0.0029589	0.00323464	0.00367894	0.00410804	0.00481699
19.1	0.00419626	0.0032282	0.00295243	0.00323425	0.00367262	0.0041063	0.00480784
19.15	0.00417436	0.00321822	0.00294601	0.0032339	0.00366628	0.00410461	0.00479879
19.2	0.00415274	0.00320829	0.00293965	0.00323359	0.00365992	0.00410297	0.00478985
19.25	0.00413139	0.00319842	0.00293335	0.00323334	0.00365355	0.00410137	0.00478101
19.3	0.00411028	0.0031886	0.00292714	0.00323312	0.00364716	0.0040998	0.0047723
19.35	0.00408941	0.00317885	0.002921	0.00323293	0.00364075	0.00409826	0.00476371
19.4	0.00406876	0.00316918	0.00291496	0.00323278	0.00363432	0.00409674	0.00475525
19.45	0.00404831	0.00315959	0.00290902	0.00323265	0.00362787	0.00409525	0.00474693
19.5	0.00402806	0.00315007	0.00290318	0.00323254	0.00362139	0.00409378	0.00473874
19.55	0.00400801	0.00314063	0.00289742	0.00323245	0.00361489	0.00409233	0.00473069
19.6	0.0039882	0.00313129	0.00289176	0.00323237	0.00360836	0.00409089	0.00472277
19.65	0.00396857	0.00312206	0.00288624	0.00323232	0.00360184	0.00408944	0.004715
19.7	0.00394896	0.00311277	0.00288079	0.00323223	0.00359534	0.004088	0.00470739
19.75	0.00392978	0.00310352	0.00287539	0.00323204	0.00358874	0.00408652	0.0046999
19.8	0.00391123	0.00309475	0.00287034	0.00323209	0.0035822	0.00408514	0.0046925
19.85	0.00389092	0.00308491	0.00286471	0.00323181	0.00357532	0.00408348	0.00468481
19.9	0.00387082	0.00307505	0.00285903	0.00323152	0.00356849	0.00408175	0.00467723
19.95	0.00385298	0.00306636	0.00285396	0.00323159	0.00356204	0.00408022	0.00467019
20	0.00383502	0.00305735	0.00284872	0.0032314	0.00355557	0.00407857	0.00466332
