  7.7625878E-02  9.5972820E-04  3.0576921E-04 -5.4038440E-15
   1.009314      9.7562850E-04  3.2681541E-04 -6.5119392E-14
   2.018641      9.9408498E-04  3.5036483E-04 -7.2600762E-12
   3.027964      1.0136294E-03  3.7535423E-04 -7.4587822E-11
   4.037282      1.0339598E-03  4.0272358E-04 -6.8432010E-11
   5.046593      1.0555063E-03  4.3162369E-04 -5.0107068E-11
   6.055897      1.0792683E-03  4.5968697E-04 -3.1962280E-11
   7.065194      1.1065068E-03  4.8383663E-04 -1.3959261E-11
   8.074483      1.1378960E-03  5.0251611E-04 -3.7810328E-12
   9.006127      1.1709603E-03  5.1397923E-04 -5.7910198E-13
   10.01540      1.2106993E-03  5.2106904E-04  5.3559761E-12
   11.02468      1.2538573E-03  5.2444328E-04  9.4307149E-12
   12.03394      1.2990737E-03  5.2882492E-04  1.1146064E-11
   13.04321      1.3458099E-03  5.3649786E-04  1.8734968E-11
   14.05247      1.3929426E-03  5.4901204E-04  1.9186569E-11
   15.06174      1.4398179E-03  5.6859897E-04  4.5528435E-11
   16.07100      1.4855145E-03  5.9847563E-04  1.6431895E-10
   17.00262      1.5256144E-03  6.3863315E-04  2.3533622E-10
   18.01187      1.5658679E-03  6.9910189E-04  8.0360191E-11
   19.02112      1.6025503E-03  7.7893108E-04 -6.8198280E-11
   20.03038      1.6363023E-03  8.7753875E-04 -2.0022566E-10
   21.03964      1.6684968E-03  9.9237321E-04 -2.5246222E-10
   22.04892      1.7009224E-03  1.1197095E-03 -2.7575281E-10
   23.05820      1.7355836E-03  1.2551786E-03 -1.8016987E-10
   24.06747      1.7746012E-03  1.3940338E-03 -4.2496010E-11
   25.07675      1.8200765E-03  1.5315091E-03  1.6550812E-10
   26.00839      1.8693825E-03  1.6535630E-03  2.4050556E-10
   27.01767      1.9319842E-03  1.7778003E-03  2.0287648E-10
   28.02695      2.0047913E-03  1.8925028E-03  5.8881171E-11
   29.03622      2.0878525E-03  1.9980113E-03 -5.3836883E-11
   30.04550      2.1807770E-03  2.0958669E-03 -3.9131053E-11
   31.05478      2.2829622E-03  2.1882991E-03 -3.5239915E-11
   32.06406      2.3937419E-03  2.2778693E-03 -3.5401786E-11
   33.07334      2.5124718E-03  2.3672618E-03 -2.9068296E-11
   34.00499      2.6286291E-03  2.4519349E-03 -1.3232438E-11
   35.01432      2.7611419E-03  2.5483987E-03  9.6396627E-11
   36.02364      2.9002847E-03  2.6521028E-03  1.7100001E-10
   37.03297      3.0458958E-03  2.7651903E-03  1.8754075E-10
   38.04230      3.1979785E-03  2.8895363E-03  1.6428862E-10
   39.05162      3.3567059E-03  3.0267532E-03  8.4715804E-11
   40.06095      3.5224163E-03  3.1781807E-03  2.6423847E-11
   41.07033      3.6956070E-03  3.3449198E-03 -7.0249362E-11
   42.00206      3.8626734E-03  3.5131848E-03 -1.4886369E-10
   43.01144      4.0521878E-03  3.7116888E-03 -2.3240360E-10
   44.02081      4.2514442E-03  3.9276229E-03 -2.2688339E-10
   45.03023      4.4614403E-03  4.1614999E-03 -2.7906052E-10
   46.03965      4.6832636E-03  4.4137933E-03 -2.8339187E-10
   47.04908      4.9180808E-03  4.6850126E-03 -2.8145050E-10
   48.05856      5.1671211E-03  4.9757292E-03 -2.7099958E-10
   49.06804      5.4316786E-03  5.2866205E-03 -1.4007125E-10
   50.07756      5.7130978E-03  5.6185112E-03 -2.3471780E-11
   51.00943      5.9890468E-03  5.9443777E-03  1.7903524E-10
   52.01900      6.3068811E-03  6.3196449E-03  4.9148994E-11
   53.02860      6.6458401E-03  6.7194179E-03 -1.5248998E-10
   54.03822      7.0075104E-03  7.1453406E-03  7.9613476E-11
   55.04790      7.3935576E-03  7.5993082E-03  2.0980304E-10
   56.05761      7.8057479E-03  8.0834776E-03 -3.5069861E-10
   57.06735      8.2459450E-03  8.6002760E-03 -8.4150992E-10
   58.07713      8.7161427E-03  9.1524152E-03 -5.8253508E-10
   59.00928      9.1786440E-03  9.6960450E-03 -1.0187159E-10
   60.01918      9.7127035E-03  1.0324864E-02  5.1314453E-10
   61.02924      1.0283556E-02  1.0998718E-02  9.3179431E-10
   62.03954      1.0893935E-02  1.1721577E-02  9.7235586E-10
   63.05013      1.1546818E-02  1.2497747E-02  1.6422499E-09
   64.06110      1.2245463E-02  1.3331920E-02  2.1758024E-09
   65.07251      1.2993412E-02  1.4229176E-02  2.3207585E-09
   66.00657      1.3730938E-02  1.5118160E-02  1.2021018E-09
   67.01900      1.4584921E-02  1.6152626E-02 -3.9441256E-10
   68.03204      1.5500612E-02  1.7267628E-02 -7.1032735E-10
   69.04575      1.6483065E-02  1.8470189E-02 -1.9039846E-10
   70.06015      1.7537804E-02  1.9767914E-02 -1.0737641E-10
   71.07530      1.8670879E-02  2.1169124E-02 -1.3384435E-09
   72.01305      1.9792022E-02  2.2562204E-02 -1.2104945E-09
   73.02969      2.1094846E-02  2.4188569E-02 -1.4747110E-09
   74.04716      2.2497132E-02  2.5947280E-02 -1.2002478E-09
   75.06546      2.4007484E-02  2.7850116E-02 -1.1069168E-09
   76.00616      2.5505707E-02  2.9745651E-02 -6.7358735E-10
   77.02608      2.7251130E-02  3.1963028E-02 -1.6139707E-09
   78.04683      2.9134776E-02  3.4365911E-02 -1.5354088E-09
   79.06841      3.1168951E-02  3.6971319E-02 -1.2902494E-09
   80.01215      3.3191919E-02  3.9572220E-02 -4.6438356E-10
   81.03532      3.5554692E-02  4.2621318E-02 -7.8521201E-10
   82.05930      3.8111359E-02  4.5933116E-02 -2.1920239E-09
   83.00519      4.0658779E-02  4.9244758E-02 -3.6142400E-09
   84.03065      4.3639831E-02  5.3133726E-02  8.6707530E-10
   85.05684      4.6871968E-02  5.7365261E-02  3.7914138E-09
   86.00474      5.0098669E-02  6.1603788E-02  7.1298150E-09
   87.03229      5.3881958E-02  6.6589572E-02  7.6075350E-09
   88.06051      5.7992190E-02  7.2023913E-02  5.6894964E-09
   89.01019      6.2103488E-02  7.7476077E-02  2.4589148E-09
   90.03962      6.6933319E-02  8.3899572E-02 -4.3260524E-09
   91.06963      7.2191052E-02  9.0911776E-02 -4.2730179E-09
   92.02090      7.7460155E-02  9.7956590E-02 -4.0670436E-09
   93.05196      8.3661675E-02  0.1062667     -3.7460715E-09
   94.00416      8.9883804E-02  0.1146208      3.6341503E-09
   95.03616      9.7215131E-02  0.1244804      6.2164434E-09
   96.06862      0.1052196      0.1352591     -5.3819560E-10
   97.02203      0.1132628      0.1460990     -1.9175614E-09
   98.05531      0.1227528      0.1588933     -1.6542918E-08
   99.00943      0.1322960      0.1717566     -3.2198759E-08
   100.0434      0.1435629      0.1869310     -3.5955427E-08
   101.0777      0.1558860      0.2035017     -3.6803936E-08
   102.0328      0.1682857      0.2201369     -2.3876801E-08
   103.0676      0.1829293      0.2397213     -8.0830995E-09
   104.0228      0.1976586      0.2593427      1.0940835E-09
   105.0575      0.2150452      0.2823913      1.8571004E-08
   106.0126      0.2325270      0.3054306      2.5278153E-08
   107.0472      0.2531531      0.3324236      3.0281189E-08
   108.0022      0.2738810      0.3593287      2.4034531E-08
   109.0366      0.2983210      0.3907549      1.3518832E-08
   110.0711      0.3249997      0.4246829      7.1417543E-09
   111.0259      0.3517809      0.4583387     -5.7453087E-10
   112.0602      0.3833272      0.4974589     -9.3911332E-09
   113.0149      0.4149823      0.5361410     -1.0520505E-08
   114.0491      0.4522650      0.5809639     -9.2837746E-09
   115.0037      0.4896840      0.6251566     -3.4637824E-09
   116.0378      0.5337811      0.6762326      1.5106579E-08
   117.0719      0.5819431      0.7307988      3.6073227E-09
   118.0263      0.6303724      0.7844260     -4.4977204E-09
   119.0603      0.6875405      0.8463363     -1.9709150E-09
   120.0147      0.7451512      0.9070829     -5.2365170E-09
   121.0486      0.8136988      0.9763317      2.7901320E-08
   122.0029      0.8835191       1.042993      4.0946155E-08
   123.0367      0.9669135       1.118443      4.9001478E-08
   124.0705       1.058436       1.198810      4.7149037E-08
   125.0246       1.149738       1.279479      3.6682206E-08
   126.0583       1.255222       1.375944      3.7971407E-08
   127.0124       1.358185       1.476344      1.0907412E-07
   128.0459       1.475594       1.596115      8.2288501E-08
   129.0794       1.600473       1.725387      9.0474984E-08
   130.0334       1.723613       1.849275      7.4591249E-08
   131.0669       1.866422       1.984465     -3.3903124E-08
   132.0208       2.006652       2.108031     -7.7602436E-08
   133.0541       2.166090       2.239294     -7.0524536E-08
   134.0079       2.318254       2.357072     -5.4078221E-08
   135.0412       2.486376       2.479354     -2.6461741E-10
   136.0745       2.655928       2.593646      4.1465960E-08
   137.0283       2.812127       2.689564     -1.5370209E-07
   138.0614       2.979648       2.781414     -1.3265793E-07
   139.0150       3.130831       2.852520     -1.0372177E-07
   140.0480       3.289611       2.914343     -8.9635471E-08
   141.0017       3.430197       2.956729     -2.2339904E-08
   142.0347       3.574726       2.986668     -1.6943696E-08
   143.0677       3.710200       3.000480     -1.3371238E-08
   144.0212       3.826546       2.999525      1.4948357E-07
   145.0541       3.942573       2.984205     -3.3269913E-08
   146.0075       4.040748       2.958666     -6.0100916E-08
   147.0404       4.136827       2.917693      3.4651055E-07
   148.0733       4.223019       2.864751      4.1828318E-07
   149.0267       4.294667       2.805919      3.3679567E-07
   150.0595       4.364477       2.731389      1.1940652E-07
   151.0127       4.421736       2.652899      5.8946018E-08
   152.0454       4.475922       2.559201      1.3622656E-07
   153.0781       4.521960       2.458334      6.0664760E-08
   154.0314       4.557393       2.359447     -2.8363789E-07
   155.0640       4.588642       2.246193     -5.9658490E-08
   156.0173       4.611443       2.136182      9.5707293E-08
   157.0500       4.630531       2.011614      1.1291976E-07
   158.0032       4.643639       1.892177      4.0438672E-07
   159.0358       4.651674       1.759887      3.2337820E-07
   160.0683       4.651381       1.627398      3.0847499E-07
   161.0214       4.646401       1.503020      4.9476231E-08
   162.0538       4.638550       1.360685     -2.4772814E-07
   163.0069       4.630287       1.223359     -3.1665735E-07
   164.0394       4.618725       1.070976     -1.6597434E-07
   165.0719       4.603661      0.9154893     -9.0163610E-08
   166.0249       4.586608      0.7698077     -6.0558456E-08
   167.0572       4.564700      0.6102883     -7.5716379E-08
   168.0100       4.541411      0.4614690      1.8331589E-07
   169.0423       4.512866      0.2989595      4.6104495E-07
   170.0746       4.481611      0.1349117      2.6932275E-07
   171.0275       4.451036     -1.8548656E-02 -1.2029179E-07
   172.0596       4.416107     -0.1871132     -8.5069090E-08
   173.0123       4.381984     -0.3444021     -9.5468799E-08
   174.0443       4.342790     -0.5161809     -1.9269544E-07
   175.0764       4.301097     -0.6891853     -3.5527311E-08
   176.0290       4.260487     -0.8498808     -3.1104555E-08
   177.0609       4.214669      -1.025210      3.1853460E-07
   178.0134       4.170203      -1.187423      4.6030107E-07
   179.0453       4.119136      -1.363003      4.0649809E-07
   180.0772       4.065637      -1.539328      2.2609083E-07
   181.0296       4.014483      -1.703310      2.0184336E-07
   182.0613       3.956954      -1.881984      1.5048899E-07
   183.0136       3.901538      -2.047341      8.5876707E-08
   184.0453       3.838635      -2.226531      2.3460016E-08
   185.0770       3.772662      -2.405803     -7.7693528E-08
   186.0292       3.708996      -2.571442     -1.0626471E-07
   187.0607       3.637062      -2.751256     -4.2441661E-07
   188.0128       3.567848      -2.917657     -3.8422937E-07
   189.0443       3.489248      -3.097863     -1.0457397E-07
   190.0758       3.407504      -3.279251     -1.2329112E-07
   191.0279       3.328156      -3.446558      2.7672415E-08
   192.0592       3.237351      -3.627111      7.9269121E-08
   193.0112       3.149573      -3.794224      8.8767827E-08
   194.0425       3.049892      -3.975872     -1.1764038E-07
   195.0737       2.944381      -4.157309     -2.1242245E-07
   196.0255       2.841123      -4.324241     -1.9031096E-07
   197.0566       2.723380      -4.506021     -4.4897735E-08
   198.0084       2.610064      -4.676888     -1.4129232E-07
   199.0394       2.480437      -4.863832     -2.9400528E-07
   200.0703       2.340585      -5.049293     -2.6779549E-07
   201.0219       2.200976      -5.218165     -3.1155824E-07
   202.0527       2.040953      -5.404681     -3.1850837E-07
   203.0041       1.882835      -5.578269     -1.8254600E-07
   204.0348       1.699302      -5.769918      2.2698252E-07
   205.0655       1.499675      -5.967707      5.7351048E-07
   206.0167       1.307974      -6.163645      7.4195913E-07
   207.0472       1.092112      -6.364360      4.5015193E-07
   208.0776      0.8470051      -6.572300      2.4645324E-08
   209.0287      0.5306177      -6.840904     -5.2225136E-07
   210.0590      4.8745170E-02  -7.435104     -3.7224703E-07
   211.0100     -0.4608588      -8.199856      4.9265554E-07
   212.0401     -0.9230685      -8.800537      1.9220738E-06
   213.0702      -1.284658      -9.136080      2.4278281E-06
   214.0210      -1.417235      -7.591327      1.6634891E-06
   215.0509      -1.433112      -5.914905      1.0770101E-06
   216.0015      -1.448273      -4.641390      7.5039520E-07
   217.0312      -1.485887      -2.489415      7.1336501E-07
   218.0610      -1.497323      0.0000000E+00  0.0000000E+00
   219.0113      -1.492296      -1.727035     -4.7713520E-08
   220.0408      -1.479433      -2.271577      1.1947155E-07
   221.0703      -1.510086     -0.6540630      4.9480072E-08
   222.0204      -1.478111      -2.974713     -9.4647625E-08
   223.0496      -1.465185      -2.149952     -1.5113758E-07
   224.0787      -1.501872     -0.6718189     -2.3231709E-07
   225.0285      -1.496294      -2.695457      2.9181603E-08
   226.0574      -1.481034      -3.429309     -2.2516069E-07
   227.0070      -1.504017      -1.666033      1.9544103E-07
   228.0357      -1.503054     -0.5566443      5.1115839E-12
   229.0643      -1.494920     -0.5619651     -2.8265825E-08
   230.0136      -1.493958      -4.493425      1.3449416E-07
   231.0419      -1.423144       1.589029     -1.0868412E-07
   232.0701      -1.260342       2.626784      1.8505032E-08
   233.0190      -1.242041       3.740214      1.5860600E-07
   234.0470      -1.427186       6.403185      1.5968953E-07
   235.0747      -1.501432     -0.5609299      1.2475979E-08
   236.0233      -1.507653      -3.711038     -7.4467948E-08
   237.0509      -1.410829      0.5609542     -5.7181353E-07
   238.0782      -1.266274       2.427017     -1.6893084E-08
   239.0264      -1.326736       3.861111      4.9105370E-07
   240.0534      -1.457608       5.923874      1.4933171E-07
   241.0013      -1.481096      0.2763048      2.8831879E-08
   242.0280      -1.491509      0.6931686      1.4555310E-07
   243.0546      -1.511408      -1.558395      5.0107949E-09
   244.0020      -1.510124      0.5174745      6.9068321E-08
   245.0281      -1.503462       3.020748     -2.0672819E-09
   246.0541      -1.475778     -0.2711891     -3.4007869E-08
   247.0010      -1.430497     -0.8064529     -1.7393755E-07
   248.0266      -1.396630      -1.019183     -4.2677212E-07
   249.0520      -1.375595      -1.073967     -4.6237847E-07
   250.0772      -1.363138      -1.150486     -4.4300381E-07
   251.0233      -1.358217      -1.233265     -4.6670689E-07
   252.0481      -1.354466      -1.302142     -4.4756945E-07
   253.0726      -1.351472      -1.343629     -5.6806476E-07
   254.0182      -1.353597      -1.367755     -9.0863125E-07
   255.0423      -1.356242      -1.387168     -1.4784190E-06
   256.0662      -1.361952      -1.371901     -1.7324332E-06
   257.0110      -1.373921      -1.249899     -1.9412118E-06
   258.0345      -1.386952      -1.158990     -2.3276614E-06
   259.0577      -1.404174     -0.9020951     -2.9898631E-06
   260.0019      -1.421664     -0.6240758     -3.0751407E-06
   261.0247      -1.457072     -0.1683738     -2.8717648E-06
   262.0471      -1.507598     -0.5434734      4.9710665E-12
   263.0692      -1.489100      -1.620680     -3.8413077E-08
   264.0126      -1.483945      -2.878274     -3.9771635E-08
   265.0342      -1.496927      -2.644760      2.5656401E-08
   266.0557      -1.483151      -2.171260     -1.8383662E-07
   267.0769      -1.422944      -1.369159     -3.8631822E-07
   268.0192      -1.343371     -0.2281604     -4.7681371E-07
   269.0400      -1.236859      0.1857871     -4.2530135E-07
   270.0604      -1.145708      0.3871974     -3.3086138E-07
   271.0021      -1.084037      0.5446550     -3.1099950E-07
   272.0221      -1.035240      0.6654017     -2.1247897E-07
   273.0417     -0.9956950      0.7315229     -6.6564056E-08
   274.0612     -0.9569415      0.7355878     -3.5500069E-08
   275.0020     -0.9139234      0.6846102     -1.0812124E-07
   276.0210     -0.8417379      0.5216308     -2.1190132E-07
   277.0398     -0.7828404      0.4352489     -2.1756736E-07
   278.0582     -0.7279630      0.3325262     -1.9668107E-07
   279.0765     -0.6691775      0.2046951     -1.7690934E-07
   280.0162     -0.6178314      9.3580872E-02 -1.1318870E-07
   281.0340     -0.5750498      9.5356526E-03 -4.2642597E-08
   282.0516     -0.5491844     -3.0639092E-02 -5.6847689E-08
   283.0692     -0.5372810     -3.8569078E-02 -6.6666431E-08
   284.0081     -0.5419433     -1.1338603E-02 -6.4073483E-08
   285.0254     -0.5627421      8.0029018E-02 -5.6738944E-08
   286.0426     -0.5911275      0.1975925     -5.4338816E-08
   287.0598     -0.6010529      0.2664383     -5.5577285E-08
   288.0770     -0.5935048      0.2602904     -9.0180755E-08
   289.0160     -0.5759885      0.2377402     -1.0449948E-07
   290.0332     -0.5603245      0.2075890     -9.6226358E-08
   291.0504     -0.5538259      0.2029344     -6.9812565E-08
   292.0676     -0.5536895      0.2142985     -3.0279274E-08
   293.0066     -0.5558989      0.2458370      3.6195210E-08
   294.0238     -0.5597568      0.2834260      9.0925482E-08
   295.0410     -0.5614852      0.3161891      1.4866929E-07
   296.0582     -0.5569969      0.3327653      2.2765704E-07
   297.0754     -0.5458208      0.3367846      2.5763180E-07
   298.0144     -0.5304418      0.3341769      1.6694784E-07
   299.0317     -0.5087912      0.3164317      1.0832034E-07
   300.0493     -0.4842866      0.2869737      8.9924221E-08
   301.0670     -0.4596608      0.2623328      1.0766245E-07
   302.0063     -0.4393836      0.2510033      1.1640087E-07
   303.0239     -0.4192207      0.2507424      1.0486561E-07
   304.0415     -0.3999035      0.2568797      8.9755495E-08
   305.0591     -0.3814796      0.2682857      5.1598114E-08
   306.0767     -0.3644480      0.2794879      3.2828812E-08
   307.0161     -0.3501200      0.2877430      4.1307736E-08
   308.0341     -0.3361313      0.2941249      5.7629215E-08
   309.0521     -0.3236081      0.2984290      8.9124896E-08
   310.0701     -0.3122411      0.3017232      7.0751746E-08
   311.0098     -0.3025516      0.3041310      5.5977150E-08
   312.0278     -0.2929241      0.3049779      5.2277453E-08
   313.0458     -0.2841754      0.3032446      3.1593871E-08
   314.0638     -0.2763190      0.2961193      6.4555459E-09
   315.0035     -0.2695001      0.2850212     -1.5725506E-08
   316.0215     -0.2618353      0.2683992     -3.4343078E-08
   317.0397     -0.2530568      0.2460813     -7.2315068E-08
   318.0581     -0.2427940      0.2173481     -9.4938585E-08
   319.0765     -0.2316006      0.1839089     -9.7834409E-08
   320.0166     -0.2215094      0.1528109     -9.2719709E-08
   321.0350     -0.2118506      0.1229329     -5.7004062E-08
   322.0534     -0.2039315      9.9522643E-02 -4.7602605E-08
   323.0718     -0.1975136      8.2983784E-02 -4.8344230E-08
   324.0118     -0.1924295      7.3068149E-02 -4.7209053E-08
   325.0302     -0.1872600      6.6936925E-02 -4.6406495E-08
   326.0486     -0.1819314      6.4301580E-02 -4.4712415E-08
   327.0670     -0.1760435      6.3767590E-02 -3.8483332E-08
   328.0071     -0.1698549      6.3469827E-02 -3.9463135E-08
   329.0255     -0.1622095      6.1991531E-02 -4.3818424E-08
   330.0439     -0.1536295      5.7623841E-02 -4.4193804E-08
   331.0623     -0.1445691      5.1835246E-02 -4.0431527E-08
   332.0024     -0.1370185      4.7935128E-02 -2.6839214E-08
   333.0208     -0.1301626      4.5880951E-02 -1.8054491E-08
   334.0392     -0.1248631      4.4771601E-02 -1.0268115E-08
   335.0580     -0.1214650      4.5008983E-02 -7.3856423E-09
   336.0768     -0.1198518      4.6513949E-02 -5.0623004E-09
   337.0172     -0.1195332      4.9257297E-02 -4.7026982E-09
   338.0360     -0.1199830      5.2677605E-02 -6.3750916E-09
   339.0548     -0.1212486      5.5189881E-02 -1.5654653E-08
   340.0736     -0.1228231      5.6480654E-02 -2.3588971E-08
   341.0140     -0.1243436      5.6821704E-02 -2.1057964E-08
   342.0328     -0.1257405      5.6738619E-02 -1.4763210E-08
   343.0516     -0.1266529      5.6489836E-02 -6.2554313E-09
   344.0704     -0.1267021      5.6241222E-02  2.6062434E-09
   345.0108     -0.1259795      5.6222983E-02  2.6418239E-09
   346.0296     -0.1240714      5.6698903E-02  2.9358580E-09
   347.0484     -0.1205925      5.8075864E-02  3.0711618E-09
   348.0672     -0.1153274      6.0465582E-02  3.3147205E-09
   349.0077     -0.1089049      6.3578360E-02  3.2360679E-09
   350.0265     -0.1003478      6.7949869E-02  3.3556704E-09
   351.0453     -9.0232849E-02  7.3025651E-02  4.2200199E-09
   352.0642     -7.8853831E-02  7.8931853E-02  4.5510173E-09
   353.0050     -6.8067737E-02  8.6211495E-02  2.9611791E-09
   354.0242     -5.6742199E-02  9.6651599E-02  1.7316065E-09
   355.0434     -4.6270043E-02  0.1096050      3.3155831E-09
   356.0626     -3.6920428E-02  0.1242351      6.9263959E-09
   357.0034     -2.9362071E-02  0.1381450      1.0259567E-08
   358.0226     -2.2294069E-02  0.1524993      1.0648645E-08
   359.0417     -1.6207321E-02  0.1653551      1.0894013E-08
   360.0609     -1.0906882E-02  0.1763214      1.3125237E-08
   361.0017     -6.6126478E-03  0.1845630      1.5911050E-08
   362.0209     -2.4586790E-03  0.1914961      1.6926421E-08
   363.0401      1.4103055E-03  0.1965404      1.6228254E-08
   364.0593      5.2453931E-03  0.1998405      1.3553140E-08
   365.0002      9.1283787E-03  0.2010982      9.6276800E-09
   366.0197      1.4101126E-02  0.2007527      6.7499131E-09
   367.0393      2.0056561E-02  0.1996009      4.0937578E-09
   368.0589      2.7486615E-02  0.1967143      1.5889459E-09
   369.0785      3.6833979E-02  0.1909789     -8.7352081E-10
   370.0197      4.7220837E-02  0.1838689     -4.2568932E-10
   371.0393      5.9801158E-02  0.1764601      1.1440500E-09
   372.0589      7.2900474E-02  0.1718028      7.4453799E-10
   373.0785      8.5666135E-02  0.1708904      1.2108216E-09
   374.0196      9.7080037E-02  0.1730143     -4.9277021E-10
   375.0394      0.1090104      0.1784818     -1.2993008E-09
   376.0594      0.1204998      0.1858572     -1.4860190E-09
   377.0009      0.1307957      0.1931594     -2.4215039E-09
   378.0209      0.1416043      0.2003644     -3.1698881E-09
   379.0409      0.1522173      0.2058438     -3.3261263E-09
   380.0609      0.1628657      0.2085113      9.7797761E-09
   381.0024      0.1727940      0.2080867      1.5296422E-08
   382.0226      0.1836149      0.2048286      1.2570273E-10
   383.0430      0.1942946      0.2000059     -2.5956519E-09
   384.0634      0.2044793      0.1952998      1.2898078E-08
   385.0052      0.2132256      0.1924688      1.7092450E-08
   386.0256      0.2221436      0.1916580     -9.0876506E-10
   387.0461      0.2306945      0.1932135     -1.2244972E-08
   388.0669      0.2389690      0.1977656     -6.2253305E-09
   389.0092      0.2468646      0.2039669      3.9145220E-09
   390.0299      0.2564645      0.2118479      2.0722881E-08
   391.0508      0.2675665      0.2206006      2.0091608E-08
   392.0720      0.2802493      0.2300170      1.3509343E-08
   393.0146      0.2934037      0.2385672      1.1321850E-08
   394.0358      0.3092636      0.2465077     -1.0630482E-08
   395.0573      0.3266180      0.2522650     -1.8088908E-08
   396.0789      0.3447848      0.2561570     -2.9182736E-08
   397.0219      0.3615054      0.2588253     -5.2890755E-08
   398.0439      0.3788145      0.2613341     -8.3361584E-08
   399.0659      0.3946575      0.2642156     -6.5589624E-08
   400.0094      0.4077920      0.2677592     -6.2956254E-08
