  7.7625878E-02  9.2519252E-03  2.9733647E-03 -9.1537131E-15
   1.009314      9.7354772E-03  3.1819032E-03 -1.2337634E-13
   2.018641      1.0298046E-02  3.4240112E-03 -6.6317676E-13
   3.027964      1.0904271E-02  3.6842476E-03  1.2840766E-10
   4.037282      1.1557905E-02  3.9640656E-03 -1.3974789E-11
   5.046593      1.2263007E-02  4.2650611E-03 -7.9795739E-11
   6.055897      1.3023979E-02  4.5889830E-03 -7.7186264E-11
   7.065194      1.3845610E-02  4.9377503E-03 -8.3185195E-11
   8.074483      1.4733097E-02  5.3134644E-03 -3.5806139E-10
   9.006127      1.5615659E-02  5.6861835E-03 -4.4381010E-10
   10.01540      1.6646152E-02  6.1203800E-03 -3.9472847E-10
   11.02468      1.7760532E-02  6.5888851E-03 -7.2702476E-11
   12.03394      1.8966090E-02  7.0947008E-03 -4.2397145E-11
   13.04321      2.0270791E-02  7.6411059E-03  2.7896818E-10
   14.05247      2.1683328E-02  8.2316929E-03  5.9639227E-10
   15.06174      2.3213189E-02  8.8703828E-03  7.9881407E-11
   16.07100      2.4870727E-02  9.5614633E-03  4.1529304E-11
   17.00262      2.6523836E-02  1.0249922E-02  5.6693789E-11
   18.01187      2.8459515E-02  1.1055264E-02 -3.0071731E-10
   19.02112      3.0558791E-02  1.1927877E-02  5.4743703E-11
   20.03038      3.2836154E-02  1.2873754E-02 -4.7981541E-10
   21.03964      3.5307288E-02  1.3899385E-02  3.4382003E-10
   22.04892      3.7989195E-02  1.5011796E-02 -3.0149532E-11
   23.05820      4.0900204E-02  1.6218536E-02 -1.6823160E-10
   24.06747      4.4060022E-02  1.7527726E-02 -1.3867771E-09
   25.07675      4.7489770E-02  1.8948037E-02 -6.1699418E-10
   26.00839      5.0914720E-02  2.0365685E-02 -9.3490091E-11
   27.01767      5.4928027E-02  2.2026075E-02  2.3354492E-09
   28.02695      5.9280887E-02  2.3826031E-02 -2.1267189E-10
   29.03622      6.3999705E-02  2.5776280E-02  1.9414126E-09
   30.04550      6.9112077E-02  2.7887987E-02 -6.9332629E-10
   31.05478      7.4646696E-02  3.0172741E-02  5.5021121E-10
   32.06406      8.0633260E-02  3.2642473E-02  5.5322769E-10
   33.07334      8.7102339E-02  3.5309449E-02 -3.9182468E-10
   34.00499      9.3529224E-02  3.7957188E-02 -5.8939714E-10
   35.01432      0.1010152      4.1039016E-02 -5.5603278E-10
   36.02364      0.1090779      4.4355601E-02 -1.0011554E-09
   37.03297      0.1177510      4.7920410E-02 -1.1534685E-09
   38.04230      0.1270696      5.1747266E-02  1.0687506E-09
   39.05162      0.1370697      5.5850562E-02  1.2664387E-09
   40.06095      0.1477894      6.0245320E-02  1.4751373E-09
   41.07033      0.1592686      6.4947419E-02 -3.3194247E-10
   42.00206      0.1705757      6.9575191E-02 -4.9565236E-09
   43.01144      0.1836378      7.4916944E-02  5.1120090E-09
   44.02081      0.1975934      8.0619186E-02 -3.4411968E-10
   45.03023      0.2124956      8.6703174E-02  1.5197783E-09
   46.03965      0.2284025      9.3191922E-02 -3.8753405E-09
   47.04908      0.2453772      0.1001105     -4.8174459E-10
   48.05856      0.2634881      0.1074859     -5.2634812E-09
   49.06804      0.2828085      0.1153470      2.7206390E-09
   50.07756      0.3034169      0.1237247     -6.2644698E-09
   51.00943      0.3236547      0.1319443     -1.6542485E-09
   52.01900      0.3469751      0.1414068      8.3246157E-09
   53.02860      0.3718337      0.1514829      2.1712341E-09
   54.03822      0.3983197      0.1622065     -3.5553920E-09
   55.04790      0.4265218      0.1736113      1.0310802E-09
   56.05761      0.4565272      0.1857293     -9.3853814E-12
   57.06735      0.4884186      0.1985912     -1.5535850E-09
   58.07713      0.5222743      0.2122248      1.7501723E-09
   59.00928      0.5553310      0.2255158     -4.4729942E-10
   60.01918      0.5931586      0.2406997      1.8234193E-08
   61.02924      0.6331393      0.2567180      1.2694279E-08
   62.03954      0.6753206      0.2735842     -3.5149550E-10
   63.05013      0.7197396      0.2913067      4.1554911E-09
   64.06110      0.7664210      0.3098884     -1.5139626E-08
   65.07251      0.8153756      0.3293260     -2.0585367E-11
   66.00657      0.8625792      0.3480196      3.2570370E-08
   67.01900      0.9158808      0.3690686      1.3265007E-08
   68.03204      0.9713963      0.3909221     -4.2569988E-09
   69.04575       1.029066      0.4135454      5.3980909E-09
   70.06015       1.088807      0.4368928     -1.1379325E-08
   71.07530       1.150508      0.4609073      2.1603292E-08
   72.01305       1.209081      0.4836058     -4.0160508E-10
   73.02969       1.274123      0.5086921     -3.8140557E-10
   74.04716       1.340611      0.5341978     -3.8343013E-09
   75.06546       1.408293      0.5600070     -7.5245818E-09
   76.00616       1.471576      0.5839859      2.3398645E-08
   77.02608       1.540697      0.6099923     -9.3275636E-09
   78.04683       1.610037      0.6358685     -6.7615851E-09
   79.06841       1.679186      0.6614354     -4.8179569E-08
   80.01215       1.742460      0.6845945     -8.5151894E-09
   81.03532       1.809955      0.7090155     -3.1605394E-09
   82.05930       1.875871      0.7325355      2.4387514E-08
   83.00519       1.934867      0.7532601      7.0289325E-09
   84.03065       1.996287      0.7744397      1.1704632E-08
   85.05684       2.054605      0.7940868      1.0914766E-08
   86.00474       2.105243      0.8106821      7.2976825E-10
   87.03229       2.156178      0.8268054      2.3066217E-08
   88.06051       2.202582      0.8408195     -1.0407950E-08
   89.01019       2.241028      0.8517386     -8.0293114E-09
   90.03962       2.277565      0.8612440     -4.6086711E-08
   91.06963       2.308465      0.8682122      2.8657913E-08
   92.02090       2.331751      0.8723070      4.9024975E-09
   93.05196       2.351128      0.8741435     -3.5746162E-10
   94.00416       2.363413      0.8734021      3.2451672E-09
   95.03616       2.370724      0.8699514     -3.7595751E-08
   96.06862       2.371714      0.8637598     -2.2728692E-09
   97.02203       2.367100      0.8556557     -3.2373965E-08
   98.05531       2.356239      0.8443555      5.5909264E-09
   99.00943       2.340967      0.8316807      3.0460137E-09
   100.0434       2.318981      0.8156335      2.1065562E-08
   101.0777       2.291638      0.7973178      2.7430563E-08
   102.0328       2.261950      0.7785379      2.4889957E-09
   103.0676       2.225340      0.7563311      5.9378160E-09
   104.0228       2.187807      0.7342781     -4.1306514E-10
   105.0575       2.143507      0.7088881     -1.0140951E-08
   106.0126       2.099640      0.6842365     -1.8317088E-08
   107.0472       2.049325      0.6564047      6.0720794E-08
   108.0022       2.000685      0.6298438      6.7477859E-09
   109.0366       1.946036      0.6003122      2.9544417E-08
   110.0711       1.889779      0.5701802      1.0706920E-08
   111.0259       1.836786      0.5419931      1.6766478E-08
   112.0602       1.778603      0.5112180      6.3384031E-09
   113.0149       1.724500      0.4827292      7.7519902E-09
   114.0491       1.665795      0.4519238      3.8400039E-08
   115.0037       1.611797      0.4236622     -4.3160915E-09
   116.0378       1.553792      0.3933567      1.6551070E-08
   117.0719       1.496570      0.3634907      1.1711593E-08
   118.0263       1.444657      0.3364038      4.3866946E-09
   119.0603       1.389608      0.3076681      8.0347053E-09
   120.0147       1.340052      0.2817724      1.1582675E-09
   121.0486       1.287883      0.2544645     -7.3992079E-09
   122.0029       1.241243      0.2299931      2.8468410E-09
   123.0367       1.192462      0.2043221      5.0419811E-09
   124.0705       1.145582      0.1795579     -3.6787646E-09
   125.0246       1.104051      0.1575252     -5.3587237E-09
   126.0583       1.060989      0.1345664      1.1442245E-08
   127.0124       1.023041      0.1142201      8.5935437E-09
   128.0459      0.9838929      9.3095407E-02 -4.3485433E-09
   129.0794      0.9467780      7.2917864E-02 -6.3498691E-09
   130.0334      0.9143065      5.5122443E-02  2.2829703E-09
   131.0669      0.8810371      3.6726672E-02  2.0027808E-09
   132.0208      0.8520536      2.0542145E-02  1.4002757E-09
   133.0541      0.8224794      3.8473788E-03  8.8324165E-10
   134.0079      0.7968169     -1.0813331E-02 -1.8329788E-10
   135.0412      0.7707314     -2.5912471E-02 -4.0838866E-09
   136.0745      0.7463661     -4.0228963E-02  3.7293835E-10
   137.0283      0.7253426     -5.2778970E-02 -3.7191001E-09
   138.0614      0.7040911     -6.5686792E-02  2.8137490E-09
   139.0150      0.6858209     -7.6996312E-02 -2.2080298E-09
   140.0480      0.6674195     -8.8625461E-02 -1.6130336E-10
   141.0017      0.6516577     -9.8814815E-02 -4.2302579E-09
   142.0347      0.6358422     -0.1092951     -5.6935856E-09
   143.0677      0.6212692     -0.1192284      7.2515745E-09
   144.0212      0.6088610     -0.1279410     -2.1545781E-09
   145.0541      0.5964870     -0.1369159     -1.5720102E-09
   146.0075      0.5859966     -0.1447993      1.8905897E-09
   147.0404      0.5755823     -0.1529343      3.0132667E-09
   148.0733      0.5660971     -0.1606770      2.2068947E-09
   149.0267      0.5581156     -0.1675010      1.1720970E-08
   150.0595      0.5502551     -0.1745698     -2.8531102E-09
   151.0127      0.5436798     -0.1808181      5.2477982E-09
   152.0454      0.5372463     -0.1873111     -5.5721348E-09
   153.0781      0.5314836     -0.1935405     -1.5017051E-09
   154.0314      0.5267207     -0.1990763     -6.7534915E-09
   155.0640      0.5221243     -0.2048613     -8.7670085E-09
   156.0173      0.5183685     -0.2100229      1.4897700E-08
   157.0500      0.5147921     -0.2154393      9.8502451E-09
   158.0032      0.5119158     -0.2202931     -8.0153848E-09
   159.0358      0.5092287     -0.2254096     -1.7968114E-09
   160.0683      0.5069569     -0.2303951     -2.0424213E-09
   161.0214      0.5052027     -0.2348946     -2.3678559E-09
   162.0538      0.5036475     -0.2396718      2.2945232E-09
   163.0069      0.5025098     -0.2440033      1.0236139E-09
   164.0394      0.5015792     -0.2486224      8.6143714E-09
   165.0719      0.5009446     -0.2531760     -9.5081454E-09
   166.0249      0.5006086     -0.2573292     -7.1362916E-10
   167.0572      0.5005052     -0.2617815     -6.6700023E-09
   168.0100      0.5006447     -0.2658532     -8.1311047E-09
   169.0423      0.5010470     -0.2702276     -2.3377430E-08
   170.0746      0.5017111     -0.2745670      5.5990590E-09
   171.0275      0.5025597     -0.2785436     -7.8633580E-09
   172.0596      0.5037408     -0.2828210     -8.5348333E-09
   173.0123      0.5050801     -0.2867413     -6.2551759E-09
   174.0443      0.5068112     -0.2909570     -4.9686184E-09
   175.0764      0.5088469     -0.2951387      8.2260138E-10
   176.0290      0.5110098     -0.2989667      1.8328905E-08
   177.0609      0.5136769     -0.3030765      5.0158899E-09
   178.0134      0.5164543     -0.3068330      1.0319444E-08
   179.0453      0.5198258     -0.3108592     -7.5452311E-10
   180.0772      0.5235971     -0.3148369      3.5555532E-09
   181.0296      0.5274546     -0.3184629      1.8881496E-09
   182.0613      0.5320652     -0.3223394      1.5583135E-09
   183.0136      0.5367406     -0.3258687      1.9096802E-09
   184.0453      0.5422826     -0.3296396      1.0585921E-09
   185.0770      0.5483420     -0.3333587      1.8786986E-08
   186.0292      0.5544109     -0.3367507      1.1147380E-08
   187.0607      0.5615152     -0.3403897     -1.1383356E-08
   188.0128      0.5685720     -0.3437266      6.4560273E-09
   189.0443      0.5767643     -0.3473339     -6.6615879E-10
   190.0758      0.5855290     -0.3509534     -3.2785763E-08
   191.0279      0.5941259     -0.3543268      5.2871885E-10
   192.0592      0.6039817     -0.3580423      8.1460655E-10
   193.0112      0.6135693     -0.3615533     -2.3713792E-08
   194.0425      0.6244683     -0.3654740     -5.4780598E-09
   195.0737      0.6358724     -0.3695457     -2.8743315E-08
   196.0255      0.6468139     -0.3734626     -5.3021831E-09
   197.0566      0.6590675     -0.3779002      1.3728017E-08
   198.0084      0.6706923     -0.3821919     -1.1436495E-09
   199.0394      0.6835494     -0.3870651     -1.8098542E-10
   200.0703      0.6965879     -0.3921768      2.4418455E-08
   201.0219      0.7086927     -0.3971071      2.6796918E-09
   202.0527      0.7217786     -0.4026728      2.5692682E-08
   203.0041      0.7337453     -0.4080117      6.2128369E-10
   204.0348      0.7465076     -0.4140075     -3.7891210E-09
   205.0655      0.7590094     -0.4202228      7.0402022E-09
   206.0167      0.7703115     -0.4261602      2.1860336E-08
   207.0472      0.7823422     -0.4328253      2.6309719E-09
   208.0776      0.7942559     -0.4397600      1.7642954E-08
   209.0287      0.8052887     -0.4464317      1.0024425E-08
   210.0590      0.8174692     -0.4539893     -4.1922856E-09
   211.0100      0.8291082     -0.4612990      1.5785186E-08
   212.0401      0.8423396     -0.4695985     -1.1739999E-08
   213.0702      0.8563750     -0.4782903     -4.5363948E-09
   214.0210      0.8701192     -0.4866316      1.3728862E-08
   215.0509      0.8858536     -0.4959466     -1.9552225E-08
   216.0015      0.9010655     -0.5047156     -7.6330542E-09
   217.0312      0.9181074     -0.5142808     -7.2121917E-09
   218.0610      0.9354915     -0.5237806      4.0250465E-09
   219.0113      0.9516218     -0.5323811      4.1785748E-09
   220.0408      0.9689914     -0.5414232      2.7683691E-09
   221.0703      0.9861435     -0.5501282      3.4086451E-09
   222.0204       1.001794     -0.5578671     -2.2729334E-09
   223.0496       1.018684     -0.5659856     -2.4629523E-09
   224.0787       1.035746     -0.5739315     -3.9315019E-08
   225.0285       1.051899     -0.5812283     -6.5002443E-09
   226.0574       1.070087     -0.5892201     -1.0902550E-08
   227.0070       1.087664     -0.5967765     -3.5854796E-08
   228.0357       1.107598     -0.6052336     -6.1285714E-09
   229.0643       1.128345     -0.6140083     -2.9439167E-09
   230.0136       1.148004     -0.6223878     -5.1985030E-09
   231.0419       1.169540     -0.6317408      1.8463229E-09
   232.0701       1.191001     -0.6413429     -4.5084029E-08
   233.0190       1.210519     -0.6504015     -3.7633853E-08
   234.0470       1.231213     -0.6604163     -3.7870716E-08
   235.0747       1.251425     -0.6706458      2.6294773E-08
   236.0233       1.269716     -0.6802865     -1.9877159E-08
   237.0509       1.289219     -0.6909374     -5.3091391E-08
   238.0782       1.308415     -0.7017566      3.1506978E-08
   239.0264       1.325763     -0.7118064     -4.5424009E-08
   240.0534       1.343904     -0.7226173     -1.1169279E-08
   241.0013       1.359719     -0.7323650     -1.2590730E-08
   242.0280       1.375448     -0.7424836     -2.9817244E-08
   243.0546       1.389369     -0.7519660      3.5657806E-08
   244.0020       1.400446     -0.7600359      1.2009099E-08
   245.0281       1.410534     -0.7679663      6.0576042E-09
   246.0541       1.418813     -0.7750247      3.5276749E-08
   247.0010       1.425079     -0.7807625      3.0665021E-08
   248.0266       1.430565     -0.7861223     -8.4898755E-13
   249.0520       1.434701     -0.7905329      3.8742506E-08
   250.0772       1.437216     -0.7938735      3.7329446E-09
   251.0233       1.437616     -0.7958530      1.7073720E-08
   252.0481       1.435288     -0.7966097      7.7330258E-09
   253.0726       1.429405     -0.7957355     -3.6001406E-08
   254.0182       1.420310     -0.7933557      2.1740224E-08
   255.0423       1.406182     -0.7890075      2.5348839E-08
   256.0662       1.387580     -0.7828211     -1.1553809E-09
   257.0110       1.366587     -0.7755220      2.9359139E-08
   258.0345       1.339913     -0.7659442     -4.1481032E-09
   259.0577       1.309245     -0.7546421     -3.4520923E-08
   260.0019       1.277275     -0.7426297     -9.1289705E-09
   261.0247       1.238303     -0.7277806     -2.7778557E-09
   262.0471       1.194271     -0.7108420      2.5652007E-08
   263.0692       1.144623     -0.6916187     -4.7263924E-08
   264.0126       1.093496     -0.6717094     -1.8113264E-08
   265.0342       1.032328     -0.6477140     -4.9052811E-09
   266.0557      0.9654527     -0.6211894     -9.8648478E-10
   267.0769      0.8934441     -0.5921967      5.1858962E-10
   268.0192      0.8230008     -0.5633259     -3.1550975E-09
   269.0400      0.7429382     -0.5298547     -3.5864918E-09
   270.0604      0.6593571     -0.4941719     -8.8412619E-09
   271.0021      0.5792333     -0.4593160     -3.8562540E-09
   272.0221      0.4892513     -0.4195304     -1.9489850E-09
   273.0417      0.3960302     -0.3777381     -6.0973027E-09
   274.0612      0.2998456     -0.3341284     -3.8655577E-09
   275.0020      0.2089460     -0.2925233     -4.3894319E-09
   276.0210      0.1090649     -0.2463858     -3.5120209E-09
   277.0398      8.8991225E-03 -0.1996475     -4.6858156E-10
   278.0582     -9.0228751E-02 -0.1528837     -7.1974510E-10
   279.0765     -0.1870553     -0.1066739     -9.3620276E-09
   280.0162     -0.2734667     -6.4977251E-02  4.5600306E-09
   281.0340     -0.3631050     -2.1284487E-02  6.1021160E-10
   282.0516     -0.4480571      2.0492440E-02 -6.3302685E-10
   283.0692     -0.5279244      6.0044341E-02  1.5042101E-09
   284.0081     -0.5968611      9.4371080E-02 -1.8926993E-09
   285.0254     -0.6660718      0.1290244      3.7396415E-09
   286.0426     -0.7292922      0.1609222      5.5394000E-09
   287.0598     -0.7862458      0.1900032     -8.0813800E-09
   288.0770     -0.8367621      0.2162800      6.5218329E-09
   289.0160     -0.8776876      0.2381258      6.4783352E-09
   290.0332     -0.9160657      0.2593406     -6.4728534E-10
   291.0504     -0.9486915      0.2782334     -4.1193782E-10
   292.0676     -0.9761695      0.2950732      1.5197150E-09
   293.0066     -0.9975208      0.3090286      6.0460603E-10
   294.0238      -1.016832      0.3226449      1.8757071E-08
   295.0410      -1.032553      0.3348679     -2.2390779E-08
   296.0582      -1.044877      0.3457994     -2.4044583E-08
   297.0754      -1.053826      0.3554778     -4.2916604E-09
   298.0144      -1.059047      0.3632981     -1.9983281E-08
   299.0317      -1.061385      0.3705528     -1.7274568E-08
   300.0493      -1.060423      0.3765507     -1.5328689E-08
   301.0670      -1.056441      0.3813368      1.6578742E-08
   302.0063      -1.050501      0.3847466     -5.9255592E-09
   303.0239      -1.042131      0.3874419     -5.5123714E-09
   304.0415      -1.032243      0.3891932      1.3961397E-08
   305.0591      -1.021181      0.3900692     -2.4809982E-08
   306.0767      -1.009045      0.3900939      4.3273637E-08
   307.0161     -0.9967510      0.3893417      1.6276465E-09
   308.0341     -0.9819329      0.3876373      2.9322811E-09
   309.0521     -0.9651353      0.3849505     -7.7460136E-09
   310.0701     -0.9459785      0.3812457     -2.6822313E-08
   311.0098     -0.9260105      0.3769336      2.3331324E-09
   312.0278     -0.9019041      0.3713637     -1.9930009E-09
   313.0458     -0.8754355      0.3649831     -6.5511543E-09
   314.0638     -0.8469715      0.3579540     -2.6020412E-09
   315.0035     -0.8192854      0.3510351     -5.3399978E-09
   316.0215     -0.7881055      0.3432100      1.1061381E-08
   317.0397     -0.7559361      0.3351457     -2.8959503E-08
   318.0581     -0.7229106      0.3269074     -4.1409456E-10
   319.0765     -0.6891008      0.3185338      1.1180871E-08
   320.0166     -0.6572911      0.3107198     -1.4197503E-09
   321.0350     -0.6224170      0.3022318     -1.7876196E-09
   322.0534     -0.5875698      0.2938450     -3.4791531E-10
   323.0718     -0.5534436      0.2857472     -9.4049601E-10
   324.0118     -0.5233178      0.2787277      1.4712708E-08
   325.0302     -0.4929841      0.2718362     -1.3076520E-09
   326.0486     -0.4657317      0.2658699      6.4928607E-10
   327.0670     -0.4419258      0.2609208      1.1344000E-08
   328.0071     -0.4229243      0.2572206     -1.2509391E-08
   329.0255     -0.4049981      0.2539820      1.7519170E-08
   330.0439     -0.3888299      0.2512501     -2.5221176E-09
   331.0623     -0.3731269      0.2486575     -1.2735824E-09
   332.0024     -0.3579198      0.2460784     -1.3314034E-08
   333.0208     -0.3396900      0.2428328      4.9206301E-09
   334.0392     -0.3190810      0.2390139      6.1300898E-09
   335.0580     -0.2961642      0.2347187     -5.9096070E-09
   336.0768     -0.2716949      0.2302528     -8.1574765E-09
   337.0172     -0.2488720      0.2263834     -5.7666734E-09
   338.0360     -0.2254419      0.2229790     -4.6742192E-09
   339.0548     -0.2049852      0.2209012      1.5217758E-08
   340.0736     -0.1889307      0.2205358      9.8792341E-10
   341.0140     -0.1785074      0.2218449      2.1067562E-10
   342.0328     -0.1720044      0.2249291     -2.1298092E-09
   343.0516     -0.1696169      0.2293547     -1.6376848E-09
   344.0704     -0.1697749      0.2344960     -7.0681172E-09
   345.0108     -0.1704234      0.2392223      7.7226456E-09
   346.0296     -0.1698491      0.2436084     -1.0385417E-09
   347.0484     -0.1661305      0.2465948     -4.3743775E-10
   348.0672     -0.1580310      0.2477275      7.8435924E-09
   349.0077     -0.1463037      0.2469652     -1.0767881E-08
   350.0265     -0.1291506      0.2442418     -1.7202261E-09
   351.0453     -0.1081015      0.2398167     -2.6115590E-09
   352.0642     -8.4273316E-02  0.2341121     -3.5114078E-09
   353.0050     -6.0850967E-02  0.2281249      5.6874625E-09
   354.0242     -3.4925487E-02  0.2212842      7.7744673E-09
   355.0434     -9.1885617E-03  0.2144407     -2.0988294E-11
   356.0626      1.5884457E-02  0.2078686      7.8653564E-09
   357.0034      3.8227003E-02  0.2021991     -1.0639791E-08
   358.0226      6.1414335E-02  0.1965991     -2.0095658E-09
   359.0417      8.3328009E-02  0.1916566     -5.1337912E-10
   360.0609      0.1035827      0.1874743     -2.6076181E-09
   361.0017      0.1203200      0.1843918      4.2143893E-09
   362.0209      0.1357110      0.1820097      4.7257149E-09
   363.0401      0.1477094      0.1807135      9.6440589E-10
   364.0593      0.1557536      0.1805265      8.5550766E-09
   365.0002      0.1599818      0.1812593     -8.8538252E-09
   366.0197      0.1614002      0.1828534      1.1599949E-08
   367.0393      0.1604411      0.1849949      1.0714436E-08
   368.0589      0.1582429      0.1873323      8.7058771E-10
   369.0785      0.1560378      0.1895104     -6.4604091E-09
   370.0197      0.1549532      0.1911159      3.1321217E-09
   371.0393      0.1554275      0.1922204      1.4216623E-09
   372.0589      0.1580890      0.1925667     -7.3186512E-11
   373.0785      0.1627926      0.1921568     -1.0661170E-08
   374.0196      0.1687828      0.1911646     -1.7211229E-09
   375.0394      0.1767155      0.1895161     -1.6974379E-08
   376.0594      0.1858250      0.1873634     -8.8509893E-09
   377.0009      0.1950762      0.1849945      1.1992065E-09
   378.0209      0.2058755      0.1820724      1.3310931E-08
   379.0409      0.2173446      0.1788472     -8.7253449E-09
   380.0609      0.2292265      0.1754224     -1.0195676E-08
   381.0024      0.2401597      0.1722177      4.4252735E-10
   382.0226      0.2513256      0.1688877     -7.0989364E-10
   383.0430      0.2609986      0.1659155     -7.5864568E-09
   384.0634      0.2684364      0.1634761      1.0067930E-08
   385.0052      0.2729959      0.1617634      3.0011424E-10
   386.0256      0.2753673      0.1604351     -2.5585529E-09
   387.0461      0.2758768      0.1594385      3.5634657E-09
   388.0669      0.2758286      0.1584492      6.5460557E-09
   389.0092      0.2764859      0.1572464      6.1088912E-10
   390.0299      0.2791215      0.1553875      5.2473510E-09
   391.0508      0.2844913      0.1528596     -9.2230418E-10
   392.0720      0.2925355      0.1497817     -7.2501831E-09
   393.0146      0.3015526      0.1467251      4.9178430E-09
   394.0358      0.3116407      0.1435796      5.7557967E-09
   395.0573      0.3204501      0.1410021     -3.4098273E-09
   396.0789      0.3268216      0.1392430     -2.4599460E-09
   397.0219      0.3298558      0.1383416     -2.3801008E-09
   398.0439      0.3311823      0.1378679     -8.1580804E-09
   399.0659      0.3317291      0.1374479      2.1464534E-10
   400.0094      0.3330663      0.1366423     -2.8650435E-09
