  0.13234943      1.38739642E-08  8.08901746E-09 -2.00680271E-12
  0.52977455      1.32695188E-08  8.63853344E-09 -3.04958988E-12
   1.0596689      1.23958461E-08  9.26018728E-09 -6.27033581E-12
   1.5895488      1.14397567E-08  9.75095293E-09 -1.18543630E-11
   2.1194093      1.04466009E-08  1.01403899E-08 -1.97187093E-11
   2.5167909      9.71862146E-09  1.03922178E-08 -2.60407737E-11
   3.0466142      8.80655726E-09  1.06916573E-08 -3.18748986E-11
   3.5764179      7.95884691E-09  1.09260085E-08 -3.17996671E-11
   4.1062055      7.02602954E-09  1.09790319E-08 -1.92340987E-11
   4.5035372      6.28270325E-09  1.08627720E-08 -5.00088469E-12
   5.0333042      5.19911492E-09  1.05052784E-08  1.26620893E-11
   5.5630655      4.06638012E-09  9.96850780E-09  1.60482790E-11
   6.0928254      2.94609404E-09  9.27733357E-09 -4.81342050E-12
   6.6225853      1.88241245E-09  8.43669490E-09 -5.91348567E-11
   7.0199070      1.12645282E-09  7.71309772E-09 -1.27099317E-10
   7.5496740      1.76293827E-10  6.62503474E-09 -2.47842358E-10
   8.0794458     -6.99609481E-10  5.39364464E-09 -3.87155169E-10
   8.6092234     -1.48818013E-09  4.04788825E-09 -5.19917998E-10
   9.0065594     -1.99767758E-09  3.00764080E-09 -6.01889316E-10
   9.5363464     -2.52121968E-09  1.65845937E-09 -6.78808287E-10
   10.066137     -2.79966850E-09  4.73723449E-10 -7.02771397E-10
   10.595934     -2.77799650E-09 -4.58336119E-10 -6.74590883E-10
   11.125734     -2.43537146E-09 -1.10053944E-09 -6.10755446E-10
   11.523088     -2.11928808E-09 -1.45063073E-09 -5.51603874E-10
   12.052895     -1.53188728E-09 -1.84719040E-09 -4.71967354E-10
   12.582705     -9.26192734E-10 -2.18365193E-09 -3.98644562E-10
   13.112516     -3.44046874E-10 -2.56811661E-09 -3.31390748E-10
   13.509877      4.49164525E-11 -2.91331581E-09 -2.88626706E-10
   14.039695      5.06093001E-10 -3.46043105E-09 -2.55608174E-10
   14.569512      9.45265199E-10 -4.08068201E-09 -2.70482747E-10
   15.099333      1.43039269E-09 -4.71318984E-09 -3.45469042E-10
   15.629155      2.04671768E-09 -5.28034461E-09 -4.75499140E-10
   16.026524      2.63617306E-09 -5.62902125E-09 -6.01883321E-10
   16.556347      3.61812935E-09 -5.97441474E-09 -8.00953248E-10
   17.086174      4.81100404E-09 -6.20024565E-09 -1.01592579E-09
   17.616001      6.15687012E-09 -6.34605701E-09 -1.20671340E-09
   18.013372      7.20602689E-09 -6.42649489E-09 -1.30974009E-09
   18.543203      8.61152483E-09 -6.54612897E-09 -1.38136746E-09
   19.073034      1.00052411E-08 -6.67931221E-09 -1.38626244E-09
   19.602865      1.14012746E-08 -6.80334367E-09 -1.35607459E-09
   20.000238      1.24917126E-08 -6.87494861E-09 -1.32839051E-09
   20.530073      1.40044927E-08 -6.96739599E-09 -1.30389610E-09
   21.059908      1.55871120E-08 -7.09348225E-09 -1.31513156E-09
   21.589746      1.72432966E-08 -7.28662553E-09 -1.37158263E-09
   22.119585      1.89991471E-08 -7.57081686E-09 -1.48124091E-09
   22.516964      2.03874695E-08 -7.85556420E-09 -1.59660662E-09
   23.046803      2.23495302E-08 -8.33092617E-09 -1.78676496E-09
   23.576641      2.44642369E-08 -8.90478891E-09 -2.01016093E-09
   24.106483      2.67639511E-08 -9.56112878E-09 -2.26282015E-09
   24.503866      2.86334831E-08 -1.00944710E-08 -2.46980258E-09
   25.033709      3.13468718E-08 -1.08567555E-08 -2.76533796E-09
   25.563555      3.43244970E-08 -1.17026566E-08 -3.07950643E-09
   26.093401      3.75709348E-08 -1.26738051E-08 -3.41370576E-09
   26.623247      4.11016252E-08 -1.38090623E-08 -3.77318798E-09
   27.020632      4.39539996E-08 -1.47833266E-08 -4.06233669E-09
   27.550480      4.80640416E-08 -1.62512244E-08 -4.47631443E-09
   28.080330      5.25733839E-08 -1.79052329E-08 -4.92550267E-09
   28.610180      5.75373988E-08 -1.97400976E-08 -5.41390133E-09
   29.007568      6.15927220E-08 -2.12399378E-08 -5.80972426E-09
   29.537422      6.74894594E-08 -2.34242314E-08 -6.38317799E-09
   30.067276      7.40059747E-08 -2.58642991E-08 -7.01657488E-09
   30.597130      8.12149423E-08 -2.86072144E-08 -7.72042164E-09
   31.126984      8.91972789E-08 -3.17029958E-08 -8.50640092E-09
   31.524374      9.57460244E-08 -3.42833815E-08 -9.15800058E-09
   32.054230      1.05307279E-07 -3.80999765E-08 -1.01215036E-08
   32.584091      1.15919505E-07 -4.23821085E-08 -1.12064775E-08
   33.113953      1.27709114E-07 -4.71752166E-08 -1.24260744E-08
   33.511349      1.37408108E-07 -5.11389011E-08 -1.34358800E-08
   34.041210      1.51603928E-07 -5.69698813E-08 -1.49172106E-08
   34.571072      1.67393097E-07 -6.34953210E-08 -1.65628418E-08
   35.100933      1.84950949E-07 -7.07967942E-08 -1.83873716E-08
   35.630795      2.04471817E-07 -7.89577825E-08 -2.04111963E-08
   36.028191      2.20531291E-07 -8.56942464E-08 -2.20754579E-08
   36.558052      2.44032748E-07 -9.55724886E-08 -2.45137706E-08
   37.087914      2.70176542E-07 -1.06573751E-07 -2.72334919E-08
   37.617775      2.99275598E-07 -1.18824055E-07 -3.02718597E-08
   38.015179      3.23249878E-07 -1.28920220E-07 -3.27843424E-08
   38.545044      3.58394402E-07 -1.43728954E-07 -3.64808201E-08
   39.074909      3.97566708E-07 -1.60251773E-07 -4.06148288E-08
   39.604782      4.41241809E-07 -1.78696880E-07 -4.52332287E-08
   40.002190      4.77267804E-07 -1.93929566E-07 -4.90444663E-08
   40.532066      5.30119962E-07 -2.16303079E-07 -5.46313146E-08
   41.061943      5.89049364E-07 -2.41281612E-07 -6.08489827E-08
   41.591820      6.54739438E-07 -2.69161546E-07 -6.77657113E-08
   42.121696      7.27948816E-07 -3.00272063E-07 -7.54631344E-08
   42.519104      7.88296461E-07 -3.25943290E-07 -8.18057373E-08
   43.048981      8.76765682E-07 -3.63610923E-07 -9.11083049E-08
   43.578857      9.75341436E-07 -4.05615197E-07 -1.01486009E-07
   44.108734      1.08518850E-06 -4.52446898E-07 -1.13066577E-07
   44.506142      1.17574825E-06 -4.91065975E-07 -1.22623845E-07
   45.036018      1.30854414E-06 -5.47702655E-07 -1.36648751E-07
   45.565895      1.45656611E-06 -6.10830796E-07 -1.52289331E-07
   46.095772      1.62156925E-06 -6.81189192E-07 -1.69727912E-07
   46.625648      1.80550558E-06 -7.59599516E-07 -1.89168702E-07
   47.023060      1.95717939E-06 -8.24237873E-07 -2.05199541E-07
   47.552944      2.17961633E-06 -9.19003696E-07 -2.28707819E-07
   48.082829      2.42755641E-06 -1.02459921E-06 -2.54907036E-07
   48.612720      2.70390910E-06 -1.14226157E-06 -2.84101674E-07
   49.010139      2.93175367E-06 -1.23925133E-06 -3.08166818E-07
   49.540031      3.26584018E-06 -1.38144298E-06 -3.43447994E-07
   50.069923      3.63815434E-06 -1.53987457E-06 -3.82761641E-07
   50.599815      4.05304627E-06 -1.71638317E-06 -4.26565862E-07
   51.129707      4.51535652E-06 -1.91300205E-06 -4.75367017E-07
   51.527126      4.89642571E-06 -2.07501034E-06 -5.15582258E-07
   52.057018      5.45503872E-06 -2.31239255E-06 -5.74516889E-07
   52.586910      6.07738275E-06 -2.57669899E-06 -6.40150347E-07
   53.116802      6.77068419E-06 -2.87094872E-06 -7.13235011E-07
   53.514221      7.34202968E-06 -3.11329586E-06 -7.73437364E-07
   54.044113      8.17939417E-06 -3.46827437E-06 -8.61628109E-07
   54.574013      9.11207462E-06 -3.86340662E-06 -9.59804083E-07
   55.103912      1.01508649E-05 -4.30322325E-06 -1.06909567E-06
   55.501335      1.10067767E-05 -4.66542224E-06 -1.15911530E-06
   56.031239      1.22610109E-05 -5.19591413E-06 -1.29099203E-06
   56.561146      1.36578019E-05 -5.78637764E-06 -1.43782120E-06
   57.091053      1.52132970E-05 -6.44359807E-06 -1.60129503E-06
   57.620960      1.69454688E-05 -7.17513649E-06 -1.78328980E-06
   58.018391      1.83724824E-05 -7.77759305E-06 -1.93318624E-06
   58.548298      2.04632906E-05 -8.66002847E-06 -2.15275486E-06
   59.078205      2.27913442E-05 -9.64230094E-06 -2.39717497E-06
   59.608112      2.53834769E-05 -1.07357200E-05 -2.66925326E-06
   60.005543      2.75187231E-05 -1.16362389E-05 -2.89333457E-06
   60.535450      3.06468792E-05 -1.29552755E-05 -3.22157030E-06
   61.065357      3.41296072E-05 -1.44235419E-05 -3.58696889E-06
   61.595264      3.80070051E-05 -1.60579002E-05 -3.99374176E-06
   62.125168      4.23236925E-05 -1.78770970E-05 -4.44657053E-06
   62.522591      4.58791765E-05 -1.93752603E-05 -4.81952884E-06
   63.052483      5.10875179E-05 -2.15695454E-05 -5.36583138E-06
   63.582371      5.68856267E-05 -2.40118734E-05 -5.97394683E-06
   64.112244      6.33401432E-05 -2.67302385E-05 -6.65084963E-06
   64.509636      6.86560816E-05 -2.89687523E-05 -7.20830440E-06
   65.039474      7.64426077E-05 -3.22471606E-05 -8.02477280E-06
   65.569275      8.51099030E-05 -3.58958387E-05 -8.93351080E-06
   66.099030      9.47571680E-05 -3.99564669E-05 -9.94490256E-06
   66.628723      1.05494582E-04 -4.44753532E-05 -1.10705059E-05
   67.025932      1.14336188E-04 -4.81959651E-05 -1.19973101E-05
   67.555450      1.27283769E-04 -5.36438893E-05 -1.33544272E-05
   68.084801      1.41690602E-04 -5.97052494E-05 -1.48644076E-05
   68.613899      1.57717615E-04 -6.64476975E-05 -1.65441015E-05
   69.010536      1.70908927E-04 -7.19968302E-05 -1.79265353E-05
   69.539139      1.90217776E-04 -8.01189817E-05 -1.99499955E-05
   70.067490      2.11694191E-04 -8.91524833E-05 -2.22005383E-05
   70.595566      2.35580097E-04 -9.91990528E-05 -2.47034986E-05
   71.123398      2.62144895E-04 -1.10372006E-04 -2.74871218E-05
   71.519096      2.84005044E-04 -1.19565979E-04 -2.97777315E-05
   72.046478      3.15997633E-04 -1.33021167E-04 -3.31300325E-05
   72.573631      3.51574156E-04 -1.47983315E-04 -3.68578476E-05
   73.100563      3.91135691E-04 -1.64620942E-04 -4.10032153E-05
   73.627251      4.35124966E-04 -1.83120166E-04 -4.56125090E-05
   74.022125      4.71318112E-04 -1.98340480E-04 -4.94049382E-05
   74.548454      5.24279894E-04 -2.20611721E-04 -5.49543765E-05
   75.074585      5.83165907E-04 -2.45373260E-04 -6.11245414E-05
   75.600517      6.48637477E-04 -2.72902806E-04 -6.79846198E-05
   76.126266      7.21429533E-04 -3.03508830E-04 -7.56116351E-05
   76.520493      7.81318406E-04 -3.28688329E-04 -8.18865956E-05
   77.045998      8.68948060E-04 -3.65528860E-04 -9.10679591E-05
   77.571327      9.66366148E-04 -4.06481558E-04 -1.01274607E-04
   78.096527      1.07467349E-03 -4.52008098E-04 -1.12621798E-04
   78.621574      1.19507476E-03 -5.02613606E-04 -1.25235616E-04
   79.015312      1.29412930E-03 -5.44243085E-04 -1.35612747E-04
   79.540161      1.43904658E-03 -6.05141220E-04 -1.50793989E-04
   80.064880      1.60013931E-03 -6.72827824E-04 -1.67668972E-04
   80.589546      1.77923776E-03 -7.48069375E-04 -1.86429097E-04
   81.114098      1.97832193E-03 -8.31693644E-04 -2.07281322E-04
   81.507446      2.14208057E-03 -9.00469255E-04 -2.24432442E-04
   82.031914      2.38168519E-03 -1.00108166E-03 -2.49525416E-04
   82.556343      2.64805043E-03 -1.11290754E-03 -2.77418440E-04
   83.080704      2.94413371E-03 -1.23718078E-03 -3.08420451E-04
   83.605011      3.27325496E-03 -1.37528498E-03 -3.42878513E-04
   84.129288      3.63910152E-03 -1.52875576E-03 -3.81177262E-04
   84.522484      3.94003838E-03 -1.65496254E-03 -4.12677589E-04
   85.046745      4.38029598E-03 -1.83954102E-03 -4.58755851E-04
   85.571007      4.86968644E-03 -2.04464071E-03 -5.09969366E-04
   86.095299      5.41369710E-03 -2.27253698E-03 -5.66889765E-04
   86.619637      6.01842813E-03 -2.52575334E-03 -6.30152412E-04
   87.012924      6.51587592E-03 -2.73395632E-03 -6.82184240E-04
   87.537369      7.24363886E-03 -3.03840917E-03 -7.58293201E-04
   88.061897      8.05265270E-03 -3.37664876E-03 -8.42881505E-04
   88.586540      8.95200670E-03 -3.75240971E-03 -9.36895085E-04
   89.111305      9.95180011E-03 -4.16983105E-03 -1.04138348E-03
   89.504898      1.07741132E-02 -4.51291632E-03 -1.12730509E-03
   90.029755      1.19770085E-02 -5.01440605E-03 -1.25296367E-03
   90.554764      1.33141875E-02 -5.57135325E-03 -1.39260932E-03
   91.079956      1.48006938E-02 -6.18985482E-03 -1.54779758E-03
   91.605278      1.64529327E-02 -6.87653292E-03 -1.72022555E-03
   92.130737      1.82893872E-02 -7.63881486E-03 -1.91180245E-03
   92.524986      1.98000409E-02 -8.26511718E-03 -2.06933357E-03
   93.050819      2.20099576E-02 -9.18013882E-03 -2.29968969E-03
   93.576805      2.44660173E-02 -1.01954220E-02 -2.55556777E-03
   94.103027      2.71958858E-02 -1.13218706E-02 -2.83981138E-03
   94.629448      3.02296579E-02 -1.25712641E-02 -3.15553206E-03
   95.024406      3.27246413E-02 -1.35968439E-02 -3.41509236E-03
   95.551254      3.63739580E-02 -1.50939338E-02 -3.79462680E-03
   96.078323      4.04288545E-02 -1.67533569E-02 -4.21626167E-03
   96.605637      4.49346527E-02 -1.85920056E-02 -4.68499074E-03
   97.001274      4.86400202E-02 -2.00995635E-02 -5.07070543E-03
   97.529015      5.40592521E-02 -2.22970322E-02 -5.63402567E-03
   98.057014      6.00781143E-02 -2.47291718E-02 -6.25477638E-03
   98.585297      6.67557344E-02 -2.74229292E-02 -6.93168491E-03
   99.113861      7.41531402E-02 -3.04092728E-02 -7.66339153E-03
   99.510498      8.02140161E-02 -3.28612700E-02 -8.24985560E-03
   100.03961      8.90408307E-02 -3.64402384E-02 -9.09073930E-03
   100.56907      9.88060236E-02 -4.04032357E-02 -1.00171734E-02
   101.09887      0.10961963     -4.47831005E-02 -1.10538173E-02
   101.62887      0.12160282     -4.96142060E-02 -1.22234216E-02
   102.02637      0.13143359     -5.35573401E-02 -1.31972935E-02
   102.55637      0.14577451     -5.92786521E-02 -1.46333873E-02
   103.08636      0.16165945     -6.55732825E-02 -1.62399728E-02
   103.61636      0.17925793     -7.24806190E-02 -1.80448033E-02
   104.01386      0.19369915     -7.80774951E-02 -1.95505824E-02
   104.54386      0.21478581     -8.61033872E-02 -2.17877645E-02
   105.07386      0.23817316     -9.47794244E-02 -2.43010409E-02
   105.60386      0.26408774     -0.10411526     -2.70747617E-02
   106.00136      0.28531089     -0.11155370     -2.93029025E-02
   106.53136      0.31615055     -0.12206735     -3.24363559E-02
   107.06136      0.35006511     -0.13328409     -3.57415527E-02
   107.59136      0.38727474     -0.14519559     -3.92440818E-02
   108.12138      0.42804462     -0.15776598     -4.29830104E-02
   108.51888      0.46110320     -0.16759118     -4.59332913E-02
   109.04890      0.50860816     -0.18119015     -4.99864742E-02
   109.57893      0.56006789     -0.19534630     -5.40723018E-02
   110.10896      0.61550820     -0.20998465     -5.81875890E-02
   110.50648      0.65979207     -0.22119641     -6.13874421E-02
   111.03651      0.72265208     -0.23630358     -6.60006031E-02
   111.56654      0.79025745     -0.25120509     -7.12350309E-02
   112.09657      0.86372966     -0.26477230     -7.70024955E-02
   112.62660      0.94347054     -0.27659184     -8.24443847E-02
   113.02412       1.0064690     -0.28464639     -8.56548399E-02
   113.55415       1.0924239     -0.29578432     -8.85338560E-02
   114.08418       1.1769007     -0.30894497     -9.10264254E-02
   114.61421       1.2581463     -0.32505429     -9.51097012E-02
   115.01173       1.3175559     -0.33843786     -0.10036437    
   115.54176       1.3973722     -0.35554138     -0.10970489    
   116.07179       1.4786303     -0.36986527     -0.12058160    
   116.60182       1.5632646     -0.37560141     -0.12940723    
   117.13185       1.6562405     -0.36632136     -0.13276920    
   117.52937       1.7292583     -0.34967995     -0.13195395    
   118.05940       1.8271064     -0.31452531     -0.12620160    
   118.58943       1.9170086     -0.26684806     -0.11657562    
   119.11946       1.9951880     -0.20942277     -0.10488546    
   119.51698       2.0457661     -0.16087037     -9.50341076E-02
   120.04702       2.1022382     -9.00569037E-02 -8.04197490E-02
   120.57706       2.1410484     -1.69667639E-02 -6.28914833E-02
   121.10711       2.1569304      5.43128625E-02 -4.39256169E-02
   121.50465       2.1529524      0.10573066     -3.03640179E-02
   122.03471       2.1293321      0.17300005     -1.48090702E-02
   122.56477       2.0906851      0.24179921     -1.86774344E-03
   123.09483       2.0420005      0.31473467      1.08032599E-02
   123.62489       1.9840345      0.39194131      2.57145762E-02
   124.02244       1.9333405      0.45170087      3.88472900E-02
   124.55250       1.8550053      0.53248638      5.77521101E-02
   125.08256       1.7643470      0.61326241      7.68240392E-02
   125.61262       1.6627910      0.69334686      9.44319367E-02
   126.01016       1.5808938      0.75263107      0.10635567    
   126.54022       1.4650095      0.82975304      0.12121423    
   127.07028       1.3423651      0.90327930      0.13438094    
   127.60034       1.2150642      0.97132635      0.14489922    
   128.13040       1.0830936       1.0292110      0.15112692    
   128.52797      0.97821474       1.0609415      0.15266363    
   129.05806      0.82388151       1.0805632      0.15179938    
   129.58815      0.66227186       1.0750515      0.14797464    
   130.11824      0.49550584       1.0476692      0.14118448    
   130.51581      0.37189251       1.0155963      0.13461462    
   131.04590      0.21594955      0.96417141      0.12507993    
   131.57599      7.42674321E-02  0.90776432      0.11628949    
   132.10608     -5.29853702E-02  0.84878314      0.10868584    
   132.50365     -0.13949133      0.80282915      0.10286582    
   133.03374     -0.24534065      0.73663962      9.36526433E-02
   133.56387     -0.34392250      0.66091704      8.18495452E-02
   134.09402     -0.43644816      0.57444024      6.65938854E-02
   134.62418     -0.51932657      0.48071545      4.80195954E-02
   135.02179     -0.57227778      0.40991300      3.36032957E-02
   135.55199     -0.62809449      0.32042417      1.58683471E-02
   136.08220     -0.66580117      0.24108419      1.29349658E-03
   136.61244     -0.68573558      0.17458293     -9.17123538E-03
   137.01015     -0.68979943      0.13313416     -1.45169962E-02
   137.54047     -0.68498808      8.67225528E-02 -1.89168695E-02
   138.07083     -0.67030787      4.91450280E-02 -2.10969802E-02
   138.60126     -0.64779443      1.70170609E-02 -2.15499401E-02
   139.13176     -0.62134194     -1.23524396E-02 -2.14422625E-02
   139.52971     -0.60001552     -3.41630839E-02 -2.13467665E-02
   140.06041     -0.57113600     -6.38726503E-02 -2.12794039E-02
   140.59123     -0.54259312     -9.43257958E-02 -2.11763531E-02
   141.12222     -0.51519334     -0.12544262     -2.14152243E-02
   141.52058     -0.49468079     -0.14823270     -2.19747871E-02
   142.05193     -0.46602392     -0.17594048     -2.40452215E-02
   142.58354     -0.43438885     -0.19941124     -2.80602239E-02
   143.11548     -0.39831555     -0.21671484     -3.28518525E-02
   143.51466     -0.36620837     -0.22432095     -3.57642360E-02
   144.04729     -0.31778723     -0.22650132     -3.78210396E-02
   144.58037     -0.26524484     -0.21897432     -3.77548784E-02
   145.11369     -0.20557564     -0.20089862     -3.48181948E-02
   145.51369     -0.15692341     -0.18078017     -3.08525246E-02
   146.04706     -9.27791893E-02 -0.15082738     -2.48640031E-02
   146.58051     -3.50939408E-02 -0.12268429     -1.97613202E-02
   147.11404      1.12474561E-02 -0.10063918     -1.66841373E-02
   147.51428      3.79092023E-02 -8.97315592E-02 -1.58709828E-02
   148.04805      6.66679144E-02 -8.06959718E-02 -1.60487555E-02
   148.58199      9.04511586E-02 -7.31920302E-02 -1.66881643E-02
   149.11613      0.11591172     -6.30883425E-02 -1.63200945E-02
   149.51691      0.13764974     -4.94557992E-02 -1.45086795E-02
   150.05154      0.17031810     -2.40488239E-02 -9.76006594E-03
   150.58652      0.20256966      6.16869237E-03 -3.20761860E-03
   151.12189      0.22837149      3.62534598E-02  3.13675962E-03
   151.52371      0.24216387      5.66585623E-02  7.38992915E-03
   152.05992      0.25165570      8.04905891E-02  1.36736743E-02
   152.59669      0.25362062      0.10132384      1.94706172E-02
   153.13408      0.24993722      0.11973289      2.38536410E-02
   153.53720      0.24525835      0.13258620      2.63249725E-02
   154.07394      0.23762633      0.14912027      2.83124745E-02
   154.60988      0.22996078      0.16490015      2.79514510E-02
   155.01134      0.22342193      0.17600967      2.66812257E-02
   155.54599      0.21387470      0.18922929      2.44833902E-02
   156.08002      0.20442426      0.20051485      2.23740228E-02
   156.61346      0.19378069      0.20947203      2.12356597E-02
   157.01323      0.18540019      0.21513233      2.09617615E-02
   157.54585      0.17363153      0.22184910      2.13238001E-02
   158.07808      0.16153929      0.22801489      2.19899304E-02
   158.60999      0.14909747      0.23343611      2.23715492E-02
   159.00874      0.13894829      0.23655127      2.24490073E-02
   159.54021      0.12424153      0.23907246      2.23262124E-02
   160.07144      0.10847457      0.24069074      2.20844541E-02
   160.60249      9.21611264E-02  0.24148044      2.18358077E-02
   161.00069      7.99980313E-02  0.24146338      2.16590669E-02
   161.53151      6.38306737E-02  0.24085774      2.16113515E-02
   162.06223      4.73977961E-02  0.23975784      2.19108369E-02
   162.59283      3.07498164E-02  0.23819335      2.27259845E-02
   163.12338      1.38676986E-02  0.23603483      2.39454620E-02
   163.52127      1.05130929E-03  0.23395330      2.49937177E-02
   164.05173     -1.61514170E-02  0.23060125      2.64440477E-02
   164.58218     -3.34611908E-02  0.22666492      2.78382171E-02
   165.11259     -5.05011342E-02  0.22203821      2.84782462E-02
   165.51041     -6.25723600E-02  0.21795322      2.82344017E-02
   166.04085     -7.71222711E-02  0.21142179      2.67616436E-02
   166.57130     -9.03494135E-02  0.20348984      2.43361704E-02
   167.10178     -0.10122412      0.19431861      2.12382562E-02
   167.63229     -0.10867695      0.18408154      1.72946565E-02
   168.03020     -0.11171605      0.17588589      1.35942930E-02
   168.56079     -0.11226299      0.16428870      8.36876780E-03
   169.09143     -0.10863781      0.15194242      3.18441261E-03
   169.62213     -0.10251839      0.13917029     -1.41699100E-03
   170.02020     -9.60248038E-02  0.12970471     -4.32324409E-03
   170.55101     -8.68581682E-02  0.11796041     -7.83752091E-03
   171.08188     -7.80224577E-02  0.10779268     -9.71015636E-03
   171.61281     -7.09712058E-02  9.94060561E-02 -9.34341457E-03
   172.01105     -6.69566840E-02  9.44491774E-02 -7.87585229E-03
   172.54208     -6.28863052E-02  9.02390778E-02 -5.39718661E-03
   173.07320     -5.84826358E-02  8.92511010E-02 -3.29947844E-03
   173.60439     -5.30536734E-02  9.02000144E-02 -2.14924966E-03
   174.00282     -4.70987409E-02  9.29022953E-02 -1.71305356E-03
   174.53413     -3.79801430E-02  9.77912992E-02 -1.35613012E-03
   175.06552     -2.79269144E-02  0.10193665     -9.51073947E-04
   175.59698     -1.75137743E-02  0.10450191     -6.03254884E-05
   176.12851     -6.76818099E-03  0.10612369      1.52486039E-03
   176.52718      1.11652305E-03  0.10707874      2.95970682E-03
   177.05879      1.11815045E-02  0.10843073      4.87050554E-03
   177.59047      2.02766396E-02  0.11023244      6.16334332E-03
   178.12215      2.78033875E-02  0.11220491      6.90848567E-03
   178.52090      3.18195261E-02  0.11367023      7.35457335E-03
   179.05258      3.59580182E-02  0.11554623      6.99797785E-03
   179.58426      3.91684026E-02  0.11725096      5.26712695E-03
   180.11594      4.26973104E-02  0.11916947      2.63617095E-03
   180.51469      4.60437313E-02  0.12107124      5.30483143E-04
   181.04640      5.18422201E-02  0.12429924     -1.87493919E-03
   181.57811      5.87545596E-02  0.12851122     -3.14677693E-03
   182.10982      6.60842508E-02  0.13354069     -2.48708925E-03
   182.50858      7.12364465E-02  0.13716650     -6.10085903E-04
   183.04025      7.68434554E-02  0.14079086      3.45364423E-03
   183.57190      8.03904608E-02  0.14312403      9.06693377E-03
   184.10352      8.18965882E-02  0.14476252      1.52040049E-02
   184.50218      8.15074593E-02  0.14532232      1.93314143E-02
   185.03371      7.97671899E-02  0.14512217      2.35852338E-02
   185.56517      7.74263442E-02  0.14380622      2.63466686E-02
   186.09657      7.49691576E-02  0.14105526      2.79207677E-02
   186.62791      7.34625906E-02  0.13623442      2.82860938E-02
   187.02638      7.36338049E-02  0.13074088      2.75515337E-02
   187.55762      7.65280426E-02  0.12104425      2.47500390E-02
   188.08879      8.31569135E-02  0.10909183      2.03731433E-02
   188.61992      9.36549678E-02  9.49116424E-02  1.53292362E-02
   189.01822      0.10413023      8.27565342E-02  1.15480181E-02
   189.54924      0.12191714      6.46055788E-02  6.72259415E-03
   190.08020      0.14199530      4.44373563E-02  2.78528617E-03
   190.61111      0.16442579      2.26850826E-02 -5.56298648E-04
   191.00928      0.18394321      5.95819205E-03 -2.68606562E-03
   191.54012      0.21312083     -1.61591992E-02 -5.61993988E-03
   192.07094      0.24578246     -3.73302214E-02 -8.09542648E-03
   192.60172      0.28254661     -5.70562184E-02 -9.19560995E-03
   193.13248      0.32220083     -7.60757104E-02 -8.19234550E-03
   193.53055      0.35292149     -9.07726213E-02 -6.24472648E-03
   194.06131      0.39439753     -0.11117806     -2.84703472E-03
   194.59210      0.43659464     -0.13165332      6.19237078E-04
   195.12280      0.48244295     -0.15125908      3.78037128E-03
   195.52074      0.51993161     -0.16501406      5.75010199E-03
   196.05119      0.57321143     -0.18220256      8.25981610E-03
   196.58153      0.63001007     -0.19885388      1.25058396E-02
   197.11174      0.69022369     -0.21618831      1.72772706E-02
   197.50932      0.73679912     -0.23041126      2.05379017E-02
   198.03932      0.80086470     -0.25159484      2.39241533E-02
   198.56921      0.86890286     -0.27491674      2.61961520E-02
   199.09900      0.94048584     -0.30126125      2.87726857E-02
   199.62869       1.0135933     -0.33235830      3.26664560E-02
   200.02591       1.0682352     -0.35966077      3.54187712E-02
   200.55545       1.1398354     -0.40196455      3.70685309E-02
   201.08492       1.2109015     -0.45020315      3.53069827E-02
   201.61430       1.2838571     -0.50218135      3.04491483E-02
   202.01131       1.3415288     -0.54176909      2.53172852E-02
   202.54060       1.4240384     -0.59219897      1.77736469E-02
   203.06985       1.5136346     -0.63711089      1.08823832E-02
   203.59909       1.6102886     -0.67347527      6.16071932E-03
   204.12833       1.7132964     -0.69861603      4.57228580E-03
   204.52525       1.7938677     -0.70899892      5.23602031E-03
   205.05449       1.9033856     -0.71165264      7.88586959E-03
   205.58379       2.0099149     -0.70304573      1.15974238E-02
   206.11311       2.1116793     -0.68410075      1.55594088E-02
   206.51016       2.1840343     -0.66286480      1.88853703E-02
   207.03963       2.2743256     -0.62485516      2.53125187E-02
   207.56920       2.3551447     -0.57710892      3.41485292E-02
   208.09889       2.4217408     -0.52329159      4.40282002E-02
   208.62868       2.4692450     -0.46666354      5.16538285E-02
   209.02596       2.4923170     -0.42299461      5.44257313E-02
   209.55559       2.5095291     -0.36201480      5.44588566E-02
   210.08511       2.5161061     -0.29530728      5.18125519E-02
   210.61453       2.5163088     -0.22018966      4.84364480E-02
   211.01154       2.5128753     -0.15767398      4.70570996E-02
   211.54077       2.5022957     -6.64454326E-02  4.70729247E-02
   212.06990       2.4837184      3.34549211E-02  4.83089909E-02
   212.59892       2.4586852      0.14241606      4.98889759E-02
   213.12782       2.4288578      0.26146111      5.25517613E-02
   213.52441       2.4029684      0.35716370      5.56919575E-02
   214.05310       2.3632722      0.49077702      6.28833845E-02
   214.58170       2.3092828      0.62447977      7.42170513E-02
   215.11017       2.2317269      0.75032580      8.61971229E-02
   215.50645       2.1585619      0.83718020      9.25428346E-02
   216.03474       2.0474317      0.94423282      9.63464677E-02
   216.56294       1.9320769       1.0451765      9.60488319E-02
   217.09105       1.8194706       1.1425852      9.41796452E-02
   217.61909       1.7091178       1.2354953      9.37214345E-02
   218.01511       1.6249684       1.2999934      9.42386836E-02
   218.54306       1.5069574       1.3758049      9.58241224E-02
   219.07100       1.3810928       1.4387609      9.83226150E-02
   219.59889       1.2498693       1.4900116      0.10230929    
   220.12679       1.1141908       1.5283086      0.10707676    
   220.52271       1.0043827       1.5446241      0.11045243    
   221.05060      0.84721434       1.5474488      0.11371525    
   221.57854      0.68080878       1.5285522      0.11458562    
   222.10649      0.51010984       1.4890916      0.11170861    
   222.50247      0.38497746       1.4495822      0.10671435    
   223.03049      0.22819476       1.3900756      9.78541076E-02
   223.55856      8.64701420E-02   1.3274543      8.83490890E-02
   224.08670     -3.80146019E-02   1.2633061      7.81827420E-02
   224.61491     -0.14986807       1.1946993      6.76060170E-02
   225.01111     -0.22826602       1.1372566      5.99935763E-02
   225.53946     -0.33107105       1.0490757      5.08917496E-02
   226.06787     -0.43246970      0.94709891      4.41115797E-02
   226.59639     -0.52753359      0.83666140      3.89297828E-02
   227.12498     -0.61299574      0.72751433      3.40723023E-02
   227.52150     -0.66642940      0.65216088      3.04895286E-02
   228.05028     -0.71981865      0.56607199      2.64968574E-02
   228.57915     -0.75168222      0.49934062      2.39123292E-02
   229.10811     -0.76554149      0.45107302      2.31291223E-02
   229.50485     -0.76781225      0.42445976      2.36124545E-02
   230.03389     -0.76220345      0.39602044      2.60586329E-02
   230.56303     -0.75250173      0.37117463      3.03563066E-02
   231.09224     -0.74702340      0.35030693      3.47503051E-02
   231.62151     -0.74550951      0.33104363      3.76370475E-02
   232.01852     -0.74633694      0.31711543      3.84712890E-02
   232.54796     -0.74670172      0.30079576      3.81883457E-02
   233.07748     -0.74235749      0.29035905      3.79008912E-02
   233.60713     -0.73330486      0.28561470      3.86272110E-02
   234.00444     -0.72604656      0.28490376      3.97624820E-02
   234.53427     -0.71653974      0.28681344      4.16260250E-02
   235.06422     -0.70710462      0.29151505      4.36156541E-02
   235.59433     -0.69704890      0.29954568      4.60383035E-02
   236.12462     -0.68668187      0.31170389      4.81056198E-02
   236.52246     -0.67836034      0.32369483      4.92494702E-02
   237.05313     -0.66428018      0.34367079      4.96837758E-02
   237.58405     -0.64734340      0.36691493      4.92060333E-02
   238.11520     -0.62801403      0.39074984      4.73963581E-02
   238.51366     -0.61307204      0.40647399      4.44988348E-02
   239.04498     -0.59701669      0.41914392      3.82562317E-02
   239.57635     -0.58865273      0.42136577      2.99928170E-02
   240.10777     -0.58594227      0.41723371      2.08726618E-02
   240.50635     -0.58535320      0.41033617      1.37745216E-02
   241.03778     -0.58361030      0.39819974      4.54616360E-03
   241.56921     -0.57903790      0.38335860     -3.53828259E-03
   242.10065     -0.57098722      0.36691186     -1.02326041E-02
   242.63208     -0.55760515      0.35163355     -1.58151239E-02
   243.03062     -0.54512483      0.34145048     -1.99211817E-02
   243.56200     -0.52849126      0.33036947     -2.60997117E-02
   244.09337     -0.51358747      0.32096991     -3.51041406E-02
   244.62473     -0.50065076      0.31172425     -4.85282242E-02
   245.02321     -0.49194053      0.30402324     -6.14730753E-02
   245.55452     -0.48098946      0.29253697     -8.15342441E-02
   246.08580     -0.47037715      0.28033924     -0.10353682    
   246.61705     -0.45852005      0.26845220     -0.12683728    
   247.01549     -0.44804293      0.26016146     -0.14446644    
   247.54674     -0.43201777      0.25101453     -0.16712001    
   248.07799     -0.41423392      0.24516073     -0.18793657    
   248.60924     -0.39636791      0.24330252     -0.20584065    
   249.00768     -0.38382214      0.24495155     -0.21698856    
   249.53893     -0.37019855      0.25112242     -0.22798529    
   250.07024     -0.35970032      0.26084748     -0.23557732    
