  0.13234943      1.40491757E-05  7.77566765E-06  1.28624595E-08
  0.52977455      1.54525733E-05  8.40389657E-06  7.72184272E-09
   1.0596689      1.75429304E-05  9.32713101E-06  7.53879803E-09
   1.5895488      1.99859278E-05  1.03381135E-05  9.95046356E-09
   2.1194093      2.26544926E-05  1.14378254E-05  1.41717393E-08
   2.5167909      2.47986791E-05  1.23241080E-05  1.80078175E-08
   3.0466142      2.78616935E-05  1.36023882E-05  2.35155504E-08
   3.5764179      3.11877084E-05  1.50157757E-05  2.88452391E-08
   4.1062055      3.48330723E-05  1.65947495E-05  3.38190205E-08
   4.5035372      3.78173099E-05  1.79055696E-05  3.77748961E-08
   5.0333042      4.21725781E-05  1.98432299E-05  4.43387158E-08
   5.5630655      4.69958177E-05  2.20200709E-05  5.22280814E-08
   6.0928254      5.23303934E-05  2.44605581E-05  6.07363191E-08
   6.6225853      5.82344583E-05  2.71915196E-05  6.94531650E-08
   7.0199070      6.30801223E-05  2.94484726E-05  7.63270975E-08
   7.5496740      7.01672980E-05  3.27630260E-05  8.63864926E-08
   8.0794458      7.80553673E-05  3.64603220E-05  9.77291776E-08
   8.6092234      8.68411880E-05  4.05806786E-05  1.10397423E-07
   9.0065594      9.40823084E-05  4.39752584E-05  1.20576686E-07
   9.5363464      1.04697247E-04  4.89470694E-05  1.34978023E-07
   10.066137      1.16516632E-04  5.44796931E-05  1.50865290E-07
   10.595934      1.29667969E-04  6.06363574E-05  1.68871821E-07
   11.125734      1.44300750E-04  6.74880430E-05  1.89179588E-07
   11.523088      1.56348484E-04  7.31301552E-05  2.05936445E-07
   12.052895      1.73998618E-04  8.13935330E-05  2.30136351E-07
   12.582705      1.93659565E-04  9.05908964E-05  2.56635474E-07
   13.112516      2.15556065E-04  1.00828256E-04  2.86190556E-07
   13.509877      2.33589148E-04  1.09259432E-04  3.10780109E-07
   14.039695      2.59995519E-04  1.21609599E-04  3.47067100E-07
   14.569512      2.89377465E-04  1.35358612E-04  3.87385995E-07
   15.099333      3.22082313E-04  1.50665248E-04  4.31656474E-07
   15.629155      3.58496676E-04  1.67706166E-04  4.80374013E-07
   16.026524      3.88492073E-04  1.81742231E-04  5.20482274E-07
   16.556347      4.32424189E-04  2.02303447E-04  5.79645416E-07
   17.086174      4.81309224E-04  2.25192634E-04  6.45977593E-07
   17.616001      5.35704952E-04  2.50671786E-04  7.19741251E-07
   18.013372      5.80498599E-04  2.71654775E-04  7.80182518E-07
   18.543203      6.46115805E-04  3.02386325E-04  8.68334553E-07
   19.073034      7.19174626E-04  3.36589204E-04  9.66490006E-07
   19.602865      8.00517271E-04  3.74653493E-04  1.07622918E-06
   20.000238      8.67517781E-04  4.05995204E-04  1.16688250E-06
   20.530073      9.65668820E-04  4.51891683E-04  1.29982959E-06
   21.059908      1.07494579E-03  5.02967334E-04  1.44766500E-06
   21.589746      1.19661470E-03  5.59808046E-04  1.61204048E-06
   22.119585      1.33207440E-03  6.23067492E-04  1.79511551E-06
   22.516964      1.44363916E-03  6.75159565E-04  1.94596510E-06
   23.046803      1.60703482E-03  7.51454034E-04  2.16716353E-06
   23.576641      1.78887253E-03  8.36373656E-04  2.41330417E-06
   24.106483      1.99122517E-03  9.30894050E-04  2.68682925E-06
   24.503866      2.15783925E-03  1.00873283E-03  2.91193464E-06
   25.033709      2.40184204E-03  1.12273521E-03  3.24145412E-06
   25.563555      2.67340476E-03  1.24961836E-03  3.60820331E-06
   26.093401      2.97564222E-03  1.39083399E-03  4.01660736E-06
   26.623247      3.31200706E-03  1.54799467E-03  4.47122693E-06
   27.020632      3.58896982E-03  1.67740288E-03  4.84543261E-06
   27.550480      3.99454171E-03  1.86690898E-03  5.39300845E-06
   28.080330      4.44584619E-03  2.07779463E-03  6.00212934E-06
   28.610180      4.94801952E-03  2.31245998E-03  6.67992981E-06
   29.007568      5.36144432E-03  2.50565866E-03  7.23793619E-06
   29.537422      5.96676907E-03  2.78853346E-03  8.05504078E-06
   30.067276      6.64026942E-03  3.10325203E-03  8.96421079E-06
   30.597130      7.38959899E-03  3.45337112E-03  9.97576262E-06
   31.126984      8.22326913E-03  3.84283904E-03  1.11013796E-05
   31.524374      8.90951417E-03  4.16338304E-03  1.20279547E-05
   32.054230      9.91412345E-03  4.63255215E-03  1.33846916E-05
   32.584091      1.10315960E-02  5.15431818E-03  1.48949703E-05
   33.113953      1.22745009E-02  5.73451864E-03  1.65753008E-05
   33.511349      1.32973231E-02  6.21188059E-03  1.79585877E-05
   34.041210      1.47942025E-02  6.91032503E-03  1.99841306E-05
   34.571072      1.64586306E-02  7.68671837E-03  2.22377821E-05
   35.100933      1.83091275E-02  8.54962878E-03  2.47442167E-05
   35.630795      2.03662124E-02  9.50853899E-03  2.75323109E-05
   36.028191      2.20581777E-02  1.02969864E-02  2.98267078E-05
   36.558052      2.45328899E-02  1.14497803E-02  3.31853007E-05
   37.087914      2.72826068E-02  1.27301114E-02  3.69201953E-05
   37.617775      3.03372815E-02  1.41517427E-02  4.10730645E-05
   38.015179      3.28481868E-02  1.53197665E-02  4.44895049E-05
   38.545044      3.65181491E-02  1.70260929E-02  4.94877131E-05
   39.074909      4.05924469E-02  1.89191997E-02  5.50441910E-05
   39.604782      4.51143160E-02  2.10187864E-02  6.12183867E-05
   40.002190      4.88278940E-02  2.27419138E-02  6.62964303E-05
   40.532066      5.42503223E-02  2.52560880E-02  7.37175360E-05
   41.061943      6.02626875E-02  2.80412212E-02  8.19609268E-05
   41.591820      6.69263825E-02  3.11249234E-02  9.11151728E-05
   42.121696      7.43085518E-02  3.45372744E-02  1.01278900E-04
   42.519104      8.03605467E-02  3.73317637E-02  1.09630215E-04
   43.048981      8.91804844E-02  4.13994975E-02  1.21823774E-04
   43.578857      9.89366174E-02  4.58923019E-02  1.35350536E-04
   44.108734      0.10972115      5.08505255E-02  1.50351232E-04
   44.506142      0.11854408      5.49005494E-02  1.62661978E-04
   45.036018      0.13137272      6.07790947E-02  1.80616102E-04
   45.565895      0.14552233      6.72489703E-02  2.00503026E-04
   46.095772      0.16111392      7.43611306E-02  2.22513903E-04
   46.625648      0.17827614      8.21690559E-02  2.46860523E-04
   47.023060      0.19226003      8.85149539E-02  2.66811665E-04
   47.552944      0.21250206      9.76751000E-02  2.95833597E-04
   48.082829      0.23470411      0.10768723      3.27881600E-04
   48.612720      0.25901803      0.11860941      3.63248138E-04
   49.010139      0.27873266      0.12743279      3.92130110E-04
   49.540031      0.30711609      0.14008407      4.34055924E-04
   50.069923      0.33803838      0.15379648      4.80207964E-04
   50.599815      0.37164962      0.16861686      5.30931982E-04
   51.129707      0.40809140      0.18458432      5.86644572E-04
   51.527126      0.43735775      0.19733036      6.31943811E-04
   52.057018      0.47904795      0.21536589      6.97353564E-04
   52.586910      0.52386665      0.23459236      7.68911559E-04
   53.116802      0.57186896      0.25499240      8.47050687E-04
   53.514221      0.60997021      0.27103868      9.10223345E-04
   54.044113      0.66354746      0.29337597      1.00089330E-03
   54.574013      0.72021794      0.31670225      1.09938532E-03
   55.103912      0.77983046      0.34088784      1.20608555E-03
   55.501335      0.82633483      0.35949066      1.29182497E-03
   56.031239      0.89048636      0.38474685      1.41388725E-03
   56.561146      0.95672518      0.41029212      1.54523924E-03
   57.091053       1.0245585      0.43583459      1.68608874E-03
   57.620960       1.0933919      0.46103758      1.83664798E-03
   58.018391       1.1452576      0.47949037      1.95606635E-03
   58.548298       1.2141058      0.50316364      2.12402013E-03
   59.078205       1.2818072      0.52536905      2.30219914E-03
   59.608112       1.3474252      0.54564524      2.49048835E-03
   60.005543       1.3946831      0.55930370      2.63828691E-03
   60.535450       1.4542916      0.57507581      2.84403283E-03
   61.065357       1.5090322      0.58765471      3.05863377E-03
   61.595264       1.5581102      0.59663761      3.28280916E-03
   62.125168       1.6011637      0.60166204      3.51737370E-03
   62.522591       1.6276652      0.60261619      3.69766075E-03
   63.052483       1.6570890      0.60002559      3.94164072E-03
   63.582371       1.6786132      0.59289479      4.19827085E-03
   64.112244       1.6917428      0.58120620      4.46505845E-03
   64.509636       1.6959424      0.56948715      4.66806861E-03
   65.039474       1.6937964      0.55003649      4.94191144E-03
   65.569275       1.6816902      0.52638972      5.20794094E-03
   66.099030       1.6657015      0.49891162      5.47424052E-03
   66.628723       1.6449456      0.46801609      5.76148415E-03
   67.025932       1.6237292      0.44286779      6.00415654E-03
   67.555450       1.5872005      0.40711433      6.29531685E-03
   68.084801       1.5475185      0.36925367      6.55829534E-03
   68.613899       1.5062444      0.32974488      6.82280073E-03
   69.010536       1.4737544      0.29930273      7.02459645E-03
   69.539139       1.4292172      0.25799972      7.29583669E-03
   70.067490       1.3829662      0.21631449      7.55905127E-03
   70.595566       1.3355985      0.17466733      7.80881941E-03
   71.123398       1.2884886      0.13340959      8.04717839E-03
   71.519096       1.2538640      0.10289306      8.22037645E-03
   72.046478       1.2089546      6.29494712E-02  8.44962616E-03
   72.573631       1.1655414      2.40145605E-02  8.68003443E-03
   73.100563       1.1236633     -1.37810921E-02  8.91103223E-03
   73.627251       1.0835160     -5.03432602E-02  9.13913175E-03
   74.022125       1.0547616     -7.69219622E-02  9.30661708E-03
   74.548454       1.0184577     -0.11122513      9.52673517E-03
   75.074585      0.98492867     -0.14421439      9.75079928E-03
   75.600517      0.95425922     -0.17597052      9.98563040E-03
   76.126266      0.92578703     -0.20649594      1.02261901E-02
   76.520493      0.90609318     -0.22860476      1.04092117E-02
   77.045998      0.88211453     -0.25702864      1.06557589E-02
   77.571327      0.86072218     -0.28419131      1.09018013E-02
   78.096527      0.84172136     -0.30998665      1.11427261E-02
   78.621574      0.82468641     -0.33424893      1.13712437E-02
   79.015312      0.81276202     -0.35131890      1.15292221E-02
   79.540161      0.79711962     -0.37239495      1.17143234E-02
   80.064880      0.78054422     -0.39135975      1.18616726E-02
   80.589546      0.76178592     -0.40809193      1.19652413E-02
   81.114098      0.74016929     -0.42260423      1.20190512E-02
   81.507446      0.72230196     -0.43212265      1.20276287E-02
   82.031914      0.69722098     -0.44321045      1.20012881E-02
   82.556343      0.67231417     -0.45275944      1.19491881E-02
   83.080704      0.64908832     -0.46106127      1.19020715E-02
   83.605011      0.62941086     -0.46822947      1.18798967E-02
   84.129288      0.61404920     -0.47412571      1.18915495E-02
   84.522484      0.60357404     -0.47749925      1.19158672E-02
   85.046745      0.58921790     -0.48011220      1.19402232E-02
   85.571007      0.56827348     -0.47990990      1.19265467E-02
   86.095299      0.54150730     -0.47636986      1.18395565E-02
   86.619637      0.50619751     -0.46916264      1.16780140E-02
   87.012924      0.47596473     -0.46136397      1.15367249E-02
   87.537369      0.43153742     -0.44789881      1.12476815E-02
   88.061897      0.37979043     -0.43130612      1.08040133E-02
   88.586540      0.32618177     -0.41196093      1.02681760E-02
   89.111305      0.27307263     -0.39020261      9.68768075E-03
   89.504898      0.23426762     -0.37241560      9.22868866E-03
   90.029755      0.18316120     -0.34678006      8.57925974E-03
   90.554764      0.13062263     -0.31890449      7.90518522E-03
   91.079956      7.45698661E-02 -0.28876585      7.20811728E-03
   91.605278      1.43455891E-02 -0.25647789      6.48949156E-03
   92.130737     -4.92174923E-02 -0.22231707      5.76500921E-03
   92.524986     -9.89141762E-02 -0.19572702      5.22674154E-03
   93.050819     -0.16710454     -0.15945996      4.51692287E-03
   93.576805     -0.23576638     -0.12297910      3.80250416E-03
   94.103027     -0.30316705     -8.71789306E-02  3.06671555E-03
   94.629448     -0.36656311     -5.30165657E-02  2.29575159E-03
   95.024406     -0.40937635     -2.89981626E-02  1.70192448E-03
   95.551254     -0.45757908      3.50660644E-04  9.19578422E-04
   96.078323     -0.49397433      2.62985397E-02  1.83951750E-04
   96.605637     -0.51858193      4.88591567E-02 -4.59178933E-04
   97.001274     -0.53123575      6.37592003E-02 -8.56856466E-04
   97.529015     -0.54362845      8.13756138E-02 -1.26383360E-03
   98.057014     -0.55499679      9.69467685E-02 -1.56325684E-03
   98.585297     -0.56711417      0.11087929     -1.79016788E-03
   99.113861     -0.58159882      0.12330803     -1.97373470E-03
   99.510498     -0.59209943      0.13160601     -2.08780915E-03
   100.03961     -0.60254580      0.14110313     -2.18762713E-03
   100.56907     -0.60839909      0.14852981     -2.17616209E-03
   101.09887     -0.60704172      0.15362331     -2.05679191E-03
   101.62887     -0.59952641      0.15635234     -1.88676722E-03
   102.02637     -0.59243053      0.15698715     -1.79621426E-03
   102.55637     -0.57806110      0.15620175     -1.68841239E-03
   103.08636     -0.56147099      0.15383494     -1.65223889E-03
   103.61636     -0.54298937      0.15025780     -1.70321821E-03
   104.01386     -0.52858037      0.14697669     -1.79300213E-03
   104.54386     -0.50928038      0.14201817     -1.96044194E-03
   105.07386     -0.49019480      0.13660488     -2.13344744E-03
   105.60386     -0.47206080      0.13084154     -2.25288374E-03
   106.00136     -0.45896190      0.12626049     -2.26788037E-03
   106.53136     -0.44166100      0.11966565     -2.15676799E-03
   107.06136     -0.42245626      0.11232881     -1.89179147E-03
   107.59136     -0.40035495      0.10415344     -1.46691059E-03
   108.12138     -0.37568796      9.51977819E-02 -9.26876382E-04
   108.51888     -0.35591409      8.80870372E-02 -5.00092632E-04
   109.04890     -0.32955620      7.83480555E-02  3.24704961E-05
   109.57893     -0.30503619      6.87165409E-02  4.51409374E-04
   110.10896     -0.28384924      5.95974475E-02  6.95468159E-04
   110.50648     -0.26997352      5.32774068E-02  7.53394444E-04
   111.03651     -0.25560647      4.56864685E-02  6.99637691E-04
   111.56654     -0.24533653      3.90174091E-02  5.49816119E-04
   112.09657     -0.23541498      3.31337079E-02  4.21141391E-04
   112.62660     -0.22410989      2.78172903E-02  4.06206644E-04
   113.02412     -0.21522772      2.41250955E-02  4.71478124E-04
   113.55415     -0.20170987      1.95927285E-02  6.24448410E-04
   114.08418     -0.18821800      1.55734420E-02  8.15294450E-04
   114.61421     -0.17824757      1.22060422E-02  9.39956401E-04
   115.01173     -0.17405777      1.01676621E-02  9.62588354E-04
   115.54176     -0.17037329      8.06839205E-03  9.50722781E-04
   116.07179     -0.16725940      6.54582772E-03  9.64668056E-04
   116.60182     -0.16431233      5.43846656E-03  1.04192272E-03
   117.13185     -0.16137297      4.60454496E-03  1.16796885E-03
   117.52937     -0.15941007      4.10121586E-03  1.27125555E-03
   118.05940     -0.15668838      3.55143403E-03  1.39725511E-03
   118.58943     -0.15369354      3.18181119E-03  1.47713046E-03
   119.11946     -0.15171424      3.03148758E-03  1.49708951E-03
   119.51698     -0.15096831      3.06349527E-03  1.47710450E-03
   120.04702     -0.15096566      3.25658871E-03  1.41849951E-03
   120.57706     -0.15192005      3.59935616E-03  1.33666117E-03
   121.10711     -0.15398081      3.97337461E-03  1.22216588E-03
   121.50465     -0.15436409      4.19564964E-03  1.09123928E-03
   122.03471     -0.15315920      4.35324293E-03  8.92140670E-04
   122.56477     -0.15063125      4.40653041E-03  6.98947639E-04
   123.09483     -0.14604759      4.52611223E-03  5.22845250E-04
   123.62489     -0.13901010      4.98574274E-03  4.49967250E-04
   124.02244     -0.13467102      5.76011883E-03  5.27556636E-04
   124.55250     -0.13282558      7.54731568E-03  7.73721316E-04
   125.08256     -0.13524750      1.02376314E-02  1.14410196E-03
   125.61262     -0.14357255      1.37201184E-02  1.56004261E-03
   126.01016     -0.15301809      1.66396126E-02  1.80315704E-03
   126.54022     -0.16756937      2.04890389E-02  1.94795965E-03
   127.07028     -0.18142141      2.37192437E-02  1.82247569E-03
   127.60034     -0.18892156      2.57744156E-02  1.47367152E-03
   128.13040     -0.18799472      2.64783036E-02  1.00474933E-03
   128.52797     -0.18392327      2.61707585E-02  6.53061608E-04
   129.05806     -0.17298740      2.49139331E-02  2.65627983E-04
   129.58815     -0.15937643      2.31501814E-02  3.30865441E-05
   130.11824     -0.14637688      2.14473605E-02  7.78745380E-06
   130.51581     -0.14050534      2.05134619E-02  9.50882750E-05
   131.04590     -0.13687256      1.99200008E-02  2.96690268E-04
   131.57599     -0.13692094      2.00708061E-02  5.34244697E-04
   132.10608     -0.14061245      2.08184458E-02  7.42430682E-04
   132.50365     -0.14424756      2.16065329E-02  8.54017562E-04
   133.03374     -0.14896931      2.26942562E-02  9.28449328E-04
   133.56387     -0.15125602      2.35497355E-02  9.19329177E-04
   134.09402     -0.15081055      2.40007564E-02  8.71544646E-04
   134.62418     -0.14878108      2.40179151E-02  8.09548947E-04
   135.02179     -0.14613500      2.37728599E-02  7.69653590E-04
   135.55199     -0.14213675      2.31960937E-02  7.38348695E-04
   136.08220     -0.13820046      2.24620868E-02  7.37905561E-04
   136.61244     -0.13470063      2.16978043E-02  7.70784623E-04
   137.01015     -0.13259245      2.11653318E-02  8.09106627E-04
   137.54047     -0.13059177      2.05652062E-02  8.76331585E-04
   138.07083     -0.12933341      2.01017652E-02  9.47527995E-04
   138.60126     -0.12858340      1.97509099E-02  9.96614574E-04
   139.13176     -0.12813748      1.94590576E-02  1.00213406E-03
   139.52971     -0.12792012      1.92325339E-02  9.69801331E-04
   140.06041     -0.12765557      1.88426562E-02  8.65951471E-04
   140.59123     -0.12668675      1.82645842E-02  6.97692914E-04
   141.12222     -0.12427361      1.74363442E-02  4.97849192E-04
   141.52058     -0.12132914      1.66403130E-02  3.51238879E-04
   142.05193     -0.11559773      1.53960260E-02  2.02800118E-04
   142.58354     -0.10869297      1.40612051E-02  1.62797878E-04
   143.11548     -0.10164995      1.28091332E-02  2.54891784E-04
   143.51466     -9.68536884E-02  1.20384134E-02  4.08326829E-04
   144.04729     -9.24402028E-02  1.13736084E-02  7.01039331E-04
   144.58037     -9.12013873E-02  1.11999083E-02  1.02956255E-03
   145.11369     -9.24291760E-02  1.14856269E-02  1.33260363E-03
   145.51369     -9.49113667E-02  1.19397342E-02  1.50735490E-03
   146.04706     -9.92441028E-02  1.27173476E-02  1.64183858E-03
   146.58051     -0.10363280      1.34980893E-02  1.65611692E-03
   147.11404     -0.10589835      1.40847564E-02  1.56979985E-03
   147.51428     -0.10609838      1.43394414E-02  1.46544259E-03
   148.04805     -0.10487628      1.44311916E-02  1.29388075E-03
   148.58199     -0.10185492      1.42875966E-02  1.11666857E-03
   149.11613     -9.77625102E-02  1.40169794E-02  9.54917108E-04
   149.51691     -9.44690704E-02  1.38125308E-02  8.46439681E-04
   150.05154     -9.08446684E-02  1.36422440E-02  7.19967298E-04
   150.58652     -8.78189355E-02  1.36498315E-02  6.17243815E-04
   151.12189     -8.52291137E-02  1.38560943E-02  5.51524456E-04
   151.52371     -8.39351416E-02  1.41299423E-02  5.26203250E-04
   152.05992     -8.25808942E-02  1.46131646E-02  5.26109012E-04
   152.59669     -8.13606232E-02  1.51658077E-02  5.68162184E-04
   153.13408     -8.01202133E-02  1.57127213E-02  6.46864006E-04
   153.53720     -7.88585469E-02  1.60836708E-02  7.22119003E-04
   154.07394     -7.70996213E-02  1.65078454E-02  8.27103620E-04
   154.60988     -7.54200891E-02  1.68663375E-02  9.18693026E-04
   155.01134     -7.41459504E-02  1.71125103E-02  9.73154791E-04
   155.54599     -7.25272298E-02  1.74459610E-02  1.02669164E-03
   156.08002     -7.12387264E-02  1.78185478E-02  1.06379017E-03
   156.61346     -7.03847706E-02  1.82498619E-02  1.08921470E-03
   157.01323     -7.00638592E-02  1.86168849E-02  1.10124145E-03
   157.54585     -7.03086406E-02  1.91378538E-02  1.10373320E-03
   158.07808     -7.11542517E-02  1.96356624E-02  1.07423891E-03
   158.60999     -7.21056908E-02  2.00128444E-02  9.92460176E-04
   159.00874     -7.24542141E-02  2.01583933E-02  8.90763011E-04
   159.54021     -7.16939643E-02  2.01054774E-02  7.09922402E-04
   160.07144     -6.96775168E-02  1.97620243E-02  5.07181277E-04
   160.60249     -6.61644638E-02  1.91544928E-02  3.21873347E-04
   161.00069     -6.28340244E-02  1.85770392E-02  2.24708827E-04
   161.53151     -5.80042079E-02  1.77380983E-02  1.85956582E-04
   162.06223     -5.35984747E-02  1.69269945E-02  2.67154770E-04
   162.59283     -5.10684326E-02  1.62423812E-02  4.56920621E-04
   163.12338     -5.08298576E-02  1.57109648E-02  6.97223819E-04
   163.52127     -5.18097691E-02  1.53855979E-02  8.73518875E-04
   164.05173     -5.42913824E-02  1.49930445E-02  1.06044672E-03
   164.58218     -5.72621673E-02  1.45543264E-02  1.16153539E-03
   165.11259     -5.97225800E-02  1.39803607E-02  1.17338810E-03
   165.51041     -6.11732565E-02  1.34304650E-02  1.13033724E-03
   166.04085     -6.20378256E-02  1.25237796E-02  1.02163176E-03
   166.57130     -6.16858602E-02  1.14452727E-02  8.85980669E-04
   167.10178     -6.05840683E-02  1.02564553E-02  7.50587322E-04
   167.63229     -5.92087060E-02  9.03379172E-03  6.27653324E-04
   168.03020     -5.83465993E-02  8.13306589E-03  5.43458271E-04
   168.56079     -5.74525669E-02  6.99070469E-03  4.31176159E-04
   169.09143     -5.68146370E-02  5.93389291E-03  3.14116711E-04
   169.62213     -5.62456399E-02  4.95960703E-03  1.93610816E-04
   170.02020     -5.56256175E-02  4.27045766E-03  1.09228866E-04
   170.55101     -5.43845780E-02  3.38993035E-03  1.87023779E-05
   171.08188     -5.25586829E-02  2.54655699E-03 -2.66355219E-05
   171.61281     -5.03830276E-02  1.74537417E-03 -1.94095719E-05
   172.01105     -4.87420224E-02  1.18180481E-03  1.29795726E-05
   172.54208     -4.66866493E-02  4.94785781E-04  7.37648152E-05
   173.07320     -4.48471382E-02 -1.07240310E-04  1.25945822E-04
   173.60439     -4.31401469E-02 -6.20496867E-04  1.38017800E-04
   174.00282     -4.18193042E-02 -9.49140172E-04  1.07613065E-04
   174.53413     -3.97416241E-02 -1.31494738E-03  9.43346822E-06
   175.06552     -3.72442305E-02 -1.60284259E-03 -1.41747980E-04
   175.59698     -3.41024324E-02 -1.82541355E-03 -3.28562572E-04
   176.12851     -3.01655699E-02 -2.00601434E-03 -5.29728248E-04
   176.52718     -2.66830679E-02 -2.12639035E-03 -6.77079486E-04
   177.05879     -2.14032363E-02 -2.28189421E-03 -8.60042288E-04
   177.59047     -1.54771507E-02 -2.44451314E-03 -1.02272420E-03
   178.12215     -8.93680379E-03 -2.62431172E-03 -1.16493134E-03
   178.52090     -3.67022282E-03 -2.76443036E-03 -1.26038655E-03
   179.05258      3.56095773E-03 -2.94350414E-03 -1.37815194E-03
   179.58426      1.08119752E-02 -3.09512066E-03 -1.48294214E-03
   180.11594      1.79885291E-02 -3.20520299E-03 -1.56853651E-03
   180.51469      2.33327951E-02 -3.26231495E-03 -1.62125670E-03
   181.04640      3.02878506E-02 -3.31315282E-03 -1.67901057E-03
   181.57811      3.69418412E-02 -3.35850846E-03 -1.72962598E-03
   182.10982      4.32124659E-02 -3.44026182E-03 -1.79243193E-03
   182.50858      4.78433967E-02 -3.55019514E-03 -1.85922266E-03
   183.04025      5.41637763E-02 -3.79821705E-03 -1.98110612E-03
   183.57190      6.07921109E-02 -4.19234298E-03 -2.13689031E-03
   184.10352      6.78923279E-02 -4.74991743E-03 -2.31341622E-03
   184.50218      7.35187083E-02 -5.27605182E-03 -2.44910596E-03
   185.03371      8.13131705E-02 -6.10871334E-03 -2.61813076E-03
   185.56517      8.92425999E-02 -7.07066385E-03 -2.75134761E-03
   186.09657      9.69738960E-02 -8.13361350E-03 -2.82999501E-03
   186.62791      0.10426331     -9.27704945E-03 -2.85061030E-03
   187.02638      0.10938963     -1.01811849E-02 -2.83142901E-03
   187.55762      0.11569850     -1.14468252E-02 -2.76966486E-03
   188.08879      0.12146383     -1.27819180E-02 -2.67960853E-03
   188.61992      0.12680176     -1.41819660E-02 -2.57061981E-03
   189.01822      0.13069373     -1.52694536E-02 -2.47847196E-03
   189.54924      0.13574344     -1.67545713E-02 -2.33749067E-03
   190.08020      0.14053406     -1.82570107E-02 -2.17101467E-03
   190.61111      0.14495718     -1.97496731E-02 -1.97194656E-03
   191.00928      0.14794487     -2.08476000E-02 -1.79796480E-03
   191.54012      0.15137276     -2.22687498E-02 -1.53248571E-03
   192.07094      0.15418044     -2.36397069E-02 -1.23166828E-03
   192.60172      0.15645595     -2.49710567E-02 -8.98412545E-04
   193.13248      0.15830013     -2.62782089E-02 -5.37435291E-04
   193.53055      0.15951052     -2.72510760E-02 -2.47840420E-04
   194.06131      0.16102929     -2.85396315E-02  1.74080953E-04
   194.59210      0.16246092     -2.98091099E-02  6.49185735E-04
   195.12280      0.16361716     -3.10304854E-02  1.18728389E-03
   195.52074      0.16413704     -3.18928696E-02  1.62812148E-03
   196.05119      0.16423161     -3.29416804E-02  2.27500591E-03
   196.58153      0.16333599     -3.38461511E-02  2.97833141E-03
   197.11174      0.16121575     -3.45857926E-02  3.72194848E-03
   197.50932      0.15874068     -3.50277089E-02  4.29377984E-03
   198.03932      0.15429106     -3.54742333E-02  5.05842362E-03
   198.56921      0.14875849     -3.57782505E-02  5.81692299E-03
   199.09900      0.14260311     -3.59731279E-02  6.56776316E-03
   199.62869      0.13610816     -3.60845514E-02  7.31711136E-03
   200.02591      0.13108611     -3.61183882E-02  7.88556878E-03
   200.55545      0.12407172     -3.61015908E-02  8.66361801E-03
   201.08492      0.11657663     -3.60036343E-02  9.47743095E-03
   201.61430      0.10852157     -3.58025283E-02  1.03351083E-02
   202.01131      0.10198875     -3.55684236E-02  1.10058766E-02
   202.54060      9.26531851E-02 -3.51234786E-02  1.19292270E-02
   203.06985      8.26222897E-02 -3.45064960E-02  1.28760785E-02
   203.59909      7.19459504E-02 -3.37007567E-02  1.38322255E-02
   204.12833      6.08303770E-02 -3.26847360E-02  1.47899063E-02
   204.52525      5.23145795E-02 -3.17704082E-02  1.55078843E-02
   205.05449      4.07388397E-02 -3.03299055E-02  1.64653752E-02
   205.58379      2.88610850E-02 -2.86188759E-02  1.74220819E-02
   206.11311      1.67182386E-02 -2.66289692E-02  1.83714069E-02
   206.51016      7.52387987E-03 -2.49579586E-02  1.90762654E-02
   207.03963     -4.65116324E-03 -2.25112010E-02  2.00066771E-02
   207.56920     -1.64976157E-02 -1.98483486E-02  2.09241752E-02
   208.09889     -2.74741333E-02 -1.70124862E-02  2.18463801E-02
   208.62868     -3.70445326E-02 -1.40458737E-02  2.27960348E-02
   209.02596     -4.32449654E-02 -1.17539419E-02  2.35350989E-02
   209.55559     -5.03140837E-02 -8.62110779E-03  2.45695785E-02
   210.08511     -5.62614053E-02 -5.40265674E-03  2.56675072E-02
   210.61453     -6.12477772E-02 -2.09355261E-03  2.68237665E-02
   211.01154     -6.44417852E-02  4.50287538E-04  2.77271885E-02
   211.54077     -6.79856017E-02  3.92156187E-03  2.89733913E-02
   212.06990     -7.06244856E-02  7.45818065E-03  3.02510560E-02
   212.59892     -7.21970201E-02  1.10134045E-02  3.15628015E-02
   213.12782     -7.26111308E-02  1.45322755E-02  3.28804292E-02
   213.52441     -7.19516054E-02  1.71101280E-02  3.38566042E-02
   214.05310     -6.96756095E-02  2.04159208E-02  3.51697542E-02
   214.58170     -6.57651722E-02  2.35193297E-02  3.65275182E-02
   215.11017     -6.01027980E-02  2.63665318E-02  3.79482061E-02
   215.50645     -5.46820462E-02  2.82967333E-02  3.90644260E-02
   216.03474     -4.55678701E-02  3.05442605E-02  4.06302996E-02
   216.56294     -3.49280797E-02  3.23949084E-02  4.22978103E-02
   217.09105     -2.28595436E-02  3.38176973E-02  4.40628901E-02
   217.61909     -9.55029484E-03  3.47921290E-02  4.59158868E-02
   218.01511      1.05781248E-03  3.52281071E-02  4.73552458E-02
   218.54306      1.57067440E-02  3.54213081E-02  4.93289232E-02
   219.07100      3.08306050E-02  3.51770855E-02  5.13463244E-02
   219.59889      4.63809893E-02  3.44793610E-02  5.33863977E-02
   220.12679      6.23163618E-02  3.33113223E-02  5.54241911E-02
   220.52271      7.46594891E-02  3.21162380E-02  5.69396690E-02
   221.05060      9.18557495E-02  3.00911218E-02  5.89345247E-02
   221.57854      0.11003060      2.75831856E-02  6.08967133E-02
   222.10649      0.12911704      2.46265661E-02  6.28266558E-02
   222.50247      0.14385518      2.21465304E-02  6.42550811E-02
   223.03049      0.16381893      1.85619779E-02  6.61349893E-02
   223.55856      0.18354000      1.47550385E-02  6.79767653E-02
   224.08670      0.20229501      1.08088059E-02  6.97634444E-02
   224.61491      0.21960878      6.79312972E-03  7.14620352E-02
   225.01111      0.23151490      3.77413281E-03  7.26603344E-02
   225.53946      0.24566042     -2.49892473E-04  7.41121322E-02
   226.06787      0.25756627     -4.28162608E-03  7.53614157E-02
   226.59639      0.26744550     -8.35791696E-03  7.63706416E-02
   227.12498      0.27581814     -1.25288432E-02  7.71052465E-02
   227.52150      0.28136370     -1.57382227E-02  7.74640739E-02
   228.05028      0.28816739     -2.01241523E-02  7.76925981E-02
   228.57915      0.29450619     -2.45973542E-02  7.76489377E-02
   229.10811      0.30022657     -2.90513672E-02  7.73093030E-02
   229.50485      0.30372375     -3.22845094E-02  7.68507496E-02
   230.03389      0.30632535     -3.63179222E-02  7.59525746E-02
   230.56303      0.30586171     -3.99138927E-02  7.47031644E-02
   231.09224      0.30215573     -4.30044048E-02  7.30682313E-02
   231.62151      0.29452062     -4.55891714E-02  7.09956661E-02
   232.01852      0.28725505     -4.72684503E-02  6.91270381E-02
   232.54796      0.27708268     -4.92789261E-02  6.62049651E-02
   233.07748      0.26737228     -5.11368588E-02  6.27793446E-02
   233.60713      0.25850886     -5.29325083E-02  5.88580482E-02
   234.00444      0.25299439     -5.42196371E-02  5.55953495E-02
   234.53427      0.24702758     -5.57836331E-02  5.08325920E-02
   235.06422      0.24113314     -5.70538566E-02  4.56282459E-02
   235.59433      0.23432124     -5.78832924E-02  3.99868377E-02
   236.12462      0.22613777     -5.81846684E-02  3.38815264E-02
   236.52246      0.21954638     -5.80659918E-02  2.89961584E-02
   237.05313      0.21062964     -5.74964285E-02  2.20644120E-02
   237.58405      0.20198750     -5.65520450E-02  1.46789597E-02
   238.11520      0.19424525     -5.53623736E-02  6.83157239E-03
   238.51366      0.18944746     -5.43763787E-02  6.63449639E-04
   239.04498      0.18489683     -5.30262068E-02 -7.94366375E-03
   239.57635      0.18285388     -5.17330468E-02 -1.69734620E-02
   240.10777      0.18345419     -5.05977049E-02 -2.63897814E-02
   240.50635      0.18573853     -4.99052852E-02 -3.36955413E-02
   241.03778      0.19171271     -4.92809378E-02 -4.37373184E-02
   241.56921      0.20159042     -4.90637645E-02 -5.40995188E-02
   242.10065      0.21575694     -4.92649116E-02 -6.47520870E-02
   242.63208      0.23426183     -4.98344824E-02 -7.56610408E-02
   243.03062      0.25063229     -5.05048782E-02 -8.40075389E-02
   243.56200      0.27518809     -5.16949669E-02 -9.53372270E-02
   244.09337      0.30203944     -5.31703755E-02 -0.10687113    
   244.62473      0.33170357     -5.48968762E-02 -0.11856024    
   245.02321      0.35592830     -5.63514978E-02 -0.12738514    
   245.55452      0.39125615     -5.85166961E-02 -0.13914090    
   246.08580      0.42989400     -6.09921739E-02 -0.15077417    
   246.61705      0.47109187     -6.38554022E-02 -0.16217835    
   247.01549      0.50334889     -6.63141832E-02 -0.17050824    
   247.54674      0.54812980     -7.01051056E-02 -0.18121901    
   248.07799      0.59528834     -7.46006519E-02 -0.19137041    
   248.60924      0.64517772     -7.99215734E-02 -0.20085457    
   249.00768      0.68451846     -8.44950899E-02 -0.20747259    
   249.53893      0.73939985     -9.13797170E-02 -0.21555808    
   250.07024      0.79656571     -9.91189480E-02 -0.22270855    
