  0.13234943      3.83551696E-06  2.21963251E-06 -1.99000288E-10
  0.52977455      4.09845870E-06  2.38759162E-06 -3.44722473E-10
   1.0596689      4.51629512E-06  2.57665670E-06 -1.07235065E-09
   1.5895488      5.03131287E-06  2.71912427E-06 -3.09460035E-09
   2.1194093      5.63046115E-06  2.87682360E-06 -6.88594648E-09
   2.5167909      6.12469739E-06  3.04580453E-06 -1.09548068E-08
   3.0466142      6.83385406E-06  3.38600762E-06 -1.79217228E-08
   3.5764179      7.60270632E-06  3.86778220E-06 -2.62669229E-08
   4.1062055      8.44502210E-06  4.49769504E-06 -3.48161109E-08
   4.5035372      9.13916938E-06  5.07110144E-06 -4.02021207E-08
   5.0333042      1.01702663E-05  5.97268308E-06 -4.51438140E-08
   5.5630655      1.13526994E-05  7.03225942E-06 -4.88622476E-08
   6.0928254      1.27200065E-05  8.25299321E-06 -5.41323644E-08
   6.6225853      1.43042980E-05  9.63958973E-06 -6.55595755E-08
   7.0199070      1.56531696E-05  1.07916612E-05 -8.10924234E-08
   7.5496740      1.76884114E-05  1.24810758E-05 -1.12442400E-07
   8.0794458      2.00183567E-05  1.43479465E-05 -1.52877504E-07
   8.6092234      2.26682132E-05  1.63912391E-05 -1.98948939E-07
   9.0065594      2.48789729E-05  1.80365842E-05 -2.33644641E-07
   9.5363464      2.81407702E-05  2.03748623E-05 -2.73335360E-07
   10.066137      3.17819686E-05  2.28710996E-05 -3.01371642E-07
   10.595934      3.58322322E-05  2.55160157E-05 -3.18414720E-07
   11.125734      4.03178310E-05  2.83035770E-05 -3.28651879E-07
   11.523088      4.39841097E-05  3.04912464E-05 -3.33712762E-07
   12.052895      4.93025109E-05  3.35526092E-05 -3.37832660E-07
   12.582705      5.51508347E-05  3.68124565E-05 -3.40325755E-07
   13.112516      6.15964236E-05  4.02926125E-05 -3.45757201E-07
   13.509877      6.68650027E-05  4.30767650E-05 -3.53051291E-07
   14.039695      7.45280413E-05  4.70973173E-05 -3.68063070E-07
   14.569512      8.29952769E-05  5.15741376E-05 -3.88666393E-07
   15.099333      9.23561893E-05  5.66250310E-05 -4.12564191E-07
   15.629155      1.02710343E-04  6.23627784E-05 -4.38575995E-07
   16.026524      1.11194371E-04  6.71798480E-05 -4.58699787E-07
   16.556347      1.23564212E-04  7.43660130E-05 -4.86862291E-07
   17.086174      1.37271010E-04  8.25106326E-05 -5.19193463E-07
   17.616001      1.52472334E-04  9.17082070E-05 -5.62159414E-07
   18.013372      1.64960133E-04  9.93574431E-05 -6.05005425E-07
   18.543203      1.83219352E-04  1.10646040E-04 -6.79777202E-07
   19.073034      2.03525313E-04  1.23296937E-04 -7.78296794E-07
   19.602865      2.26134813E-04  1.37460185E-04 -9.04209458E-07
   20.000238      2.44775700E-04  1.49178857E-04 -1.01806916E-06
   20.530073      2.72126606E-04  1.66416954E-04 -1.19555148E-06
   21.059908      3.02641885E-04  1.85667916E-04 -1.39845110E-06
   21.589746      3.36678844E-04  2.07130171E-04 -1.62041488E-06
   22.119585      3.74618976E-04  2.31014288E-04 -1.85596741E-06
   22.516964      4.05883562E-04  2.50651938E-04 -2.03921013E-06
   23.046803      4.51680040E-04  2.79337430E-04 -2.28894510E-06
   23.576641      5.02643466E-04  3.11152515E-04 -2.54330780E-06
   24.106483      5.59358567E-04  3.46444722E-04 -2.80772451E-06
   24.503866      6.06069749E-04  3.75441479E-04 -3.01901059E-06
   25.033709      6.74516370E-04  4.17849398E-04 -3.32654690E-06
   25.563555      7.50763575E-04  4.65011370E-04 -3.67014945E-06
   26.093401      8.35697632E-04  5.17531589E-04 -4.05796436E-06
   26.623247      9.30289621E-04  5.76053048E-04 -4.49742038E-06
   27.020632      1.00821070E-03  6.24277280E-04 -4.86311092E-06
   27.550480      1.12234021E-03  6.94931718E-04 -5.40143083E-06
   28.080330      1.24935107E-03  7.73575914E-04 -6.00396015E-06
   28.610180      1.39068835E-03  8.61094391E-04 -6.68038729E-06
   29.007568      1.50706526E-03  9.33153380E-04 -7.24324354E-06
   29.537422      1.67751033E-03  1.03868241E-03 -8.07808919E-06
   30.067276      1.86724274E-03  1.15614326E-03 -9.02020656E-06
   30.597130      2.07846332E-03  1.28689886E-03 -1.00796533E-05
   31.126984      2.31361063E-03  1.43245677E-03 -1.12646139E-05
   31.524374      2.50728615E-03  1.55233417E-03 -1.22407837E-05
   32.054230      2.79097981E-03  1.72790827E-03 -1.36666586E-05
   32.584091      3.10676545E-03  1.92330650E-03 -1.52461134E-05
   33.113953      3.45826102E-03  2.14074808E-03 -1.69941741E-05
   33.511349      3.74772539E-03  2.31977343E-03 -1.84267592E-05
   34.041210      4.17168997E-03  2.58191535E-03 -2.05145170E-05
   34.571072      4.64358833E-03  2.87360884E-03 -2.28248118E-05
   35.100933      5.16883191E-03  3.19818081E-03 -2.53817107E-05
   35.630795      5.75343892E-03  3.55932466E-03 -2.82142919E-05
   36.028191      6.23485073E-03  3.85663728E-03 -3.05398644E-05
   36.558052      6.93989918E-03  4.29193163E-03 -3.39415637E-05
   37.087914      7.72457756E-03  4.77620680E-03 -3.77288088E-05
   37.617775      8.59786384E-03  5.31494245E-03 -4.19506214E-05
   38.015179      9.31694638E-03  5.75837027E-03 -4.54342189E-05
   38.545044      1.03699993E-02  6.40744949E-03 -5.05470307E-05
   39.074909      1.15418974E-02  7.12937675E-03 -5.62490823E-05
   39.604782      1.28460135E-02  7.93225225E-03 -6.25996981E-05
   40.002190      1.39197502E-02  8.59289989E-03 -6.78266515E-05
   40.532066      1.54920053E-02  9.55963135E-03 -7.54718712E-05
   41.061943      1.72414463E-02  1.06344046E-02 -8.39622517E-05
   41.591820      1.91879459E-02  1.18291220E-02 -9.33837364E-05
   42.121696      2.13535838E-02  1.31569523E-02 -1.03841332E-04
   42.519104      2.31362842E-02  1.42488936E-02 -1.12430287E-04
   43.048981      2.57460754E-02  1.58456676E-02 -1.24977785E-04
   43.578857      2.86491923E-02  1.76193770E-02 -1.38898307E-04
   44.108734      3.18784043E-02  1.95889827E-02 -1.54338064E-04
   44.506142      3.45359892E-02  2.12073196E-02 -1.66995596E-04
   45.036018      3.84255536E-02  2.35715341E-02 -1.85443321E-04
   45.565895      4.27509770E-02  2.61941943E-02 -2.06102297E-04
   46.095772      4.75617871E-02  2.91032083E-02 -2.30867765E-04
   46.625648      5.29129170E-02  3.23296338E-02 -2.59428751E-04
   47.023060      5.73126562E-02  3.49763148E-02 -2.75754603E-04
   47.552944      6.37366623E-02  3.88356000E-02 -2.81807414E-04
   48.082829      7.08677098E-02  4.31078672E-02 -2.70564167E-04
   48.612720      7.87799954E-02  4.78307717E-02 -2.44958210E-04
   49.010139      8.52649957E-02  5.16925715E-02 -2.04202181E-04
   49.540031      9.47391242E-02  5.73130697E-02 -1.26110928E-04
   50.069923      0.10525239      6.35366142E-02 -2.22141789E-05
   50.599815      0.11687063      7.04307035E-02  1.21201650E-04
   51.129707      0.12971665      7.80559480E-02  3.07669106E-04
   51.527126      0.14024983      8.43077227E-02  4.59167903E-04
   52.057018      0.15562065      9.34339091E-02  6.11681491E-04
   52.586910      0.17269075      0.10352658      6.46926288E-04
   53.116802      0.19165674      0.11465224      5.59745706E-04
   53.514221      0.20726055      0.12371943      4.03347774E-04
   54.044113      0.23010267      0.13680606      7.04004342E-05
   54.574013      0.25549006      0.15105876     -3.42226558E-04
   55.103912      0.28367853      0.16652228     -7.82344898E-04
   55.501335      0.30680168      0.17893508     -1.09070353E-03
   56.031239      0.34049791      0.19657466     -1.43499265E-03
   56.561146      0.37773067      0.21546301     -1.67081575E-03
   57.091053      0.41873291      0.23564398     -1.68331701E-03
   57.620960      0.46373999      0.25712624     -1.39620365E-03
   58.018391      0.50027287      0.27412444     -9.19189828E-04
   58.548298      0.55304337      0.29809028      7.96176028E-06
   59.078205      0.61034596      0.32345492      1.35090225E-03
   59.608112      0.67248905      0.35021666      3.08151310E-03
   60.005543      0.72348607      0.36963928      4.07045148E-03
   60.535450      0.79890221      0.39400139      6.15251344E-03
   61.065357      0.87774396      0.42446721      1.13100642E-02
   61.595264      0.95539480      0.46362406      1.89689640E-02
   62.125168       1.0280192      0.51359439      2.68388651E-02
   62.522591       1.0793653      0.55837262      2.95868516E-02
   63.052483       1.1503927      0.62543917      2.42702626E-02
   63.582371       1.2314724      0.69451076      1.15160998E-02
   64.112244       1.3277895      0.75662899     -2.69383285E-03
   64.509636       1.4086535      0.79633337     -1.07845962E-02
   65.039474       1.5271564      0.83946723     -1.68689452E-02
   65.569275       1.6545935      0.87170833     -2.02113166E-02
   66.099030       1.7873831      0.89207554     -2.26369984E-02
   66.628723       1.9252845      0.90146244     -2.41389628E-02
   67.025932       2.0308399      0.89993525     -2.49423273E-02
   67.555450       2.1721654      0.87852907     -2.39127278E-02
   68.084801       2.3076043      0.84035152     -1.71501860E-02
   68.613899       2.4287810      0.79774642     -4.85738041E-03
   69.010536       2.5075843      0.76682276      5.64920623E-03
   69.539139       2.5941389      0.72491878      1.97612327E-02
   70.067490       2.6612129      0.67720997      3.31219546E-02
   70.595566       2.7118182      0.62312406      4.30972576E-02
   71.123398       2.7506461      0.55415106      5.05114608E-02
   71.519096       2.7738202      0.49236101      5.45942262E-02
   72.046478       2.7966073      0.40026489      5.76482825E-02
   72.573631       2.8079021      0.29950973      5.66420183E-02
   73.100563       2.8099213      0.18744080      4.94948067E-02
   73.627251       2.8097591      6.11565337E-02  3.84138413E-02
   74.022125       2.8075149     -4.55146953E-02  3.13803926E-02
   74.548454       2.7944174     -0.19842233      3.05181649E-02
   75.074585       2.7604434     -0.35423687      4.12606113E-02
   75.600517       2.6957901     -0.51056558      5.99203594E-02
   76.126266       2.6091650     -0.66334516      7.76348934E-02
   76.520493       2.5351148     -0.76938730      8.41054320E-02
   77.045998       2.4243636     -0.92167807      9.08241943E-02
   77.571327       2.3015137      -1.0699148      9.05375406E-02
   78.096527       2.1737862      -1.2173980      8.68170410E-02
   78.621574       2.0354238      -1.3559570      8.28438848E-02
   79.015312       1.9232125      -1.4497867      7.86261261E-02
   79.540161       1.7638112      -1.5615872      6.84345439E-02
   80.064880       1.6003249      -1.6577140      5.26856594E-02
   80.589546       1.4363811      -1.7477816      3.64177488E-02
   81.114098       1.2608864      -1.8204986      2.18976848E-02
   81.507446       1.1158756      -1.8501387      1.11213829E-02
   82.031914      0.90629971      -1.8554016     -5.15890121E-03
   82.556343      0.68221688      -1.8329490     -2.68015712E-02
   83.080704      0.45427114      -1.7903154     -4.73129861E-02
   83.605011      0.23711765      -1.7413410     -6.36918843E-02
   84.129288      3.21627781E-02  -1.6811700     -7.74656981E-02
   84.522484     -0.11450659      -1.6283500     -8.72515440E-02
   85.046745     -0.29550895      -1.5479141     -0.10234775    
   85.571007     -0.47095400      -1.4441584     -0.11791308    
   86.095299     -0.64459580      -1.3066983     -0.13451156    
   86.619637     -0.80443609      -1.1517329     -0.15543696    
   87.012924     -0.90672898      -1.0372961     -0.17168161    
   87.537369      -1.0144680     -0.90254849     -0.19119808    
   88.061897      -1.0919058     -0.79155260     -0.20572528    
   88.586540      -1.1455274     -0.69909567     -0.21447116    
   89.111305      -1.1825650     -0.61629283     -0.21717899    
   89.504898      -1.2019702     -0.55665946     -0.21505985    
   90.029755      -1.2192854     -0.47450057     -0.20883493    
   90.554764      -1.2311823     -0.38139176     -0.20773791    
   91.079956      -1.2701571     -0.21083733     -0.22974828    
   91.605278      -1.3146130     -7.29849115E-02 -0.24696139    
   92.130737      -1.3457551      4.43868376E-02 -0.26410678    
   92.524986      -1.3355258      0.12100393     -0.26919088    
   93.050819      -1.2900035      0.20078111     -0.25977531    
   93.576805      -1.2275856      0.25604379     -0.24249978    
   94.103027      -1.1690035      0.29413551     -0.20429094    
   94.629448      -1.1192991      0.33309340     -0.16613451    
   95.024406      -1.0798591      0.35372353     -0.14695452    
   95.551254      -1.0186510      0.36465332     -0.13632213    
   96.078323     -0.94386667      0.35851297     -0.13479501    
   96.605637     -0.85877126      0.33869231     -0.13153376    
   97.001274     -0.78848481      0.29785451     -0.12463789    
   97.529015     -0.68559134      0.19860913     -0.10214761    
   98.057014     -0.60253203      0.10853732     -7.46247023E-02
   98.585297     -0.55603409      7.13259503E-02 -5.82052544E-02
   99.113861     -0.52438134      7.59018958E-02 -5.50986342E-02
   99.510498     -0.50433058      9.13171396E-02 -5.99747114E-02
   100.03961     -0.48304585      0.12104666     -7.48873129E-02
   100.56907     -0.46010154      0.15061516     -0.10000436    
   101.09887     -0.43174738      0.17087623     -0.12869200    
   101.62887     -0.39791799      0.17628433     -0.15178350    
   102.02637     -0.36609566      0.16960306     -0.16327384    
   102.55637     -0.31476855      0.14432332     -0.16832900    
   103.08636     -0.25831464      9.95513722E-02 -0.16035976    
   103.61636     -0.19576855      3.29626948E-02 -0.14043787    
   104.01386     -0.15805545     -1.31396465E-02 -0.12073284    
   104.54386     -0.12223443     -5.99696040E-02 -9.63776708E-02
   105.07386     -0.10363954     -9.26663056E-02 -7.96717405E-02
   105.60386     -0.10025795     -0.11512820     -7.44181275E-02
   106.00136     -9.90474969E-02 -0.12560658     -7.49906972E-02
   106.53136     -9.80942845E-02 -0.13693537     -7.90305957E-02
   107.06136     -9.94968265E-02 -0.14540161     -8.25470164E-02
   107.59136     -0.10306376     -0.15193889     -8.25438797E-02
   108.12138     -0.10675462     -0.15954141     -7.87537247E-02
   108.51888     -0.10823651     -0.16952518     -7.43738413E-02
   109.04890     -0.10671905     -0.19327785     -6.91734999E-02
   109.57893     -0.10517378     -0.22052325     -6.78809360E-02
   110.10896     -0.10858708     -0.24304691     -7.20037818E-02
   110.50648     -0.11398837     -0.25433242     -7.76491240E-02
   111.03651     -0.12327721     -0.26070762     -8.58153999E-02
   111.56654     -0.13393351     -0.25989351     -9.36599150E-02
   112.09657     -0.14460248     -0.25493115     -9.99823511E-02
   112.62660     -0.15377083     -0.24823280     -0.10343739    
   113.02412     -0.16021363     -0.24296431     -0.10399142    
   113.55415     -0.16780072     -0.23659821     -0.10240003    
   114.08418     -0.17208818     -0.23256125     -0.10001235    
   114.61421     -0.17310108     -0.23163605     -9.86474305E-02
   115.01173     -0.17396863     -0.23046586     -9.92795900E-02
   115.54176     -0.17595227     -0.22656652     -0.10086358    
   116.07179     -0.17907351     -0.22000830     -0.10189686    
   116.60182     -0.18405458     -0.21238080     -0.10060832    
   117.13185     -0.19065690     -0.20514035     -9.64270607E-02
   117.52937     -0.19662516     -0.20049918     -9.18146297E-02
   118.05940     -0.20530197     -0.19561338     -8.56227726E-02
   118.58943     -0.21331391     -0.19246036     -8.21900666E-02
   119.11946     -0.21937469     -0.19123422     -8.21563751E-02
   119.51698     -0.22238384     -0.19127291     -8.33002254E-02
   120.04702     -0.22505419     -0.19187051     -8.55139345E-02
   120.57706     -0.22565973     -0.19281869     -8.71803090E-02
   121.10711     -0.22501543     -0.19258019     -8.80831107E-02
   121.50465     -0.22502133     -0.18972644     -8.90847296E-02
   122.03471     -0.22466668     -0.18228088     -9.21518728E-02
   122.56477     -0.22224101     -0.17269158     -9.88669246E-02
   123.09483     -0.21706669     -0.16208570     -0.10710400    
   123.62489     -0.20950401     -0.15168230     -0.11373477    
   124.02244     -0.20261604     -0.14424464     -0.11646883    
   124.55250     -0.19348401     -0.13598394     -0.11696228    
   125.08256     -0.18579438     -0.13091543     -0.11427206    
   125.61262     -0.17932162     -0.12861024     -0.10949311    
   126.01016     -0.17560668     -0.12832350     -0.10452235    
   126.54022     -0.17207338     -0.12945271     -9.61921215E-02
   127.07028     -0.17003821     -0.13182589     -8.75784606E-02
   127.60034     -0.16996588     -0.13351768     -8.08405653E-02
   128.13040     -0.16960853     -0.13537502     -7.75910318E-02
   128.52797     -0.16864949     -0.13715729     -7.75265172E-02
   129.05806     -0.16657035     -0.14121515     -7.91948885E-02
   129.58815     -0.16214213     -0.14932184     -8.14306363E-02
   130.11824     -0.15566698     -0.16177365     -8.35824758E-02
   130.51581     -0.15206409     -0.16921338     -8.54657292E-02
   131.04590     -0.14871918     -0.17332482     -8.83490965E-02
   131.57599     -0.14665280     -0.17308269     -9.15579945E-02
   132.10608     -0.14543240     -0.17037790     -9.41677392E-02
   132.50365     -0.14477825     -0.16741695     -9.53193456E-02
   133.03374     -0.14394508     -0.16305499     -9.60394293E-02
   133.56387     -0.14317566     -0.15905936     -9.53720883E-02
   134.09402     -0.14187682     -0.15476368     -9.39945877E-02
   134.62418     -0.14012378     -0.14966652     -9.23798084E-02
   135.02179     -0.13830863     -0.14564373     -9.11413357E-02
   135.55199     -0.13495508     -0.14084046     -8.97088945E-02
   136.08220     -0.13053754     -0.13742448     -8.88533890E-02
   136.61244     -0.12532066     -0.13621251     -8.84280503E-02
   137.01015     -0.12163787     -0.13703260     -8.83138850E-02
   137.54047     -0.11757392     -0.13997154     -8.89257565E-02
   138.07083     -0.11475318     -0.14368492     -9.03798938E-02
   138.60126     -0.11230281     -0.14714086     -9.25774872E-02
   139.13176     -0.10989270     -0.14921509     -9.54942852E-02
   139.52971     -0.10751741     -0.15008460     -9.80913267E-02
   140.06041     -0.10308402     -0.15143278     -0.10146653    
   140.59123     -9.75509360E-02 -0.15315431     -0.10390431    
   141.12222     -9.12114382E-02 -0.15610759     -0.10460013    
   141.52058     -8.59441385E-02 -0.16002958     -0.10350124    
   142.05193     -7.95800760E-02 -0.16656648     -0.10028106    
   142.58354     -7.56802857E-02 -0.17082353     -9.61454809E-02
   143.11548     -7.40961581E-02 -0.17219670     -9.22153890E-02
   143.51466     -7.44802877E-02 -0.17180291     -8.98949429E-02
   144.04729     -7.59600103E-02 -0.17095251     -8.78783762E-02
   144.58037     -7.82198459E-02 -0.17074946     -8.66407603E-02
   145.11369     -8.09825212E-02 -0.17189085     -8.54003280E-02
   145.51369     -8.32597986E-02 -0.17429592     -8.42460021E-02
   146.04706     -8.65634531E-02 -0.18007344     -8.24332014E-02
   146.58051     -8.97079110E-02 -0.18880223     -8.06043223E-02
   147.11404     -9.35373157E-02 -0.19766831     -7.95145929E-02
   147.51428     -9.74947736E-02 -0.20153566     -7.96991587E-02
   148.04805     -0.10358900     -0.20286709     -8.11882094E-02
   148.58199     -0.10937718     -0.20232290     -8.35241675E-02
   149.11613     -0.11459966     -0.20075005     -8.57975632E-02
   149.51691     -0.11807960     -0.19929762     -8.71489272E-02
   150.05154     -0.12193917     -0.19746767     -8.84740129E-02
   150.58652     -0.12457378     -0.19555333     -8.95427614E-02
   151.12189     -0.12669875     -0.19237091     -9.06283110E-02
   151.52371     -0.12819764     -0.18836887     -9.16844308E-02
   152.05992     -0.12935582     -0.18091515     -9.38315690E-02
   152.59669     -0.12890409     -0.17167427     -9.72013175E-02
   153.13408     -0.12619549     -0.16144340     -0.10097317    
   153.53720     -0.12256306     -0.15362550     -0.10348992    
   154.07394     -0.11582790     -0.14365438     -0.10608894    
   154.60988     -0.10749873     -0.13483958     -0.10763974    
   155.01134     -0.10068044     -0.12937090     -0.10806707    
   155.54599     -9.17997062E-02 -0.12427613     -0.10742696    
   156.08002     -8.36104155E-02 -0.12221974     -0.10552306    
   156.61346     -7.64895678E-02 -0.12293093     -0.10253517    
   157.01323     -7.22567961E-02 -0.12475603     -9.99666750E-02
   157.54585     -6.75293654E-02 -0.12956417     -9.69319195E-02
   158.07808     -6.35685772E-02 -0.13691062     -9.45582017E-02
   158.60999     -5.96527830E-02 -0.14699234     -9.27388370E-02
   159.00874     -5.65093458E-02 -0.15594962     -9.15407538E-02
   159.54021     -5.20950593E-02 -0.16848363     -8.97207558E-02
   160.07144     -4.73979488E-02 -0.18050331     -8.72567147E-02
   160.60249     -4.43975031E-02 -0.18825926     -8.47563967E-02
   161.00069     -4.37851250E-02 -0.18975723     -8.35263580E-02
   161.53151     -4.41074371E-02 -0.18818389     -8.32370371E-02
   162.06223     -4.51195911E-02 -0.18421081     -8.41478854E-02
   162.59283     -4.65828553E-02 -0.17929883     -8.57057273E-02
   163.12338     -4.76850457E-02 -0.17415488     -8.74491557E-02
   163.52127     -4.78936657E-02 -0.17022957     -8.84231329E-02
   164.05173     -4.77117561E-02 -0.16496940     -8.91792104E-02
   164.58218     -4.71736901E-02 -0.16036841     -8.94189328E-02
   165.11259     -4.67362627E-02 -0.15751636     -8.92443955E-02
   165.51041     -4.64548953E-02 -0.15676567     -8.91009867E-02
   166.04085     -4.59822342E-02 -0.15790196     -8.91152993E-02
   166.57130     -4.54421639E-02 -0.16204256     -8.94211084E-02
   167.10178     -4.47036475E-02 -0.16874228     -8.99169743E-02
   167.63229     -4.40198183E-02 -0.17541061     -9.06937122E-02
   168.03020     -4.35736775E-02 -0.17852621     -9.14123952E-02
   168.56079     -4.24348302E-02 -0.17988561     -9.26137343E-02
   169.09143     -4.03576121E-02 -0.17944163     -9.39939320E-02
   169.62213     -3.73666063E-02 -0.17856146     -9.53270122E-02
   170.02020     -3.49498503E-02 -0.17745769     -9.62446630E-02
   170.55101     -3.19061205E-02 -0.17503327     -9.73472819E-02
   171.08188     -2.89867539E-02 -0.17179288     -9.80085582E-02
   171.61281     -2.60714479E-02 -0.16802484     -9.80739594E-02
   172.01105     -2.41255537E-02 -0.16546606     -9.78474244E-02
   172.54208     -2.20120959E-02 -0.16306944     -9.73184630E-02
   173.07320     -2.04419587E-02 -0.16212185     -9.66880843E-02
   173.60439     -1.95009578E-02 -0.16238183     -9.62743685E-02
   174.00282     -1.88141167E-02 -0.16395861     -9.61543247E-02
   174.53413     -1.78978555E-02 -0.16836962     -9.62533504E-02
   175.06552     -1.67543776E-02 -0.17484619     -9.64810848E-02
   175.59698     -1.52172912E-02 -0.18217057     -9.66011733E-02
   176.12851     -1.32779609E-02 -0.18942299     -9.64966342E-02
   176.52718     -1.18037835E-02 -0.19415459     -9.63864625E-02
   177.05879     -1.02697797E-02 -0.19840449     -9.66832489E-02
   177.59047     -9.16856714E-03 -0.19922265     -9.78750587E-02
   178.12215     -8.00828077E-03 -0.19783607     -9.95393917E-02
   178.52090     -7.08650146E-03 -0.19590028     -0.10063291    
   179.05258     -5.90268197E-03 -0.19293469     -0.10157000    
   179.58426     -4.57615312E-03 -0.18989648     -0.10169688    
   180.11594     -2.99393525E-03 -0.18692669     -0.10104646    
   180.51469     -1.68070570E-03 -0.18481845     -0.10015464    
   181.04640      1.07664106E-04 -0.18226945     -9.85958204E-02
   181.57811      1.85784907E-03 -0.18012749     -9.68003571E-02
   182.10982      3.70869017E-03 -0.17827541     -9.50378403E-02
   182.50858      5.29196672E-03 -0.17694008     -9.40207392E-02
   183.04025      7.91995879E-03 -0.17498468     -9.32758823E-02
   183.57190      1.15007013E-02 -0.17248188     -9.32301879E-02
   184.10352      1.64619703E-02 -0.16856860     -9.40437615E-02
   184.50218      2.11136714E-02 -0.16443235     -9.51521620E-02
   185.03371      2.87543684E-02 -0.15756762     -9.70300883E-02
   185.56517      3.81602868E-02 -0.14940412     -9.95643586E-02
   186.09657      4.93942574E-02 -0.14039271     -0.10266328    
   186.62791      6.24857768E-02 -0.13101062     -0.10597788    
   187.02638      7.35269487E-02 -0.12397030     -0.10834624    
   187.55762      8.96608308E-02 -0.11496256     -0.11093806    
   188.08879      0.10720375     -0.10701638     -0.11270621    
   188.61992      0.12563261     -0.10136146     -0.11360525    
   189.01822      0.13991463     -9.89424363E-02 -0.11358745    
   189.54924      0.15926374     -9.76325721E-02 -0.11279607    
   190.08020      0.17887865     -9.77502018E-02 -0.11104775    
   190.61111      0.19837970     -9.95636806E-02 -0.10842060    
   191.00928      0.21274582     -0.10231443     -0.10612576    
   191.54012      0.23138908     -0.10832135     -0.10306905    
   192.07094      0.24933860     -0.11658464     -0.10023516    
   192.60172      0.26615632     -0.12678336     -9.81007516E-02
   193.13248      0.28131628     -0.13845471     -9.70218480E-02
   193.53055      0.29131177     -0.14791831     -9.67730433E-02
   194.06131      0.30248338     -0.16124085     -9.68265831E-02
   194.59210      0.31087661     -0.17516024     -9.67442840E-02
   195.12280      0.31631327     -0.18954423     -9.58984196E-02
   195.52074      0.31841734     -0.20060444     -9.44983140E-02
   196.05119      0.31858552     -0.21573468     -9.14923474E-02
   196.58153      0.31552029     -0.23118517     -8.74139816E-02
   197.11174      0.30898386     -0.24693586     -8.30772817E-02
   197.50932      0.30194038     -0.25871834     -8.03598911E-02
   198.03932      0.29010946     -0.27429390     -7.81618506E-02
   198.56921      0.27583656     -0.28938264     -7.78698325E-02
   199.09900      0.25944117     -0.30365705     -7.91429132E-02
   199.62869      0.24133517     -0.31686473     -8.14000145E-02
   200.02591      0.22693270     -0.32594615     -8.34691077E-02
   200.55545      0.20681261     -0.33683646     -8.63525718E-02
   201.08492      0.18587403     -0.34631199     -8.91850889E-02
   201.61430      0.16439040     -0.35435829     -9.17869285E-02
   202.01131      0.14789337     -0.35944140     -9.32608545E-02
   202.54060      0.12522332     -0.36488849     -9.41936076E-02
   203.06985      0.10156260     -0.36899269     -9.38571841E-02
   203.59909      7.68030882E-02 -0.37209666     -9.25917327E-02
   204.12833      5.09354509E-02 -0.37451422     -9.09211934E-02
   204.52525      3.09542939E-02 -0.37589595     -8.94932151E-02
   205.05449      4.20047855E-03 -0.37861767     -8.72539133E-02
   205.58379     -2.38057673E-02 -0.38031799     -8.48297328E-02
   206.11311     -5.26585020E-02 -0.37983260     -8.23543966E-02
   206.51016     -7.45224655E-02 -0.37753478     -8.03621486E-02
   207.03963     -0.10341125     -0.37343767     -7.73726404E-02
   207.56920     -0.13112053     -0.36904347     -7.41027370E-02
   208.09889     -0.15705442     -0.36459008     -7.06646889E-02
   208.62868     -0.18105757     -0.35947323     -6.71889782E-02
   209.02596     -0.19784918     -0.35488614     -6.49425387E-02
   209.55559     -0.21860768     -0.34764874     -6.31862879E-02
   210.08511     -0.23841029     -0.33721134     -6.40279353E-02
   210.61453     -0.25770187     -0.32177320     -6.63774014E-02
   211.01154     -0.27154815     -0.30648303     -6.87351674E-02
   211.54077     -0.28729618     -0.28344560     -7.26789385E-02
   212.06990     -0.29915267     -0.25809929     -7.59294778E-02
   212.59892     -0.30547550     -0.23268759     -7.86877126E-02
   213.12782     -0.30580896     -0.20879970     -8.15863758E-02
   213.52441     -0.30303845     -0.19126378     -8.35114121E-02
   214.05310     -0.29556838     -0.16812226     -8.49031061E-02
   214.58170     -0.28377813     -0.14491129     -8.56586546E-02
   215.11017     -0.26771700     -0.12146024     -8.60722438E-02
   215.50645     -0.25307357     -0.10370760     -8.61050263E-02
   216.03474     -0.22991733     -7.98806548E-02 -8.55374932E-02
   216.56294     -0.20272824     -5.61347157E-02 -8.39228630E-02
   217.09105     -0.17245823     -3.29707749E-02 -8.10645670E-02
   217.61909     -0.14052844     -1.01270527E-02 -7.64284134E-02
   218.01511     -0.11547072      5.70316426E-03 -7.13294744E-02
   218.54306     -7.97640681E-02  2.36416310E-02 -6.40997067E-02
   219.07100     -4.07151133E-02  3.72577459E-02 -5.77769801E-02
   219.59889      2.09975429E-03  4.69272807E-02 -5.23028895E-02
   220.12679      4.81543206E-02  5.16466349E-02 -4.80946563E-02
   220.52271      8.40717331E-02  5.07927164E-02 -4.50346470E-02
   221.05060      0.13264564      4.57139276E-02 -3.99683788E-02
   221.57854      0.18158382      3.75847071E-02 -3.27550620E-02
   222.10649      0.22981840      2.78097373E-02 -2.37969495E-02
   222.50247      0.26479816      2.05068886E-02 -1.69813000E-02
   223.03049      0.31054473      1.03983916E-02 -8.51814263E-03
   223.55856      0.35566199     -1.06828217E-03 -6.79452904E-04
   224.08670      0.39914805     -1.45741627E-02  7.91716203E-03
   224.61491      0.43973577     -3.05262506E-02  1.84164234E-02
   225.01111      0.46735957     -4.40825671E-02  2.73984578E-02
   225.53946      0.50018167     -6.41173646E-02  4.00859900E-02
   226.06787      0.52842659     -8.63423496E-02  5.22668362E-02
   226.59639      0.55178356     -0.11011131      6.26067519E-02
   227.12498      0.56928766     -0.13460185      6.99213445E-02
   227.52150      0.57819784     -0.15284674      7.30105564E-02
   228.05028      0.58466923     -0.17606787      7.49277920E-02
   228.57915      0.58533072     -0.19732851      7.67063871E-02
   229.10811      0.58089286     -0.21689017      7.90568367E-02
   229.50485      0.57478142     -0.23121263      8.08899477E-02
   230.03389      0.56387085     -0.25128400      8.29993561E-02
   230.56303      0.55129111     -0.27443290      8.49972442E-02
   231.09224      0.53839552     -0.30126616      8.76540765E-02
   231.62151      0.52299035     -0.33114952      9.17596743E-02
   232.01852      0.50849062     -0.35467377      9.51399729E-02
   232.54796      0.48507768     -0.38671347      9.80269685E-02
   233.07748      0.45696822     -0.41817081      9.68684182E-02
   233.60713      0.42450434     -0.44795674      9.46437716E-02
   234.00444      0.39753044     -0.46904504      9.21740010E-02
   234.53427      0.35561711     -0.49133402      8.77684206E-02
   235.06422      0.30784300     -0.50629658      8.11912566E-02
   235.59433      0.25714695     -0.51493031      7.29131997E-02
   236.12462      0.20604819     -0.51673836      6.31871894E-02
   236.52246      0.16795789     -0.51398003      5.46223260E-02
   237.05313      0.11761102     -0.50487274      4.21547927E-02
   237.58405      6.90447986E-02 -0.48841527      2.85171960E-02
   238.11520      2.39268653E-02 -0.46725470      1.47774685E-02
   238.51366     -6.93266699E-03 -0.44941011      4.41346783E-03
   239.04498     -4.29942682E-02 -0.42330343     -9.73375235E-03
   239.57635     -7.28944391E-02 -0.39447790     -2.39755213E-02
   240.10777     -9.69032496E-02 -0.36260298     -3.76543440E-02
   240.50635     -0.11035269     -0.33730608     -4.93391305E-02
   241.03778     -0.12116978     -0.30083257     -6.67740256E-02
   241.56921     -0.12351514     -0.25985780     -8.63475725E-02
   242.10065     -0.11714755     -0.21650317     -0.10862039    
   242.63208     -0.10272034     -0.17334820     -0.13217722    
   243.03062     -8.58438015E-02 -0.14240953     -0.15104669    
   243.56200     -5.38676605E-02 -0.10257317     -0.17746943    
   244.09337     -1.08828293E-02 -6.31616488E-02 -0.20505807    
   244.62473      4.06970568E-02 -2.30140109E-02 -0.23402944    
   245.02321      8.37979466E-02  7.34896678E-03 -0.25678203    
   245.55452      0.14546330      4.74029481E-02 -0.28907922    
   246.08580      0.21238652      8.48482996E-02 -0.32347184    
   246.61705      0.28388426      0.11807942     -0.36119115    
   247.01549      0.34246287      0.13924192     -0.39192256    
   247.54674      0.42903841      0.16245067     -0.43513280    
   248.07799      0.52762264      0.18005000     -0.47890085    
   248.60924      0.63795447      0.18454705     -0.51949662    
   249.00768      0.72530544      0.18274622     -0.54790342    
   249.53893      0.84014791      0.18348752     -0.58264589    
   250.07024      0.94864279      0.19162671     -0.61336070    
