  0.13234943      2.06098690E-07  1.20466225E-07 -9.24321120E-10
  0.52977455      2.08078490E-07  1.29657778E-07 -1.44375689E-09
   1.0596689      2.11380751E-07  1.42341577E-07 -2.65538036E-09
   1.5895488      2.16222134E-07  1.55603246E-07 -3.63169361E-09
   2.1194093      2.22948998E-07  1.69586428E-07 -4.46189086E-09
   2.5167909      2.29423591E-07  1.80665808E-07 -5.16795007E-09
   3.0466142      2.39327790E-07  1.96423045E-07 -7.36645323E-09
   3.5764179      2.50521879E-07  2.13440373E-07 -1.19304717E-08
   4.1062055      2.62784710E-07  2.31814028E-07 -1.94570386E-08
   4.5035372      2.72635361E-07  2.46520415E-07 -2.73624590E-08
   5.0333042      2.86832915E-07  2.67319336E-07 -4.13964756E-08
   5.5630655      3.02719229E-07  2.89340818E-07 -5.98236767E-08
   6.0928254      3.21310324E-07  3.12546916E-07 -8.25740045E-08
   6.6225853      3.43547981E-07  3.37224805E-07 -1.09532820E-07
   7.0199070      3.62969672E-07  3.56986789E-07 -1.32520498E-07
   7.5496740      3.92715464E-07  3.85451415E-07 -1.66672748E-07
   8.0794458      4.27959890E-07  4.16763129E-07 -2.04276347E-07
   8.6092234      4.70826222E-07  4.51664391E-07 -2.44284280E-07
   9.0065594      5.08379458E-07  4.80981726E-07 -2.75826665E-07
   9.5363464      5.65581445E-07  5.25271673E-07 -3.20735126E-07
   10.066137      6.31587227E-07  5.76204002E-07 -3.69726877E-07
   10.595934      7.07303514E-07  6.34346065E-07 -4.23615489E-07
   11.125734      7.93767526E-07  7.00223268E-07 -4.83029339E-07
   11.523088      8.66301377E-07  7.55058750E-07 -5.31463627E-07
   12.052895      9.74048135E-07  8.35928859E-07 -6.01493753E-07
   12.582705      1.09520408E-06  9.26265614E-07 -6.78123058E-07
   13.112516      1.23062750E-06  1.02673914E-06 -7.61832894E-07
   13.509877      1.34218737E-06  1.10922895E-06 -8.29567682E-07
   14.039695      1.50547862E-06  1.22961080E-06 -9.27064093E-07
   14.569512      1.68718964E-06  1.36327105E-06 -1.03369200E-06
   15.099333      1.88968920E-06  1.51220911E-06 -1.15075909E-06
   15.629155      2.11570114E-06  1.67885617E-06 -1.27987482E-06
   16.026524      2.30242586E-06  1.81708629E-06 -1.38572977E-06
   16.556347      2.57685087E-06  2.02131059E-06 -1.54052350E-06
   17.086174      2.88340289E-06  2.25089411E-06 -1.71289616E-06
   17.616001      3.22562073E-06  2.50868652E-06 -1.90507581E-06
   18.013372      3.50797700E-06  2.72231841E-06 -2.06359482E-06
   18.543203      3.92201036E-06  3.03677712E-06 -2.29606917E-06
   19.073034      4.38311145E-06  3.38834980E-06 -2.55504574E-06
   19.602865      4.89631748E-06  3.78106324E-06 -2.84336534E-06
   20.000238      5.31881506E-06  4.10533130E-06 -3.08076415E-06
   20.530073      5.93741061E-06  4.58142495E-06 -3.42834392E-06
   21.059908      6.62584716E-06  5.11268217E-06 -3.81505561E-06
   21.589746      7.39231928E-06  5.70533666E-06 -4.24539758E-06
   22.119585      8.24593462E-06  6.36626010E-06 -4.72447073E-06
   22.516964      8.94930508E-06  6.91125979E-06 -5.11919006E-06
   23.046803      9.97999268E-06  7.71023042E-06 -5.69776785E-06
   23.576641      1.11276222E-05  8.60009004E-06 -6.34244407E-06
   24.106483      1.24052494E-05  9.59086628E-06 -7.06075753E-06
   24.503866      1.34575257E-05  1.04069468E-05 -7.65276491E-06
   25.033709      1.49989755E-05  1.16025494E-05 -8.52037829E-06
   25.563555      1.67151593E-05  1.29340715E-05 -9.48659545E-06
   26.093401      1.86260531E-05  1.44174264E-05 -1.05624913E-05
   26.623247      2.07538815E-05  1.60703421E-05 -1.17604141E-05
   27.020632      2.25068561E-05  1.74330235E-05 -1.27471349E-05
   27.550480      2.50752619E-05  1.94309687E-05 -1.41924947E-05
   28.080330      2.79350097E-05  2.16570679E-05 -1.58012572E-05
   28.610180      3.11188378E-05  2.41366652E-05 -1.75916466E-05
   29.007568      3.37411548E-05  2.61794848E-05 -1.90657574E-05
   29.537422      3.75822747E-05  2.91720971E-05 -2.12242539E-05
   30.067276      4.18579657E-05  3.25032961E-05 -2.36260512E-05
   30.597130      4.66173951E-05  3.62110695E-05 -2.62986650E-05
   31.126984      5.19152381E-05  4.03379236E-05 -2.92727927E-05
   31.524374      5.62782880E-05  4.37364033E-05 -3.17216618E-05
   32.054230      6.26688925E-05  4.87140023E-05 -3.53079595E-05
   32.584091      6.97823780E-05  5.42545713E-05 -3.92993461E-05
   33.113953      7.77006207E-05  6.04220259E-05 -4.37418203E-05
   33.511349      8.42218433E-05  6.55014737E-05 -4.74003173E-05
   34.041210      9.37737859E-05  7.29418462E-05 -5.27590637E-05
   34.571072      1.04406470E-04  8.12244398E-05 -5.87243558E-05
   35.100933      1.16242067E-04  9.04445551E-05 -6.53649913E-05
   35.630795      1.29416498E-04  1.00708021E-04 -7.27574225E-05
   36.028191      1.40266289E-04  1.09160639E-04 -7.88458419E-05
   36.558052      1.56157665E-04  1.21540907E-04 -8.77638668E-05
   37.087914      1.73845721E-04  1.35320646E-04 -9.76905430E-05
   37.617775      1.93533342E-04  1.50657710E-04 -1.08739638E-04
   38.015179      2.09746329E-04  1.63287681E-04 -1.17838703E-04
   38.545044      2.33492552E-04  1.81785683E-04 -1.31165390E-04
   39.074909      2.59923952E-04  2.02375115E-04 -1.45998580E-04
   39.604782      2.89344927E-04  2.25293101E-04 -1.62508848E-04
   40.002190      3.13575001E-04  2.44167517E-04 -1.76105634E-04
   40.532066      3.49065929E-04  2.71813798E-04 -1.96020905E-04
   41.061943      3.88572778E-04  3.02588305E-04 -2.18189147E-04
   41.591820      4.32549685E-04  3.36844765E-04 -2.42865630E-04
   42.121696      4.81501920E-04  3.74976604E-04 -2.70334305E-04
   42.519104      5.21817303E-04  4.06380306E-04 -2.92956829E-04
   43.048981      5.80867869E-04  4.52377571E-04 -3.26093024E-04
   43.578857      6.46597939E-04  5.03577525E-04 -3.62977880E-04
   44.108734      7.19762989E-04  5.60568878E-04 -4.04034974E-04
   44.506142      7.80018454E-04  6.07504393E-04 -4.37847455E-04
   45.036018      8.68275762E-04  6.76252123E-04 -4.87372046E-04
   45.565895      9.66516556E-04  7.52777443E-04 -5.42496564E-04
   46.095772      1.07587059E-03  8.37960397E-04 -6.03853725E-04
   46.625648      1.19759468E-03  9.32780677E-04 -6.72147085E-04
   47.023060      1.29784155E-03  1.01087138E-03 -7.28386920E-04
   47.552944      1.44467433E-03  1.12525304E-03 -8.10755766E-04
   48.082829      1.60811562E-03  1.25257415E-03 -9.02432599E-04
   48.612720      1.79004262E-03  1.39429793E-03 -1.00446725E-03
   49.010139      1.93986809E-03  1.51101523E-03 -1.08848885E-03
   49.540031      2.15931493E-03  1.68197241E-03 -1.21153961E-03
   50.069923      2.40357826E-03  1.87226653E-03 -1.34848617E-03
   50.599815      2.67546158E-03  2.08408386E-03 -1.50089455E-03
   51.129707      2.97808601E-03  2.31985864E-03 -1.67050608E-03
   51.527126      3.22730280E-03  2.51402869E-03 -1.81015988E-03
   52.057018      3.59231187E-03  2.79842410E-03 -2.01466191E-03
   52.586910      3.99857620E-03  3.11497785E-03 -2.24222359E-03
   53.116802      4.45075240E-03  3.46732116E-03 -2.49543344E-03
   53.514221      4.82310914E-03  3.75748076E-03 -2.70389160E-03
   54.044113      5.36844321E-03  4.18245653E-03 -3.00910044E-03
   54.574013      5.97537681E-03  4.65546641E-03 -3.34866042E-03
   55.103912      6.65085390E-03  5.18193189E-03 -3.72641277E-03
   55.501335      7.20705371E-03  5.61546721E-03 -4.03734297E-03
   56.031239      8.02157447E-03  6.25040336E-03 -4.49248822E-03
   56.561146      8.92802142E-03  6.95706159E-03 -4.99872537E-03
   57.091053      9.93673969E-03  7.74352485E-03 -5.56173362E-03
   57.620960      1.10592246E-02  8.61878879E-03 -6.18781708E-03
   58.018391      1.19833779E-02  9.33948345E-03 -6.70294976E-03
   58.548298      1.33365504E-02  1.03948740E-02 -7.45669287E-03
   59.078205      1.48421582E-02  1.15693323E-02 -8.29460286E-03
   59.608112      1.65172927E-02  1.28762498E-02 -9.22594965E-03
   60.005543      1.78962406E-02  1.39522580E-02 -9.99190472E-03
   60.535450      1.99149959E-02  1.55277904E-02 -1.11120865E-02
   61.065357      2.21606921E-02  1.72808319E-02 -1.23565849E-02
   61.595264      2.46586837E-02  1.92313101E-02 -1.37389023E-02
   62.125168      2.74371170E-02  2.14013718E-02 -1.52739557E-02
   62.522591      2.97236331E-02  2.31877118E-02 -1.65353175E-02
   63.052483      3.30699459E-02  2.58028172E-02 -1.83782652E-02
   63.582371      3.67908701E-02  2.87117921E-02 -2.04233527E-02
   64.112244      4.09279838E-02  3.19473073E-02 -2.26918720E-02
   64.509636      4.43313867E-02  3.46100368E-02 -2.45540403E-02
   65.039474      4.93098721E-02  3.85067500E-02 -2.72717141E-02
   65.569275      5.48431091E-02  4.28374484E-02 -3.02822217E-02
   66.099030      6.09903261E-02  4.76476066E-02 -3.36157419E-02
   66.628723      6.78144619E-02  5.29918894E-02 -3.73049900E-02
   67.025932      7.34126344E-02  5.73908165E-02 -4.03280109E-02
   67.555450      8.15633014E-02  6.38377666E-02 -4.47333604E-02
   68.084801      9.05672684E-02  7.10162371E-02 -4.96053658E-02
   68.613899      0.10053397      7.89857358E-02 -5.49781248E-02
   69.010536      0.10872551      8.55124295E-02 -5.93531951E-02
   69.539139      0.12072431      9.49969143E-02 -6.56727105E-02
   70.067490      0.13408215      0.10545942     -7.25913495E-02
   70.595566      0.14892539      0.11702630     -8.01733285E-02
   71.123398      0.16538158      0.12985533     -8.84934068E-02
   71.519096      0.17887056      0.14041133     -9.52618942E-02
   72.046478      0.19852747      0.15588051     -0.10504323    
   72.573631      0.22028220      0.17311756     -0.11573888    
   73.100563      0.24435693      0.19231327     -0.12739500    
   73.627251      0.27097338      0.21365240     -0.14004941    
   74.022125      0.29273853      0.23117232     -0.15021148    
   74.548454      0.32433650      0.25669682     -0.16466638    
   75.074585      0.35906333      0.28487095     -0.18015090    
   75.600517      0.39731580      0.31583419     -0.19659171    
   76.126266      0.43940330      0.34981269     -0.21392894    
   76.520493      0.47344780      0.37747523     -0.22760685    
   77.045998      0.52194911      0.41751778     -0.24683841    
   77.571327      0.57429796      0.46103349     -0.26681817    
   78.096527      0.63099670      0.50785005     -0.28706163    
   78.621574      0.69421375      0.55857629     -0.30660161    
   79.015312      0.74507046      0.60022938     -0.32115582    
   79.540161      0.81640887      0.66193461     -0.34117389    
   80.064880      0.89083976      0.73023683     -0.36298150    
   80.589546      0.96625566      0.80224109     -0.38900173    
   81.114098       1.0391536      0.87380517     -0.42083001    
   81.507446       1.0908444      0.92603850     -0.44927272    
   82.031914       1.1571940      0.99574178     -0.49099773    
   82.556343       1.2271191       1.0712763     -0.52984101    
   83.080704       1.3083997       1.1581316     -0.55971909    
   83.605011       1.4014382       1.2557684     -0.57684088    
   84.129288       1.4994408       1.3580730     -0.58107293    
   84.522484       1.5750394       1.4331666     -0.57543349    
   85.046745       1.6758597       1.5263863     -0.55602527    
   85.571007       1.7726045       1.6093582     -0.52179855    
   86.095299       1.8650841       1.6821072     -0.47255477    
   86.619637       1.9462833       1.7419734     -0.41019794    
   87.012924       1.9959133       1.7763835     -0.35602057    
   87.537369       2.0486226       1.8089530     -0.27457407    
   88.061897       2.0854473       1.8288538     -0.18830654    
   88.586540       2.1052322       1.8418665     -0.10340978    
   89.111305       2.1110249       1.8537991     -1.82721131E-02
   89.504898       2.1060085       1.8638312      4.67786640E-02
   90.029755       2.0847173       1.8776788      0.13415065    
   90.554764       2.0433109       1.8878489      0.21727334    
   91.079956       1.9819449       1.8895723      0.29611853    
   91.605278       1.9061329       1.8799855      0.37266493    
   92.130737       1.8225269       1.8599870      0.44866350    
   92.524986       1.7551715       1.8364732      0.50580704    
   93.050819       1.6594634       1.7919340      0.57984495    
   93.576805       1.5566845       1.7307479      0.64727885    
   94.103027       1.4488779       1.6514579      0.70786530    
   94.629448       1.3393574       1.5544353      0.76201010    
   95.024406       1.2564580       1.4717317      0.79805756    
   95.551254       1.1432608       1.3547835      0.83816868    
   96.078323       1.0220495       1.2398696      0.86372900    
   96.605637      0.89294612       1.1349399      0.87661320    
   97.001274      0.79268116       1.0645925      0.87705517    
   97.529015      0.65754521      0.98067945      0.86953855    
   98.057014      0.52514565      0.90416515      0.85659879    
   98.585297      0.39871150      0.83104962      0.84184474    
   99.113861      0.28141028      0.75826985      0.82718009    
   99.510498      0.20007265      0.70287192      0.81542408    
   100.03961      9.87787321E-02  0.62542683      0.79573190    
   100.56907      3.41329165E-03  0.54219168      0.76882446    
   101.09887     -9.13529620E-02  0.45302832      0.73031557    
   101.62887     -0.18377417      0.36018252      0.68161589    
   102.02637     -0.25031507      0.29113036      0.64038563    
   102.55637     -0.33084121      0.20543420      0.57951164    
   103.08636     -0.40458843      0.13115975      0.51491308    
   103.61636     -0.47151536      6.92962408E-02  0.44991148    
   104.01386     -0.51069891      3.15301605E-02  0.40400764    
   104.54386     -0.54925382     -4.69531398E-03  0.35046992    
   105.07386     -0.57547140     -2.49153245E-02  0.30804241    
   105.60386     -0.58941036     -3.76279391E-02  0.27691579    
   106.00136     -0.59460092     -4.65973541E-02  0.25882199    
   106.53136     -0.59560442     -5.91662750E-02  0.23480169    
   107.06136     -0.59387374     -7.38792419E-02  0.20889142    
   107.59136     -0.59307355     -8.96696001E-02  0.18071821    
   108.12138     -0.59444976     -0.10404995      0.14920790    
   108.51888     -0.59638965     -0.11253077      0.12393042    
   109.04890     -0.59678066     -0.11887661      9.17647257E-02
   109.57893     -0.59046286     -0.11977959      6.48303479E-02
   110.10896     -0.57609320     -0.11814140      4.42735292E-02
   110.50648     -0.55907583     -0.11597927      3.24801877E-02
   111.03651     -0.53443849     -0.11168800      2.06243191E-02
   111.56654     -0.50916517     -0.10799562      1.12203248E-02
   112.09657     -0.48298359     -0.10475766      2.81048054E-03
   112.62660     -0.45686042     -0.10067576     -4.33214614E-03
   113.02412     -0.43778887     -9.55992937E-02 -8.49431939E-03
   113.55415     -0.41337129     -8.48368406E-02 -1.19297309E-02
   114.08418     -0.38956094     -6.91336170E-02 -1.20137092E-02
   114.61421     -0.36576590     -4.94503789E-02 -7.17498828E-03
   115.01173     -0.34815139     -3.35417688E-02 -1.76581787E-03
   115.54176     -0.32471138     -1.25670712E-02  7.52047310E-03
   116.07179     -0.30098730      6.37437683E-03  2.20480431E-02
   116.60182     -0.27651471      2.32967902E-02  4.14370857E-02
   117.13185     -0.25316304      3.90576236E-02  6.19856864E-02
   117.52937     -0.23699832      5.03142215E-02  7.67963901E-02
   118.05940     -0.21706045      6.44447654E-02  9.41171646E-02
   118.58943     -0.19913146      7.68793374E-02  0.10680792    
   119.11946     -0.18498701      8.62030387E-02  0.11220124    
   119.51698     -0.17669487      9.09315646E-02  0.11378625    
   120.04702     -0.16743536      9.41954777E-02  0.11514352    
   120.57706     -0.15747580      9.59740132E-02  0.11579670    
   121.10711     -0.14624470      9.72248986E-02  0.11734719    
   121.50465     -0.13652809      9.81912464E-02  0.12025957    
   122.03471     -0.12257969      0.10049231      0.12636043    
   122.56477     -0.10959221      0.10451061      0.13480675    
   123.09483     -9.91798192E-02  0.11021937      0.14457698    
   123.62489     -9.20136049E-02  0.11671174      0.15460618    
   124.02244     -8.85681808E-02  0.12139434      0.16105001    
   124.55250     -8.53169560E-02  0.12691176      0.16747743    
   125.08256     -8.32156986E-02  0.13160656      0.17201550    
   125.61262     -8.13836679E-02  0.13577035      0.17624344    
   126.01016     -8.03255439E-02  0.13854943      0.18043737    
   126.54022     -7.92404562E-02  0.14189067      0.18796355    
   127.07028     -7.80177712E-02  0.14475684      0.19678782    
   127.60034     -7.72196874E-02  0.14659323      0.20576763    
   128.13040     -7.70321265E-02  0.14584181      0.21371509    
   128.52797     -7.80040100E-02  0.14350218      0.21786204    
   129.05806     -8.03722739E-02  0.13798760      0.22104485    
   129.58815     -8.33877996E-02  0.13040315      0.22236669    
   130.11824     -8.62103850E-02  0.12171595      0.22116418    
   130.51581     -8.75710919E-02  0.11496059      0.21913855    
   131.04590     -8.78159851E-02  0.10586677      0.21593693    
   131.57599     -8.61132592E-02  9.67820063E-02  0.21328560    
   132.10608     -8.28263611E-02  8.80595818E-02  0.21214694    
   132.50365     -8.02271366E-02  8.20144117E-02  0.21183968    
   133.03374     -7.76559412E-02  7.47906864E-02  0.21157426    
   133.56387     -7.69301057E-02  6.88559487E-02  0.21119960    
   134.09402     -7.79497996E-02  6.34725615E-02  0.21073417    
   134.62418     -8.00388604E-02  5.77509180E-02  0.21063980    
   135.02179     -8.18337202E-02  5.29363751E-02  0.21076146    
   135.55199     -8.41502100E-02  4.57608253E-02  0.21094079    
   136.08220     -8.56118277E-02  3.81366163E-02  0.21130595    
   136.61244     -8.51403251E-02  3.05273607E-02  0.21195094    
   137.01015     -8.32420439E-02  2.51657926E-02  0.21262555    
   137.54047     -7.90481344E-02  1.87221244E-02  0.21351947    
   138.07083     -7.35454708E-02  1.31997727E-02  0.21375871    
   138.60126     -6.82213306E-02  8.07782356E-03  0.21241751    
   139.13176     -6.42692745E-02  3.05802189E-03  0.20869803    
   139.52971     -6.24123849E-02 -1.13756675E-03  0.20483372    
   140.06041     -6.14879392E-02 -7.55516905E-03  0.19893089    
   140.59123     -6.12930059E-02 -1.45416781E-02  0.19284606    
   141.12222     -6.00396022E-02 -2.13813856E-02  0.18713240    
   141.52058     -5.71735241E-02 -2.59012822E-02  0.18317309    
   142.05193     -5.08228876E-02 -3.09081841E-02  0.17844632    
   142.58354     -4.19514067E-02 -3.56888771E-02  0.17396061    
   143.11548     -3.07602957E-02 -4.15772386E-02  0.16912606    
   143.51466     -2.07909383E-02 -4.70937490E-02  0.16513501    
   144.04729     -5.33611327E-03 -5.64218536E-02  0.15939990    
   144.58037      1.22694429E-02 -6.82857931E-02  0.15396360    
   145.11369      3.12556699E-02 -8.22936445E-02  0.14946279    
   145.51369      4.58884761E-02 -9.35470611E-02  0.14691168    
   146.04706      6.53002039E-02 -0.10860264      0.14469376    
   146.58051      8.36432949E-02 -0.12353320      0.14400317    
   147.11404      0.10102925     -0.13848083      0.14477926    
   147.51428      0.11308618     -0.14969088      0.14649998    
   148.04805      0.12807842     -0.16481045      0.14981757    
   148.58199      0.14211112     -0.18052317      0.15372552    
   149.11613      0.15559042     -0.19788973      0.15767464    
   149.51691      0.16564688     -0.21247137      0.16027443    
   150.05154      0.17953241     -0.23394009      0.16294867    
   150.58652      0.19432788     -0.25810432      0.16476882    
   151.12189      0.20970182     -0.28434032      0.16559136    
   151.52371      0.22131240     -0.30438769      0.16551723    
   152.05992      0.23667714     -0.33065119      0.16474742    
   152.59669      0.25194329     -0.35584626      0.16341761    
   153.13408      0.26729226     -0.37901333      0.16178291    
   153.53720      0.27893844     -0.39450756      0.16081473    
   154.07394      0.29509601     -0.41289714      0.16009083    
   154.60988      0.31238341     -0.42953715      0.16003022    
   155.01134      0.32594523     -0.44146162      0.16101952    
   155.54599      0.34323642     -0.45695123      0.16458660    
   156.08002      0.35897902     -0.47172546      0.17120205    
   156.61346      0.37269554     -0.48524186      0.18124419    
   157.01323      0.38136488     -0.49425742      0.19099592    
   157.54585      0.38944674     -0.50405931      0.20657767    
   158.07808      0.39247391     -0.51056820      0.22414969    
   158.60999      0.39118898     -0.51354980      0.24284017    
   159.00874      0.38723665     -0.51315755      0.25704092    
   159.54021      0.37740982     -0.50944352      0.27535224    
   160.07144      0.36145204     -0.50263757      0.29209003    
   160.60249      0.34028006     -0.49166068      0.30681482    
   161.00069      0.32145828     -0.48109320      0.31641713    
   161.53151      0.29386812     -0.46529317      0.32745469    
   162.06223      0.26354766     -0.44685310      0.33677289    
   162.59283      0.23202860     -0.42602596      0.34450883    
   163.12338      0.20004638     -0.40349475      0.35114777    
   163.52127      0.17570809     -0.38597089      0.35553902    
   164.05173      0.14087270     -0.36219022      0.35855025    
   164.58218      0.10280584     -0.33795598      0.35799703    
   165.11259      6.21432029E-02 -0.31327066      0.35322544    
   165.51041      3.05676032E-02 -0.29446191      0.34626931    
   166.04085     -1.14148734E-02 -0.26897323      0.33478910    
   166.57130     -5.15520535E-02 -0.24305187      0.32282817    
   167.10178     -8.91618431E-02 -0.21681060      0.31173122    
   167.63229     -0.12565595     -0.19016519      0.30072474    
   168.03020     -0.15254499     -0.17006417      0.29174855    
   168.56079     -0.18704444     -0.14345045      0.27803200    
   169.09143     -0.21887630     -0.11708285      0.26216111    
   169.62213     -0.24598011     -9.22890082E-02  0.24466285    
   170.02020     -0.26154649     -7.62250572E-02  0.23151378    
   170.55101     -0.27605775     -5.85856438E-02  0.21507736    
   171.08188     -0.28611076     -4.40560505E-02  0.19888949    
   171.61281     -0.29445040     -3.17346007E-02  0.18160619    
   172.01105     -0.30066833     -2.38406640E-02  0.16740546    
   172.54208     -0.30960456     -1.51427658E-02  0.14685294    
   173.07320     -0.31862539     -8.47856700E-03  0.12492357    
   173.60439     -0.32555461     -4.12757741E-03  0.10248598    
   174.00282     -0.32771423     -3.17979278E-03  8.60484391E-02
   174.53413     -0.32615918     -3.27285146E-03  6.53350577E-02
   175.06552     -0.31980371     -4.38691396E-03  4.61102352E-02
   175.59698     -0.30983603     -6.99055055E-03  2.81345211E-02
   176.12851     -0.29649669     -1.13009615E-02  1.12742186E-02
   176.52718     -0.28437281     -1.53551493E-02 -8.64451285E-04
   177.05879     -0.26569933     -2.21849717E-02 -1.67508852E-02
   177.59047     -0.24394913     -3.10562178E-02 -3.21066193E-02
   178.12215     -0.21925391     -4.28576767E-02 -4.62297946E-02
   178.52090     -0.19889063     -5.44147044E-02 -5.55083007E-02
   179.05258     -0.16945578     -7.39669725E-02 -6.55861497E-02
   179.58426     -0.13814262     -9.80589390E-02 -7.26048499E-02
   180.11594     -0.10565317     -0.12517279     -7.64552057E-02
   180.51469     -8.10400918E-02 -0.14671519     -7.71315545E-02
   181.04640     -4.84593958E-02 -0.17688829     -7.49005452E-02
   181.57811     -1.58644207E-02 -0.20829540     -6.97048679E-02
   182.10982      1.62028540E-02 -0.24036396     -6.20519891E-02
   182.50858      3.99534106E-02 -0.26435477     -5.47667220E-02
   183.04025      7.03672022E-02 -0.29571828     -4.37132232E-02
   183.57190      9.75887626E-02 -0.32558241     -3.31032984E-02
   184.10352      0.12279135     -0.35331854     -2.33190041E-02
   184.50218      0.14176995     -0.37303758     -1.56489350E-02
   185.03371      0.16825533     -0.39867479     -3.48556461E-03
   185.56517      0.19523579     -0.42245883      1.13609619E-02
   186.09657      0.21964118     -0.44170722      2.73801573E-02
   186.62791      0.23852833     -0.45502442      4.29018363E-02
   187.02638      0.24874312     -0.46131134      5.37791997E-02
   187.55762      0.25785947     -0.46607995      6.74674064E-02
   188.08879      0.26356947     -0.46880913      8.17056745E-02
   188.61992      0.26782358     -0.47084028      9.75566432E-02
   189.01822      0.26965821     -0.47179177      0.11038425    
   189.54924      0.26959285     -0.47215205      0.12835743    
   190.08020      0.26589417     -0.47020531      0.14653808    
   190.61111      0.25782222     -0.46371636      0.16436206    
   191.00928      0.24906266     -0.45522052      0.17741582    
   191.54012      0.23456734     -0.43995896      0.19397040    
   192.07094      0.21590739     -0.42077905      0.20855919    
   192.60172      0.19270334     -0.39867771      0.22114253    
   193.13248      0.16384420     -0.37442732      0.23062202    
   193.53055      0.13956161     -0.35562295      0.23542133    
   194.06131      0.10726328     -0.33096880      0.23962282    
   194.59210      7.67879933E-02 -0.30697316      0.24202317    
   195.12280      4.73797433E-02 -0.28424171      0.24207395    
   195.52074      2.43377481E-02 -0.26830891      0.23922202    
   196.05119     -7.45386630E-03 -0.24883938      0.23029603    
   196.58153     -3.85500267E-02 -0.23135477      0.21630318    
   197.11174     -6.88607991E-02 -0.21511231      0.19746920    
   197.50932     -9.08760875E-02 -0.20340164      0.18055609    
   198.03932     -0.11813063     -0.18893982      0.15534775    
   198.56921     -0.14190850     -0.17661808      0.12787336    
   199.09900     -0.15847775     -0.16859955      9.98791233E-02
   199.62869     -0.16664928     -0.16621321      7.36487806E-02
   200.02591     -0.16886336     -0.16643937      5.53880185E-02
   200.55545     -0.16529128     -0.16891032      3.28257941E-02
   201.08492     -0.15628864     -0.17560776      1.13563174E-02
   201.61430     -0.14167106     -0.18655883     -1.05486028E-02
   202.01131     -0.12721945     -0.19721794     -2.76264828E-02
   202.54060     -0.10493177     -0.21461104     -5.08744866E-02
   203.06985     -7.99449235E-02 -0.23549227     -7.40218759E-02
   203.59909     -5.41794561E-02 -0.25870526     -9.72424001E-02
   204.12833     -2.73346826E-02 -0.28383511     -0.11887661    
   204.52525     -5.82731282E-03 -0.30455849     -0.13304478    
   205.05449      2.81849504E-02 -0.33534002     -0.14910857    
   205.58379      6.85048029E-02 -0.36966604     -0.16096403    
   206.11311      0.11199911     -0.40713197     -0.17028308    
   206.51016      0.14569682     -0.43670046     -0.17663489    
   207.03963      0.19128966     -0.47643894     -0.18567754    
   207.56920      0.23800945     -0.51578248     -0.19412461    
   208.09889      0.28761613     -0.55508780     -0.19883576    
   208.62868      0.33903292     -0.59390485     -0.20007321    
   209.02596      0.37721747     -0.62147737     -0.19970861    
   209.55559      0.42636815     -0.65490222     -0.19901034    
   210.08511      0.47325468     -0.68475181     -0.19926324    
   210.61453      0.51849729     -0.71239936     -0.20099111    
   211.01154      0.55243486     -0.73236477     -0.20311959    
   211.54077      0.60002846     -0.75911099     -0.20632689    
   212.06990      0.65188062     -0.78710848     -0.21021579    
   212.59892      0.70791614     -0.81692660     -0.21513842    
   213.12782      0.76651835     -0.84833258     -0.22135666    
   213.52441      0.81115168     -0.87295187     -0.22757711    
   214.05310      0.87068188     -0.90733063     -0.23763728    
   214.58170      0.92986792     -0.94409096     -0.24896178    
   215.11017      0.98978907     -0.98442513     -0.26045889    
   215.50645       1.0363266      -1.0176888     -0.26871148    
   216.03474       1.1017797      -1.0661955     -0.27786547    
   216.56294       1.1705251      -1.1195062     -0.28337869    
   217.09105       1.2408298      -1.1774700     -0.28477031    
   217.61909       1.3115826      -1.2394127     -0.28288746    
   218.01511       1.3642006      -1.2875479     -0.27961954    
   218.54306       1.4324358      -1.3523512     -0.27143973    
   219.07100       1.4986253      -1.4159020     -0.26001573    
   219.59889       1.5625607      -1.4764249     -0.24407682    
   220.12679       1.6236854      -1.5331082     -0.22305302    
   220.52271       1.6674042      -1.5725561     -0.20263386    
   221.05060       1.7221731      -1.6201336     -0.16893974    
   221.57854       1.7712293      -1.6600058     -0.12981124    
   222.10649       1.8146008      -1.6905754     -8.46198574E-02
   222.50247       1.8436203      -1.7079512     -4.64406572E-02
   223.03049       1.8765554      -1.7249680      9.53051075E-03
   223.55856       1.9027876      -1.7360312      7.00634420E-02
   224.08670       1.9186990      -1.7416043      0.13411213    
   224.61491       1.9222989      -1.7404844      0.19869848    
   225.01111       1.9180509      -1.7347894      0.24758552    
   225.53946       1.9049256      -1.7195243      0.31230295    
   226.06787       1.8861246      -1.6976459      0.37585706    
   226.59639       1.8605134      -1.6686114      0.43506205    
   227.12498       1.8247101      -1.6350204      0.49087924    
   227.52150       1.7921937      -1.6078840      0.53085685    
   228.05028       1.7379014      -1.5697550      0.57937258    
   228.57915       1.6694590      -1.5306407      0.61967528    
   229.10811       1.5892054      -1.4912822      0.64926362    
   229.50485       1.5232441      -1.4611645      0.66452652    
   230.03389       1.4299721      -1.4191446      0.67797154    
   230.56303       1.3336289      -1.3737503      0.68517184    
   231.09224       1.2369660      -1.3252563      0.68619138    
   231.62151       1.1414574      -1.2743921      0.68383992    
   232.01852       1.0709252      -1.2354038      0.68158269    
   232.54796      0.97831762      -1.1840103      0.67752391    
   233.07748      0.88662982      -1.1347747      0.67204559    
   233.60713      0.79531896      -1.0883517      0.66558266    
   234.00444      0.72776389      -1.0554610      0.65970993    
   234.53427      0.64086181      -1.0131216      0.65034705    
   235.06422      0.55904901     -0.97168380      0.63834941    
   235.59433      0.48203069     -0.93134475      0.62254155    
   236.12462      0.40962255     -0.89301538      0.60122275    
   236.52246      0.35865331     -0.86445683      0.58151400    
   237.05313      0.29616430     -0.82547987      0.55061030    
   237.58405      0.24177419     -0.78492486      0.51697540    
   238.11520      0.18871675     -0.74647534      0.47801828    
   238.51366      0.14848483     -0.72123915      0.44494629    
   239.04498      9.50861052E-02 -0.69253647      0.39674243    
   239.57635      4.38141190E-02 -0.66837513      0.34503344    
   240.10777     -3.67352646E-03 -0.64685535      0.29308087    
   240.50635     -3.58511098E-02 -0.63123357      0.25646493    
   241.03778     -7.25587159E-02 -0.60957503      0.21386997    
   241.56921     -0.10208161     -0.58611417      0.17881352    
   242.10065     -0.12356244     -0.56138444      0.15174995    
   242.63208     -0.13652655     -0.53528196      0.13283160    
   243.03062     -0.14104730     -0.51597393      0.12469503    
   243.56200     -0.14310145     -0.49172395      0.11910695    
   244.09337     -0.14559245     -0.47285998      0.12032512    
   244.62473     -0.15117535     -0.45975652      0.12690409    
   245.02321     -0.15918693     -0.45129320      0.13518916    
   245.55452     -0.17137583     -0.44177145      0.14965782    
   246.08580     -0.18439992     -0.43664983      0.16532901    
   246.61705     -0.19860588     -0.43465179      0.17870462    
   247.01549     -0.21051088     -0.43541312      0.18645948    
   247.54674     -0.22810505     -0.43917581      0.19354071    
   248.07799     -0.24949412     -0.44527450      0.19826242    
   248.60924     -0.27111018     -0.45194820      0.20360157    
   249.00768     -0.28739917     -0.45504475      0.20719090    
   249.53893     -0.30985886     -0.45546174      0.21054858    
   250.07024     -0.33273071     -0.45111823      0.21192494    
