  0.13234943      2.44239317E-07  1.42739992E-07 -1.34634670E-09
  0.52977455      2.48328519E-07  1.53713131E-07 -2.02091011E-09
   1.0596689      2.54397946E-07  1.69029320E-07 -4.03509404E-09
   1.5895488      2.61517016E-07  1.85229283E-07 -7.19685467E-09
   2.1194093      2.70767259E-07  2.02461976E-07 -1.10544249E-08
   2.5167909      2.79479366E-07  2.16179259E-07 -1.42489913E-08
   3.0466142      2.93939024E-07  2.35705727E-07 -1.89206375E-08
   3.5764179      3.11363891E-07  2.56863188E-07 -2.47509071E-08
   4.1062055      3.31549359E-07  2.79895261E-07 -3.25568266E-08
   4.5035372      3.48269708E-07  2.98538282E-07 -4.04068743E-08
   5.0333042      3.72611964E-07  3.25396684E-07 -5.44645609E-08
   5.5630655      3.99348153E-07  3.54749545E-07 -7.35682875E-08
   6.0928254      4.28761069E-07  3.86862268E-07 -9.84335600E-08
   6.6225853      4.61613070E-07  4.22094217E-07 -1.29235090E-07
   7.0199070      4.89306274E-07  4.50866338E-07 -1.56098963E-07
   7.5496740      5.31580440E-07  4.92885533E-07 -1.96643612E-07
   8.0794458      5.81286827E-07  5.39771065E-07 -2.42359874E-07
   8.6092234      6.40094129E-07  5.92275001E-07 -2.92761882E-07
   9.0065594      6.91376499E-07  6.35786193E-07 -3.32949696E-07
   9.5363464      7.70818303E-07  6.99958491E-07 -3.88979515E-07
   10.066137      8.63859839E-07  7.71971941E-07 -4.47687967E-07
   10.595934      9.70646283E-07  8.52702328E-07 -5.09851361E-07
   11.125734      1.09072903E-06  9.42942336E-07 -5.77092408E-07
   11.523088      1.18926835E-06  1.01732508E-06 -6.32049478E-07
   12.052895      1.33228275E-06  1.12615726E-06 -7.12787369E-07
   12.582705      1.49009145E-06  1.24715484E-06 -8.03138732E-07
   13.112516      1.66558027E-06  1.38201983E-06 -9.03651653E-07
   13.509877      1.81098790E-06  1.49356697E-06 -9.85825750E-07
   14.039695      2.02623050E-06  1.65814322E-06 -1.10469546E-06
   14.569512      2.26890234E-06  1.84322425E-06 -1.23492100E-06
   15.099333      2.54180077E-06  2.05142987E-06 -1.37786617E-06
   15.629155      2.84751582E-06  2.28534350E-06 -1.53535802E-06
   16.026524      3.10003225E-06  2.47921616E-06 -1.66424638E-06
   16.556347      3.47037667E-06  2.76449646E-06 -1.85212275E-06
   17.086174      3.88283706E-06  3.08316498E-06 -2.06024970E-06
   17.616001      4.34202138E-06  3.43867191E-06 -2.29090210E-06
   18.013372      4.72019065E-06  3.73187640E-06 -2.48023002E-06
   18.543203      5.27411203E-06  4.16197145E-06 -2.75688626E-06
   19.073034      5.89068941E-06  4.64171899E-06 -3.06446123E-06
   19.602865      6.57721284E-06  5.17712033E-06 -3.40675888E-06
   20.000238      7.14293219E-06  5.61914112E-06 -3.68875885E-06
   20.530073      7.97212488E-06  6.26812607E-06 -4.10212260E-06
   21.059908      8.89565399E-06  6.99219981E-06 -4.56278713E-06
   21.589746      9.92382411E-06  7.79958009E-06 -5.07621917E-06
   22.119585      1.10680703E-05  8.69941596E-06 -5.64839229E-06
   22.516964      1.20101249E-05  9.44114072E-06 -6.11999667E-06
   23.046803      1.33895956E-05  1.05285144E-05 -6.81118581E-06
   23.576641      1.49249518E-05  1.17402169E-05 -7.58093847E-06
   24.106483      1.66342797E-05  1.30905637E-05 -8.43803628E-06
   24.503866      1.80424759E-05  1.42037406E-05 -9.14403063E-06
   25.033709      2.01059538E-05  1.58356088E-05 -1.01782080E-05
   25.563555      2.24038959E-05  1.76534195E-05 -1.13294127E-05
   26.093401      2.49626610E-05  1.96778692E-05 -1.26107998E-05
   26.623247      2.78114458E-05  2.19319954E-05 -1.40369775E-05
   27.020632      3.01577638E-05  2.37886634E-05 -1.52113262E-05
   27.550480      3.35944824E-05  2.65083763E-05 -1.69310479E-05
   28.080330      3.74198426E-05  2.95359296E-05 -1.88447793E-05
   28.610180      4.16776857E-05  3.29061550E-05 -2.09744139E-05
   29.007568      4.51840460E-05  3.56818819E-05 -2.27279197E-05
   29.537422      5.03195188E-05  3.97477779E-05 -2.52958744E-05
   30.067276      5.60354929E-05  4.42739110E-05 -2.81538742E-05
   30.597130      6.23977248E-05  4.93123807E-05 -3.13348137E-05
   31.126984      6.94795308E-05  5.49212200E-05 -3.48753056E-05
   31.524374      7.53119311E-05  5.95407546E-05 -3.77909782E-05
   32.054230      8.38552296E-05  6.63076207E-05 -4.20615215E-05
   32.584091      9.33656993E-05  7.38406379E-05 -4.68151411E-05
   33.113953      1.03952756E-04  8.22264410E-05 -5.21065776E-05
   33.511349      1.12672184E-04  8.91328527E-05 -5.64644797E-05
   34.041210      1.25443767E-04  9.92486675E-05 -6.28476846E-05
   34.571072      1.39659503E-04  1.10508023E-04 -6.99530428E-05
   35.100933      1.55481976E-04  1.23039645E-04 -7.78620379E-05
   35.630795      1.73092441E-04  1.36986971E-04 -8.66654300E-05
   36.028191      1.87594371E-04  1.48472187E-04 -9.39153178E-05
   36.558052      2.08834070E-04  1.65293342E-04 -1.04534010E-04
   37.087914      2.32475126E-04  1.84016142E-04 -1.16353556E-04
   37.617775      2.58790125E-04  2.04856537E-04 -1.29509950E-04
   38.015179      2.80462322E-04  2.22020113E-04 -1.40345015E-04
   38.545044      3.12206510E-04  2.47160526E-04 -1.56215392E-04
   39.074909      3.47542693E-04  2.75145750E-04 -1.73881330E-04
   39.604782      3.86877102E-04  3.06297443E-04 -1.93546119E-04
   40.002190      4.19271615E-04  3.31952877E-04 -2.09741585E-04
   40.532066      4.66720579E-04  3.69530841E-04 -2.33463797E-04
   41.061943      5.19536668E-04  4.11359157E-04 -2.59869936E-04
   41.591820      5.78326755E-04  4.57918388E-04 -2.89263320E-04
   42.121696      6.43766834E-04  5.09743579E-04 -3.21981614E-04
   42.519104      6.97660260E-04  5.52424346E-04 -3.48926726E-04
   43.048981      7.76598870E-04  6.14939374E-04 -3.88392917E-04
   43.578857      8.64466943E-04  6.84525818E-04 -4.32322267E-04
   44.108734      9.62274557E-04  7.61983974E-04 -4.81218740E-04
   44.506142      1.04282447E-03  8.25774972E-04 -5.21485985E-04
   45.036018      1.16080616E-03  9.19210201E-04 -5.80462802E-04
   45.565895      1.29213254E-03  1.02321384E-03 -6.46105793E-04
   46.095772      1.43831177E-03  1.13898097E-03 -7.19167525E-04
   46.625648      1.60102372E-03  1.26784178E-03 -8.00485665E-04
   47.023060      1.73502346E-03  1.37396506E-03 -8.67448922E-04
   47.552944      1.93129096E-03  1.52940350E-03 -9.65519343E-04
   48.082829      2.14975304E-03  1.70242181E-03 -1.07466686E-03
   48.612720      2.39291741E-03  1.89500640E-03 -1.19613926E-03
   49.010139      2.59316829E-03  2.05360656E-03 -1.29616121E-03
   49.540031      2.88646342E-03  2.28590169E-03 -1.44263532E-03
   50.069923      3.21291201E-03  2.54445942E-03 -1.60563597E-03
   50.599815      3.57625470E-03  2.83224531E-03 -1.78702036E-03
   51.129707      3.98065615E-03  3.15255905E-03 -1.98885426E-03
   51.527126      4.31366963E-03  3.41633498E-03 -2.15502107E-03
   52.057018      4.80137952E-03  3.80265410E-03 -2.39831675E-03
   52.586910      5.34417573E-03  4.23262175E-03 -2.66900379E-03
   53.116802      5.94826508E-03  4.71115950E-03 -2.97014974E-03
   53.514221      6.44568121E-03  5.10520954E-03 -3.21803219E-03
   54.044113      7.17411097E-03  5.68229239E-03 -3.58089805E-03
   54.574013      7.98473507E-03  6.32452359E-03 -3.98451369E-03
   55.103912      8.88679549E-03  7.03923870E-03 -4.43341630E-03
   55.501335      9.62948520E-03  7.62771443E-03 -4.80282027E-03
   56.031239      1.07169757E-02  8.48944392E-03 -5.34341484E-03
   56.561146      1.19269975E-02  9.44834016E-03 -5.94449416E-03
   57.091053      1.32732932E-02  1.05153145E-02 -6.61274511E-03
   57.620960      1.47711337E-02  1.17024966E-02 -7.35556707E-03
   58.018391      1.60040967E-02  1.26798237E-02 -7.96652213E-03
   58.548298      1.78090706E-02  1.41107012E-02 -8.86009634E-03
   59.078205      1.98168755E-02  1.57025568E-02 -9.85293649E-03
   59.608112      2.20501348E-02  1.74733959E-02 -1.09558506E-02
   60.005543      2.38880366E-02  1.89309362E-02 -1.18624084E-02
   60.535450      2.65779570E-02  2.10645013E-02 -1.31874084E-02
   61.065357      2.95693092E-02  2.34376341E-02 -1.46583263E-02
   61.595264      3.28955017E-02  2.60770191E-02 -1.62907876E-02
   62.125168      3.65936905E-02  2.90123578E-02 -1.81019716E-02
   62.522591      3.96362394E-02  3.14278044E-02 -1.95888542E-02
   63.052483      4.40879874E-02  3.49622071E-02 -2.17589680E-02
   63.582371      4.90357317E-02  3.88896018E-02 -2.41641961E-02
   64.112244      5.45297936E-02  4.32483554E-02 -2.68302038E-02
   64.509636      5.90401553E-02  4.68243286E-02 -2.90182792E-02
   65.039474      6.56191409E-02  5.20357452E-02 -3.22124772E-02
   65.569275      7.29038417E-02  5.77992164E-02 -3.57535034E-02
   66.099030      8.09708312E-02  6.41743690E-02 -3.96759212E-02
   66.628723      8.99112523E-02  7.12337866E-02 -4.40157577E-02
   67.025932      9.72522497E-02  7.70280659E-02 -4.75673862E-02
   67.555450      0.10797845      8.54942724E-02 -5.27316220E-02
   68.084801      0.11988424      9.48963836E-02 -5.84274828E-02
   68.613899      0.13308851      0.10533799     -6.47034422E-02
   69.010536      0.14392067      0.11392169     -6.98209256E-02
   69.539139      0.15971783      0.12647942     -7.72280693E-02
   70.067490      0.17721808      0.14045182     -8.53367299E-02
   70.595566      0.19661374      0.15600270     -9.41758454E-02
   71.123398      0.21810934      0.17328764     -0.10377123    
   71.519096      0.23572935      0.18747087     -0.11148165    
   72.046478      0.26136664      0.20810351     -0.12247714    
   72.573631      0.28961331      0.23081321     -0.13432750    
   73.100563      0.32065597      0.25574678     -0.14706862    
   73.627251      0.35470983      0.28308800     -0.16071866    
   74.022125      0.38236752      0.30529276     -0.17155614    
   74.548454      0.42223793      0.33729970     -0.18681146    
   75.074585      0.46566910      0.37215251     -0.20300362    
   75.600517      0.51276487      0.40994504     -0.22014777    
   76.126266      0.56371069      0.45084417     -0.23819104    
   76.520493      0.60463637      0.48372865     -0.25221908    
   77.045998      0.66316235      0.53081322     -0.27137509    
   77.571327      0.72653931      0.58190620     -0.29074460    
   78.096527      0.79491937      0.63719898     -0.30994192    
   78.621574      0.86852759      0.69668281     -0.32810435    
   79.015312      0.92720932      0.74360079     -0.34053904    
   79.540161       1.0087463      0.80798823     -0.35609102    
   80.064880       1.0918223      0.87322366     -0.37192780    
   80.589546       1.1737878      0.93957084     -0.38945729    
   81.114098       1.2536657       1.0094396     -0.40682188    
   81.507446       1.3145863       1.0662317     -0.41826797    
   82.031914       1.3998126       1.1488311     -0.42809868    
   82.556343       1.4895344       1.2367214     -0.42811322    
   83.080704       1.5781691       1.3243880     -0.41951054    
   83.605011       1.6607785       1.4079098     -0.40223530    
   84.129288       1.7377412       1.4859126     -0.37587711    
   84.522484       1.7921509       1.5407505     -0.34949541    
   85.046745       1.8591452       1.6077436     -0.30597505    
   85.571007       1.9154551       1.6648093     -0.25593367    
   86.095299       1.9575087       1.7097088     -0.20236900    
   86.619637       1.9866495       1.7423415     -0.14475536    
   87.012924       2.0037456       1.7596948     -9.71120074E-02
   87.537369       2.0228279       1.7748356     -2.49143429E-02
   88.061897       2.0376530       1.7813840      5.66631183E-02
   88.586540       2.0457888       1.7782279      0.14478201    
   89.111305       2.0397811       1.7637208      0.23564214    
   89.504898       2.0242596       1.7464821      0.30386442    
   90.029755       1.9907558       1.7161651      0.39347988    
   90.554764       1.9424732       1.6780450      0.47965169    
   91.079956       1.8782470       1.6340425      0.56070077    
   91.605278       1.7975942       1.5861454      0.63465941    
   92.130737       1.7004558       1.5341928      0.69916159    
   92.524986       1.6177598       1.4919298      0.74037921    
   93.050819       1.4975147       1.4307753      0.78642440    
   93.576805       1.3702774       1.3643863      0.82384443    
   94.103027       1.2398423       1.2936517      0.85318923    
   94.629448       1.1065643       1.2196338      0.87309110    
   95.024406       1.0040486       1.1627251      0.88078392    
   95.551254      0.86807787       1.0848261      0.88073820    
   96.078323      0.73613089       1.0037441      0.87263727    
   96.605637      0.61213815      0.91819811      0.85889041    
   97.001274      0.52501476      0.85143101      0.84635711    
   97.529015      0.41624105      0.76095533      0.82543921    
   98.057014      0.31510428      0.67341757      0.80131239    
   98.585297      0.21966165      0.59401977      0.77581322    
   99.113861      0.12720788      0.52504027      0.74870896    
   99.510498      5.79863638E-02  0.48036045      0.72541678    
   100.03961     -3.64000611E-02  0.42887902      0.68715936    
   100.56907     -0.13283627      0.38357818      0.63860297    
   101.09887     -0.22734410      0.34008902      0.57938427    
   101.62887     -0.31615210      0.29534963      0.51256973    
   102.02637     -0.37625796      0.26010686      0.46122649    
   102.55637     -0.44427887      0.21229956      0.39563411    
   103.08636     -0.49665263      0.16700655      0.33775723    
   103.61636     -0.53418720      0.12627521      0.28990582    
   104.01386     -0.55291402      0.10077859      0.26095712    
   104.54386     -0.56713802      7.44173527E-02  0.23056778    
   105.07386     -0.57260102      5.60385361E-02  0.20657161    
   105.60386     -0.57470143      4.36482914E-02  0.18502046    
   106.00136     -0.57589167      3.73921916E-02  0.16886279    
   106.53136     -0.57899714      3.12477257E-02  0.14512889    
   107.06136     -0.58459312      2.71617435E-02  0.11782560    
   107.59136     -0.58927745      2.56514922E-02  8.79342258E-02
   108.12138     -0.59051460      2.58703157E-02  5.75384423E-02
   108.51888     -0.58970237      2.62482371E-02  3.61118428E-02
   109.04890     -0.58286798      2.67915055E-02  1.21380761E-02
   109.57893     -0.56725085      2.82671638E-02 -5.56515763E-03
   110.10896     -0.54704380      3.08071878E-02 -1.76433474E-02
   110.50648     -0.52994287      3.31897549E-02 -2.37628669E-02
   111.03651     -0.50643927      3.84261683E-02 -2.89183240E-02
   111.56654     -0.48274165      4.67362329E-02 -3.15345079E-02
   112.09657     -0.45821485      5.76387681E-02 -3.24566886E-02
   112.62660     -0.43288180      6.90664053E-02 -3.22074518E-02
   113.02412     -0.41417056      7.66822174E-02 -3.14808041E-02
   113.55415     -0.39122659      8.40379968E-02 -2.94013694E-02
   114.08418     -0.36960289      8.83698612E-02 -2.59639919E-02
   114.61421     -0.34781158      9.05152261E-02 -2.06562318E-02
   115.01173     -0.33126074      9.18862224E-02 -1.51782390E-02
   115.54176     -0.30862576      9.48252976E-02 -5.56776905E-03
   116.07179     -0.28480265      0.10021573      6.76392205E-03
   116.60182     -0.25982994      0.10832708      2.13836543E-02
   117.13185     -0.23456360      0.11794953      3.71298753E-02
   117.52937     -0.21624094      0.12568928      4.88770045E-02
   118.05940     -0.19551554      0.13567229      6.22728840E-02
   118.58943     -0.17972013      0.14366372      7.21776411E-02
   119.11946     -0.16822147      0.14942293      7.90485516E-02
   119.51698     -0.16205403      0.15301746      8.28422606E-02
   120.04702     -0.15608598      0.15781125      8.66720676E-02
   120.57706     -0.14991462      0.16293198      9.00628269E-02
   121.10711     -0.14281867      0.16873786      9.46897715E-02
   121.50465     -0.13642359      0.17341442      9.91760120E-02
   122.03471     -0.12645672      0.17939581      0.10614900    
   122.56477     -0.11572956      0.18400927      0.11370478    
   123.09483     -0.10529402      0.18683329      0.12115096    
   123.62489     -9.61205214E-02  0.18797891      0.12750342    
   124.02244     -9.04634595E-02  0.18797372      0.13101864    
   124.55250     -8.46129656E-02  0.18714347      0.13440499    
   125.08256     -8.15090537E-02  0.18598413      0.13647504    
   125.61262     -8.10149834E-02  0.18458405      0.13769592    
   126.01016     -8.19805115E-02  0.18283296      0.13869625    
   126.54022     -8.47141668E-02  0.17964280      0.14071733    
   127.07028     -8.81090909E-02  0.17623810      0.14386393    
   127.60034     -9.08506662E-02  0.17273468      0.14832218    
   128.13040     -9.28077921E-02  0.16928069      0.15372750    
   128.52797     -9.36314613E-02  0.16691500      0.15787087    
   129.05806     -9.45012644E-02  0.16436288      0.16222683    
   129.58815     -9.52682197E-02  0.16275509      0.16423020    
   130.11824     -9.63626951E-02  0.16190036      0.16382992    
   130.51581     -9.70864594E-02  0.16141634      0.16255860    
   131.04590     -9.74546224E-02  0.16002172      0.15987121    
   131.57599     -9.69175994E-02  0.15714727      0.15632077    
   132.10608     -9.59898829E-02  0.15262535      0.15258983    
   132.50365     -9.52406451E-02  0.14803004      0.14981203    
   133.03374     -9.45505947E-02  0.14041698      0.14599179    
   133.56387     -9.50873494E-02  0.13220231      0.14197288    
   134.09402     -9.65813696E-02  0.12397690      0.13772698    
   134.62418     -9.80739072E-02  0.11633492      0.13374501    
   135.02179     -9.88047123E-02  0.11143523      0.13134889    
   135.55199     -9.91308466E-02  0.10618166      0.12906048    
   136.08220     -9.85687450E-02  0.10216469      0.12763518    
   136.61244     -9.72138420E-02  9.85806137E-02  0.12646240    
   137.01015     -9.61854756E-02  9.58372504E-02  0.12559931    
   137.54047     -9.48532075E-02  9.16252807E-02  0.12439173    
   138.07083     -9.27890837E-02  8.62510279E-02  0.12317744    
   138.60126     -8.92140716E-02  7.97510669E-02  0.12203116    
   139.13176     -8.39002877E-02  7.30945319E-02  0.12063244    
   139.52971     -7.90249929E-02  6.86630383E-02  0.11925030    
   140.06041     -7.16915578E-02  6.38164356E-02  0.11709761    
   140.59123     -6.40735030E-02  6.04671761E-02  0.11444419    
   141.12222     -5.69188260E-02  5.88255934E-02  0.11130568    
   141.52058     -5.21323942E-02  5.86302541E-02  0.10893224    
   142.05193     -4.58462760E-02  5.94298579E-02  0.10616423    
   142.58354     -3.98141295E-02  6.06094636E-02  0.10373088    
   143.11548     -3.36807668E-02  6.10048063E-02  0.10152480    
   143.51466     -2.88516171E-02  6.02597818E-02  0.10010450    
   144.04729     -2.15566866E-02  5.72614446E-02  9.85744074E-02
   144.58037     -1.27354683E-02  5.15175387E-02  9.74281654E-02
   145.11369     -2.76297890E-03  4.28140946E-02  9.59844142E-02
   145.51369      5.42083988E-03  3.43146138E-02  9.44492668E-02
   146.04706      1.76516473E-02  2.06975378E-02  9.16492343E-02
   146.58051      3.13608162E-02  4.83452389E-03  8.82969126E-02
   147.11404      4.59604040E-02 -1.31908432E-02  8.50844756E-02
   147.51428      5.69540411E-02 -2.79483609E-02  8.29147547E-02
   148.04805      7.09492862E-02 -4.87775356E-02  8.04438889E-02
   148.58199      8.39542598E-02 -7.01155886E-02  7.86798820E-02
   149.11613      9.60714817E-02 -9.11230594E-02  7.74582252E-02
   149.51691      0.10469228     -0.10631876      7.68931955E-02
   150.05154      0.11645894     -0.12548816      7.68833831E-02
   150.58652      0.12980533     -0.14336824      7.78785497E-02
   151.12189      0.14529715     -0.16022749      7.97016099E-02
   151.52371      0.15873437     -0.17241482      8.10915604E-02
   152.05992      0.17892008     -0.18831003      8.32681805E-02
   152.59669      0.20052028     -0.20412339      8.54858458E-02
   153.13408      0.22280374     -0.22011231      8.79242867E-02
   153.53720      0.23945625     -0.23218107      9.02955681E-02
   154.07394      0.26086265     -0.24807627      9.50798690E-02
   154.60988      0.28031394     -0.26329112      0.10178651    
   155.01134      0.29316592     -0.27402255      0.10791761    
   155.54599      0.30812234     -0.28743485      0.11762977    
   156.08002      0.32080096     -0.30043018      0.12911007    
   156.61346      0.33182234     -0.31384140      0.14204514    
   157.01323      0.33918291     -0.32423043      0.15273702    
   157.54585      0.34770927     -0.33802414      0.16848689    
   158.07808      0.35463318     -0.35118741      0.18584952    
   158.60999      0.35988820     -0.36316031      0.20447218    
   159.00874      0.36242050     -0.37074918      0.21899121    
   159.54021      0.36315018     -0.37736696      0.23863047    
   160.07144      0.36039060     -0.38033694      0.25897381    
   160.60249      0.35388792     -0.38056716      0.27984750    
   161.00069      0.34576830     -0.37901694      0.29544023    
   161.53151      0.33115953     -0.37379721      0.31542957    
   162.06223      0.31197381     -0.36391276      0.33407044    
   162.59283      0.28726190     -0.34951767      0.35140321    
   163.12338      0.25964904     -0.33170241      0.36690760    
   163.52127      0.23795712     -0.31693420      0.37732840    
   164.05173      0.20812769     -0.29591933      0.39035651    
   164.58218      0.17665865     -0.27401456      0.40203071    
   165.11259      0.14311671     -0.25096220      0.41084757    
   165.51041      0.11602513     -0.23254384      0.41480455    
   166.04085      7.86873549E-02 -0.20628661      0.41705582    
   166.57130      4.16381210E-02 -0.17864144      0.41695148    
   167.10178      5.17921476E-03 -0.15001121      0.41372293    
   167.63229     -3.02920844E-02 -0.12055533      0.40820706    
   168.03020     -5.59647158E-02 -9.79999900E-02  0.40307686    
   168.56079     -8.87034535E-02 -6.75023869E-02  0.39509511    
   169.09143     -0.11935005     -3.72921564E-02  0.38563931    
   169.62213     -0.14813206     -7.44917663E-03  0.37496021    
   170.02020     -0.16791588      1.43297296E-02  0.36613327    
   170.55101     -0.19242887      4.15513106E-02  0.35295355    
   171.08188     -0.21541695      6.65542632E-02  0.33824548    
   171.61281     -0.23573536      8.86736065E-02  0.32257798    
   172.01105     -0.24932286      0.10319234      0.31058893    
   172.54208     -0.26297891      0.11944044      0.29475471    
   173.07320     -0.27159983      0.13240358      0.27944133    
   173.60439     -0.27634820      0.14325571      0.26446366    
   174.00282     -0.27848396      0.15086773      0.25299025    
   174.53413     -0.28098273      0.16114229      0.23680514    
   175.06552     -0.28290093      0.17129888      0.21937424    
   175.59698     -0.28291625      0.18020162      0.20112789    
   176.12851     -0.27964360      0.18607777      0.18292168    
   176.52718     -0.27400914      0.18736129      0.16986993    
   177.05879     -0.26411769      0.18537280      0.15344395    
   177.59047     -0.25185052      0.17935775      0.13743436    
   178.12215     -0.23783277      0.16985957      0.12155239    
   178.52090     -0.22664461      0.16059221      0.10974005    
   179.05258     -0.21093565      0.14571840      9.44786668E-02
   179.58426     -0.19376306      0.12813221      8.02683979E-02
   180.11594     -0.17434108      0.10770710      6.76715150E-02
   180.51469     -0.15800540      9.05047581E-02  5.95221967E-02
   181.04640     -0.13386770      6.52728006E-02  5.10503240E-02
   181.57811     -0.10774565      3.79674621E-02  4.52866666E-02
   182.10982     -8.00269470E-02  9.17067379E-03  4.17226106E-02
   182.50858     -5.82343340E-02 -1.31380931E-02  4.02862243E-02
   183.04025     -2.84614507E-02 -4.29704860E-02  4.00897413E-02
   183.57190      2.23160209E-03 -7.26397783E-02  4.17495966E-02
   184.10352      3.39903012E-02 -0.10152946      4.59952131E-02
   184.50218      5.84028512E-02 -0.12236439      5.11376113E-02
   185.03371      9.11718979E-02 -0.14879915      6.06869310E-02
   185.56517      0.12307600     -0.17362262      7.26359189E-02
   186.09657      0.15294459     -0.19664545      8.61320570E-02
   186.62791      0.17971268     -0.21767354      0.10064215    
   187.02638      0.19745696     -0.23230201      0.11215262    
   187.55762      0.21810681     -0.25037852      0.12876390    
   188.08879      0.23555216     -0.26603222      0.14702593    
   188.61992      0.24927239     -0.27745184      0.16656724    
   189.01822      0.25551790     -0.28189144      0.18175942    
   189.54924      0.25960541     -0.28398925      0.20241161    
   190.08020      0.26101649     -0.28267735      0.22334285    
   190.61111      0.25971988     -0.27937233      0.24418584    
   191.00928      0.25642973     -0.27648687      0.25948447    
   191.54012      0.24797139     -0.27312738      0.27903759    
   192.07094      0.23513298     -0.27004343      0.29687503    
   192.60172      0.21905649     -0.26596883      0.31246537    
   193.13248      0.20044644     -0.25963777      0.32578015    
   193.53055      0.18542990     -0.25294247      0.33459619    
   194.06131      0.16355383     -0.24064718      0.34565204    
   194.59210      0.14002895     -0.22501126      0.35571787    
   195.12280      0.11463308     -0.20654070      0.36349624    
   195.52074      9.32949558E-02 -0.19114125      0.36657599    
   196.05119      6.27186671E-02 -0.16953097      0.36719504    
   196.58153      3.14831920E-02 -0.14771938      0.36336201    
   197.11174      9.08536604E-04 -0.12612693      0.35553244    
   197.50932     -2.10817456E-02 -0.11021084      0.34842679    
   198.03932     -4.77606803E-02 -8.96800756E-02  0.33808023    
   198.56921     -7.03547150E-02 -7.01006129E-02  0.32611057    
   199.09900     -9.00697112E-02 -5.12589514E-02  0.31228930    
   199.62869     -0.10679825     -3.36085185E-02  0.29614860    
   200.02591     -0.11705913     -2.11925246E-02  0.28252813    
   200.55545     -0.12710783     -6.46200962E-03  0.26250187    
   201.08492     -0.13269463      4.68937773E-03  0.24086872    
   201.61430     -0.13290304      9.95914452E-03  0.21814778    
   202.01131     -0.12931880      9.46196821E-03  0.20082292    
   202.54060     -0.12073982      3.56990751E-03  0.17738974    
   203.06985     -0.10741322     -7.17704743E-03  0.15321481    
   203.59909     -9.11065787E-02 -2.23078020E-02  0.12816051    
   204.12833     -7.14263171E-02 -4.09523323E-02  0.10199312    
   204.52525     -5.45397624E-02 -5.67619763E-02  8.18895027E-02
   205.05449     -2.92949248E-02 -7.99633265E-02  5.50208166E-02
   205.58379     -1.03562232E-03 -0.10567621      2.92823594E-02
   206.11311      3.04069240E-02 -0.13431258      6.36008894E-03
   206.51016      5.65137491E-02 -0.15724291     -8.42119660E-03
   207.03963      9.67330858E-02 -0.18844730     -2.38241460E-02
   207.56920      0.14106208     -0.22066881     -3.59280929E-02
   208.09889      0.18770652     -0.25500542     -4.59022559E-02
   208.62868      0.23596071     -0.29212937     -5.44133931E-02
   209.02596      0.27318436     -0.32126582     -5.98367453E-02
   209.55559      0.32356685     -0.36096430     -6.54904246E-02
   210.08511      0.37632954     -0.40049928     -6.76543042E-02
   210.61453      0.43111479     -0.43870372     -6.71542808E-02
   211.01154      0.47319528     -0.46599934     -6.40603751E-02
   211.54077      0.53023034     -0.49993408     -5.79620302E-02
   212.06990      0.58683598     -0.53085816     -5.23215458E-02
   212.59892      0.63986844     -0.55983621     -4.89079244E-02
   213.12782      0.68971843     -0.58889651     -4.87575307E-02
   213.52441      0.72681063     -0.61212862     -5.01614474E-02
   214.05310      0.77795827     -0.64613128     -5.34360595E-02
   214.58170      0.83149946     -0.68403071     -5.88374510E-02
   215.11017      0.88679749     -0.72542191     -6.70368671E-02
   215.50645      0.92814553     -0.75809944     -7.55467862E-02
   216.03474      0.98080653     -0.80342257     -9.08312127E-02
   216.56294       1.0310111     -0.85128397     -0.11001436    
   217.09105       1.0817730     -0.90322500     -0.13098639    
   217.61909       1.1361234     -0.96057957     -0.15132055    
   218.01511       1.1804135      -1.0068612     -0.16490966    
   218.54306       1.2434900      -1.0713723     -0.18035993    
   219.07100       1.3097579      -1.1372206     -0.19228968    
   219.59889       1.3778000      -1.2025404     -0.20040019    
   220.12679       1.4460560      -1.2658079     -0.20288539    
   220.52271       1.4968182      -1.3107601     -0.20045546    
   221.05060       1.5626477      -1.3661463     -0.19138911    
   221.57854       1.6246526      -1.4158349     -0.17449063    
   222.10649       1.6809819      -1.4605168     -0.15057060    
   222.50247       1.7187791      -1.4912341     -0.12917921    
   223.03049       1.7629778      -1.5285147     -9.71279889E-02
   223.55856       1.8008919      -1.5606532     -6.08564317E-02
   224.08670       1.8329567      -1.5858928     -1.91187486E-02
   224.61491       1.8595695      -1.6032518      2.72446163E-02
   225.01111       1.8737433      -1.6107943      6.50041699E-02
   225.53946       1.8832028      -1.6154485      0.11849264    
   226.06787       1.8829129      -1.6148508      0.17408225    
   226.59639       1.8744597      -1.6102163      0.23120072    
   227.12498       1.8514540      -1.6015509      0.28751549    
   227.52150       1.8240111      -1.5901634      0.32700694    
   228.05028       1.7785223      -1.5699130      0.37645471    
   228.57915       1.7279446      -1.5451808      0.42357802    
   229.10811       1.6729295      -1.5162488      0.46847904    
   229.50485       1.6267585      -1.4916102      0.49932653    
   230.03389       1.5554161      -1.4544647      0.53421402    
   230.56303       1.4730420      -1.4132838      0.56095636    
   231.09224       1.3832377      -1.3700252      0.58068740    
   231.62151       1.2904196      -1.3258818      0.59450185    
   232.01852       1.2198299      -1.2920729      0.60160029    
   232.54796       1.1250807      -1.2456121      0.60717607    
   233.07748       1.0315367      -1.1976008      0.60847414    
   233.60713      0.94173527      -1.1483421      0.60563809    
   234.00444      0.87799072      -1.1108344      0.60101980    
   234.53427      0.79799628      -1.0602498      0.59231055    
   235.06422      0.72276998      -1.0091871      0.58073896    
   235.59433      0.65028644     -0.95822769      0.56578660    
   236.12462      0.57855576     -0.90837002      0.54760242    
   236.52246      0.52626646     -0.87257838      0.53344035    
   237.05313      0.45937309     -0.82806081      0.51441336    
   237.58405      0.39567572     -0.78708601      0.49449492    
   238.11520      0.33426812     -0.74863350      0.47174767    
   238.51366      0.28902116     -0.72095716      0.45175499    
   239.04498      0.22887278     -0.68532193      0.42074418    
   239.57635      0.16932607     -0.65046048      0.38564724    
   240.10777      0.11258124     -0.61612058      0.34925655    
   240.50635      7.39439279E-02 -0.59107018      0.32353747    
   241.03778      2.96912808E-02 -0.55968946      0.29339629    
   241.56921     -5.43567073E-03 -0.53192818      0.26811877    
   242.10065     -3.43814716E-02 -0.50884938      0.24624622    
   242.63208     -6.28151000E-02 -0.49134630      0.22665225    
   243.03062     -8.42695236E-02 -0.48095080      0.21336710    
   243.56200     -0.11218122     -0.46922693      0.19815215    
   244.09337     -0.13610899     -0.46012473      0.18806498    
   244.62473     -0.15330729     -0.45334902      0.18452704    
   245.02321     -0.16362020     -0.44895282      0.18491998    
   245.55452     -0.17514624     -0.44333425      0.19013366    
   246.08580     -0.18505850     -0.43719137      0.19875272    
   246.61705     -0.19856885     -0.43035126      0.20793937    
   247.01549     -0.20988786     -0.42392656      0.21437575    
   247.54674     -0.22603732     -0.41404110      0.22167237    
   248.07799     -0.24461499     -0.40431255      0.22697626    
   248.60924     -0.26358023     -0.39535499      0.23196518    
   249.00768     -0.27735177     -0.38940540      0.23648420    
   249.53893     -0.29495072     -0.38218343      0.24430940    
   250.07024     -0.31149355     -0.37546512      0.25424308    
