  0.13234943      1.46547396E-08  8.58026805E-09 -1.71563848E-12
  0.52977455      1.39566216E-08  9.15135168E-09 -2.98570522E-12
   1.0596689      1.29391644E-08  9.77191839E-09 -7.35979073E-12
   1.5895488      1.18959491E-08  1.03160973E-08 -1.39905171E-11
   2.1194093      1.09091598E-08  1.08332641E-08 -1.95598225E-11
   2.5167909      1.02084741E-08  1.11924461E-08 -1.96296000E-11
   3.0466142      9.27776433E-09  1.15839169E-08 -1.12491873E-11
   3.5764179      8.21648971E-09  1.17450876E-08  1.30851614E-11
   4.1062055      6.98336411E-09  1.16672192E-08  5.09769310E-11
   4.5035372      5.98857319E-09  1.14058860E-08  8.17666213E-11
   5.0333042      4.68507100E-09  1.08682796E-08  1.09773440E-10
   5.5630655      3.44991768E-09  1.01750182E-08  1.01378156E-10
   6.0928254      2.22772356E-09  9.31465927E-09  5.09343817E-11
   6.6225853      1.00119313E-09  8.23994206E-09 -3.85408962E-11
   7.0199070      1.09224102E-10  7.29321137E-09 -1.37034509E-10
   7.5496740     -1.02232300E-09  5.89760774E-09 -3.13189058E-10
   8.0794458     -2.06557749E-09  4.38121672E-09 -5.14516263E-10
   8.6092234     -2.93107827E-09  2.88483992E-09 -7.05425718E-10
   9.0065594     -3.39174600E-09  1.86332061E-09 -8.17416912E-10
   9.5363464     -3.72281361E-09  6.92642665E-10 -9.09987474E-10
   10.066137     -3.66612940E-09 -1.53092483E-10 -9.12234954E-10
   10.595934     -3.29369731E-09 -7.07444547E-10 -8.33312475E-10
   11.125734     -2.81209811E-09 -1.10594578E-09 -7.02606640E-10
   11.523088     -2.37632225E-09 -1.35046219E-09 -5.86612314E-10
   12.052895     -1.81210247E-09 -1.66042446E-09 -4.25022684E-10
   12.582705     -1.29908551E-09 -2.04991624E-09 -2.67863287E-10
   13.112516     -8.69006034E-10 -2.55735899E-09 -1.34173200E-10
   13.509877     -5.85412940E-10 -3.02013659E-09 -6.84163767E-11
   14.039695     -2.33373348E-10 -3.72291686E-09 -4.45193049E-11
   14.569512      1.84860544E-10 -4.44608972E-09 -8.86596699E-11
   15.099333      7.53428653E-10 -5.09339593E-09 -2.06577644E-10
   15.629155      1.53227031E-09 -5.58648017E-09 -3.96245592E-10
   16.026524      2.25395169E-09 -5.86664362E-09 -5.83040227E-10
   16.556347      3.38014905E-09 -6.14897777E-09 -8.67254712E-10
   17.086174      4.65024463E-09 -6.38172537E-09 -1.15215060E-09
   17.616001      5.99797367E-09 -6.61411459E-09 -1.38871925E-09
   18.013372      7.03941794E-09 -6.80128176E-09 -1.51027590E-09
   18.543203      8.42825365E-09 -7.03644298E-09 -1.59068247E-09
   19.073034      9.87277460E-09 -7.19790805E-09 -1.59508295E-09
   19.602865      1.13642118E-08 -7.26752836E-09 -1.53566537E-09
   20.000238      1.24970985E-08 -7.28249061E-09 -1.46104007E-09
   20.530073      1.40069272E-08 -7.29448146E-09 -1.35953004E-09
   21.059908      1.55350826E-08 -7.35127204E-09 -1.29765287E-09
   21.589746      1.70967933E-08 -7.49490425E-09 -1.30461530E-09
   22.119585      1.87235756E-08 -7.75720288E-09 -1.38542733E-09
   22.516964      2.00200816E-08 -8.04021916E-09 -1.49853041E-09
   23.046803      2.18859135E-08 -8.53137561E-09 -1.70953252E-09
   23.576641      2.39381244E-08 -9.14305609E-09 -1.97371985E-09
   24.106483      2.62001532E-08 -9.86186688E-09 -2.27457564E-09
   24.503866      2.80578583E-08 -1.04521174E-08 -2.51285481E-09
   25.033709      3.07319610E-08 -1.13123289E-08 -2.83906498E-09
   25.563555      3.36123875E-08 -1.22849819E-08 -3.18303606E-09
   26.093401      3.67095048E-08 -1.33954856E-08 -3.56189567E-09
   26.623247      4.00641440E-08 -1.46602002E-08 -3.97711863E-09
   27.020632      4.27844995E-08 -1.57165303E-08 -4.30503633E-09
   27.550480      4.67360941E-08 -1.72731056E-08 -4.75457984E-09
   28.080330      5.11101206E-08 -1.90031137E-08 -5.21221288E-09
   28.610180      5.59461881E-08 -2.09172573E-08 -5.68494141E-09
   29.007568      5.98953918E-08 -2.24855601E-08 -6.05945516E-09
   29.537422      6.56184085E-08 -2.47766909E-08 -6.59907862E-09
   30.067276      7.19089712E-08 -2.73293139E-08 -7.20273974E-09
   30.597130      7.88335655E-08 -3.01964640E-08 -7.88872079E-09
   31.126984      8.64790124E-08 -3.34244845E-08 -8.67190586E-09
   31.524374      9.27477117E-08 -3.61130326E-08 -9.33077615E-09
   32.054230      1.01907467E-07 -4.00952658E-08 -1.03144000E-08
   32.584091      1.12087847E-07 -4.45767085E-08 -1.14291723E-08
   33.113953      1.23406110E-07 -4.96088823E-08 -1.26858755E-08
   33.511349      1.32715783E-07 -5.37794982E-08 -1.37270426E-08
   34.041210      1.46331885E-07 -5.99227761E-08 -1.52540487E-08
   34.571072      1.61463944E-07 -6.68010074E-08 -1.69504499E-08
   35.100933      1.78287920E-07 -7.44960147E-08 -1.88326332E-08
   35.630795      1.97002976E-07 -8.30928286E-08 -2.09217319E-08
   36.028191      2.12411862E-07 -9.01858073E-08 -2.26389840E-08
   36.558052      2.34978117E-07 -1.00581417E-07 -2.51504524E-08
   37.087914      2.60093003E-07 -1.12150957E-07 -2.79423631E-08
   37.617775      2.88045726E-07 -1.25024343E-07 -3.10484829E-08
   38.015179      3.11067794E-07 -1.35626578E-07 -3.36079289E-08
   38.545044      3.44800696E-07 -1.51167029E-07 -3.73630371E-08
   39.074909      3.82381529E-07 -1.68495532E-07 -4.15545145E-08
   39.604782      4.24267625E-07 -1.87828846E-07 -4.62333674E-08
   40.002190      4.58810121E-07 -2.03789526E-07 -5.00938242E-08
   40.532066      5.09477900E-07 -2.27236669E-07 -5.57536097E-08
   41.061943      5.65966104E-07 -2.53431324E-07 -6.20555483E-08
   41.591820      6.28934004E-07 -2.82695964E-07 -6.90719304E-08
   42.121696      6.99113343E-07 -3.15381726E-07 -7.68888881E-08
   42.519104      7.56968461E-07 -3.42370242E-07 -8.33367721E-08
   43.048981      8.41793394E-07 -3.81987263E-07 -9.28028356E-08
   43.578857      9.36320930E-07 -4.26173926E-07 -1.03370795E-07
   44.108734      1.04166702E-06 -4.75436167E-07 -1.15166216E-07
   44.506142      1.12852069E-06 -5.16052125E-07 -1.24898534E-07
   45.036018      1.25588576E-06 -5.75602428E-07 -1.39172556E-07
   45.565895      1.39785743E-06 -6.41959389E-07 -1.55078794E-07
   46.095772      1.55612042E-06 -7.15899944E-07 -1.72800782E-07
   46.625648      1.73254978E-06 -7.98293058E-07 -1.92545087E-07
   47.023060      1.87803835E-06 -8.66214236E-07 -2.08818619E-07
   47.552944      2.09141126E-06 -9.65799700E-07 -2.32673699E-07
   48.082829      2.32925368E-06 -1.07678022E-06 -2.59250527E-07
   48.612720      2.59435183E-06 -1.20046514E-06 -2.88863220E-07
   49.010139      2.81291682E-06 -1.30243586E-06 -3.13276757E-07
   49.540031      3.13339842E-06 -1.45195099E-06 -3.49081574E-07
   50.069923      3.49056063E-06 -1.61856610E-06 -3.88998359E-07
   50.599815      3.88859098E-06 -1.80421523E-06 -4.33496098E-07
   51.129707      4.33214791E-06 -2.01103990E-06 -4.83092094E-07
   51.527126      4.69779206E-06 -2.18147488E-06 -5.23976155E-07
   52.057018      5.23384642E-06 -2.43122622E-06 -5.83907422E-07
   52.586910      5.83112023E-06 -2.70932537E-06 -6.50663367E-07
   53.116802      6.49655021E-06 -3.01894147E-06 -7.25000064E-07
   53.514221      7.04496051E-06 -3.27394537E-06 -7.86229350E-07
   54.044113      7.84875192E-06 -3.64745119E-06 -8.75914907E-07
   54.574013      8.74408124E-06 -4.06318395E-06 -9.75741386E-07
   55.103912      9.74131581E-06 -4.52589711E-06 -1.08685754E-06
   55.501335      1.05630188E-05 -4.90692946E-06 -1.17837112E-06
   56.031239      1.17671616E-05 -5.46497813E-06 -1.31242359E-06
   56.561146      1.31081997E-05 -6.08609207E-06 -1.46165576E-06
   57.091053      1.46016309E-05 -6.77741809E-06 -1.62778815E-06
   57.620960      1.62647029E-05 -7.54692519E-06 -1.81273003E-06
   58.018391      1.76348003E-05 -8.18066110E-06 -1.96505016E-06
   58.548298      1.96422297E-05 -9.10892868E-06 -2.18816876E-06
   59.078205      2.18774585E-05 -1.01422511E-05 -2.43654313E-06
   59.608112      2.43662544E-05 -1.12925263E-05 -2.71303634E-06
   60.005543      2.64163900E-05 -1.22398988E-05 -2.94076176E-06
   60.535450      2.94198944E-05 -1.36275985E-05 -3.27435055E-06
   61.065357      3.27638918E-05 -1.51723452E-05 -3.64572543E-06
   61.595264      3.64868974E-05 -1.68918868E-05 -4.05917262E-06
   62.125168      4.06317886E-05 -1.88059421E-05 -4.51945652E-06
   62.522591      4.40458134E-05 -2.03822492E-05 -4.89856757E-06
   63.052483      4.90470120E-05 -2.26910088E-05 -5.45389958E-06
   63.582371      5.46146002E-05 -2.52607715E-05 -6.07208540E-06
   64.112244      6.08125774E-05 -2.81209705E-05 -6.76021364E-06
   64.509636      6.59172874E-05 -3.04762834E-05 -7.32691615E-06
   65.039474      7.33945126E-05 -3.39257385E-05 -8.15693056E-06
   65.569275      8.17175896E-05 -3.77647521E-05 -9.08074981E-06
   66.099030      9.09817900E-05 -4.20371543E-05 -1.01089245E-05
   66.628723      1.01292921E-04 -4.67916834E-05 -1.12531798E-05
   67.025932      1.09783527E-04 -5.07062832E-05 -1.21953199E-05
   67.555450      1.22217141E-04 -5.64382244E-05 -1.35748796E-05
   68.084801      1.36052113E-04 -6.28155030E-05 -1.51098029E-05
   68.613899      1.51442975E-04 -6.99093434E-05 -1.68172155E-05
   69.010536      1.64110650E-04 -7.57476591E-05 -1.82224576E-05
   69.539139      1.82653021E-04 -8.42930749E-05 -2.02793090E-05
   70.067490      2.03276926E-04 -9.37973527E-05 -2.25669737E-05
   70.595566      2.26214644E-04 -1.04367493E-04 -2.51112106E-05
   71.123398      2.51724909E-04 -1.16122785E-04 -2.79407213E-05
   71.519096      2.72717298E-04 -1.25795996E-04 -3.02691224E-05
   72.046478      3.03439883E-04 -1.39952579E-04 -3.36767116E-05
   72.573631      3.37604200E-04 -1.55694739E-04 -3.74660740E-05
   73.100563      3.75595497E-04 -1.73199864E-04 -4.16799376E-05
   73.627251      4.17838804E-04 -1.92663720E-04 -4.63654796E-05
   74.022125      4.52595646E-04 -2.08677724E-04 -5.02206567E-05
   74.548454      5.03455638E-04 -2.32110528E-04 -5.58619795E-05
   75.074585      5.60005195E-04 -2.58163695E-04 -6.21344443E-05
   75.600517      6.22879306E-04 -2.87129369E-04 -6.91083842E-05
   76.126266      6.92784030E-04 -3.19332292E-04 -7.68620812E-05
   76.520493      7.50297622E-04 -3.45825742E-04 -8.32413134E-05
   77.045998      8.34452396E-04 -3.84588930E-04 -9.25753629E-05
   77.571327      9.28008347E-04 -4.27679392E-04 -1.02951963E-04
   78.096527      1.03202264E-03 -4.75582812E-04 -1.14488241E-04
   78.621574      1.14765298E-03 -5.28831151E-04 -1.27312640E-04
   79.015312      1.24278339E-03 -5.72634919E-04 -1.37863201E-04
   79.540161      1.38196105E-03 -6.36714336E-04 -1.53298402E-04
   80.064880      1.53667596E-03 -7.07938103E-04 -1.70456042E-04
   80.589546      1.70868682E-03 -7.87112804E-04 -1.89530969E-04
   81.114098      1.89989537E-03 -8.75109981E-04 -2.10733706E-04
   81.507446      2.05717841E-03 -9.47483466E-04 -2.28173798E-04
   82.031914      2.28731334E-03 -1.05336099E-03 -2.53690523E-04
   82.556343      2.54315697E-03 -1.17104198E-03 -2.82055815E-04
   83.080704      2.82755168E-03 -1.30182528E-03 -3.13584314E-04
   83.605011      3.14369029E-03 -1.44716795E-03 -3.48629284E-04
   84.129288      3.49511625E-03 -1.60868675E-03 -3.87582695E-04
   84.522484      3.78420018E-03 -1.74151571E-03 -4.19623218E-04
   85.046745      4.20713052E-03 -1.93578552E-03 -4.66494384E-04
   85.571007      4.67727892E-03 -2.15166248E-03 -5.18592948E-04
   86.095299      5.19992225E-03 -2.39154324E-03 -5.76501363E-04
   86.619637      5.78093063E-03 -2.65808753E-03 -6.40867569E-04
   87.012924      6.25888631E-03 -2.87725893E-03 -6.93810754E-04
   87.537369      6.95816893E-03 -3.19776405E-03 -7.71260122E-04
   88.061897      7.73557136E-03 -3.55385686E-03 -8.57348321E-04
   88.586540      8.59984197E-03 -3.94947687E-03 -9.53039969E-04
   89.111305      9.56070423E-03 -4.38898802E-03 -1.05940690E-03
   89.504898      1.03510525E-02 -4.75025410E-03 -1.14688394E-03
   90.029755      1.15072792E-02 -5.27835358E-03 -1.27483415E-03
   90.554764      1.27927046E-02 -5.86490007E-03 -1.41705037E-03
   91.079956      1.42218266E-02 -6.51633181E-03 -1.57512655E-03
   91.605278      1.58104673E-02 -7.23963697E-03 -1.75080018E-03
   92.130737      1.75764598E-02 -8.04266427E-03 -1.94602821E-03
   92.524986      1.90293156E-02 -8.70250631E-03 -2.10659765E-03
   93.050819      2.11549625E-02 -9.66661982E-03 -2.34145299E-03
   93.576805      2.35177502E-02 -1.07365139E-02 -2.60241516E-03
   94.103027      2.61444151E-02 -1.19237266E-02 -2.89239711E-03
   94.629448      2.90640742E-02 -1.32407360E-02 -3.21460329E-03
   95.024406      3.14656198E-02 -1.43220164E-02 -3.47953686E-03
   95.551254      3.49787883E-02 -1.59007777E-02 -3.86684830E-03
   96.078323      3.88834290E-02 -1.76509954E-02 -4.29731421E-03
   96.605637      4.32238951E-02 -1.95903406E-02 -4.77662124E-03
   97.001274      4.67945039E-02 -2.11805403E-02 -5.17143402E-03
   97.529015      5.20177707E-02 -2.34987643E-02 -5.74689731E-03
   98.057014      5.78174517E-02 -2.60649156E-02 -6.37622597E-03
   98.585297      6.42487183E-02 -2.89065689E-02 -7.05458503E-03
   99.113861      7.13721216E-02 -3.20547745E-02 -7.77939428E-03
   99.510498      7.72102848E-02 -3.46378833E-02 -8.35627783E-03
   100.03961      8.57195854E-02 -3.84034812E-02 -9.18176956E-03
   100.56907      9.51441601E-02 -4.25669365E-02 -1.00920917E-02
   101.09887      0.10558881     -4.71669324E-02 -1.11092785E-02
   101.62887      0.11716342     -5.22492677E-02 -1.22490693E-02
   102.02637      0.12665406     -5.64095341E-02 -1.31908003E-02
   102.55637      0.14049226     -6.24673963E-02 -1.45779792E-02
   103.08636      0.15582857     -6.91578686E-02 -1.61543619E-02
   103.61636      0.17285165     -7.65201896E-02 -1.79839022E-02
   104.01386      0.18685721     -8.24959204E-02 -1.95623003E-02
   104.54386      0.20736651     -9.10771564E-02 -2.19737422E-02
   105.07386      0.23017892     -0.10036707     -2.47303955E-02
   105.60386      0.25551018     -0.11038111     -2.77802981E-02
   106.00136      0.27628294     -0.11835800     -3.02155055E-02
   106.53136      0.30650151     -0.12962231     -3.36049423E-02
   107.06136      0.33981007     -0.14165094     -3.71416323E-02
   107.59136      0.37647259     -0.15439567     -4.08567786E-02
   108.12138      0.41674075     -0.16782755     -4.47531380E-02
   108.51888      0.44942299     -0.17835492     -4.77489792E-02
   109.04890      0.49636978     -0.19301414     -5.17336801E-02
   109.57893      0.54721975     -0.20840767     -5.56357056E-02
   110.10896      0.60220093     -0.22441016     -5.96167892E-02
   110.50648      0.64632344     -0.23666178     -6.28439039E-02
   111.03651      0.70923322     -0.25306416     -6.77319765E-02
   111.56654      0.77791321     -0.26849464     -7.35441893E-02
   112.09657      0.85432011     -0.28168246     -7.95064270E-02
   112.62660      0.93529141     -0.29463238     -8.35092291E-02
   113.02412      0.99714017     -0.30613285     -8.49586278E-02
   113.55415       1.0777833     -0.32705826     -8.67732465E-02
   114.08418       1.1557411     -0.35407221     -9.01498199E-02
   114.61421       1.2327783     -0.38470373     -9.95456502E-02
   115.01173       1.2912030     -0.40819547     -0.11124749    
   115.54176       1.3707597     -0.43500286     -0.13036151    
   116.07179       1.4578922     -0.45424402     -0.14764507    
   116.60182       1.5571353     -0.45670965     -0.15797454    
   117.13185       1.6657758     -0.44190830     -0.16030984    
   117.52937       1.7491874     -0.41841680     -0.15747771    
   118.05940       1.8598528     -0.37546790     -0.14863667    
   118.58943       1.9636809     -0.32228649     -0.13632554    
   119.11946       2.0563898     -0.25875667     -0.12167920    
   119.51698       2.1170802     -0.20502406     -0.10866696    
   120.04702       2.1784835     -0.13056578     -8.74159336E-02
   120.57706       2.2135825     -5.72780594E-02 -6.47919849E-02
   121.10711       2.2239976      1.32470848E-02 -4.43381071E-02
   121.50465       2.2187424      6.58782795E-02 -3.12690064E-02
   122.03471       2.1995065      0.13919245     -1.66087747E-02
   122.56477       2.1702323      0.21870056     -2.99810525E-03
   123.09483       2.1302876      0.30477041      1.28732082E-02
   123.62489       2.0770187      0.39541116      3.25297788E-02
   124.02244       2.0275402      0.46628398      4.92030457E-02
   124.55250       1.9495410      0.56394202      7.28583038E-02
   125.08256       1.8579836      0.66386539      9.57312882E-02
   125.61262       1.7543483      0.76490784      0.11737484    
   126.01016       1.6692805      0.83983189      0.13242528    
   126.54022       1.5468326      0.93708694      0.15017210    
   127.07028       1.4163470       1.0307100      0.16552126    
   127.60034       1.2767901       1.1147827      0.17703575    
   128.13040       1.1212749       1.1777534      0.18265200    
   128.52797      0.99249649       1.2050880      0.18294504    
   129.05806      0.81062907       1.2179685      0.17890665    
   129.58815      0.62604904       1.2038040      0.17012738    
   130.11824      0.44273812       1.1679311      0.15673259    
   130.51581      0.31296992       1.1326418      0.14475442    
   131.04590      0.15546238       1.0809505      0.12856120    
   131.57599      1.22854263E-02   1.0232447      0.11303359    
   132.10608     -0.11766010      0.96083730      9.70172882E-02
   132.50365     -0.20850341      0.90834802      8.44050348E-02
   133.03374     -0.32569808      0.82303989      6.54764324E-02
   133.56387     -0.43829751      0.72023451      4.33804542E-02
   134.09402     -0.53935963      0.60850626      1.81896724E-02
   134.62418     -0.62219709      0.49824458     -7.26492330E-03
   135.02179     -0.66970050      0.42136589     -2.52455287E-02
   135.55199     -0.71307683      0.33096129     -4.49990481E-02
   136.08220     -0.73455274      0.25686240     -5.89072518E-02
   136.61244     -0.73790574      0.19835153     -6.71806335E-02
   137.01015     -0.73248476      0.16210401     -7.04258084E-02
   137.54047     -0.71747226      0.11940129     -7.12989196E-02
   138.07083     -0.69761580      8.04325268E-02 -6.91244379E-02
   138.60126     -0.67605281      4.34660129E-02 -6.59422949E-02
   139.13176     -0.65234596      6.57711551E-03 -6.26760051E-02
   139.52971     -0.63345480     -2.18696743E-02 -6.05211258E-02
   140.06041     -0.60735071     -6.08967282E-02 -5.79535514E-02
   140.59123     -0.58042866     -0.10025183     -5.60939386E-02
   141.12222     -0.55118781     -0.13800415     -5.50825335E-02
   141.52058     -0.52713966     -0.16424301     -5.49841523E-02
   142.05193     -0.49320388     -0.19487749     -5.56944534E-02
   142.58354     -0.45447987     -0.21704355     -5.65415993E-02
   143.11548     -0.40749091     -0.22692131     -5.65868542E-02
   143.51466     -0.36876303     -0.22854796     -5.64520210E-02
   144.04729     -0.31023607     -0.22081973     -5.49050644E-02
   144.58037     -0.24321085     -0.19668138     -5.08702025E-02
   145.11369     -0.17074227     -0.16171825     -4.45705019E-02
   145.51369     -0.11832250     -0.13416313     -3.96097302E-02
   146.04706     -6.12758659E-02 -0.10596818     -3.44549567E-02
   146.58051     -1.75498948E-02 -8.97354409E-02 -3.19283046E-02
   147.11404      1.72282457E-02 -8.26331526E-02 -3.14524546E-02
   147.51428      3.99187729E-02 -7.87111819E-02 -3.17666754E-02
   148.04805      6.85344487E-02 -7.37307370E-02 -3.22969705E-02
   148.58199      0.10013169     -6.23020269E-02 -3.17060426E-02
   149.11613      0.13714963     -3.90288346E-02 -2.86740717E-02
   149.51691      0.16884652     -1.54969469E-02 -2.42455881E-02
   150.05154      0.20732634      1.79730058E-02 -1.64873302E-02
   150.58652      0.23650600      4.88221310E-02 -9.53398459E-03
   151.12189      0.25466204      7.61413649E-02 -3.69831640E-03
   151.52371      0.26294982      9.45320353E-02  6.98375516E-06
   152.05992      0.26969177      0.11776434      4.72784275E-03
   152.59669      0.27172509      0.14007236      9.46979690E-03
   153.13408      0.26921076      0.16216516      1.45629738E-02
   153.53720      0.26456696      0.17806377      1.75830796E-02
   154.07394      0.25640267      0.19723311      1.98529549E-02
   154.60988      0.24714202      0.21366945      1.95070542E-02
   155.01134      0.24007104      0.22445020      1.79047827E-02
   155.54599      0.22937247      0.23585853      1.56363584E-02
   156.08002      0.21603310      0.24560328      1.33708315E-02
   156.61346      0.20273280      0.25498098      1.02579519E-02
   157.01323      0.19279318      0.26151562      8.04313459E-03
   157.54585      0.17963348      0.26923364      5.76657942E-03
   158.07808      0.16615130      0.27555311      4.03103651E-03
   158.60999      0.15127006      0.28003353      2.12323293E-03
   159.00874      0.13908459      0.28231707      4.02571284E-04
   159.54021      0.12244712      0.28418049     -2.01734784E-03
   160.07144      0.10595299      0.28476763     -4.46562935E-03
   160.60249      8.91566351E-02  0.28465104     -6.66054524E-03
   161.00069      7.65555352E-02  0.28422058     -7.93211535E-03
   161.53151      5.98364100E-02  0.28319299     -8.82560946E-03
   162.06223      4.31143641E-02  0.28162634     -8.93036649E-03
   162.59283      2.62874737E-02  0.27959672     -8.50451831E-03
   163.12338      9.15737823E-03  0.27729130     -7.69381132E-03
   163.52127     -3.88748362E-03  0.27547449     -6.89164363E-03
   164.05173     -2.13786922E-02  0.27291596     -5.56175783E-03
   164.58218     -3.86959724E-02  0.26998791     -4.01111692E-03
   165.11259     -5.57897687E-02  0.26638195     -2.63225241E-03
   165.51041     -6.82672560E-02  0.26308250     -1.94733543E-03
   166.04085     -8.37794691E-02  0.25757635     -1.67390157E-03
   166.57130     -9.65985805E-02  0.25044334     -2.44025025E-03
   167.10178     -0.10646031      0.24165347     -3.98535095E-03
   167.63229     -0.11316388      0.23136854     -6.46086177E-03
   168.03020     -0.11582185      0.22285131     -9.24027897E-03
   168.56079     -0.11636975      0.20991315     -1.42837465E-02
   169.09143     -0.11363409      0.19499439     -2.11122744E-02
   169.62213     -0.10796170      0.17840534     -2.91230269E-02
   170.02020     -0.10219022      0.16512772     -3.48124467E-02
   170.55101     -9.37343836E-02  0.14715788     -4.03656177E-02
   171.08188     -8.58877376E-02  0.13035971     -4.31480892E-02
   171.61281     -7.88079202E-02  0.11752278     -4.36829180E-02
   172.01105     -7.33359754E-02  0.11136882     -4.28678952E-02
   172.54208     -6.36337847E-02  0.10831426     -4.03787605E-02
   173.07320     -5.27973026E-02  0.11042622     -3.62686440E-02
   173.60439     -4.15726230E-02  0.11620814     -3.13535221E-02
   174.00282     -3.39360684E-02  0.12161712     -2.78931260E-02
   174.53413     -2.52032764E-02  0.12863088     -2.43465044E-02
   175.06552     -1.77042745E-02  0.13465944     -2.21883878E-02
   175.59698     -1.07632894E-02  0.13966875     -2.05811001E-02
   176.12851     -3.23338341E-03  0.14375523     -1.91550013E-02
   176.52718      3.58001911E-03  0.14650583     -1.80800762E-02
   177.05879      1.32654551E-02  0.14908215     -1.68991853E-02
   177.59047      2.23100316E-02  0.15010084     -1.59520861E-02
   178.12215      2.98256762E-02  0.15016553     -1.57228839E-02
   178.52090      3.48401070E-02  0.14984363     -1.65959448E-02
   179.05258      4.06157412E-02  0.14903826     -1.90728419E-02
   179.58426      4.57286835E-02  0.14853628     -2.23897118E-02
   180.11594      5.02708033E-02  0.14919992     -2.57186554E-02
   180.51469      5.47215417E-02  0.15089342     -2.75416933E-02
   181.04640      6.22927360E-02  0.15502378     -2.90495828E-02
   181.57811      7.08905607E-02  0.16074681     -2.86499709E-02
   182.10982      7.87793845E-02  0.16709958     -2.57131495E-02
   182.50858      8.33310261E-02  0.17189200     -2.16582548E-02
   183.04025      8.73932466E-02  0.17793803     -1.48663633E-02
   183.57190      8.93312693E-02  0.18287431     -8.47205240E-03
   184.10352      8.87791738E-02  0.18658133     -3.24948505E-03
   184.50218      8.68509412E-02  0.18852870      1.56993279E-04
   185.03371      8.35704207E-02  0.18999720      3.73969343E-03
   185.56517      7.96158314E-02  0.18997943      5.42604271E-03
   186.09657      7.52877817E-02  0.18819825      5.46182506E-03
   186.62791      7.12878406E-02  0.18403077      4.68860753E-03
   187.02638      6.89227134E-02  0.17890187      3.12131341E-03
   187.55762      6.77266195E-02  0.16955025     -7.13369169E-04
   188.08879      7.08091408E-02  0.15715557     -6.21091854E-03
   188.61992      7.74261430E-02  0.14165071     -1.26325982E-02
   189.01822      8.47583413E-02  0.12802847     -1.73928794E-02
   189.54924      9.78248417E-02  0.10723127     -2.32217461E-02
   190.08020      0.11502162      8.41106027E-02 -2.85453387E-02
   190.61111      0.13769737      6.01239093E-02 -3.33716720E-02
   191.00928      0.15824641      4.20046039E-02 -3.71948853E-02
   191.54012      0.19027881      1.83191616E-02 -4.22785282E-02
   192.07094      0.22671592     -4.04784083E-03 -4.55495045E-02
   192.60172      0.26556632     -2.52199098E-02 -4.59287800E-02
   193.13248      0.30560189     -4.56874818E-02 -4.33102250E-02
   193.53055      0.33549476     -6.10432401E-02 -4.02421802E-02
   194.06131      0.37680906     -8.06604922E-02 -3.56424302E-02
   194.59210      0.42203623     -9.73334610E-02 -3.05262022E-02
   195.12280      0.47137463     -0.11051393     -2.50690132E-02
   195.52074      0.51059687     -0.11901528     -2.11445317E-02
   196.05119      0.56505215     -0.12981987     -1.61622688E-02
   196.58153      0.62129724     -0.14129923     -1.06666191E-02
   197.11174      0.67908245     -0.15498623     -4.77587292E-03
   197.50932      0.72348034     -0.16674885     -8.36718129E-04
   198.03932      0.78599018     -0.18456797      3.76725337E-03
   198.56921      0.85309398     -0.20554501      8.06480460E-03
   199.09900      0.91970646     -0.23291177      1.42506352E-02
   199.62869      0.98468280     -0.26973122      2.16481946E-02
   200.02591       1.0321612     -0.30454937      2.53748260E-02
   200.55545       1.0959148     -0.35896009      2.47466713E-02
   201.08492       1.1625013     -0.41907859      1.83218829E-02
   201.61430       1.2347474     -0.48090822      7.67414644E-03
   202.01131       1.2937921     -0.52614570     -1.07644289E-03
   202.54060       1.3817112     -0.58171594     -1.24821309E-02
   203.06985       1.4794188     -0.62869030     -2.25969199E-02
   203.59909       1.5875438     -0.66412038     -2.63916031E-02
   204.12833       1.7033836     -0.68672943     -2.49713622E-02
   204.52525       1.7926276     -0.69508958     -2.17091925E-02
   205.05449       1.9120113     -0.69511318     -1.68368500E-02
   205.58379       2.0281222     -0.68502063     -1.22100338E-02
   206.11311       2.1401129     -0.66354638     -6.64160214E-03
   206.51016       2.2224250     -0.63937002     -2.37023691E-04
   207.03963       2.3256259     -0.59851241      1.31245516E-02
   207.56920       2.4131799     -0.55253291      2.88294777E-02
   208.09889       2.4785080     -0.50540227      4.18137982E-02
   208.62868       2.5237303     -0.45763704      4.87228185E-02
   209.02596       2.5475519     -0.41932151      4.97952253E-02
   209.55559       2.5708871     -0.36146820      4.80033383E-02
   210.08511       2.5879745     -0.29398555      4.66364212E-02
   210.61453       2.5985441     -0.21643427      4.55337539E-02
   211.01154       2.6016982     -0.15148564      4.48427387E-02
   211.54077       2.5988283     -5.64670488E-02  4.34822515E-02
   212.06990       2.5896854      5.05688414E-02  4.08191532E-02
   212.59892       2.5765646      0.17172691      3.91516834E-02
   213.12782       2.5580633      0.30551615      4.16884832E-02
   213.52441       2.5390818      0.41223562      4.76628318E-02
   214.05310       2.4995921      0.55687785      6.20666295E-02
   214.58170       2.4354715      0.69162816      7.89707750E-02
   215.11017       2.3479462      0.81553793      9.33299661E-02
   215.50645       2.2696359      0.90256524      0.10000089    
   216.03474       2.1565540       1.0167530      0.10225083    
   216.56294       2.0409982       1.1319404      0.10039864    
   217.09105       1.9230669       1.2447536      9.90172923E-02
   217.61909       1.7993338       1.3496313      9.78206843E-02
   218.01511       1.7017912       1.4209740      9.65446532E-02
   218.54306       1.5652616       1.5055469      9.38745514E-02
   219.07100       1.4245481       1.5798078      9.07159373E-02
   219.59889       1.2785900       1.6419083      8.73771533E-02
   220.12679       1.1190732       1.6813271      8.19543749E-02
   220.52271      0.99009824       1.6939116      7.58597255E-02
   221.05060      0.81106043       1.6874404      6.53060451E-02
   221.57854      0.62748927       1.6565478      5.27072288E-02
   222.10649      0.44631523       1.6062908      3.84000242E-02
   222.50247      0.31799078       1.5627234      2.71271989E-02
   223.03049      0.16269276       1.5018352      1.23919398E-02
   223.55856      2.21209731E-02   1.4375985     -3.41774430E-03
   224.08670     -0.10694543       1.3658178     -2.01861914E-02
   224.61491     -0.22856240       1.2804308     -3.80252264E-02
   225.01111     -0.31724167       1.2024515     -5.08077145E-02
   225.53946     -0.43323430       1.0822232     -6.40299767E-02
   226.06787     -0.54263532      0.95358551     -7.12132603E-02
   226.59639     -0.63817537      0.82768488     -7.51809776E-02
   227.12498     -0.71157050      0.71701080     -7.76298642E-02
   227.52150     -0.74986768      0.64941746     -7.85571784E-02
   228.05028     -0.78040081      0.58064765     -7.86581486E-02
   228.57915     -0.79283565      0.53139561     -7.72663355E-02
   229.10811     -0.79383200      0.49272406     -7.45830759E-02
   229.50485     -0.79161274      0.46637276     -7.26004913E-02
   230.03389     -0.78880030      0.43234774     -7.13095367E-02
   230.56303     -0.78729594      0.39768091     -7.18065798E-02
   231.09224     -0.78340393      0.36239243     -7.17014000E-02
   231.62151     -0.77780336      0.33125460     -7.08682090E-02
   232.01852     -0.77143919      0.31393921     -6.95180446E-02
   232.54796     -0.76048321      0.29915115     -6.64048791E-02
   233.07748     -0.74696302      0.29086953     -6.14377931E-02
   233.60713     -0.73303843      0.28837007     -5.55174053E-02
   234.00444     -0.72364777      0.28915566     -5.12456261E-02
   234.53427     -0.71225810      0.29384464     -4.54588532E-02
   235.06422     -0.70086306      0.30336595     -3.85323502E-02
   235.59433     -0.68716645      0.32027492     -2.99227908E-02
   236.12462     -0.66984791      0.34683967     -2.05605440E-02
   236.52246     -0.65498769      0.37310848     -1.41682811E-02
   237.05313     -0.63458109      0.41172767     -6.94563985E-03
   237.58405     -0.61660606      0.44934839     -2.08666362E-03
   238.11520     -0.60205638      0.47992551     -2.39031389E-04
   238.51366     -0.59743696      0.49330801     -1.73884630E-03
   239.04498     -0.59996724      0.49670917     -1.00826854E-02
   239.57635     -0.60621947      0.48695633     -2.41565127E-02
   240.10777     -0.61158395      0.46831977     -4.00008410E-02
   240.50635     -0.61170971      0.45163029     -5.08137457E-02
   241.03778     -0.60595053      0.42999125     -6.23556934E-02
   241.56921     -0.59614301      0.41322646     -7.01809302E-02
   242.10065     -0.58355832      0.40269846     -7.51187205E-02
   242.63208     -0.56898332      0.39387941     -7.91426152E-02
   243.03062     -0.55709296      0.38735715     -8.21635276E-02
   243.56200     -0.54087365      0.37742740     -8.70728195E-02
   244.09337     -0.52691281      0.36524242     -9.38642770E-02
   244.62473     -0.51541722      0.35020569     -0.10521464    
   245.02321     -0.50821894      0.33793074     -0.11631113    
   245.55452     -0.49897113      0.32099992     -0.13538231    
   246.08580     -0.48814130      0.30429909     -0.15915960    
   246.61705     -0.47479087      0.28818446     -0.18520465    
   247.01549     -0.46265471      0.27712426     -0.20499647    
   247.54674     -0.44300908      0.26539725     -0.23094939    
   248.07799     -0.42006868      0.25827277     -0.25549224    
   248.60924     -0.39597780      0.25653699     -0.27674901    
   249.00768     -0.37876505      0.25933355     -0.28991961    
   249.53893     -0.36031720      0.26973665     -0.30265924    
   250.07024     -0.34690118      0.28644276     -0.31178790    
