  0.13234943      1.24353470E-08  7.19326643E-09 -2.38860667E-12
  0.52977455      1.19823245E-08  7.68585373E-09 -3.25479097E-12
   1.0596689      1.13329151E-08  8.25837088E-09 -5.77721898E-12
   1.5895488      1.06379359E-08  8.72782024E-09 -1.00029013E-11
   2.1194093      9.90013493E-09  9.08760001E-09 -1.60059292E-11
   2.5167909      9.31951583E-09  9.28413701E-09 -2.16985752E-11
   3.0466142      8.51724380E-09  9.45511580E-09 -3.08210089E-11
   3.5764179      7.71910802E-09  9.53983736E-09 -4.12043559E-11
   4.1062055      6.97724012E-09  9.55197876E-09 -5.07586508E-11
   4.5035372      6.44840847E-09  9.51647117E-09 -5.62801646E-11
   5.0333042      5.76042281E-09  9.38356237E-09 -6.02176919E-11
   5.5630655      5.06355402E-09  9.12382880E-09 -6.31999661E-11
   6.0928254      4.31336122E-09  8.70848282E-09 -7.03802225E-11
   6.6225853      3.51447493E-09  8.13202927E-09 -8.92410937E-11
   7.0199070      2.90759150E-09  7.60412000E-09 -1.15446402E-10
   7.5496740      2.13180984E-09  6.79707579E-09 -1.69930042E-10
   8.0794458      1.43645273E-09  5.89925619E-09 -2.43862597E-10
   8.6092234      8.41934800E-10  4.93062968E-09 -3.25783928E-10
   9.0065594      4.57682670E-10  4.16319867E-09 -3.83674481E-10
   9.5363464      6.55705698E-12  3.09085446E-09 -4.44511816E-10
   10.066137     -3.94761390E-10  1.98099537E-09 -4.79238371E-10
   10.595934     -7.37914174E-10  8.75512829E-10 -4.90005869E-10
   11.125734     -9.81028037E-10 -1.59811053E-10 -4.87379470E-10
   11.523088     -1.04086928E-09 -8.41177683E-10 -4.82980267E-10
   12.052895     -8.30676306E-10 -1.55796509E-09 -4.77698270E-10
   12.582705     -4.09128231E-10 -2.08108553E-09 -4.78098727E-10
   13.112516      1.53561192E-10 -2.46104648E-09 -4.83777796E-10
   13.509877      6.78344603E-10 -2.70186784E-09 -4.80043894E-10
   14.039695      1.36506895E-09 -3.00157055E-09 -4.69610739E-10
   14.569512      2.00205341E-09 -3.34720474E-09 -4.59913219E-10
   15.099333      2.58056598E-09 -3.75770126E-09 -4.70488815E-10
   15.629155      3.14530357E-09 -4.22193125E-09 -5.16942045E-10
   16.026524      3.60200847E-09 -4.57986271E-09 -5.79837567E-10
   16.556347      4.32121494E-09 -5.02311970E-09 -6.95289604E-10
   17.086174      5.21593435E-09 -5.37859535E-09 -8.32367952E-10
   17.616001      6.29875352E-09 -5.61442670E-09 -9.70965863E-10
   18.013372      7.24322868E-09 -5.72134429E-09 -1.06474674E-09
   18.543203      8.65789751E-09 -5.79868331E-09 -1.16261034E-09
   19.073034      1.01526245E-08 -5.85013726E-09 -1.22099597E-09
   19.602865      1.16802212E-08 -5.92028337E-09 -1.24849198E-09
   20.000238      1.28266961E-08 -6.01146599E-09 -1.26240751E-09
   20.530073      1.43625032E-08 -6.19016349E-09 -1.29132671E-09
   21.059908      1.59538782E-08 -6.41887432E-09 -1.35028400E-09
   21.589746      1.76679293E-08 -6.67803590E-09 -1.45233914E-09
   22.119585      1.95454568E-08 -6.96180003E-09 -1.59141400E-09
   22.516964      2.10665796E-08 -7.19607351E-09 -1.71210646E-09
   23.046803      2.32355681E-08 -7.55093321E-09 -1.88657201E-09
   23.576641      2.55534331E-08 -7.97507305E-09 -2.07217599E-09
   24.106483      2.80248145E-08 -8.48766213E-09 -2.27192931E-09
   24.503866      2.99992848E-08 -8.93563623E-09 -2.43634135E-09
   25.033709      3.28328262E-08 -9.61686730E-09 -2.68329181E-09
   25.563555      3.59561554E-08 -1.03905284E-08 -2.96790814E-09
   26.093401      3.94210922E-08 -1.12571765E-08 -3.28754046E-09
   26.623247      4.32482246E-08 -1.22253958E-08 -3.63408059E-09
   27.020632      4.63581209E-08 -1.30296449E-08 -3.90858323E-09
   27.550480      5.08303870E-08 -1.42285002E-08 -4.29720837E-09
   28.080330      5.57012996E-08 -1.55995927E-08 -4.72293671E-09
   28.610180      6.10340720E-08 -1.71705921E-08 -5.19982279E-09
   29.007568      6.53862742E-08 -1.84929512E-08 -5.59691671E-09
   29.537422      7.17293389E-08 -2.04608632E-08 -6.18206553E-09
   30.067276      7.87637049E-08 -2.26762147E-08 -6.83222456E-09
   30.597130      8.65653362E-08 -2.51570498E-08 -7.55110285E-09
   31.126984      9.52140766E-08 -2.79310619E-08 -8.34711056E-09
   31.524374      1.02311375E-07 -3.02281222E-08 -9.00206665E-09
   32.054230      1.12674776E-07 -3.36168569E-08 -9.96366900E-09
   32.584091      1.24180147E-07 -3.74207900E-08 -1.10383285E-08
   33.113953      1.36964047E-07 -4.16900434E-08 -1.22383410E-08
   33.511349      1.47480037E-07 -4.52272992E-08 -1.32279236E-08
   34.041210      1.62867508E-07 -5.04305220E-08 -1.46773136E-08
   34.571072      1.79976283E-07 -5.62398128E-08 -1.62883644E-08
   35.100933      1.98996460E-07 -6.27178380E-08 -1.80772624E-08
   35.630795      2.20138304E-07 -6.99394533E-08 -2.00640837E-08
   36.028191      2.37529022E-07 -7.58961747E-08 -2.16996234E-08
   36.558052      2.62977011E-07 -8.46379606E-08 -2.41000500E-08
   37.087914      2.91285914E-07 -9.43933856E-08 -2.67852709E-08
   37.617775      3.22802293E-07 -1.05282069E-07 -2.97932488E-08
   38.015179      3.48778116E-07 -1.14271330E-07 -3.22841416E-08
   38.545044      3.86874831E-07 -1.27469747E-07 -3.59500625E-08
   39.074909      4.29360171E-07 -1.42200790E-07 -4.00469595E-08
   39.604782      4.76746777E-07 -1.58643104E-07 -4.46173303E-08
   40.002190      5.15838053E-07 -1.72216232E-07 -4.83835159E-08
   40.532066      5.73181012E-07 -1.92142494E-07 -5.38979137E-08
   41.061943      6.37102687E-07 -2.14375035E-07 -6.00302599E-08
   41.591820      7.08341190E-07 -2.39173204E-07 -6.68500348E-08
   42.121696      7.87722342E-07 -2.66826305E-07 -7.44378710E-08
   42.519104      8.53154575E-07 -2.89633078E-07 -8.06878901E-08
   43.048981      9.49079094E-07 -3.23085487E-07 -8.98490953E-08
   43.578857      1.05596655E-06 -3.60381250E-07 -1.00060824E-07
   44.108734      1.17507716E-06 -4.01961472E-07 -1.11448593E-07
   44.506142      1.27327223E-06 -4.36251213E-07 -1.20844305E-07
   45.036018      1.41725650E-06 -4.86540330E-07 -1.34632472E-07
   45.565895      1.57773400E-06 -5.42594307E-07 -1.50012582E-07
   46.095772      1.75660080E-06 -6.05066930E-07 -1.67165837E-07
   46.625648      1.95596795E-06 -6.74686135E-07 -1.86292937E-07
   47.023060      2.12035252E-06 -7.32075364E-07 -2.02067099E-07
   47.552944      2.36141705E-06 -8.16209820E-07 -2.25200694E-07
   48.082829      2.63011225E-06 -9.09952973E-07 -2.50983192E-07
   48.612720      2.92959339E-06 -1.01439662E-06 -2.79711713E-07
   49.010139      3.17650279E-06 -1.10047665E-06 -3.03388674E-07
   49.540031      3.53852943E-06 -1.22664596E-06 -3.38089649E-07
   50.069923      3.94194876E-06 -1.36718563E-06 -3.76738626E-07
   50.599815      4.39145151E-06 -1.52371513E-06 -4.19782737E-07
   51.129707      4.89225931E-06 -1.69803570E-06 -4.67720440E-07
   51.527126      5.30500620E-06 -1.84164787E-06 -5.07215987E-07
   52.057018      5.90997934E-06 -2.05205561E-06 -5.65085543E-07
   52.586910      6.58388035E-06 -2.28631802E-06 -6.29523015E-07
   53.116802      7.33452816E-06 -2.54711927E-06 -7.01270721E-07
   53.514221      7.95308006E-06 -2.76192054E-06 -7.60373212E-07
   54.044113      8.85957070E-06 -3.07655409E-06 -8.46961882E-07
   54.574013      9.86918349E-06 -3.42677936E-06 -9.43370651E-07
   55.103912      1.09935963E-05 -3.81661266E-06 -1.05071354E-06
   55.501335      1.19200122E-05 -4.13765474E-06 -1.13913870E-06
   56.031239      1.32775076E-05 -4.60788033E-06 -1.26869054E-06
   56.561146      1.47892251E-05 -5.13128180E-06 -1.41294026E-06
   57.091053      1.64726480E-05 -5.71387409E-06 -1.57355100E-06
   57.620960      1.83472330E-05 -6.36234972E-06 -1.75236733E-06
   58.018391      1.98915586E-05 -6.89639364E-06 -1.89965044E-06
   58.548298      2.21542250E-05 -7.67860274E-06 -2.11539441E-06
   59.078205      2.46736017E-05 -8.54927748E-06 -2.35555262E-06
   59.608112      2.74787035E-05 -9.51842230E-06 -2.62288540E-06
   60.005543      2.97893348E-05 -1.03165512E-05 -2.84305588E-06
   60.535450      3.31743540E-05 -1.14855538E-05 -3.16555361E-06
   61.065357      3.69429654E-05 -1.27867534E-05 -3.52455118E-06
   61.595264      4.11385372E-05 -1.42350827E-05 -3.92418042E-06
   62.125168      4.58093527E-05 -1.58471612E-05 -4.36904429E-06
   62.522591      4.96564535E-05 -1.71747324E-05 -4.73543150E-06
   63.052483      5.52918718E-05 -1.91191284E-05 -5.27210022E-06
   63.582371      6.15652898E-05 -2.12832965E-05 -5.86948727E-06
   64.112244      6.85487757E-05 -2.36920350E-05 -6.53444613E-06
   64.509636      7.43002893E-05 -2.56755829E-05 -7.08206699E-06
   65.039474      8.27247204E-05 -2.85805854E-05 -7.88415218E-06
   65.569275      9.21019746E-05 -3.18137027E-05 -8.77690309E-06
   66.099030      1.02539358E-04 -3.54118747E-05 -9.77052969E-06
   66.628723      1.14156115E-04 -3.94161616E-05 -1.08763688E-05
   67.025932      1.23721737E-04 -4.27131163E-05 -1.17869185E-05
   67.555450      1.37729556E-04 -4.75407505E-05 -1.31202769E-05
   68.084801      1.53316083E-04 -5.29120043E-05 -1.46038547E-05
   68.613899      1.70655461E-04 -5.88868425E-05 -1.62542092E-05
   69.010536      1.84926888E-04 -6.38042256E-05 -1.76125232E-05
   69.539139      2.05816759E-04 -7.10016975E-05 -1.96007059E-05
   70.067490      2.29051788E-04 -7.90067425E-05 -2.18120167E-05
   70.595566      2.54893501E-04 -8.79094732E-05 -2.42713395E-05
   71.123398      2.83633475E-04 -9.78102908E-05 -2.70064502E-05
   71.519096      3.07283510E-04 -1.05957384E-04 -2.92571367E-05
   72.046478      3.41895589E-04 -1.17880350E-04 -3.25509827E-05
   72.573631      3.80384910E-04 -1.31138557E-04 -3.62137725E-05
   73.100563      4.23185324E-04 -1.45881248E-04 -4.02867663E-05
   73.627251      4.70775703E-04 -1.62273296E-04 -4.48155806E-05
   74.022125      5.09931648E-04 -1.75759749E-04 -4.85417149E-05
   74.548454      5.67228184E-04 -1.95493674E-04 -5.39940957E-05
   75.074585      6.30933384E-04 -2.17433844E-04 -6.00562453E-05
   75.600517      7.01762445E-04 -2.41826201E-04 -6.67961867E-05
   76.126266      7.80510076E-04 -2.68943957E-04 -7.42894917E-05
   76.520493      8.45298055E-04 -2.91253265E-04 -8.04543233E-05
   77.045998      9.40094644E-04 -3.23893735E-04 -8.94744808E-05
   77.571327      1.04547862E-03 -3.60176666E-04 -9.95017908E-05
   78.096527      1.16263994E-03 -4.00510791E-04 -1.10649344E-04
   78.621574      1.29288179E-03 -4.45343379E-04 -1.23040882E-04
   79.015312      1.40002987E-03 -4.82222851E-04 -1.33234862E-04
   79.540161      1.55678461E-03 -5.36170555E-04 -1.48147883E-04
   80.064880      1.73103134E-03 -5.96129568E-04 -1.64724072E-04
   80.589546      1.92474830E-03 -6.62778097E-04 -1.83151380E-04
   81.114098      2.14007474E-03 -7.36848451E-04 -2.03632808E-04
   81.507446      2.31718784E-03 -7.97763641E-04 -2.20478250E-04
   82.031914      2.57632346E-03 -8.86872411E-04 -2.45123054E-04
   82.556343      2.86438805E-03 -9.85906459E-04 -2.72516743E-04
   83.080704      3.18457698E-03 -1.09595619E-03 -3.02962260E-04
   83.605011      3.54047469E-03 -1.21824490E-03 -3.36799218E-04
   84.129288      3.93606210E-03 -1.35412882E-03 -3.74404975E-04
   84.522484      4.26144525E-03 -1.46586425E-03 -4.05333383E-04
   85.046745      4.73743677E-03 -1.62926491E-03 -4.50571941E-04
   85.571007      5.26650902E-03 -1.81081321E-03 -5.00847702E-04
   86.095299      5.85458335E-03 -2.01251591E-03 -5.56721003E-04
   86.619637      6.50823582E-03 -2.23660097E-03 -6.18813501E-04
   87.012924      7.04588089E-03 -2.42082775E-03 -6.69877336E-04
   87.537369      7.83238001E-03 -2.69018579E-03 -7.44562421E-04
   88.061897      8.70658457E-03 -2.98938667E-03 -8.27557349E-04
   88.586540      9.67828371E-03 -3.32171889E-03 -9.19786049E-04
   89.111305      1.07583478E-02 -3.69082508E-03 -1.02227298E-03
   89.504898      1.16465650E-02 -3.99414450E-03 -1.10653450E-03
   90.029755      1.29456837E-02 -4.43742238E-03 -1.22974254E-03
   90.554764      1.43895727E-02 -4.92960215E-03 -1.36663474E-03
   91.079956      1.59943998E-02 -5.47604077E-03 -1.51872681E-03
   91.605278      1.77777745E-02 -6.08253805E-03 -1.68766757E-03
   92.130737      1.97595209E-02 -6.75559975E-03 -1.87530997E-03
   92.524986      2.13893279E-02 -7.30845146E-03 -2.02955585E-03
   93.050819      2.37730127E-02 -8.11593607E-03 -2.25502299E-03
   93.576805      2.64214277E-02 -9.01154336E-03 -2.50535505E-03
   94.103027      2.93641202E-02 -1.00047523E-02 -2.78328219E-03
   94.629448      3.26332040E-02 -1.11057814E-02 -3.09178419E-03
   95.024406      3.53207216E-02 -1.20090973E-02 -3.34523944E-03
   95.551254      3.92501839E-02 -1.33268237E-02 -3.71563365E-03
   96.078323      4.36145514E-02 -1.47862025E-02 -4.12684679E-03
   96.605637      4.84615639E-02 -1.64015777E-02 -4.58336016E-03
   97.001274      5.24448901E-02 -1.77249908E-02 -4.95835813E-03
   97.529015      5.82664758E-02 -1.96526684E-02 -5.50587289E-03
   98.057014      6.47288039E-02 -2.17838418E-02 -6.11216202E-03
   98.585297      7.19000101E-02 -2.41396949E-02 -6.78165723E-03
   99.113861      7.98521042E-02 -2.67446563E-02 -7.51796970E-03
   99.510498      8.63739103E-02 -2.88793053E-02 -8.11628159E-03
   100.03961      9.58767086E-02 -3.19921784E-02 -8.97975639E-03
   100.56907      0.10638365     -3.54390182E-02 -9.92693566E-03
   101.09887      0.11799847     -3.92525941E-02 -1.09716998E-02
   101.62887      0.13083802     -4.34580743E-02 -1.21306255E-02
   102.02637      0.14135028     -4.68827039E-02 -1.30850757E-02
   102.55637      0.15666537     -5.18293455E-02 -1.44846700E-02
   103.08636      0.17360803     -5.72371259E-02 -1.60416160E-02
   103.61636      0.19233933     -6.31332919E-02 -1.77668929E-02
   104.01386      0.20766738     -6.78912029E-02 -1.91784650E-02
   104.54386      0.22996423     -7.47000426E-02 -2.12280415E-02
   105.07386      0.25457975     -8.20501521E-02 -2.34791785E-02
   105.60386      0.28171831     -8.99414420E-02 -2.59400830E-02
   106.00136      0.30385920     -9.62065011E-02 -2.79254727E-02
   106.53136      0.33593911     -0.10500801     -3.07556558E-02
   107.06136      0.37115660     -0.11431685     -3.37881073E-02
   107.59136      0.40971917     -0.12412171     -3.70011702E-02
   108.12138      0.45173770     -0.13437350     -4.03848216E-02
   108.51888      0.48560652     -0.14233041     -4.30437140E-02
   109.04890      0.53405273     -0.15325563     -4.67616096E-02
   109.57893      0.58634734     -0.16447473     -5.06557524E-02
   110.10896      0.64255220     -0.17595024     -5.46830520E-02
   110.50648      0.68731016     -0.18470743     -5.77544197E-02
   111.03651      0.75037903     -0.19644244     -6.18801825E-02
   111.56654      0.81721723     -0.20793453     -6.60543442E-02
   112.09657      0.88727754     -0.21862754     -7.03474358E-02
   112.62660      0.96119273     -0.22778580     -7.50072971E-02
   113.02412       1.0204099     -0.23328851     -7.86197782E-02
   113.55415       1.1036282     -0.23846802     -8.30497891E-02
   114.08418       1.1910040     -0.24168383     -8.66181552E-02
   114.61421       1.2795463     -0.24301301     -8.87622163E-02
   115.01173       1.3423271     -0.24363604     -8.95834267E-02
   115.54176       1.4224119     -0.24359840     -9.07529444E-02
   116.07179       1.4978936     -0.24233299     -9.24969316E-02
   116.60182       1.5697895     -0.23909104     -9.46085677E-02
   117.13185       1.6389461     -0.23178254     -9.62868631E-02
   117.52937       1.6888638     -0.22149767     -9.63803008E-02
   118.05940       1.7546581     -0.19945922     -9.45600271E-02
   118.58943       1.8203142     -0.16639951     -8.98197964E-02
   119.11946       1.8836610     -0.12241231     -8.20173323E-02
   119.51698       1.9267654     -8.34503844E-02 -7.45849460E-02
   120.04702       1.9738270     -2.55601406E-02 -6.32952601E-02
   120.57706       2.0064936      3.68793644E-02 -5.10734841E-02
   121.10711       2.0233622      0.10143095     -3.80735509E-02
   121.50465       2.0246785      0.14971843     -2.78367233E-02
   122.03471       2.0099573      0.21211706     -1.39022926E-02
   122.56477       1.9757812      0.27096474     -4.40524134E-04
   123.09483       1.9241002      0.32666135      1.16097117E-02
   123.62489       1.8590834      0.38076285      2.25690976E-02
   124.02244       1.8041927      0.42131889      3.06928065E-02
   124.55250       1.7246344      0.47594211      4.21858244E-02
   125.08256       1.6378039      0.53079391      5.45060523E-02
   125.61262       1.5429196      0.58466792      6.67941198E-02
   126.01016       1.4662988      0.62364948      7.53396228E-02
   126.54022       1.3580621      0.67303824      8.50335956E-02
   127.07028       1.2454460      0.71902186      9.25151557E-02
   127.60034       1.1308633      0.76105779      9.81540680E-02
   128.13040       1.0159097      0.79840326      0.10235124    
   128.52797      0.93026376      0.82261050      0.10449058    
   129.05806      0.81680679      0.84702861      0.10559884    
   129.58815      0.69776756      0.85778069      0.10444397    
   130.11824      0.57282341      0.85187095      0.10113358    
   130.51581      0.47423053      0.83573145      9.75310653E-02
   131.04590      0.34030014      0.80000079      9.21577513E-02
   131.57599      0.20715952      0.75132763      8.64429325E-02
   132.10608      7.98086673E-02  0.69446874      8.06587785E-02
   132.50365     -8.84153135E-03  0.64928675      7.64383152E-02
   133.03374     -0.11544048      0.58841562      7.08344430E-02
   133.56387     -0.20818588      0.52816582      6.47248700E-02
   134.09402     -0.28854504      0.46805203      5.76773845E-02
   134.62418     -0.35973740      0.40614539      4.96667027E-02
   135.02179     -0.40866536      0.35761902      4.29575592E-02
   135.55199     -0.46818304      0.29005200      3.35009806E-02
   136.08220     -0.51971793      0.22086594      2.41636466E-02
   136.61244     -0.56079841      0.15325665      1.58068109E-02
   137.01015     -0.58328557      0.10579608      1.05761942E-02
   137.54047     -0.59994030      4.95710447E-02  5.04756998E-03
   138.07083     -0.60367393      2.94787297E-03  7.51766958E-04
   138.60126     -0.59652460     -3.44860144E-02 -2.62382720E-03
   139.13176     -0.57731766     -6.40196204E-02 -4.84819571E-03
   139.52971     -0.55877912     -8.13655555E-02 -6.19976176E-03
   140.06041     -0.52950895     -0.10057026     -7.43994489E-03
   140.59123     -0.49843413     -0.11734715     -7.99709745E-03
   141.12222     -0.46790168     -0.13379267     -8.29557329E-03
   141.52058     -0.44628781     -0.14658119     -8.53178930E-03
   142.05193     -0.41905457     -0.16419443     -9.10017453E-03
   142.58354     -0.39286500     -0.18173808     -1.01634804E-02
   143.11548     -0.36613753     -0.19793746     -1.20286671E-02
   143.51466     -0.34447783     -0.20819888     -1.39403902E-02
   144.04729     -0.31233788     -0.21815832     -1.68712102E-02
   144.58037     -0.27432317     -0.22244798     -1.94235779E-02
   145.11369     -0.23165265     -0.22072965     -2.06448790E-02
   145.51369     -0.19745681     -0.21515664     -2.04573497E-02
   146.04706     -0.14835307     -0.20202971     -1.84786003E-02
   146.58051     -9.67390537E-02 -0.18288928     -1.51267713E-02
   147.11404     -4.43454757E-02 -0.15928487     -1.14199650E-02
   147.51428     -6.05675811E-03 -0.14025548     -8.99320468E-03
   148.04805      4.04618420E-02 -0.11577272     -6.93251891E-03
   148.58199      7.87668154E-02 -9.50513631E-02 -5.94830420E-03
   149.11613      0.10654712     -7.95583278E-02 -5.35179116E-03
   149.51691      0.12159439     -7.09740520E-02 -4.84544877E-03
   150.05154      0.13693252     -6.04062080E-02 -3.49503569E-03
   150.58652      0.15168034     -4.79115024E-02 -9.18083533E-04
   151.12189      0.16878422     -3.03133074E-02  2.77933665E-03
   151.52371      0.18320799     -1.38285542E-02  5.95521787E-03
   152.05992      0.20191009      1.07731484E-02  1.01982551E-02
   152.59669      0.21602553      3.53036001E-02  1.38448803E-02
   153.13408      0.22304995      5.67174964E-02  1.67699791E-02
   153.53720      0.22301252      6.98077083E-02  1.85775235E-02
   154.07394      0.21671569      8.34662244E-02  2.03806367E-02
   154.60988      0.20667222      9.42026973E-02  2.13185251E-02
   155.01134      0.19922572      0.10156696      2.13718694E-02
   155.54599      0.19107589      0.11172521      2.08133757E-02
   156.08002      0.18522504      0.12220626      1.99523102E-02
   156.61346      0.17959680      0.13246846      1.95401050E-02
   157.01323      0.17440602      0.13919301      1.96974017E-02
   157.54585      0.16552307      0.14641386      2.04178244E-02
   158.07808      0.15386063      0.15175436      2.13971958E-02
   158.60999      0.14067051      0.15569291      2.21888646E-02
   159.00874      0.13091305      0.15813324      2.25022752E-02
   159.54021      0.11833459      0.16111179      2.25309357E-02
   160.07144      0.10588096      0.16329101      2.23621055E-02
   160.60249      9.25249308E-02  0.16428432      2.23113336E-02
   161.00069      8.17006677E-02  0.16441049      2.24014297E-02
   161.53151      6.66105598E-02  0.16358085      2.27012988E-02
   162.06223      5.08004315E-02  0.16183770      2.33182330E-02
   162.59283      3.48789319E-02  0.15942791      2.41524167E-02
   163.12338      1.90625098E-02  0.15657066      2.51103435E-02
   163.52127      7.28052901E-03  0.15414697      2.58462578E-02
   164.05173     -8.34151544E-03  0.15039307      2.67817248E-02
   164.58218     -2.38078702E-02  0.14586693      2.75699999E-02
   165.11259     -3.87974642E-02  0.14046425      2.80073546E-02
   165.51041     -4.92851734E-02  0.13581005      2.78625302E-02
   166.04085     -6.17468692E-02  0.12889679      2.69722827E-02
   166.57130     -7.19995797E-02  0.12125065      2.51557082E-02
   167.10178     -7.95124993E-02  0.11287570      2.24408302E-02
   167.63229     -8.40720162E-02  0.10383044      1.91244185E-02
   168.03020     -8.55841488E-02  9.66838971E-02  1.65492594E-02
   168.56079     -8.53066146E-02  8.69241953E-02  1.34401545E-02
   169.09143     -8.28473717E-02  7.74047375E-02  1.11667681E-02
   169.62213     -7.87567347E-02  6.86801821E-02  9.99321230E-03
   170.02020     -7.50814006E-02  6.29405230E-02  9.80487280E-03
   170.55101     -6.98508471E-02  5.65125793E-02  1.02627296E-02
   171.08188     -6.50597066E-02  5.13608679E-02  1.12489229E-02
   171.61281     -6.13149665E-02  4.71945554E-02  1.23425014E-02
   172.01105     -5.92682287E-02  4.45563272E-02  1.31448796E-02
   172.54208     -5.72438128E-02  4.14853655E-02  1.39389541E-02
   173.07320     -5.50585277E-02  3.88103500E-02  1.40049532E-02
   173.60439     -5.18081076E-02  3.66804376E-02  1.32576749E-02
   174.00282     -4.79988270E-02  3.55153382E-02  1.21908393E-02
   174.53413     -4.07088324E-02  3.47231887E-02  1.05325133E-02
   175.06552     -3.09036709E-02  3.48339751E-02  9.20376647E-03
   175.59698     -1.93748884E-02  3.56594212E-02  8.69527459E-03
   176.12851     -7.29238335E-03  3.67526971E-02  9.23110172E-03
   176.52718      1.18794781E-03  3.75782363E-02  1.02913678E-02
   177.05879      1.07685681E-02  3.86204906E-02  1.23156738E-02
   177.59047      1.82221234E-02  3.98399234E-02  1.46070216E-02
   178.12215      2.37666853E-02  4.14654352E-02  1.67001840E-02
   178.52090      2.71140188E-02  4.30639833E-02  1.78853758E-02
   179.05258      3.10767088E-02  4.57360148E-02  1.88324545E-02
   179.58426      3.52152698E-02  4.88992445E-02  1.90207791E-02
   180.11594      3.98186259E-02  5.21393418E-02  1.83898509E-02
   180.51469      4.33858708E-02  5.44115379E-02  1.75535548E-02
   181.04640      4.86102886E-02  5.71810752E-02  1.62421651E-02
   181.57811      5.46542816E-02  5.96552379E-02  1.51231512E-02
   182.10982      6.16268925E-02  6.17894419E-02  1.45769920E-02
   182.50858      6.72589839E-02  6.31663054E-02  1.47406245E-02
   183.04025      7.46412203E-02  6.46733493E-02  1.59094520E-02
   183.57190      8.12064409E-02  6.54070228E-02  1.83516052E-02
   184.10352      8.57704729E-02  6.47739545E-02  2.15383433E-02
   184.50218      8.76647979E-02  6.33000880E-02  2.40027085E-02
   185.03371      8.83689076E-02  5.99494055E-02  2.68287919E-02
   185.56517      8.78989473E-02  5.51185831E-02  2.87475940E-02
   186.09657      8.74926299E-02  4.89303954E-02  2.95609199E-02
   186.62791      8.85835588E-02  4.15549949E-02  2.92476080E-02
   187.02638      9.12178308E-02  3.53496633E-02  2.83186473E-02
   187.55762      9.76189673E-02  2.60819234E-02  2.62408610E-02
   188.08879      0.10752340      1.54682361E-02  2.34513916E-02
   188.61992      0.12111509      3.34536936E-03  2.03865767E-02
   189.01822      0.13370141     -6.77298754E-03  1.81823745E-02
   189.54924      0.15348700     -2.15764605E-02  1.56561881E-02
   190.08020      0.17644024     -3.77543531E-02  1.37986075E-02
   190.61111      0.20228975     -5.51999286E-02  1.25379199E-02
   191.00928      0.22336206     -6.90485388E-02  1.18008386E-02
   191.54012      0.25355458     -8.83935541E-02  1.09766424E-02
   192.07094      0.28598660     -0.10855164      1.03393747E-02
   192.60172      0.32073906     -0.12913407      1.00527415E-02
   193.13248      0.35818505     -0.14972422      1.02344994E-02
   193.53055      0.38834631     -0.16509411      1.06734615E-02
   194.06131      0.43128243     -0.18562627      1.17149288E-02
   194.59210      0.47683573     -0.20663890      1.31709492E-02
   195.12280      0.52418232     -0.22864684      1.48444548E-02
   195.52074      0.56078351     -0.24590582      1.60881467E-02
   196.05119      0.61174250     -0.26977038      1.75644029E-02
   196.58153      0.66642523     -0.29425597      1.87619030E-02
   197.11174      0.72599030     -0.31894222      1.97926760E-02
   197.50932      0.77424252     -0.33751166      2.05492992E-02
   198.03932      0.84306204     -0.36253703      2.16334350E-02
   198.56921      0.91597700     -0.38829523      2.27639247E-02
   199.09900      0.99189836     -0.41532966      2.39123031E-02
   199.62869       1.0702332     -0.44401169      2.51571648E-02
   200.02591       1.1303132     -0.46672022      2.61319540E-02
   200.55545       1.2116135     -0.49872291      2.73269266E-02
   201.08492       1.2932358     -0.53281820      2.80890875E-02
   201.61430       1.3741142     -0.56879246      2.79251225E-02
   202.01131       1.4339586     -0.59651208      2.71080807E-02
   202.54060       1.5127735     -0.63329756      2.53076665E-02
   203.06985       1.5914092     -0.66793656      2.29106694E-02
   203.59909       1.6709943     -0.69787967      2.05578655E-02
   204.12833       1.7522392     -0.72068226      1.86883993E-02
   204.52525       1.8142009     -0.73191082      1.77954808E-02
   205.05449       1.8980466     -0.73765886      1.75913274E-02
   205.58379       1.9819260     -0.73190200      1.84867028E-02
   206.11311       2.0636597     -0.71439558      2.00357437E-02
   206.51016       2.1220956     -0.69384128      2.15588231E-02
   207.03963       2.1938381     -0.65720725      2.40608174E-02
   207.56920       2.2563250     -0.61093098      2.74147801E-02
   208.09889       2.3078589     -0.55603695      3.18580568E-02
   208.62868       2.3472064     -0.49393189      3.71116064E-02
   209.02596       2.3677373     -0.44370833      4.10895944E-02
   209.55559       2.3820460     -0.37325087      4.51940373E-02
   210.08511       2.3816171     -0.29965720      4.67632115E-02
   210.61453       2.3686495     -0.22300336      4.62761372E-02
   211.01154       2.3525333     -0.16305901      4.50211540E-02
   211.54077       2.3248148     -7.90780932E-02  4.37348783E-02
   212.06990       2.2919900      9.99257714E-03  4.38899100E-02
   212.59892       2.2537019      0.10462074      4.58652899E-02
   213.12782       2.2101026      0.20393230      4.92745638E-02
   213.52441       2.1734216      0.28139687      5.22450581E-02
   214.05310       2.1212935      0.38882965      5.62431738E-02
   214.58170       2.0664310      0.49997276      6.06670454E-02
   215.11017       2.0076275      0.61183184      6.61356300E-02
   215.50645       1.9579053      0.69311857      7.07004070E-02
   216.03474       1.8795298      0.79340053      7.59783387E-02
   216.56294       1.7862663      0.88163614      7.88117275E-02
   217.09105       1.6839495      0.95873654      7.95375556E-02
   217.61909       1.5793521       1.0276691      7.92558715E-02
   218.01511       1.5029260       1.0757475      7.91946873E-02
   218.54306       1.4049178       1.1356127      7.99331963E-02
   219.07100       1.3084447       1.1889398      8.23386014E-02
   219.59889       1.2073206       1.2322965      8.60371739E-02
   220.12679       1.0978640       1.2630713      9.02211592E-02
   220.52271       1.0110755       1.2772919      9.35122371E-02
   221.05060      0.89034408       1.2837532      9.82385725E-02
   221.57854      0.76318371       1.2748785      0.10306162    
   222.10649      0.63011324       1.2493759      0.10725126    
   222.50247      0.52663445       1.2193943      0.10965044    
   223.03049      0.38680127       1.1665516      0.11146823    
   223.55856      0.24921210       1.1026934      0.11218575    
   224.08670      0.12016135       1.0332458      0.11207798    
   224.61491      5.12450002E-03  0.96303236      0.11209576    
   225.01111     -7.12561160E-02  0.91137344      0.11264229    
   225.53946     -0.16224723      0.84334767      0.11472518    
   226.06787     -0.24584979      0.77386111      0.11793585    
   226.59639     -0.32852796      0.70029730      0.12105015    
   227.12498     -0.41228998      0.62168765      0.12312876    
   227.52150     -0.47500288      0.56051838      0.12382858    
   228.05028     -0.55440891      0.47942331      0.12362182    
   228.57915     -0.62317586      0.40382469      0.12253340    
   229.10811     -0.67534006      0.33899230      0.12133563    
   229.50485     -0.70248276      0.29942989      0.12078319    
   230.03389     -0.72419298      0.26020798      0.12080127    
   230.56303     -0.73064536      0.23291010      0.12218240    
   231.09224     -0.73197383      0.21593957      0.12403516    
   231.62151     -0.72958064      0.20474224      0.12603602    
   232.01852     -0.72828192      0.19859754      0.12740088    
   232.54796     -0.72779876      0.19164020      0.12909515    
   233.07748     -0.72883928      0.18537045      0.13048735    
   233.60713     -0.73143375      0.18010151      0.13096552    
   234.00444     -0.73167485      0.17721635      0.13074051    
   234.53427     -0.72910672      0.17534587      0.13014251    
   235.06422     -0.72454143      0.17532428      0.12934358    
   235.59433     -0.71863669      0.17662060      0.12853380    
   236.12462     -0.71202004      0.17897582      0.12776241    
   236.52246     -0.70641124      0.18136233      0.12701912    
   237.05313     -0.69713628      0.18585168      0.12561136    
   237.58405     -0.68497634      0.19287427      0.12336984    
   238.11520     -0.66930687      0.20312726      0.12010163    
   238.51366     -0.65515184      0.21229607      0.11696951    
   239.04498     -0.63235903      0.22556867      0.11173357    
   239.57635     -0.60689461      0.23764861      0.10532181    
   240.10777     -0.58760065      0.24420363      9.77122635E-02
   240.50635     -0.57775033      0.24563490      9.13564265E-02
   241.03778     -0.56612146      0.24203464      8.25265199E-02
   241.56921     -0.55522305      0.23442096      7.35208243E-02
   242.10065     -0.54356468      0.22417863      6.46795630E-02
   242.63208     -0.53320652      0.21261674      5.61256036E-02
   243.03062     -0.52691817      0.20366615      4.95359302E-02
   243.56200     -0.51832891      0.19227293      3.97933871E-02
   244.09337     -0.50769925      0.18239373      2.86398511E-02
   244.62473     -0.49548957      0.17449643      1.59689207E-02
   245.02321     -0.48588488      0.16969959      5.21667954E-03
   245.55452     -0.47342113      0.16422234     -1.08567216E-02
   246.08580     -0.46174559      0.15925999     -2.86703929E-02
   246.61705     -0.45011103      0.15486640     -4.77409363E-02
   247.01549     -0.44112504      0.15231872     -6.24663681E-02
   247.54674     -0.42890537      0.15025738     -8.18577409E-02
   248.07799     -0.41683143      0.14997864     -9.98705402E-02
   248.60924     -0.40530199      0.15120918     -0.11593004    
   249.00768     -0.39783031      0.15301301     -0.12654093    
   249.53893     -0.38970208      0.15649211     -0.13895434    
   250.07024     -0.38351282      0.16137378     -0.14990431    
