  0.13234943      3.62585934E-06  2.08357142E-06 -2.27102795E-10
  0.52977455      3.95290090E-06  2.14395777E-06 -5.18455723E-10
   1.0596689      4.48646369E-06  2.12932059E-06 -2.01918926E-09
   1.5895488      5.04678837E-06  2.10111875E-06 -5.31097077E-09
   2.1194093      5.61187608E-06  2.15020304E-06 -1.05720357E-08
   2.5167909      6.04184834E-06  2.27656687E-06 -1.61301816E-08
   3.0466142      6.64085928E-06  2.59708190E-06 -2.59225281E-08
   3.5764179      7.29734256E-06  3.10155451E-06 -3.78495564E-08
   4.1062055      8.03476451E-06  3.77666038E-06 -5.11166540E-08
   4.5035372      8.65461789E-06  4.38424831E-06 -6.08954522E-08
   5.0333042      9.58992314E-06  5.31511569E-06 -7.30351033E-08
   5.5630655      1.06747266E-05  6.37739186E-06 -8.43526209E-08
   6.0928254      1.19387441E-05  7.57304724E-06 -9.77378818E-08
   6.6225853      1.34137763E-05  8.90952015E-06 -1.19396603E-07
   7.0199070      1.46780694E-05  1.00093266E-05 -1.43755386E-07
   7.5496740      1.66005739E-05  1.16108504E-05 -1.87630519E-07
   8.0794458      1.88224330E-05  1.33688827E-05 -2.43165630E-07
   8.6092234      2.13734238E-05  1.52818429E-05 -3.07904315E-07
   9.0065594      2.35193038E-05  1.68141123E-05 -3.59811168E-07
   9.5363464      2.67109663E-05  1.89761595E-05 -4.26464794E-07
   10.066137      3.03020624E-05  2.12580526E-05 -4.81984046E-07
   10.595934      3.43171050E-05  2.36560463E-05 -5.20272295E-07
   11.125734      3.87804139E-05  2.61713558E-05 -5.46998251E-07
   11.523088      4.24365498E-05  2.81331359E-05 -5.62080288E-07
   12.052895      4.77443682E-05  3.08528251E-05 -5.80945994E-07
   12.582705      5.35757717E-05  3.37041492E-05 -6.01795705E-07
   13.112516      5.99759151E-05  3.67334760E-05 -6.26924987E-07
   13.509877      6.51772498E-05  3.91613976E-05 -6.51289952E-07
   14.039695      7.26919679E-05  4.26709121E-05 -6.95903680E-07
   14.569512      8.09370686E-05  4.65826051E-05 -7.55461315E-07
   15.099333      9.00045779E-05  5.10048085E-05 -8.26797248E-07
   15.629155      1.00002195E-04  5.60475237E-05 -9.05454726E-07
   16.026524      1.08182896E-04  6.03004155E-05 -9.68092309E-07
   16.556347      1.20105469E-04  6.66787600E-05 -1.05758386E-06
   17.086174      1.33319176E-04  7.39524112E-05 -1.15795353E-06
   17.616001      1.47981424E-04  8.22123548E-05 -1.27582928E-06
   18.013372      1.60033684E-04  8.91086747E-05 -1.38088478E-06
   18.543203      1.77666239E-04  9.93135109E-05 -1.55048087E-06
   19.073034      1.97282890E-04  1.10765977E-04 -1.76025549E-06
   19.602865      2.19125446E-04  1.23585269E-04 -2.01481384E-06
   20.000238      2.37131084E-04  1.34181522E-04 -2.23699158E-06
   20.530073      2.63546361E-04  1.49751053E-04 -2.57495572E-06
   21.059908      2.93020188E-04  1.67140344E-04 -2.95872405E-06
   21.589746      3.25912348E-04  1.86544959E-04 -3.38479254E-06
   22.119585      3.62612191E-04  2.08163183E-04 -3.84917848E-06
   22.516964      3.92887567E-04  2.25949421E-04 -4.22047469E-06
   23.046803      4.37283423E-04  2.51925812E-04 -4.74287390E-06
   23.576641      4.86734731E-04  2.80694687E-04 -5.29339195E-06
   24.106483      5.41786954E-04  3.12528369E-04 -5.87180193E-06
   24.503866      5.87119139E-04  3.38619022E-04 -6.32625188E-06
   25.033709      6.53504045E-04  3.76699696E-04 -6.96975758E-06
   25.563555      7.27387960E-04  4.19009186E-04 -7.67191159E-06
   26.093401      8.09627585E-04  4.66108962E-04 -8.45603972E-06
   26.623247      9.01186373E-04  5.18615707E-04 -9.34927084E-06
   27.020632      9.76609532E-04  5.61937049E-04 -1.01047917E-05
   27.550480      1.08710607E-03  6.25491666E-04 -1.12385878E-05
   28.080330      1.21011538E-03  6.96313975E-04 -1.25290999E-05
   28.610180      1.34703564E-03  7.75171036E-04 -1.39861640E-05
   29.007568      1.45978760E-03  8.40101100E-04 -1.51940712E-05
   29.537422      1.62492134E-03  9.35167482E-04 -1.69658433E-05
   30.067276      1.80872343E-03  1.04094378E-03 -1.89334878E-05
   30.597130      2.01332010E-03  1.15865807E-03 -2.11165097E-05
   31.126984      2.24107970E-03  1.28968048E-03 -2.35414664E-05
   31.524374      2.42867228E-03  1.39758573E-03 -2.55380419E-05
   32.054230      2.70346925E-03  1.55563117E-03 -2.84652815E-05
   32.584091      3.00937868E-03  1.73152587E-03 -3.17271370E-05
   33.113953      3.34990723E-03  1.92725542E-03 -3.53580654E-05
   33.511349      3.63035360E-03  2.08839006E-03 -3.83439910E-05
   34.041210      4.04111855E-03  2.32430501E-03 -4.27024570E-05
   34.571072      4.49832994E-03  2.58677453E-03 -4.75280831E-05
   35.100933      5.00723068E-03  2.87878863E-03 -5.28681485E-05
   35.630795      5.57365827E-03  3.20366933E-03 -5.87840841E-05
   36.028191      6.04011118E-03  3.47110350E-03 -6.36419572E-05
   36.558052      6.72327494E-03  3.86261870E-03 -7.07481304E-05
   37.087914      7.48363137E-03  4.29813750E-03 -7.86600431E-05
   37.617775      8.32988787E-03  4.78256959E-03 -8.74794350E-05
   38.015179      9.02674161E-03  5.18124830E-03 -9.47547815E-05
   38.545044      1.00472877E-02  5.76473959E-03 -1.05429222E-04
   39.074909      1.11830719E-02  6.41359994E-03 -1.17323376E-04
   39.604782      1.24470824E-02  7.13507505E-03 -1.30567481E-04
   40.002190      1.34878661E-02  7.72862788E-03 -1.41467055E-04
   40.532066      1.50119830E-02  8.59698746E-03 -1.57408242E-04
   41.061943      1.67080238E-02  9.56212915E-03 -1.75114794E-04
   41.591820      1.85953099E-02  1.06346346E-02 -1.94765278E-04
   42.121696      2.06953119E-02  1.18262088E-02 -2.16580127E-04
   42.519104      2.24241652E-02  1.28057590E-02 -2.34499326E-04
   43.048981      2.49554329E-02  1.42376339E-02 -2.60678353E-04
   43.578857      2.77716033E-02  1.58274770E-02 -2.89729331E-04
   44.108734      3.09045427E-02  1.75923035E-02 -3.21923959E-04
   44.506142      3.34832743E-02  1.90419052E-02 -3.48397589E-04
   45.036018      3.72584648E-02  2.11586226E-02 -3.87970707E-04
   45.565895      4.14579883E-02  2.35050973E-02 -4.33584879E-04
   46.095772      4.61286679E-02  2.61057559E-02 -4.84121236E-04
   46.625648      5.13242222E-02  2.89880801E-02 -5.41566988E-04
   47.023060      5.55985495E-02  3.13507617E-02 -5.85185480E-04
   47.552944      6.18444458E-02  3.47898602E-02 -6.27305184E-04
   48.082829      6.87788948E-02  3.85884084E-02 -6.55262440E-04
   48.612720      7.64849707E-02  4.27775905E-02 -6.95110473E-04
   49.010139      8.28072950E-02  4.61931601E-02 -7.07042462E-04
   49.540031      9.20270607E-02  5.11463210E-02 -6.67802349E-04
   50.069923      0.10222507      5.66185489E-02 -5.51143778E-04
   50.599815      0.11350887      6.26709983E-02 -3.54020682E-04
   51.129707      0.12601134      6.93537593E-02 -1.06641186E-04
   51.527126      0.13625009      7.48327076E-02  1.08009968E-04
   52.057018      0.15117346      8.28456432E-02  3.55752913E-04
   52.586910      0.16778770      9.17298794E-02  3.93705443E-04
   53.116802      0.18625917      0.10154273      2.12623039E-04
   53.514221      0.20146808      0.10954542     -6.00737403E-05
   54.044113      0.22380412      0.12109616     -5.95202087E-04
   54.574013      0.24869335      0.13365462     -1.30267034E-03
   55.103912      0.27639121      0.14724189     -2.08976213E-03
   55.501335      0.29917049      0.15810516     -2.66149407E-03
   56.031239      0.33248580      0.17345034     -3.41945514E-03
   56.561146      0.36934710      0.18976219     -3.94145213E-03
   57.091053      0.40998915      0.20702954     -4.14259173E-03
   57.620960      0.45470917      0.22521204     -3.94570548E-03
   58.018391      0.49098116      0.23946677     -3.35073471E-03
   58.548298      0.54330134      0.25943440     -1.91993173E-03
   59.078205      0.60045105      0.28054214      2.15180480E-04
   59.608112      0.66255003      0.30265805      2.32854136E-03
   60.005543      0.71630323      0.31255108      2.96119670E-03
   60.535450      0.78896338      0.32500342      9.01002530E-03
   61.065357      0.85254925      0.36562246      2.49973945E-02
   61.595264      0.91311085      0.43787801      4.54762690E-02
   62.125168      0.97727627      0.52646637      5.38576320E-02
   62.522591       1.0299714      0.59117573      5.03297560E-02
   63.052483       1.1079040      0.66573554      3.58273946E-02
   63.582371       1.1976781      0.72643882      1.59695689E-02
   64.112244       1.3010072      0.77896935     -3.26837995E-04
   64.509636       1.3872553      0.81395686     -7.85526540E-03
   65.039474       1.5127631      0.85282099     -1.36641953E-02
   65.569275       1.6469963      0.88336009     -1.83740780E-02
   66.099030       1.7904618      0.89992237     -2.42233798E-02
   66.628723       1.9410269      0.89931315     -2.89126374E-02
   67.025932       2.0597503      0.88697100     -3.16563025E-02
   67.555450       2.2214000      0.86327261     -3.21656317E-02
   68.084801       2.3648431      0.84400028     -2.06456520E-02
   68.613899       2.4848204      0.82426095     -3.02476808E-03
   69.010536       2.5623646      0.80640250      1.01929605E-02
   69.539139       2.6511900      0.77635199      2.64287088E-02
   70.067490       2.7236781      0.73716205      3.96318249E-02
   70.595566       2.7812481      0.68578875      5.35029769E-02
   71.123398       2.8280654      0.61706793      6.90967962E-02
   71.519096       2.8556504      0.55386120      8.02980661E-02
   72.046478       2.8827515      0.45972928      8.57423320E-02
   72.573631       2.9026418      0.35486481      7.92761743E-02
   73.100563       2.9190805      0.23667011      6.04607835E-02
   73.627251       2.9345245      0.10374700      3.65964025E-02
   74.022125       2.9426510     -2.63286266E-03  2.35949364E-02
   74.548454       2.9394183     -0.15039779      2.17453968E-02
   75.074585       2.9166043     -0.29818025      3.67484652E-02
   75.600517       2.8730197     -0.44786069      6.14752136E-02
   76.126266       2.8044944     -0.60565680      8.54299814E-02
   76.520493       2.7400846     -0.72415751      9.34405401E-02
   77.045998       2.6362333     -0.88088703      9.37452912E-02
   77.571327       2.5178070      -1.0325758      8.14822465E-02
   78.096527       2.3759758      -1.1764411      6.92363828E-02
   78.621574       2.2161739      -1.3073516      5.35441302E-02
   79.015312       2.0887704      -1.3979501      3.38415764E-02
   79.540161       1.9151342      -1.5140018     -4.44026338E-03
   80.064880       1.7434069      -1.6336530     -4.27530929E-02
   80.589546       1.5602130      -1.7395493     -7.54933357E-02
   81.114098       1.3467243      -1.7916359     -0.10705239    
   81.507446       1.1704184      -1.8063500     -0.12884139    
   82.031914      0.92608166      -1.7927779     -0.15426745    
   82.556343      0.68060404      -1.7365360     -0.16996577    
   83.080704      0.45424724      -1.6677569     -0.17580733    
   83.605011      0.23445922      -1.6107525     -0.18476574    
   84.129288      1.33915618E-02  -1.5478294     -0.19497697    
   84.522484     -0.13914084      -1.5231115     -0.20739135    
   85.046745     -0.34199685      -1.4560618     -0.22458886    
   85.571007     -0.54976225      -1.3440568     -0.24348038    
   86.095299     -0.75031865      -1.2089804     -0.26274911    
   86.619637     -0.90983659      -1.0891761     -0.28871855    
   87.012924     -0.99776757      -1.0294408     -0.31302339    
   87.537369      -1.0853374     -0.97759658     -0.34644583    
   88.061897      -1.1523745     -0.94071323     -0.37876841    
   88.586540      -1.2069862     -0.89760762     -0.40600127    
   89.111305      -1.2477686     -0.82827461     -0.41702235    
   89.504898      -1.2687783     -0.75800836     -0.40432912    
   90.029755      -1.2860593     -0.61443692     -0.32541686    
   90.554764      -1.3030308     -0.36747831     -0.30031189    
   91.079956      -1.2890897      0.65167952     -0.33003202    
   91.605278      -1.2239411       1.3575494     -0.32273808    
   92.130737      -1.1291653       1.5796783     -0.29956472    
   92.524986      -1.0634115       1.5919396     -0.28628951    
   93.050819     -0.98516560       1.5071436     -0.26305258    
   93.576805     -0.94550616       1.3440417     -0.20098130    
   94.103027     -0.97734284       1.1294255     -0.10151729    
   94.629448     -0.95816982       1.0016336     -6.58288598E-02
   95.024406     -0.91727054      0.86317468     -7.44219273E-02
   95.551254     -0.84272206      0.64341205     -0.10336509    
   96.078323     -0.75233603      0.42447305     -0.11538822    
   96.605637     -0.65485060      0.23448549     -0.10742693    
   97.001274     -0.58355343      0.11848083     -9.04558152E-02
   97.529015     -0.50969535      7.24861920E-02 -6.19151704E-02
   98.057014     -0.47991139      0.13335575     -4.60937098E-02
   98.585297     -0.47733298      0.21863054     -4.50536907E-02
   99.113861     -0.47550002      0.28776449     -6.56514838E-02
   99.510498     -0.46908313      0.33771151     -8.87241587E-02
   100.03961     -0.45762694      0.39474693     -0.11746010    
   100.56907     -0.43576476      0.42751372     -0.15602809    
   101.09887     -0.39733580      0.41528839     -0.19742979    
   101.62887     -0.34563443      0.36278516     -0.22712253    
   102.02637     -0.30159938      0.30269769     -0.23787828    
   102.55637     -0.23641202      0.21074784     -0.23660044    
   103.08636     -0.16507551      0.12046103     -0.21599662    
   103.61636     -0.11359256      6.39310330E-02 -0.18313816    
   104.01386     -9.22124013E-02  3.83582711E-02 -0.15718700    
   104.54386     -7.55095407E-02  1.19966259E-02 -0.12723531    
   105.07386     -6.56784922E-02 -8.45296402E-03 -0.10795254    
   105.60386     -5.93657419E-02 -2.49308106E-02 -0.10339412    
   106.00136     -5.87291606E-02 -3.99536602E-02 -0.10468768    
   106.53136     -6.25275224E-02 -6.08326159E-02 -0.10832084    
   107.06136     -6.84177950E-02 -8.24734494E-02 -0.11304726    
   107.59136     -7.06756637E-02 -0.10541290     -0.11739723    
   108.12138     -6.84620440E-02 -0.13335460     -0.11959348    
   108.51888     -6.56525195E-02 -0.15477742     -0.11842647    
   109.04890     -6.42129481E-02 -0.17551017     -0.11663888    
   109.57893     -6.93078637E-02 -0.18380940     -0.11880670    
   110.10896     -7.93642774E-02 -0.18428612     -0.12513970    
   110.50648     -8.85842592E-02 -0.18127842     -0.13150814    
   111.03651     -0.10180486     -0.17593884     -0.13984370    
   111.56654     -0.11395980     -0.17096238     -0.14806397    
   112.09657     -0.12393540     -0.16825955     -0.15434575    
   112.62660     -0.13198508     -0.16517529     -0.15803687    
   113.02412     -0.13597590     -0.16431561     -0.15813771    
   113.55415     -0.13843153     -0.16709484     -0.15609773    
   114.08418     -0.14045185     -0.16986437     -0.15407930    
   114.61421     -0.14397320     -0.16340818     -0.15339029    
   115.01173     -0.14718723     -0.15479508     -0.15362179    
   115.54176     -0.15134436     -0.14084564     -0.15412018    
   116.07179     -0.15456095     -0.12599464     -0.15404671    
   116.60182     -0.15692374     -0.11275329     -0.15219015    
   117.13185     -0.15884346     -0.10307401     -0.14835492    
   117.52937     -0.16032362     -0.10004370     -0.14471850    
   118.05940     -0.16291958     -0.10313719     -0.13960940    
   118.58943     -0.16647074     -0.11288265     -0.13544777    
   119.11946     -0.17102903     -0.12498327     -0.13281967    
   119.51698     -0.17463705     -0.13277449     -0.13075194    
   120.04702     -0.17917058     -0.13912950     -0.12724724    
   120.57706     -0.18338455     -0.13666639     -0.12417104    
   121.10711     -0.18642414     -0.12464873     -0.12357181    
   121.50465     -0.18748137     -0.11329917     -0.12582535    
   122.03471     -0.18701252     -9.80617329E-02 -0.13214859    
   122.56477     -0.18486154     -8.40888023E-02 -0.14215024    
   123.09483     -0.18058242     -7.06034824E-02 -0.15365347    
   123.62489     -0.17409928     -5.85313439E-02 -0.16394356    
   124.02244     -0.16804846     -5.06489575E-02 -0.16896178    
   124.55250     -0.15849215     -4.21874672E-02 -0.17230615    
   125.08256     -0.14896670     -3.73225994E-02 -0.16903852    
   125.61262     -0.14066540     -3.62855941E-02 -0.15983403    
   126.01016     -0.13557534     -3.78659517E-02 -0.15024506    
   126.54022     -0.13055682     -4.26895991E-02 -0.13604359    
   127.07028     -0.12808841     -5.12177236E-02 -0.12289966    
   127.60034     -0.12778422     -6.48608953E-02 -0.11353596    
   128.13040     -0.12827006     -7.95653537E-02 -0.10911736    
   128.52797     -0.12772042     -9.06290337E-02 -0.10862324    
   129.05806     -0.12513642     -0.10469794     -0.11045372    
   129.58815     -0.12142012     -0.11474157     -0.11507925    
   130.11824     -0.11873669     -0.11366667     -0.12235039    
   130.51581     -0.11819568     -0.11084059     -0.12853833    
   131.04590     -0.11982185     -0.10720495     -0.13640007    
   131.57599     -0.12157871     -0.10134578     -0.14216377    
   132.10608     -0.12191330     -9.42133069E-02 -0.14490503    
   132.50365     -0.12134859     -8.90949294E-02 -0.14477132    
   133.03374     -0.11999393     -8.32507014E-02 -0.14223140    
   133.56387     -0.11849822     -7.89352134E-02 -0.13786882    
   134.09402     -0.11711773     -7.64989704E-02 -0.13297667    
   134.62418     -0.11553274     -7.65657946E-02 -0.12874889    
   135.02179     -0.11384533     -7.78544247E-02 -0.12655355    
   135.55199     -0.11058120     -8.01584348E-02 -0.12528227    
   136.08220     -0.10615461     -8.22933912E-02 -0.12571889    
   136.61244     -0.10135948     -8.26317444E-02 -0.12724666    
   137.01015     -9.79640931E-02 -8.15634504E-02 -0.12908538    
   137.54047     -9.37982798E-02 -7.90726617E-02 -0.13180031    
   138.07083     -9.04084668E-02 -7.77011961E-02 -0.13460457    
   138.60126     -8.78245682E-02 -7.86511749E-02 -0.13761018    
   139.13176     -8.56969357E-02 -8.34383816E-02 -0.14086948    
   139.52971     -8.40254277E-02 -8.89112353E-02 -0.14356911    
   140.06041     -8.08140188E-02 -9.58469436E-02 -0.14727321    
   140.59123     -7.58955628E-02 -0.10285749     -0.15022025    
   141.12222     -6.98680580E-02 -0.10921998     -0.15117951    
   141.52058     -6.56713247E-02 -0.11114233     -0.15039346    
   142.05193     -6.17092066E-02 -0.10980015     -0.14788753    
   142.58354     -6.02118224E-02 -0.10877100     -0.14454791    
   143.11548     -6.02466427E-02 -0.10877159     -0.14109951    
   143.51466     -6.06175512E-02 -0.11041220     -0.13849962    
   144.04729     -6.14092126E-02 -0.11351807     -0.13514444    
   144.58037     -6.22611269E-02 -0.11767257     -0.13195784    
   145.11369     -6.29186779E-02 -0.12347562     -0.12867215    
   145.51369     -6.32582307E-02 -0.12851903     -0.12604660    
   146.04706     -6.40005246E-02 -0.13548332     -0.12281241    
   146.58051     -6.64026439E-02 -0.13967013     -0.12098324    
   147.11404     -7.13670924E-02 -0.14145695     -0.12119568    
   147.51428     -7.66731203E-02 -0.14368702     -0.12261827    
   148.04805     -8.42053369E-02 -0.14708699     -0.12542002    
   148.58199     -9.06309932E-02 -0.14809172     -0.12844701    
   149.11613     -9.56267193E-02 -0.14747232     -0.13085954    
   149.51691     -9.87752676E-02 -0.14587003     -0.13168161    
   150.05154     -0.10264091     -0.14193740     -0.13203214    
   150.58652     -0.10668360     -0.13406686     -0.13258237    
   151.12189     -0.11061849     -0.12308465     -0.13381696    
   151.52371     -0.11268497     -0.11409617     -0.13518296    
   152.05992     -0.11379117     -0.10228006     -0.13761538    
   152.59669     -0.11283547     -9.14716125E-02 -0.14063124    
   153.13408     -0.10974269     -8.18979219E-02 -0.14422978    
   153.53720     -0.10602747     -7.55111650E-02 -0.14723302    
   154.07394     -9.94221345E-02 -6.81234151E-02 -0.15102133    
   154.60988     -9.13025513E-02 -6.20603263E-02 -0.15432712    
   155.01134     -8.45232978E-02 -5.83686121E-02 -0.15591027    
   155.54599     -7.51767009E-02 -5.49745783E-02 -0.15633968    
   156.08002     -6.62082508E-02 -5.40424734E-02 -0.15505476    
   156.61346     -5.83253950E-02 -5.65830432E-02 -0.15226975    
   157.01323     -5.32131121E-02 -6.22219257E-02 -0.14937887    
   157.54585     -4.71158251E-02 -7.24703074E-02 -0.14509012    
   158.07808     -4.09705639E-02 -8.62806737E-02 -0.14102009    
   158.60999     -3.49434987E-02 -0.10310552     -0.13718310    
   159.00874     -3.10896132E-02 -0.11675790     -0.13419713    
   159.54021     -2.78187841E-02 -0.13402011     -0.13010733    
   160.07144     -2.79711448E-02 -0.14418156     -0.12701768    
   160.60249     -3.12203597E-02 -0.14772013     -0.12588254    
   161.00069     -3.46866697E-02 -0.14808875     -0.12635821    
   161.53151     -3.87918949E-02 -0.14476705     -0.12809269    
   162.06223     -4.16128263E-02 -0.13811757     -0.13066474    
   162.59283     -4.32746448E-02 -0.13023776     -0.13349958    
   163.12338     -4.40025106E-02 -0.12269460     -0.13586681    
   163.52127     -4.39003706E-02 -0.11767568     -0.13730642    
   164.05173     -4.28590737E-02 -0.11284874     -0.13855442    
   164.58218     -4.08716239E-02 -0.11021621     -0.13893005    
   165.11259     -3.82639579E-02 -0.11007562     -0.13852021    
   165.51041     -3.61755602E-02 -0.11180765     -0.13787799    
   166.04085     -3.33667286E-02 -0.11603615     -0.13685755    
   166.57130     -3.07118706E-02 -0.12131868     -0.13585874    
   167.10178     -2.90669054E-02 -0.12619978     -0.13518801    
   167.63229     -2.89969742E-02 -0.13123739     -0.13521229    
   168.03020     -2.98019107E-02 -0.13576992     -0.13589966    
   168.56079     -3.10485549E-02 -0.14119275     -0.13771246    
   169.09143     -3.12293246E-02 -0.14386681     -0.14021717    
   169.62213     -3.04244198E-02 -0.14274532     -0.14296968    
   170.02020     -2.96406820E-02 -0.13966666     -0.14505328    
   170.55101     -2.82678679E-02 -0.13420010     -0.14768213    
   171.08188     -2.63822637E-02 -0.12800337     -0.14964321    
   171.61281     -2.38413326E-02 -0.12200649     -0.15063420    
   172.01105     -2.15466898E-02 -0.11821911     -0.15071681    
   172.54208     -1.82439983E-02 -0.11488951     -0.15011659    
   173.07320     -1.49595104E-02 -0.11427569     -0.14900786    
   173.60439     -1.18333064E-02 -0.11760321     -0.14776102    
   174.00282     -9.46868584E-03 -0.12176607     -0.14695120    
   174.53413     -6.27660472E-03 -0.12922025     -0.14606941    
   175.06552     -3.57456924E-03 -0.13857265     -0.14525650    
   175.59698     -1.92774716E-03 -0.14860785     -0.14455113    
   176.12851     -1.60202640E-03 -0.15675561     -0.14435789    
   176.52718     -2.14653136E-03 -0.16062762     -0.14485070    
   177.05879     -3.59988981E-03 -0.16313416     -0.14664602    
   177.59047     -5.24472306E-03 -0.16395847     -0.14975469    
   178.12215     -6.08533621E-03 -0.16251081     -0.15306985    
   178.52090     -6.06184592E-03 -0.16032322     -0.15539061    
   179.05258     -5.32361958E-03 -0.15678865     -0.15789342    
   179.58426     -4.00330964E-03 -0.15330113     -0.15908386    
   180.11594     -2.23891996E-03 -0.15033452     -0.15893543    
   180.51469     -7.29076739E-04 -0.14859721     -0.15800038    
   181.04640      1.39753078E-03 -0.14703611     -0.15588309    
   181.57811      3.51103279E-03 -0.14638984     -0.15315396    
   182.10982      5.53282350E-03 -0.14655760     -0.15025954    
   182.50858      7.01302104E-03 -0.14706121     -0.14831121    
   183.04025      9.06341709E-03 -0.14784861     -0.14641693    
   183.57190      1.14479037E-02 -0.14817776     -0.14568198    
   184.10352      1.43969823E-02 -0.14708024     -0.14634299    
   184.50218      1.73609350E-02 -0.14499982     -0.14807418    
   185.03371      2.27063112E-02 -0.14035310     -0.15153164    
   185.56517      2.99275331E-02 -0.13377327     -0.15549268    
   186.09657      3.91624570E-02 -0.12570386     -0.16004065    
   186.62791      5.05064279E-02 -0.11677676     -0.16497725    
   187.02638      6.03690147E-02 -0.10995335     -0.16862947    
   187.55762      7.53829032E-02 -0.10160542     -0.17307515    
   188.08879      9.23984274E-02 -9.49424803E-02 -0.17690478    
   188.61992      0.11104976     -8.99161920E-02 -0.17997390    
   189.01822      0.12572277     -8.80925208E-02 -0.18137138    
   189.54924      0.14543216     -8.94220322E-02 -0.18157566    
   190.08020      0.16505544     -9.54383388E-02 -0.18035153    
   190.61111      0.18459079     -0.10543482     -0.17770259    
   191.00928      0.19896317     -0.11504414     -0.17507435    
   191.54012      0.21736434     -0.12947555     -0.17134884    
   192.07094      0.23519322     -0.14478336     -0.16787550    
   192.60172      0.25182331     -0.16010779     -0.16546109    
   193.13248      0.26659000     -0.17497692     -0.16490093    
   193.53055      0.27627835     -0.18585584     -0.16598570    
   194.06131      0.28710565     -0.20019056     -0.16896650    
   194.59210      0.29538947     -0.21479906     -0.17177083    
   195.12280      0.30096111     -0.23005819     -0.17283687    
   195.52074      0.30328956     -0.24195325     -0.17243105    
   196.05119      0.30374199     -0.25828144     -0.17026520    
   196.58153      0.30095786     -0.27467307     -0.16671397    
   197.11174      0.29482776     -0.29079559     -0.16289707    
   197.50932      0.28825596     -0.30245146     -0.16072160    
   198.03932      0.27693784     -0.31689113     -0.15959871    
   198.56921      0.26309896     -0.32952064     -0.16054381    
   199.09900      0.24704172     -0.34008557     -0.16261783    
   199.62869      0.22943147     -0.34856513     -0.16608578    
   200.02591      0.21535221     -0.35338396     -0.16996418    
   200.55545      0.19579840     -0.35776645     -0.17613667    
   201.08492      0.17562361     -0.36003444     -0.18183151    
   201.61430      0.15503103     -0.36039770     -0.18638235    
   202.01131      0.13917907     -0.35948136     -0.18866621    
   202.54060      0.11744179     -0.35695687     -0.18934852    
   203.06985      9.51933339E-02 -0.35340288     -0.18715855    
   203.59909      7.25345463E-02 -0.34933591     -0.18321662    
   204.12833      4.94768098E-02 -0.34547698     -0.17872232    
   204.52525      3.18321921E-02 -0.34359086     -0.17550457    
   205.05449      7.77276419E-03 -0.33943889     -0.17101973    
   205.58379     -1.74403507E-02 -0.33432889     -0.16646168    
   206.11311     -4.34908457E-02 -0.32888120     -0.16171815    
   206.51016     -6.29089102E-02 -0.32535589     -0.15760300    
   207.03963     -8.74104723E-02 -0.32143429     -0.15166792    
   207.56920     -0.11035591     -0.31814843     -0.14528969    
   208.09889     -0.13233197     -0.31413770     -0.13893893    
   208.62868     -0.15398473     -0.30742353     -0.13353667    
   209.02596     -0.17034225     -0.29865026     -0.13085675    
   209.55559     -0.19290099     -0.27785614     -0.12867859    
   210.08511     -0.21476731     -0.24876462     -0.12894119    
   210.61453     -0.23369436     -0.21478236     -0.13045174    
   211.01154     -0.24419725     -0.18968031     -0.13188946    
   211.54077     -0.25386289     -0.15729617     -0.13258342    
   212.06990     -0.25946814     -0.12752038     -0.13121375    
   212.59892     -0.26174086     -0.10083039     -0.12853535    
   213.12782     -0.26213706     -7.61011392E-02 -0.12584543    
   213.52441     -0.26073951     -5.81232384E-02 -0.12407058    
   214.05310     -0.25620767     -3.46543118E-02 -0.12191028    
   214.58170     -0.24841145     -1.16356649E-02 -0.12007567    
   215.11017     -0.23714897      1.07450513E-02 -0.11820556    
   215.50645     -0.22633421      2.68907771E-02 -0.11649581    
   216.03474     -0.20892483      4.68062125E-02 -0.11353260    
   216.56294     -0.18812695      6.44553676E-02 -0.10963395    
   217.09105     -0.16388060      8.09574202E-02 -0.10489888    
   217.61909     -0.13693063      9.59719121E-02 -9.98970270E-02
   218.01511     -0.11426529      0.10494944     -9.64056551E-02
   218.54306     -7.96358287E-02  0.11138526     -9.21350569E-02
   219.07100     -4.08100821E-02  0.10720100     -8.84815753E-02
   219.59889      1.10143656E-03  9.57309753E-02 -8.58171955E-02
   220.12679      4.51922342E-02  7.99362659E-02 -8.44875574E-02
   220.52271      8.06506574E-02  6.76416680E-02 -8.29756483E-02
   221.05060      0.12728605      5.15967011E-02 -7.82614648E-02
   221.57854      0.17172156      3.53392921E-02 -7.18908608E-02
   222.10649      0.21422313      1.97625421E-02 -6.55301213E-02
   222.50247      0.24574625      7.71086384E-03 -6.13876656E-02
   223.03049      0.28816736     -9.84511338E-03 -5.74233979E-02
   223.55856      0.33059588     -2.89163180E-02 -5.30606695E-02
   224.08670      0.37206295     -4.93103899E-02 -4.68590334E-02
   224.61491      0.41150206     -7.12166727E-02 -3.72320376E-02
   225.01111      0.43866882     -8.86645839E-02 -2.84560006E-02
   225.53946      0.47123298     -0.11314692     -1.57580264E-02
   226.06787      0.49981976     -0.13963673     -3.32587399E-03
   226.59639      0.52265012     -0.16560116      8.07306543E-03
   227.12498      0.53964877     -0.18931647      1.45365205E-02
   227.52150      0.54755497     -0.20550530      1.64470170E-02
   228.05028      0.55198663     -0.22539413      1.82598680E-02
   228.57915      0.55094391     -0.24408218      2.08520666E-02
   229.10811      0.54636580     -0.26333129      2.26290897E-02
   229.50485      0.54157043     -0.27917778      2.21814401E-02
   230.03389      0.53437495     -0.30407506      1.95020139E-02
   230.56303      0.52855700     -0.33567643      1.40776299E-02
   231.09224      0.52220005     -0.37203494      1.25206299E-02
   231.62151      0.51187778     -0.40983102      1.42240319E-02
   232.01852      0.50037396     -0.43984401      1.51153579E-02
   232.54796      0.47984391     -0.48075870      1.17391217E-02
   233.07748      0.45179754     -0.51549637      1.07241217E-02
   233.60713      0.41617334     -0.54080445      6.48743659E-03
   234.00444      0.38354993     -0.55134594      2.83512753E-03
   234.53427      0.33536002     -0.55277932      8.80405307E-04
   235.06422      0.28423524     -0.54628986      1.92018365E-03
   235.59433      0.23252909     -0.53427160      1.98977254E-03
   236.12462      0.18143943     -0.51782018     -1.51791144E-04
   236.52246      0.14365479     -0.50213981     -1.77852111E-03
   237.05313      9.48450416E-02 -0.47754800     -4.68824152E-03
   237.58405      4.80402634E-02 -0.45223886     -9.58028622E-03
   238.11520      5.91765670E-03 -0.42487514     -1.74215063E-02
   238.51366     -2.20347047E-02 -0.40336952     -2.46599652E-02
   239.04498     -5.46096712E-02 -0.37307322     -3.53995711E-02
   239.57635     -8.18597525E-02 -0.34002236     -4.68015373E-02
   240.10777     -0.10414243     -0.30411991     -5.80339357E-02
   240.50635     -0.11738422     -0.27467909     -6.79712221E-02
   241.03778     -0.12963387     -0.23157100     -8.39838982E-02
   241.56921     -0.13434692     -0.18606326     -0.10295434    
   242.10065     -0.12987415     -0.13990723     -0.12313775    
   242.63208     -0.11347072     -9.58110243E-02 -0.14435093    
   243.03062     -9.34069082E-02 -6.69412836E-02 -0.16075696    
   243.56200     -6.11383840E-02 -3.50536518E-02 -0.18474784    
   244.09337     -2.46461891E-02 -4.87825461E-03 -0.21100637    
   244.62473      1.71727259E-02  2.71581504E-02 -0.23844835    
   245.02321      5.18377498E-02  5.18668592E-02 -0.26028591    
   245.55452      0.10368428      8.31955969E-02 -0.29395634    
   246.08580      0.16577277      0.10911100     -0.33479989    
   246.61705      0.23998293      0.12767205     -0.37994856    
   247.01549      0.30209613      0.13545731     -0.41566369    
   247.54674      0.39128491      0.13804625     -0.46422607    
   248.07799      0.48537058      0.13307759     -0.51241440    
   248.60924      0.58296561      0.12658541     -0.56041360    
   249.00768      0.65817517      0.12854484     -0.59321266    
   249.53893      0.75548303      0.15425240     -0.58730090    
   250.07024      0.84818923      0.20171010     -0.56622022    
