  0.13234943      2.44518816E-07  1.42950626E-07 -1.64132774E-09
  0.52977455      2.49520724E-07  1.53969779E-07 -2.33673125E-09
   1.0596689      2.56965620E-07  1.69406732E-07 -4.43107151E-09
   1.5895488      2.65487927E-07  1.85795784E-07 -7.99267763E-09
   2.1194093      2.75567970E-07  2.03276443E-07 -1.29396174E-08
   2.5167909      2.84595586E-07  2.17209333E-07 -1.74358554E-08
   3.0466142      2.99264514E-07  2.37057776E-07 -2.43142431E-08
   3.5764179      3.17513098E-07  2.58595179E-07 -3.22490692E-08
   4.1062055      3.39615781E-07  2.82103912E-07 -4.15961452E-08
   4.5035372      3.58771985E-07  3.01207905E-07 -4.99857649E-08
   5.0333042      3.87521254E-07  3.28884511E-07 -6.37898978E-08
   5.5630655      4.19675359E-07  3.59353010E-07 -8.15490964E-08
   6.0928254      4.55135904E-07  3.92927063E-07 -1.04202982E-07
   6.6225853      4.94191568E-07  4.29969532E-07 -1.32422969E-07
   7.0199070      5.26321514E-07  4.60298736E-07 -1.57422974E-07
   7.5496740      5.74026103E-07  5.04593572E-07 -1.95809761E-07
   8.0794458      6.28814973E-07  5.53929453E-07 -2.39721402E-07
   8.6092234      6.92322601E-07  6.09071606E-07 -2.88765705E-07
   9.0065594      7.46584362E-07  6.54713290E-07 -3.28597565E-07
   9.5363464      8.29052397E-07  7.21911931E-07 -3.85308027E-07
   10.066137      9.24570202E-07  7.97102530E-07 -4.45719081E-07
   10.595934      1.03448497E-06  8.81185429E-07 -5.09796962E-07
   11.125734      1.15959369E-06  9.75152147E-07 -5.78205515E-07
   11.523088      1.26357315E-06  1.05274114E-06 -6.33164234E-07
   12.052895      1.41586804E-06  1.16656406E-06 -7.12746441E-07
   12.582705      1.58436103E-06  1.29338673E-06 -8.01193096E-07
   13.112516      1.77078300E-06  1.43474585E-06 -8.99932161E-07
   13.509877      1.92416269E-06  1.55146245E-06 -9.81268727E-07
   14.039695      2.14989427E-06  1.72320961E-06 -1.09980056E-06
   14.569512      2.40370287E-06  1.91578738E-06 -1.23024802E-06
   15.099333      2.68941585E-06  2.13195835E-06 -1.37339373E-06
   15.629155      3.01028649E-06  2.37451377E-06 -1.53062751E-06
   16.026524      3.27578437E-06  2.57543115E-06 -1.65896631E-06
   16.556347      3.66542099E-06  2.87098828E-06 -1.84582541E-06
   17.086174      4.09924905E-06  3.20107233E-06 -2.05295555E-06
   17.616001      4.58193426E-06  3.56929195E-06 -2.28292811E-06
   18.013372      4.97936298E-06  3.87299860E-06 -2.47200660E-06
   18.543203      5.56162422E-06  4.31854414E-06 -2.74855984E-06
   19.073034      6.21024765E-06  4.81555435E-06 -3.05601452E-06
   19.602865      6.93300171E-06  5.37020605E-06 -3.39800454E-06
   20.000238      7.52881306E-06  5.82809207E-06 -3.67959865E-06
   20.530073      8.40227403E-06  6.50031870E-06 -4.09211953E-06
   21.059908      9.37518962E-06  7.25025257E-06 -4.55152986E-06
   21.589746      1.04583396E-05  8.08638379E-06 -5.06326205E-06
   22.119585      1.16636975E-05  9.01814201E-06 -5.63330877E-06
   22.516964      1.26559944E-05  9.78606840E-06 -6.10305960E-06
   23.046803      1.41089395E-05  1.09116627E-05 -6.79145614E-06
   23.576641      1.57260019E-05  1.21657140E-05 -7.55806286E-06
   24.106483      1.75262503E-05  1.35630489E-05 -8.41167730E-06
   24.503866      1.90093142E-05  1.47148803E-05 -9.11484585E-06
   25.033709      2.11823972E-05  1.64033718E-05 -1.01449787E-05
   25.563555      2.36022497E-05  1.82842341E-05 -1.12917896E-05
   26.093401      2.62965877E-05  2.03788768E-05 -1.25683655E-05
   26.623247      2.92961340E-05  2.27110941E-05 -1.39892327E-05
   27.020632      3.17665326E-05  2.46320451E-05 -1.51592321E-05
   27.550480      3.53849246E-05  2.74458580E-05 -1.68726328E-05
   28.080330      3.94124436E-05  3.05780995E-05 -1.87794267E-05
   28.610180      4.38952957E-05  3.40647784E-05 -2.09014761E-05
   29.007568      4.75869892E-05  3.69363661E-05 -2.26488428E-05
   29.537422      5.29939753E-05  4.11426336E-05 -2.52079535E-05
   30.067276      5.90122363E-05  4.58249924E-05 -2.80562672E-05
   30.597130      6.57110068E-05  5.10374120E-05 -3.12265620E-05
   31.126984      7.31674809E-05  5.68399846E-05 -3.47553287E-05
   31.524374      7.93084910E-05  6.16191537E-05 -3.76614043E-05
   32.054230      8.83038738E-05  6.86199346E-05 -4.19179378E-05
   32.584091      9.83177160E-05  7.64133729E-05 -4.66559577E-05
   33.113953      1.09465211E-04  8.50890210E-05 -5.19299429E-05
   33.511349      1.18646225E-04  9.22341060E-05 -5.62733840E-05
   34.041210      1.32093875E-04  1.02699429E-04 -6.26352121E-05
   34.571072      1.47062005E-04  1.14347829E-04 -6.97165451E-05
   35.100933      1.63721823E-04  1.27312494E-04 -7.75986846E-05
   35.630795      1.82264164E-04  1.41741941E-04 -8.63722016E-05
   36.028191      1.97533489E-04  1.53624220E-04 -9.35975768E-05
   36.558052      2.19897236E-04  1.71027030E-04 -1.04180624E-04
   37.087914      2.44789640E-04  1.90397390E-04 -1.15960807E-04
   37.617775      2.72497593E-04  2.11958642E-04 -1.29073655E-04
   38.015179      2.95317033E-04  2.29715937E-04 -1.39872995E-04
   38.545044      3.28741968E-04  2.55726045E-04 -1.55691174E-04
   39.074909      3.65949178E-04  2.84679525E-04 -1.73299006E-04
   39.604782      4.07366257E-04  3.16909049E-04 -1.92898922E-04
   40.002190      4.41476062E-04  3.43452324E-04 -2.09040852E-04
   40.532066      4.91437328E-04  3.82330560E-04 -2.32684455E-04
   41.061943      5.47049800E-04  4.25606268E-04 -2.59002758E-04
   41.591820      6.08952367E-04  4.73776483E-04 -2.88298063E-04
   42.121696      6.77856384E-04  5.27394703E-04 -3.20906809E-04
   42.519104      7.34602334E-04  5.71552024E-04 -3.47761612E-04
   43.048981      8.17718625E-04  6.36229292E-04 -3.87095235E-04
   43.578857      9.10236384E-04  7.08222331E-04 -4.30876622E-04
   44.108734      1.01321877E-03  7.88358389E-04 -4.79608250E-04
   44.506142      1.09803001E-03  8.54354468E-04 -5.19739464E-04
   45.036018      1.22225215E-03  9.51018650E-04 -5.78516687E-04
   45.565895      1.36052305E-03  1.05861551E-03 -6.43937266E-04
   46.095772      1.51443132E-03  1.17838080E-03 -7.16750917E-04
   46.625648      1.68574392E-03  1.31169101E-03 -7.97791989E-04
   47.023060      1.82682532E-03  1.42147730E-03 -8.64526606E-04
   47.552944      2.03346228E-03  1.58227887E-03 -9.62260820E-04
   48.082829      2.26346264E-03  1.76126417E-03 -1.07103225E-03
   48.612720      2.51946552E-03  1.96048664E-03 -1.19208358E-03
   49.010139      2.73028528E-03  2.12455052E-03 -1.29175698E-03
   49.540031      3.03905318E-03  2.36484269E-03 -1.43771782E-03
   50.069923      3.38271400E-03  2.63229501E-03 -1.60014257E-03
   50.599815      3.76520306E-03  2.92997155E-03 -1.78088120E-03
   51.129707      4.19090129E-03  3.26128444E-03 -1.98199088E-03
   51.527126      4.54144180E-03  3.53410887E-03 -2.14755652E-03
   52.057018      5.05480263E-03  3.93366767E-03 -2.38996395E-03
   52.586910      5.62612060E-03  4.37835092E-03 -2.65965331E-03
   53.116802      6.26192288E-03  4.87324502E-03 -2.95967655E-03
   53.514221      6.78542908E-03  5.28074335E-03 -3.20662488E-03
   54.044113      7.55202631E-03  5.87749109E-03 -3.56810773E-03
   54.574013      8.40507075E-03  6.54156413E-03 -3.97016294E-03
   55.103912      9.35426913E-03  7.28053460E-03 -4.41730302E-03
   55.501335      1.01357177E-02  7.88894296E-03 -4.78523504E-03
   56.031239      1.12798773E-02  8.77979491E-03 -5.32364240E-03
   56.561146      1.25528397E-02  9.77100618E-03 -5.92224393E-03
   57.091053      1.39690218E-02  1.08738290E-02 -6.58768043E-03
   57.620960      1.55444378E-02  1.21007599E-02 -7.32730608E-03
   58.018391      1.68411210E-02  1.31107057E-02 -7.93557800E-03
   58.548298      1.87391639E-02  1.45891644E-02 -8.82513728E-03
   59.078205      2.08501779E-02  1.62337124E-02 -9.81339719E-03
   59.608112      2.31978688E-02  1.80628803E-02 -1.09110745E-02
   60.005543      2.51296610E-02  1.95682012E-02 -1.18132103E-02
   60.535450      2.79564913E-02  2.17713099E-02 -1.31315626E-02
   61.065357      3.10994014E-02  2.42212676E-02 -1.45948408E-02
   61.595264      3.45933884E-02  2.69455388E-02 -1.62184592E-02
   62.125168      3.84771526E-02  2.99745649E-02 -1.80193745E-02
   62.522591      4.16713879E-02  3.24664339E-02 -1.94975436E-02
   63.052483      4.63432036E-02  3.61116379E-02 -2.16545835E-02
   63.582371      5.15337773E-02  4.01616171E-02 -2.40447186E-02
   64.112244      5.72977215E-02  4.46577370E-02 -2.66928226E-02
   64.509636      6.20312355E-02  4.83485982E-02 -2.88651697E-02
   65.039474      6.89379871E-02  5.37316203E-02 -3.20353284E-02
   65.569275      7.65855908E-02  5.96892759E-02 -3.55494432E-02
   66.099030      8.50502104E-02  6.62810355E-02 -3.94426696E-02
   66.628723      9.44225863E-02  7.35781342E-02 -4.37503606E-02
   67.025932      0.10211092      7.95638040E-02 -4.72744703E-02
   67.555450      0.11333492      8.83034244E-02 -5.23938611E-02
   68.084801      0.12578490      9.80023518E-02 -5.80301397E-02
   68.613899      0.13958687      0.10876550     -6.42264336E-02
   69.010536      0.15090358      0.11760385     -6.92694783E-02
   69.539139      0.16739002      0.13050829     -7.65591338E-02
   70.067490      0.18561581      0.14481930     -8.45341235E-02
   70.595566      0.20575912      0.16068795     -9.32282880E-02
   71.123398      0.22802085      0.17827082     -0.10266791    
   71.519096      0.24623324      0.19267285     -0.11025117    
   72.046478      0.27270007      0.21360487     -0.12105626    
   72.573631      0.30183169      0.23663026     -0.13268650    
   73.100563      0.33380449      0.26188433     -0.14517754    
   73.627251      0.36880156      0.28952459     -0.15855393    
   74.022125      0.39716178      0.31193018     -0.16917081    
   74.548454      0.43796754      0.34418517     -0.18409790    
   75.074585      0.48236373      0.37930128     -0.19989118    
   75.600517      0.53047526      0.41739234     -0.21653241    
   76.126266      0.58238465      0.45856544     -0.23397276    
   76.520493      0.62390405      0.49156457     -0.24749993    
   77.045998      0.68291587      0.53857094     -0.26593632    
   77.571327      0.74640870      0.58924043     -0.28449926    
   78.096527      0.81456649      0.64372796     -0.30277205    
   78.621574      0.88726771      0.70197368     -0.32023016    
   79.015312      0.94461840      0.74789631     -0.33243144    
   79.540161       1.0244410      0.81152463     -0.34720296    
   80.064880       1.1068885      0.87695998     -0.36031222    
   80.589546       1.1901623      0.94335175     -0.37215072    
   81.114098       1.2723744       1.0106170     -0.38271147    
   81.507446       1.3328928       1.0622902     -0.38982013    
   82.031914       1.4128448       1.1339636     -0.39646524    
   82.556343       1.4929818       1.2091863     -0.39708996    
   83.080704       1.5738218       1.2859319     -0.38963306    
   83.605011       1.6505897       1.3606108     -0.37437046    
   84.129288       1.7209229       1.4302589     -0.35123634    
   84.522484       1.7691474       1.4783301     -0.32839388    
   85.046745       1.8278666       1.5365226     -0.29030612    
   85.571007       1.8792058       1.5873299     -0.24440411    
   86.095299       1.9198540       1.6293314     -0.19284928    
   86.619637       1.9467690       1.6609937     -0.13755932    
   87.012924       1.9580699       1.6778572     -9.35129300E-02
   87.537369       1.9666811       1.6919727     -2.96466369E-02
   88.061897       1.9710319       1.6969256      4.14351188E-02
   88.586540       1.9730865       1.6933762      0.12032443    
   89.111305       1.9667543       1.6812649      0.20437267    
   89.504898       1.9539995       1.6663187      0.26804927    
   90.029755       1.9243021       1.6399436      0.35127354    
   90.554764       1.8804550       1.6074760      0.43064976    
   91.079956       1.8226999       1.5698309      0.50455093    
   91.605278       1.7507777       1.5272857      0.57173586    
   92.130737       1.6646204       1.4803722      0.63074058    
   92.524986       1.5905333       1.4424031      0.66870439    
   93.050819       1.4796033       1.3878919      0.71053654    
   93.576805       1.3581574       1.3286349      0.74308449    
   94.103027       1.2316078       1.2643725      0.76788127    
   94.629448       1.1039991       1.1950866      0.78583449    
   95.024406       1.0089169       1.1400805      0.79402411    
   95.551254      0.88211524       1.0630714      0.79757857    
   96.078323      0.75677109      0.98187315      0.79287493    
   96.605637      0.63597113      0.89668030      0.78018838    
   97.001274      0.55018365      0.83034122      0.76734853    
   97.529015      0.44315588      0.73983467      0.74755460    
   98.057014      0.34302515      0.64962137      0.72442412    
   98.585297      0.24853778      0.56450641      0.69916737    
   99.113861      0.15834774      0.48896760      0.67220527    
   99.510498      9.26813632E-02  0.44021803      0.65029597    
   100.03961      6.38436619E-03  0.38550574      0.61728793    
   100.56907     -7.96999708E-02  0.33921963      0.57834405    
   101.09887     -0.16528462      0.29682928      0.53226393    
   101.62887     -0.24890751      0.25479162      0.47933221    
   102.02637     -0.30885819      0.22236674      0.43628559    
   102.55637     -0.38203326      0.17812979      0.37709230    
   103.08636     -0.44347894      0.13491309      0.31954932    
   103.61636     -0.49100232      9.56462473E-02  0.26686472    
   104.01386     -0.51720244      7.00522661E-02  0.23198608    
   104.54386     -0.54034483      4.29927520E-02  0.19289248    
   105.07386     -0.55228436      2.43506897E-02  0.16205750    
   105.60386     -0.55669093      1.24188792E-02  0.13806103    
   106.00136     -0.55781591      6.20127236E-03  0.12285547    
   106.53136     -0.55836129      8.01861286E-04  0.10361888    
   107.06136     -0.55963171     -1.95207633E-03  8.32787156E-02
   107.59136     -0.56160223     -3.24390922E-03  6.06631748E-02
   108.12138     -0.56350839     -3.93684162E-03  3.66774946E-02
   108.51888     -0.56379795     -4.27805027E-03  1.86509881E-02
   109.04890     -0.56164122     -4.75829281E-03 -4.50907787E-03
   109.57893     -0.55372310     -5.14063705E-03 -2.42036488E-02
   110.10896     -0.53964365     -4.89186961E-03 -3.90995182E-02
   110.50648     -0.52593470     -3.77684482E-03 -4.71424907E-02
   111.03651     -0.50487173     -3.61805549E-04 -5.40876165E-02
   111.56654     -0.48210451      5.77218505E-03 -5.75600490E-02
   112.09657     -0.45866898      1.42526515E-02 -5.86144775E-02
   112.62660     -0.43455249      2.42280699E-02 -5.77403381E-02
   113.02412     -0.41680765      3.16269994E-02 -5.62285185E-02
   113.55415     -0.39460731      4.01542410E-02 -5.35877272E-02
   114.08418     -0.37361825      4.65574339E-02 -5.04247509E-02
   114.61421     -0.35310110      5.12644723E-02 -4.63890061E-02
   115.01173     -0.33809423      5.44467568E-02 -4.24824357E-02
   115.54176     -0.31829301      5.93655482E-02 -3.57223675E-02
   116.07179     -0.29751992      6.63158745E-02 -2.68025007E-02
   116.60182     -0.27516887      7.57320225E-02 -1.57327224E-02
   117.13185     -0.25132987      8.72741193E-02 -2.85538100E-03
   117.52937     -0.23291835      9.63466913E-02  7.67527986E-03
   118.05940     -0.20943843      0.10781901      2.15723310E-02
   118.58943     -0.18909423      0.11761894      3.36878188E-02
   119.11946     -0.17398961      0.12460485      4.29234654E-02
   119.51698     -0.16557319      0.12799209      4.80467267E-02
   120.04702     -0.15747441      0.13102993      5.28818406E-02
   120.57706     -0.15169047      0.13409267      5.63009679E-02
   121.10711     -0.14637636      0.13822924      5.94621226E-02
   121.50465     -0.14167938      0.14211403      6.23482056E-02
   122.03471     -0.13308892      0.14754395      6.73680454E-02
   122.56477     -0.12194930      0.15229887      7.37325847E-02
   123.09483     -0.11016452      0.15597720      8.09924379E-02
   123.62489     -9.90200192E-02  0.15802091      8.87632594E-02
   124.02244     -9.24161598E-02  0.15850604      9.39640775E-02
   124.55250     -8.61385763E-02  0.15822507      9.96836796E-02
   125.08256     -8.28156844E-02  0.15716171      0.10396613    
   125.61262     -8.26879367E-02  0.15575537      0.10701621    
   126.01016     -8.43418837E-02  0.15432045      0.10864078    
   126.54022     -8.74304473E-02  0.15184581      0.11030540    
   127.07028     -9.11053792E-02  0.14901368      0.11198468    
   127.60034     -9.45517793E-02  0.14607242      0.11411955    
   128.13040     -9.68890041E-02  0.14299910      0.11688961    
   128.52797     -9.75892842E-02  0.14079161      0.11936581    
   129.05806     -9.70588624E-02  0.13818431      0.12271856    
   129.58815     -9.57724154E-02  0.13619238      0.12529619    
   130.11824     -9.49309170E-02  0.13466978      0.12626307    
   130.51581     -9.48267803E-02  0.13351119      0.12614900    
   131.04590     -9.40347090E-02  0.13144028      0.12477070    
   131.57599     -9.32637528E-02  0.12819566      0.12251288    
   132.10608     -9.30067450E-02  0.12361827      0.11984915    
   132.50365     -9.28138793E-02  0.11931363      0.11771020    
   133.03374     -9.27334428E-02  0.11255942      0.11488292    
   133.56387     -9.33976769E-02  0.10504116      0.11203500    
   134.09402     -9.46295857E-02  9.78603810E-02  0.10914803    
   134.62418     -9.63076949E-02  9.15546417E-02  0.10634495    
   135.02179     -9.75629091E-02  8.75653028E-02  0.10440254    
   135.55199     -9.84078348E-02  8.32856447E-02  0.10221357    
   136.08220     -9.81189236E-02  8.00019056E-02  0.10041950    
   136.61244     -9.68163237E-02  7.71694556E-02  9.89688858E-02
   137.01015     -9.55286175E-02  7.49301389E-02  9.78914276E-02
   137.54047     -9.35217738E-02  7.11881146E-02  9.62066203E-02
   138.07083     -9.09102410E-02  6.62190020E-02  9.42712575E-02
   138.60126     -8.70657042E-02  6.00069426E-02  9.22901928E-02
   139.13176     -8.10400620E-02  5.31805232E-02  9.04157311E-02
   139.52971     -7.55913556E-02  4.81504276E-02  8.89743865E-02
   140.06041     -6.77879155E-02  4.23508920E-02  8.69278908E-02
   140.59123     -6.00591674E-02  3.82304788E-02  8.48528072E-02
   141.12222     -5.30917831E-02  3.60695720E-02  8.31295848E-02
   141.52058     -4.86674570E-02  3.50993052E-02  8.20927396E-02
   142.05193     -4.34558392E-02  3.41852233E-02  8.07629153E-02
   142.58354     -3.81320864E-02  3.34431939E-02  7.94580951E-02
   143.11548     -3.24066877E-02  3.24639827E-02  7.81861842E-02
   143.51466     -2.77714375E-02  3.09501458E-02  7.72197172E-02
   144.04729     -2.06309650E-02  2.72927210E-02  7.58209229E-02
   144.58037     -1.20421443E-02  2.08915621E-02  7.41915405E-02
   145.11369     -1.67173462E-03  1.15325944E-02  7.20313787E-02
   145.51369      7.29259104E-03  2.73218076E-03  7.00076222E-02
   146.04706      2.09463201E-02 -1.11048035E-02  6.70956448E-02
   146.58051      3.55162136E-02 -2.67138518E-02  6.42678961E-02
   147.11404      4.99598980E-02 -4.35709655E-02  6.17907196E-02
   147.51428      6.03287145E-02 -5.68010733E-02  6.02424480E-02
   148.04805      7.30979964E-02 -7.49077722E-02  5.85674345E-02
   148.58199      8.53282511E-02 -9.33718681E-02  5.72520904E-02
   149.11613      9.72201005E-02 -0.11162063      5.63453063E-02
   149.51691      0.10583636     -0.12484493      5.59123233E-02
   150.05154      0.11730947     -0.14156985      5.57233617E-02
   150.58652      0.12962490     -0.15726110      5.63873984E-02
   151.12189      0.14532201     -0.17270309      5.78404441E-02
   151.52371      0.15907057     -0.18419223      5.92154413E-02
   152.05992      0.17925642     -0.19949737      6.13257922E-02
   152.59669      0.20107648     -0.21495807      6.34728521E-02
   153.13408      0.22317752     -0.23055793      6.58941269E-02
   153.53720      0.23897916     -0.24215627      6.83429018E-02
   154.07394      0.25817299     -0.25712624      7.31026530E-02
   154.60988      0.27504385     -0.27104211      7.95166120E-02
   155.01134      0.28596467     -0.28056675      8.52315873E-02
   155.54599      0.29830158     -0.29218781      9.39033478E-02
   156.08002      0.30895409     -0.30295959      0.10373370    
   156.61346      0.31857839     -0.31331092      0.11488481    
   157.01323      0.32493633     -0.32093960      0.12422297    
   157.54585      0.33219796     -0.33105603      0.13793747    
   158.07808      0.33826414     -0.34094059      0.15287982    
   158.60999      0.34304518     -0.34995514      0.16880098    
   159.00874      0.34549770     -0.35545897      0.18123451    
   159.54021      0.34630477     -0.36072880      0.19835868    
   160.07144      0.34248096     -0.36291933      0.21619204    
   160.60249      0.33599210     -0.36205557      0.23456113    
   161.00069      0.32964772     -0.35899508      0.24837396    
   161.53151      0.31811535     -0.35176951      0.26661226    
   162.06223      0.30080914     -0.34166434      0.28439447    
   162.59283      0.27861279     -0.32822749      0.30075037    
   163.12338      0.25287712     -0.31139547      0.31482947    
   163.52127      0.23190078     -0.29715157      0.32422358    
   164.05173      0.20186561     -0.27680808      0.33563644    
   164.58218      0.17086762     -0.25556964      0.34563944    
   165.11259      0.13970399     -0.23348987      0.35375553    
   165.51041      0.11556933     -0.21599904      0.35779697    
   166.04085      8.13938603E-02 -0.19103280      0.36046124    
   166.57130      4.66282070E-02 -0.16457628      0.36060905    
   167.10178      1.32607101E-02 -0.13700514      0.35823512    
   167.63229     -1.94555577E-02 -0.10875475      0.35309711    
   168.03020     -4.32847627E-02 -8.73190835E-02  0.34786335    
   168.56079     -7.37068504E-02 -5.88803627E-02  0.33931699    
   169.09143     -0.10296705     -3.12057715E-02  0.32961702    
   169.62213     -0.13108012     -4.53619100E-03  0.31891957    
   170.02020     -0.15108143      1.45198004E-02  0.31042317    
   170.55101     -0.17594737      3.86691391E-02  0.29860169    
   171.08188     -0.19864425      6.12023771E-02  0.28611141    
   171.61281     -0.21904993      8.15748125E-02  0.27286726    
   172.01105     -0.23252314      9.51103345E-02  0.26240113    
   172.54208     -0.24746788      0.11024451      0.24808523    
   173.07320     -0.25875553      0.12234310      0.23394880    
   173.60439     -0.26654848      0.13198419      0.22018516    
   174.00282     -0.27025756      0.13829981      0.21000552    
   174.53413     -0.27290392      0.14600910      0.19609044    
   175.06552     -0.27365139      0.15334511      0.18133925    
   175.59698     -0.27274489      0.16015483      0.16564400    
   176.12851     -0.27019364      0.16546121      0.14922072    
   176.52718     -0.26621372      0.16766742      0.13690779    
   177.05879     -0.25624466      0.16714633      0.12136295    
   177.59047     -0.24355768      0.16217743      0.10679623    
   178.12215     -0.22823349      0.15322702      9.30225402E-02
   178.52090     -0.21623568      0.14418048      8.30678195E-02
   179.05258     -0.19986784      0.12953456      7.01207072E-02
   179.58426     -0.18285885      0.11243979      5.75063601E-02
   180.11594     -0.16446337      9.35393721E-02  4.56111506E-02
   180.51469     -0.14925256      7.83078298E-02  3.76885459E-02
   181.04640     -0.12733853      5.66228703E-02  2.94427760E-02
   181.57811     -0.10301886      3.32405865E-02  2.42049303E-02
   182.10982     -7.66082704E-02  8.31364561E-03  2.17706487E-02
   182.50858     -5.60717545E-02 -1.10478513E-02  2.15114132E-02
   183.04025     -2.78606713E-02 -3.70962657E-02  2.25237533E-02
   183.57190      1.19522773E-03 -6.29650131E-02  2.49482766E-02
   184.10352      3.04789022E-02 -8.81825984E-02  2.90936939E-02
   184.50218      5.26008047E-02 -0.10641581      3.34411412E-02
   185.03371      8.23051631E-02 -0.12990892      4.12392728E-02
   185.56517      0.11180162     -0.15232354      5.13957180E-02
   186.09657      0.13973613     -0.17349166      6.36303648E-02
   186.62791      0.16472624     -0.19326383      7.74208903E-02
   187.02638      0.18069813     -0.20698085      8.84608328E-02
   187.55762      0.19828273     -0.22352323      0.10393069    
   188.08879      0.21249968     -0.23774028      0.12052366    
   188.61992      0.22384983     -0.24899903      0.13819204    
   189.01822      0.23058431     -0.25484619      0.15186535    
   189.54924      0.23666899     -0.25870088      0.17035413    
   190.08020      0.23966822     -0.25871190      0.18933925    
   190.61111      0.23967823     -0.25654921      0.20874420    
   191.00928      0.23701382     -0.25419474      0.22314954    
   191.54012      0.23130026     -0.25017703      0.24139635    
   192.07094      0.22300713     -0.24522716      0.25798616    
   192.60172      0.21134335     -0.23895691      0.27268037    
   193.13248      0.19547890     -0.23053296      0.28488660    
   193.53055      0.18063726     -0.22243494      0.29277211    
   194.06131      0.15914762     -0.20932344      0.30193728    
   194.59210      0.13711551     -0.19416368      0.30969429    
   195.12280      0.11420885     -0.17765875      0.31561422    
   195.52074      9.57861170E-02 -0.16448075      0.31822658    
   196.05119      6.89614639E-02 -0.14597146      0.31924707    
   196.58153      4.14360128E-02 -0.12692773      0.31736785    
   197.11174      1.39035620E-02 -0.10806307      0.31257248    
   197.50932     -6.32326957E-03 -9.43282992E-02  0.30674076    
   198.03932     -3.10048815E-02 -7.65715241E-02  0.29613653    
   198.56921     -5.17528951E-02 -5.96583188E-02  0.28324729    
   199.09900     -6.92393705E-02 -4.38182466E-02  0.26892790    
   199.62869     -8.43001157E-02 -2.89333425E-02  0.25303674    
   200.02591     -9.36752260E-02 -1.87392756E-02  0.24015060    
   200.55545     -0.10360487     -6.92535285E-03  0.22188905    
   201.08492     -0.11002504      1.78285653E-03  0.20262104    
   201.61430     -0.11230795      6.21651858E-03  0.18256599    
   202.01131     -0.11165781      6.33519050E-03  0.16701697    
   202.54060     -0.10758306      1.73166767E-03  0.14566103    
   203.06985     -9.55651104E-02 -7.46250385E-03  0.12399160    
   203.59909     -7.74052814E-02 -2.09965445E-02  0.10271335    
   204.12833     -5.58027551E-02 -3.75398435E-02  8.13846737E-02
   204.52525     -3.77665386E-02 -5.15770167E-02  6.49586543E-02
   205.05449     -1.14829745E-02 -7.25573599E-02  4.27175537E-02
   205.58379      1.71652362E-02 -9.58699062E-02  2.06939802E-02
   206.11311      4.83396314E-02 -0.12074511     -7.07968138E-05
   206.51016      7.31017888E-02 -0.14070374     -1.43269449E-02
   207.03963      0.10844479     -0.16971266     -3.06945480E-02
   207.56920      0.14864120     -0.20098427     -4.33898270E-02
   208.09889      0.19364285     -0.23379658     -5.28420135E-02
   208.62868      0.24200431     -0.26782194     -6.00817539E-02
   209.02596      0.27919561     -0.29415116     -6.47457689E-02
   209.55559      0.32887021     -0.33013046     -7.04939663E-02
   210.08511      0.37842765     -0.36663669     -7.52094388E-02
   210.61453      0.42965958     -0.40307719     -7.79060423E-02
   211.01154      0.46889734     -0.42982912     -7.86494017E-02
   211.54077      0.52318490     -0.46428782     -7.84111321E-02
   212.06990      0.57838243     -0.49722794     -7.65013695E-02
   212.59892      0.63394070     -0.52880394     -7.46493414E-02
   213.12782      0.68869138     -0.55979210     -7.46636689E-02
   213.52441      0.72836626     -0.58367729     -7.60750175E-02
   214.05310      0.78122127     -0.61771739     -7.95689821E-02
   214.58170      0.83597267     -0.65500474     -8.47026557E-02
   215.11017      0.89267105     -0.69525439     -9.13659036E-02
   215.50645      0.93589920     -0.72678167     -9.74915326E-02
   216.03474      0.99289131     -0.77002037     -0.10770884    
   216.56294       1.0472851     -0.81457436     -0.12070683    
   217.09105       1.0995808     -0.86108011     -0.13594410    
   217.61909       1.1523039     -0.91053683     -0.15187410    
   218.01511       1.1936586     -0.95000744     -0.16305912    
   218.54306       1.2525587      -1.0055809     -0.17560104    
   219.07100       1.3153183      -1.0630978     -0.18448250    
   219.59889       1.3796015      -1.1202297     -0.18918473    
   220.12679       1.4434031      -1.1749558     -0.18937027    
   220.52271       1.4901304      -1.2136123     -0.18602058    
   221.05060       1.5494770      -1.2614115     -0.17642078    
   221.57854       1.6047696      -1.3046356     -0.16043548    
   222.10649       1.6558437      -1.3432237     -0.13811171    
   222.50247       1.6908251      -1.3692268     -0.11773739    
   223.03049       1.7320411      -1.4002087     -8.66939723E-02
   223.55856       1.7658170      -1.4271026     -5.18389121E-02
   224.08670       1.7939929      -1.4493284     -1.33043686E-02
   224.61491       1.8154515      -1.4663947      2.93261521E-02
   225.01111       1.8270233      -1.4747152      6.37522936E-02
   225.53946       1.8353212      -1.4789646      0.11191794    
   226.06787       1.8354015      -1.4770672      0.16218922    
   226.59639       1.8243194      -1.4715242      0.21415052    
   227.12498       1.8047831      -1.4635516      0.26584062    
   227.52150       1.7831405      -1.4551251      0.30254942    
   228.05028       1.7438010      -1.4399651      0.34800154    
   228.57915       1.6953864      -1.4200993      0.38971555    
   229.10811       1.6413561      -1.3954556      0.42836738    
   229.50485       1.5979573      -1.3738680      0.45509678    
   230.03389       1.5342762      -1.3410540      0.48650473    
   230.56303       1.4609720      -1.3041923      0.51140040    
   231.09224       1.3778119      -1.2643783      0.52886164    
   231.62151       1.2883141      -1.2225014      0.53958750    
   232.01852       1.2196474      -1.1899232      0.54409128    
   232.54796       1.1283361      -1.1445484      0.54642224    
   233.07748       1.0390878      -1.0967066      0.54501081    
   233.60713      0.95340395      -1.0464314      0.54007185    
   234.00444      0.89185548      -1.0074174      0.53436935    
   234.53427      0.81374574     -0.95447069      0.52464730    
   235.06422      0.74019849     -0.90155566      0.51200736    
   235.59433      0.67014742     -0.84961271      0.49717230    
   236.12462      0.60153264     -0.79938656      0.48020312    
   236.52246      0.55043101     -0.76342309      0.46622527    
   237.05313      0.48380107     -0.71821380      0.44646627    
   237.58405      0.42036951     -0.67661029      0.42609048    
   238.11520      0.36073261     -0.63868737      0.40523100    
   238.51366      0.31799462     -0.61206084      0.38877171    
   239.04498      0.26210186     -0.57837081      0.36468107    
   239.57635      0.20616733     -0.54644960      0.33720276    
   240.10777      0.15041769     -0.51601672      0.30646309    
   240.50635      0.10999391     -0.49408716      0.28230411    
   241.03778      6.03964925E-02 -0.46628398      0.25079787    
   241.56921      1.72897037E-02 -0.44083548      0.22240263    
   242.10065     -1.84531026E-02 -0.41833368      0.19903240    
   242.63208     -4.93710972E-02 -0.39991212      0.18056646    
   243.03062     -7.02407956E-02 -0.38822770      0.16874476    
   243.56200     -9.79311317E-02 -0.37485164      0.15537345    
   244.09337     -0.12513100     -0.36390471      0.14434284    
   244.62473     -0.14938596     -0.35550278      0.13661520    
   245.02321     -0.16387337     -0.35074461      0.13412078    
   245.55452     -0.18044534     -0.34495220      0.13520283    
   246.08580     -0.19455166     -0.33895829      0.14114152    
   246.61705     -0.20604104     -0.33237466      0.15112612    
   247.01549     -0.21551889     -0.32709479      0.15935832    
   247.54674     -0.23084626     -0.31976035      0.16971846    
   248.07799     -0.24908987     -0.31216940      0.17850429    
   248.60924     -0.26933071     -0.30458894      0.18583629    
   249.00768     -0.28527987     -0.29903662      0.19079487    
   249.53893     -0.30572104     -0.29223722      0.19747519    
   250.07024     -0.32448500     -0.28614545      0.20508823    
