  0.13234943      0.49287498       0.0000000       0.0000000    
  0.52977455      0.49287498       0.0000000       0.0000000    
   1.0596689      0.49287498       0.0000000       0.0000000    
   1.5895488      0.49287498       0.0000000       0.0000000    
   2.1194093      0.49287498       0.0000000       0.0000000    
   2.5167909      0.49287498       0.0000000       0.0000000    
   3.0466142      0.49287498       0.0000000       0.0000000    
   3.5764179      0.49287498       0.0000000       0.0000000    
   4.1062055      0.49287498       0.0000000       0.0000000    
   4.5035372      0.49287498       0.0000000       0.0000000    
   5.0333042      0.49287498       0.0000000       0.0000000    
   5.5630655      0.49287498       0.0000000       0.0000000    
   6.0928254      0.49287498       0.0000000       0.0000000    
   6.6225853      0.49287498       0.0000000       0.0000000    
   7.0199070      0.49287498       0.0000000       0.0000000    
   7.5496740      0.49287498       0.0000000       0.0000000    
   8.0794458      0.49287498       0.0000000       0.0000000    
   8.6092234      0.49287498       0.0000000       0.0000000    
   9.0065594      0.49287498       0.0000000       0.0000000    
   9.5363464      0.49287498       0.0000000       0.0000000    
   10.066137      0.49287498       0.0000000       0.0000000    
   10.595934      0.49287498       0.0000000       0.0000000    
   11.125734      0.49287498       0.0000000       0.0000000    
   11.523088      0.49287498       0.0000000       0.0000000    
   12.052895      0.49287498       0.0000000       0.0000000    
   12.582705      0.49287498       0.0000000       0.0000000    
   13.112516      0.49287498       0.0000000       0.0000000    
   13.509877      0.49287498       0.0000000       0.0000000    
   14.039695      0.49287498       0.0000000       0.0000000    
   14.569512      0.49287498       0.0000000       0.0000000    
   15.099333      0.49287498       0.0000000       0.0000000    
   15.629155      0.49287498       0.0000000       0.0000000    
   16.026524      0.49287498       0.0000000       0.0000000    
   16.556347      0.49287498       0.0000000       0.0000000    
   17.086174      0.49287498       0.0000000       0.0000000    
   17.616001      0.49287498       0.0000000       0.0000000    
   18.013372      0.49287498       0.0000000       0.0000000    
   18.543203      0.49287498       0.0000000       0.0000000    
   19.073034      0.49287498       0.0000000       0.0000000    
   19.602865      0.49287498       0.0000000       0.0000000    
   20.000238      0.49287498       0.0000000       0.0000000    
   20.530073      0.49287498       0.0000000       0.0000000    
   21.059908      0.49287498       0.0000000       0.0000000    
   21.589746      0.49287498       0.0000000       0.0000000    
   22.119585      0.49287498       0.0000000       0.0000000    
   22.516964      0.49287498       0.0000000       0.0000000    
   23.046803      0.49287498       0.0000000       0.0000000    
   23.576641      0.49287498       0.0000000       0.0000000    
   24.106483      0.49287498       0.0000000       0.0000000    
   24.503866      0.49287498       0.0000000       0.0000000    
   25.033709      0.49287498       0.0000000       0.0000000    
   25.563555      0.49287498       0.0000000       0.0000000    
   26.093401      0.49287498       0.0000000       0.0000000    
   26.623247      0.49287498       0.0000000       0.0000000    
   27.020632      0.49287498       0.0000000       0.0000000    
   27.550480      0.49287498       0.0000000       0.0000000    
   28.080330      0.49287498       0.0000000       0.0000000    
   28.610180      0.49287498       0.0000000       0.0000000    
   29.007568      0.49287498       0.0000000       0.0000000    
   29.537422      0.49287498       0.0000000       0.0000000    
   30.067276      0.49287498       0.0000000       0.0000000    
   30.597130      0.49287498       0.0000000       0.0000000    
   31.126984      0.49287498       0.0000000       0.0000000    
   31.524374      0.49287498       0.0000000       0.0000000    
   32.054230      0.49287498       0.0000000       0.0000000    
   32.584091      0.49287498       0.0000000       0.0000000    
   33.113953      0.49287498       0.0000000       0.0000000    
   33.511349      0.49287498       0.0000000       0.0000000    
   34.041210      0.49287498       0.0000000       0.0000000    
   34.571072      0.49287498       0.0000000       0.0000000    
   35.100933      0.49287498       0.0000000       0.0000000    
   35.630795      0.49287498       0.0000000       0.0000000    
   36.028191      0.49287498       0.0000000       0.0000000    
   36.558052      0.49287498       0.0000000       0.0000000    
   37.087914      0.49287498       0.0000000       0.0000000    
   37.617775      0.49287498       0.0000000       0.0000000    
   38.015179      0.49287498       0.0000000       0.0000000    
   38.545044      0.49287498       0.0000000       0.0000000    
   39.074909      0.49287498       0.0000000       0.0000000    
   39.604782      0.49287498       0.0000000       0.0000000    
   40.002190      0.49287498       0.0000000       0.0000000    
   40.532066      0.49287498       0.0000000       0.0000000    
   41.061943      0.49287498       0.0000000       0.0000000    
   41.591820      0.49287498       0.0000000       0.0000000    
   42.121696      0.49287498       0.0000000       0.0000000    
   42.519104      0.49287498       0.0000000       0.0000000    
   43.048981      0.49287498       0.0000000       0.0000000    
   43.578857      0.49287498       0.0000000       0.0000000    
   44.108734      0.49287498       0.0000000       0.0000000    
   44.506142      0.49287498       0.0000000       0.0000000    
   45.036018      0.49287498       0.0000000       0.0000000    
   45.565895      0.49287498       0.0000000       0.0000000    
   46.095772      0.49287498       0.0000000       0.0000000    
   46.625648      0.49287498       0.0000000       0.0000000    
   47.023060      0.49287498       0.0000000       0.0000000    
   47.552944      0.49287498       0.0000000       0.0000000    
   48.082829      0.49287498       0.0000000       0.0000000    
   48.612720      0.49287498       0.0000000       0.0000000    
   49.010139      0.49287498       0.0000000       0.0000000    
   49.540031      0.49287498       0.0000000       0.0000000    
   50.069923      0.49287498       0.0000000       0.0000000    
   50.599815      0.49287498       0.0000000       0.0000000    
   51.129707      0.49287498       0.0000000       0.0000000    
   51.527126      0.49287498       0.0000000       0.0000000    
   52.057018      0.49287498       0.0000000       0.0000000    
   52.586910      0.49287498       0.0000000       0.0000000    
   53.116802      0.49287498       0.0000000       0.0000000    
   53.514221      0.49287498       0.0000000       0.0000000    
   54.044113      0.49287498       0.0000000       0.0000000    
   54.574013      0.49287498       0.0000000       0.0000000    
   55.103912      0.49287498       0.0000000       0.0000000    
   55.501335      0.49287498       0.0000000       0.0000000    
   56.031239      0.49287498       0.0000000       0.0000000    
   56.561146      0.49287498       0.0000000       0.0000000    
   57.091053      0.49287498       0.0000000       0.0000000    
   57.620960      0.49287498       0.0000000       0.0000000    
   58.018391      0.49287498       0.0000000       0.0000000    
   58.548298      0.49287498       0.0000000       0.0000000    
   59.078205      0.49287498       0.0000000       0.0000000    
   59.608112      0.49287498       0.0000000       0.0000000    
   60.005543      0.48752004      -1.0940503     -5.37043326E-02
   60.535450      0.48815414      0.11723386     -0.20795257    
   61.065357      0.50376600      0.92722988      -4.4310641    
   61.595264      0.52281594       1.0042142      -4.3400888    
   62.125168      0.54848719       1.2249633      -3.0767357    
   62.522591      0.57590544       1.3884929      -2.3421526    
   63.052483      0.63331509       1.4874870      -1.4838464    
   63.582371      0.71794784       1.5274462     -0.91805238    
   64.112244      0.82639247       1.5203344     -0.60255891    
   64.509636      0.92300534       1.4944018     -0.46407428    
   65.039474       1.0701575       1.4495142     -0.35713735    
   65.569275       1.2350264       1.3814970     -0.29857126    
   66.099030       1.4167304       1.3011378     -0.27009931    
   66.628723       1.6106746       1.2125564     -0.26327127    
   67.025932       1.7593324       1.1555248     -0.26331520    
   67.555450       1.8379693      0.98029363     -8.73668194E-02
   68.084801       1.9223863      0.91602737     -8.73103272E-03
   68.613899       2.0155296      0.91556758     -2.81767570E-03
   69.010536       2.0934668      0.93361974     -1.13730161E-02
   69.539139       2.2004173      0.94151437     -5.25326235E-03
   70.067490       2.3093910      0.88845021      2.75845770E-02
   70.595566       2.4224377      0.77154171      7.45978281E-02
   71.123398       2.5203333      0.63085848      0.11114261    
   71.519096       2.5776834      0.52561021      0.12064581    
   72.046478       2.6413240      0.38506222      9.04601514E-02
   72.573631       2.6947532      0.24331054      2.52335370E-02
   73.100563       2.7383990      0.10217607     -5.66985048E-02
   73.627251       2.7650425     -3.26966941E-02 -0.11649749    
   74.022125       2.7723212     -0.13503495     -0.13829677    
   74.548454       2.7670751     -0.27739376     -0.15123750    
   75.074585       2.7400379     -0.43119243     -0.15468863    
   75.600517       2.6798098     -0.58956754     -0.15381531    
   76.126266       2.5892539     -0.74374312     -0.16562748    
   76.520493       2.5062945     -0.85966963     -0.17641704    
   77.045998       2.3801208      -1.0215466     -0.19094993    
   77.571327       2.2357645      -1.1856269     -0.21303894    
   78.096527       2.0843360      -1.3357720     -0.25355956    
   78.621574       1.9247329      -1.4802902     -0.30139628    
   79.015312       1.7975771      -1.6018302     -0.34213954    
   79.540161       1.6142755      -1.8186277     -0.39311808    
   80.064880       1.3841168      -1.9754003     -0.44628260    
   80.589546       1.1370063      -1.9678020     -0.47622699    
   81.114098      0.92400128      -2.0257285     -0.47841385    
   81.507446      0.79168963      -2.0180149     -0.44891611    
   82.031914      0.65824664      -2.2579994     -0.35747394    
   82.556343      0.56329769      -3.1207147     -5.53960428E-02
   83.080704      0.50704217      -4.0253162      -2.7394950    
   83.605011      0.49228665      -3.1320865     -5.80644235E-03
   84.129288      0.48415536      -3.1320846     -6.85711624E-03
   84.522484      0.48391280       0.0000000       0.0000000    
   85.046745      0.48391280       0.0000000       0.0000000    
   85.571007      0.48391280       0.0000000       0.0000000    
   86.095299      0.48391280       0.0000000       0.0000000    
   86.619637      0.48391280       0.0000000       0.0000000    
   87.012924      0.48391280       0.0000000       0.0000000    
   87.537369      0.48391280       0.0000000       0.0000000    
   88.061897      0.48391280       0.0000000       0.0000000    
   88.586540      0.48391280       0.0000000       0.0000000    
   89.111305      0.48391280       0.0000000       0.0000000    
   89.504898      0.48391280       0.0000000       0.0000000    
   90.029755      0.48391280       0.0000000       0.0000000    
   90.554764      0.48391280       0.0000000       0.0000000    
   91.079956      0.48391280       0.0000000       0.0000000    
   91.605278      0.48391280       0.0000000       0.0000000    
   92.130737      0.48391280       0.0000000       0.0000000    
   92.524986      0.48391280       0.0000000       0.0000000    
   93.050819      0.48391280       0.0000000       0.0000000    
   93.576805      0.48391280       0.0000000       0.0000000    
   94.103027      0.48391280       0.0000000       0.0000000    
   94.629448      0.48391280       0.0000000       0.0000000    
   95.024406      0.48391280       0.0000000       0.0000000    
   95.551254      0.48391280       0.0000000       0.0000000    
   96.078323      0.48391280       0.0000000       0.0000000    
   96.605637      0.48391280       0.0000000       0.0000000    
   97.001274      0.48391280       0.0000000       0.0000000    
   97.529015      0.48391280       0.0000000       0.0000000    
   98.057014      0.48391280       0.0000000       0.0000000    
   98.585297      0.48391280       0.0000000       0.0000000    
   99.113861      0.48391280       0.0000000       0.0000000    
   99.510498      0.48391280       0.0000000       0.0000000    
   100.03961      0.48391280       0.0000000       0.0000000    
   100.56907      0.48391280       0.0000000       0.0000000    
   101.09887      0.48391280       0.0000000       0.0000000    
   101.62887      0.48391280       0.0000000       0.0000000    
   102.02637      0.48391280       0.0000000       0.0000000    
   102.55637      0.48391280       0.0000000       0.0000000    
   103.08636      0.48391280       0.0000000       0.0000000    
   103.61636      0.48391280       0.0000000       0.0000000    
   104.01386      0.48391280       0.0000000       0.0000000    
   104.54386      0.48391280       0.0000000       0.0000000    
   105.07386      0.48391280       0.0000000       0.0000000    
   105.60386      0.48391280       0.0000000       0.0000000    
   106.00136      0.48391280       0.0000000       0.0000000    
   106.53136      0.48391280       0.0000000       0.0000000    
   107.06136      0.48391280       0.0000000       0.0000000    
   107.59136      0.48391280       0.0000000       0.0000000    
   108.12138      0.48391280       0.0000000       0.0000000    
   108.51888      0.48391280       0.0000000       0.0000000    
   109.04890      0.48391280       0.0000000       0.0000000    
   109.57893      0.48391280       0.0000000       0.0000000    
   110.10896      0.48391280       0.0000000       0.0000000    
   110.50648      0.48391280       0.0000000       0.0000000    
   111.03651      0.48391280       0.0000000       0.0000000    
   111.56654      0.48391280       0.0000000       0.0000000    
   112.09657      0.48391280       0.0000000       0.0000000    
   112.62660      0.48391280       0.0000000       0.0000000    
   113.02412      0.48391280       0.0000000       0.0000000    
   113.55415      0.48391280       0.0000000       0.0000000    
   114.08418      0.48391280       0.0000000       0.0000000    
   114.61421      0.48391280       0.0000000       0.0000000    
   115.01173      0.48391280       0.0000000       0.0000000    
   115.54176      0.48391280       0.0000000       0.0000000    
   116.07179      0.48391280       0.0000000       0.0000000    
   116.60182      0.48391280       0.0000000       0.0000000    
   117.13185      0.48391280       0.0000000       0.0000000    
   117.52937      0.48391280       0.0000000       0.0000000    
   118.05940      0.48391280       0.0000000       0.0000000    
   118.58943      0.48391280       0.0000000       0.0000000    
   119.11946      0.48391280       0.0000000       0.0000000    
   119.51698      0.48391280       0.0000000       0.0000000    
   120.04702      0.48391280       0.0000000       0.0000000    
   120.57706      0.48391280       0.0000000       0.0000000    
   121.10711      0.48391280       0.0000000       0.0000000    
   121.50465      0.48391280       0.0000000       0.0000000    
   122.03471      0.48391280       0.0000000       0.0000000    
   122.56477      0.48391280       0.0000000       0.0000000    
   123.09483      0.48391280       0.0000000       0.0000000    
   123.62489      0.48391280       0.0000000       0.0000000    
   124.02244      0.48391280       0.0000000       0.0000000    
   124.55250      0.48391280       0.0000000       0.0000000    
   125.08256      0.48391280       0.0000000       0.0000000    
   125.61262      0.48391280       0.0000000       0.0000000    
   126.01016      0.48391280       0.0000000       0.0000000    
   126.54022      0.48391280       0.0000000       0.0000000    
   127.07028      0.48391280       0.0000000       0.0000000    
   127.60034      0.48391280       0.0000000       0.0000000    
   128.13040      0.48391280       0.0000000       0.0000000    
   128.52797      0.48391280       0.0000000       0.0000000    
   129.05806      0.48391280       0.0000000       0.0000000    
   129.58815      0.48391280       0.0000000       0.0000000    
   130.11824      0.48391280       0.0000000       0.0000000    
   130.51581      0.48391280       0.0000000       0.0000000    
   131.04590      0.48391280       0.0000000       0.0000000    
   131.57599      0.48391280       0.0000000       0.0000000    
   132.10608      0.48391280       0.0000000       0.0000000    
   132.50365      0.48391280       0.0000000       0.0000000    
   133.03374      0.48391280       0.0000000       0.0000000    
   133.56387      0.48391280       0.0000000       0.0000000    
   134.09402      0.48391280       0.0000000       0.0000000    
   134.62418      0.48391280       0.0000000       0.0000000    
   135.02179      0.48391280       0.0000000       0.0000000    
   135.55199      0.48391280       0.0000000       0.0000000    
   136.08220      0.48391280       0.0000000       0.0000000    
   136.61244      0.48391280       0.0000000       0.0000000    
   137.01015      0.48391280       0.0000000       0.0000000    
   137.54047      0.48391280       0.0000000       0.0000000    
   138.07083      0.48391280       0.0000000       0.0000000    
   138.60126      0.48391280       0.0000000       0.0000000    
   139.13176      0.48391280       0.0000000       0.0000000    
   139.52971      0.48391280       0.0000000       0.0000000    
   140.06041      0.48391280       0.0000000       0.0000000    
   140.59123      0.48391280       0.0000000       0.0000000    
   141.12222      0.48391280       0.0000000       0.0000000    
   141.52058      0.48391280       0.0000000       0.0000000    
   142.05193      0.48391280       0.0000000       0.0000000    
   142.58354      0.48391280       0.0000000       0.0000000    
   143.11548      0.48391280       0.0000000       0.0000000    
   143.51466      0.48391280       0.0000000       0.0000000    
   144.04729      0.48391280       0.0000000       0.0000000    
   144.58037      0.48391280       0.0000000       0.0000000    
   145.11369      0.48391280       0.0000000       0.0000000    
   145.51369      0.48391280       0.0000000       0.0000000    
   146.04706      0.48391280       0.0000000       0.0000000    
   146.58051      0.48391280       0.0000000       0.0000000    
   147.11404      0.48391280       0.0000000       0.0000000    
   147.51428      0.48391280       0.0000000       0.0000000    
   148.04805      0.48391280       0.0000000       0.0000000    
   148.58199      0.48391280       0.0000000       0.0000000    
   149.11613      0.48391280       0.0000000       0.0000000    
   149.51691      0.48391280       0.0000000       0.0000000    
   150.05154      0.48391280       0.0000000       0.0000000    
   150.58652      0.48391280       0.0000000       0.0000000    
   151.12189      0.48391280       0.0000000       0.0000000    
   151.52371      0.48391280       0.0000000       0.0000000    
   152.05992      0.48391280       0.0000000       0.0000000    
   152.59669      0.48391280       0.0000000       0.0000000    
   153.13408      0.48391280       0.0000000       0.0000000    
   153.53720      0.48391280       0.0000000       0.0000000    
   154.07394      0.48391280       0.0000000       0.0000000    
   154.60988      0.48391280       0.0000000       0.0000000    
   155.01134      0.48391280       0.0000000       0.0000000    
   155.54599      0.48391280       0.0000000       0.0000000    
   156.08002      0.48391280       0.0000000       0.0000000    
   156.61346      0.48391280       0.0000000       0.0000000    
   157.01323      0.48391280       0.0000000       0.0000000    
   157.54585      0.48391280       0.0000000       0.0000000    
   158.07808      0.48391280       0.0000000       0.0000000    
   158.60999      0.48391280       0.0000000       0.0000000    
   159.00874      0.48391280       0.0000000       0.0000000    
   159.54021      0.48391280       0.0000000       0.0000000    
   160.07144      0.48391280       0.0000000       0.0000000    
   160.60249      0.48391280       0.0000000       0.0000000    
   161.00069      0.48391280       0.0000000       0.0000000    
   161.53151      0.48391280       0.0000000       0.0000000    
   162.06223      0.48391280       0.0000000       0.0000000    
   162.59283      0.48391280       0.0000000       0.0000000    
   163.12338      0.48391280       0.0000000       0.0000000    
   163.52127      0.48391280       0.0000000       0.0000000    
   164.05173      0.48391280       0.0000000       0.0000000    
   164.58218      0.48391280       0.0000000       0.0000000    
   165.11259      0.48391280       0.0000000       0.0000000    
   165.51041      0.48391280       0.0000000       0.0000000    
   166.04085      0.48391280       0.0000000       0.0000000    
   166.57130      0.48391280       0.0000000       0.0000000    
   167.10178      0.48391280       0.0000000       0.0000000    
   167.63229      0.48391280       0.0000000       0.0000000    
   168.03020      0.48391280       0.0000000       0.0000000    
   168.56079      0.48391280       0.0000000       0.0000000    
   169.09143      0.48391280       0.0000000       0.0000000    
   169.62213      0.48391280       0.0000000       0.0000000    
   170.02020      0.48391280       0.0000000       0.0000000    
   170.55101      0.48391280       0.0000000       0.0000000    
   171.08188      0.48391280       0.0000000       0.0000000    
   171.61281      0.48391280       0.0000000       0.0000000    
   172.01105      0.48391280       0.0000000       0.0000000    
   172.54208      0.48391280       0.0000000       0.0000000    
   173.07320      0.48391280       0.0000000       0.0000000    
   173.60439      0.48391280       0.0000000       0.0000000    
   174.00282      0.48391280       0.0000000       0.0000000    
   174.53413      0.48391280       0.0000000       0.0000000    
   175.06552      0.48391280       0.0000000       0.0000000    
   175.59698      0.48391280       0.0000000       0.0000000    
   176.12851      0.48391280       0.0000000       0.0000000    
   176.52718      0.48391280       0.0000000       0.0000000    
   177.05879      0.48391280       0.0000000       0.0000000    
   177.59047      0.48391280       0.0000000       0.0000000    
   178.12215      0.48391280       0.0000000       0.0000000    
   178.52090      0.48391280       0.0000000       0.0000000    
   179.05258      0.48391280       0.0000000       0.0000000    
   179.58426      0.48391280       0.0000000       0.0000000    
   180.11594      0.48391280       0.0000000       0.0000000    
   180.51469      0.48391280       0.0000000       0.0000000    
   181.04640      0.48391280       0.0000000       0.0000000    
   181.57811      0.48391280       0.0000000       0.0000000    
   182.10982      0.48391280       0.0000000       0.0000000    
   182.50858      0.48391280       0.0000000       0.0000000    
   183.04025      0.48391280       0.0000000       0.0000000    
   183.57190      0.48391280       0.0000000       0.0000000    
   184.10352      0.48391280       0.0000000       0.0000000    
   184.50218      0.48391280       0.0000000       0.0000000    
   185.03371      0.48391280       0.0000000       0.0000000    
   185.56517      0.48391280       0.0000000       0.0000000    
   186.09657      0.48391280       0.0000000       0.0000000    
   186.62791      0.48391280       0.0000000       0.0000000    
   187.02638      0.48391280       0.0000000       0.0000000    
   187.55762      0.48391280       0.0000000       0.0000000    
   188.08879      0.48391280       0.0000000       0.0000000    
   188.61992      0.48391280       0.0000000       0.0000000    
   189.01822      0.48391280       0.0000000       0.0000000    
   189.54924      0.48391280       0.0000000       0.0000000    
   190.08020      0.48391280       0.0000000       0.0000000    
   190.61111      0.48391280       0.0000000       0.0000000    
   191.00928      0.48391280       0.0000000       0.0000000    
   191.54012      0.48391280       0.0000000       0.0000000    
   192.07094      0.48391280       0.0000000       0.0000000    
   192.60172      0.48391280       0.0000000       0.0000000    
   193.13248      0.48391280       0.0000000       0.0000000    
   193.53055      0.48391280       0.0000000       0.0000000    
   194.06131      0.48391280       0.0000000       0.0000000    
   194.59210      0.48391280       0.0000000       0.0000000    
   195.12280      0.48391280       0.0000000       0.0000000    
   195.52074      0.48391280       0.0000000       0.0000000    
   196.05119      0.48391280       0.0000000       0.0000000    
   196.58153      0.48391280       0.0000000       0.0000000    
   197.11174      0.48391280       0.0000000       0.0000000    
   197.50932      0.48391280       0.0000000       0.0000000    
   198.03932      0.48391280       0.0000000       0.0000000    
   198.56921      0.48391280       0.0000000       0.0000000    
   199.09900      0.48391280       0.0000000       0.0000000    
   199.62869      0.48391280       0.0000000       0.0000000    
   200.02591      0.48391280       0.0000000       0.0000000    
   200.55545      0.48391280       0.0000000       0.0000000    
   201.08492      0.48391280       0.0000000       0.0000000    
   201.61430      0.48391280       0.0000000       0.0000000    
   202.01131      0.48391280       0.0000000       0.0000000    
   202.54060      0.48391280       0.0000000       0.0000000    
   203.06985      0.48391280       0.0000000       0.0000000    
   203.59909      0.48391280       0.0000000       0.0000000    
   204.12833      0.48391280       0.0000000       0.0000000    
   204.52525      0.48391280       0.0000000       0.0000000    
   205.05449      0.48391280       0.0000000       0.0000000    
   205.58379      0.48391280       0.0000000       0.0000000    
   206.11311      0.48391280       0.0000000       0.0000000    
   206.51016      0.48391280       0.0000000       0.0000000    
   207.03963      0.48391280       0.0000000       0.0000000    
   207.56920      0.48391280       0.0000000       0.0000000    
   208.09889      0.48391280       0.0000000       0.0000000    
   208.62868      0.48391280       0.0000000       0.0000000    
   209.02596      0.48391280       0.0000000       0.0000000    
   209.55559      0.48391280       0.0000000       0.0000000    
   210.08511      0.48391280       0.0000000       0.0000000    
   210.61453      0.48391280       0.0000000       0.0000000    
   211.01154      0.48391280       0.0000000       0.0000000    
   211.54077      0.48391280       0.0000000       0.0000000    
   212.06990      0.48391280       0.0000000       0.0000000    
   212.59892      0.48391280       0.0000000       0.0000000    
   213.12782      0.48391280       0.0000000       0.0000000    
   213.52441      0.48391280       0.0000000       0.0000000    
   214.05310      0.48391280       0.0000000       0.0000000    
   214.58170      0.48391280       0.0000000       0.0000000    
   215.11017      0.48391280       0.0000000       0.0000000    
   215.50645      0.48391280       0.0000000       0.0000000    
   216.03474      0.48391280       0.0000000       0.0000000    
   216.56294      0.48391280       0.0000000       0.0000000    
   217.09105      0.48391280       0.0000000       0.0000000    
   217.61909      0.48391280       0.0000000       0.0000000    
   218.01511      0.48391280       0.0000000       0.0000000    
   218.54306      0.48391280       0.0000000       0.0000000    
   219.07100      0.48391280       0.0000000       0.0000000    
   219.59889      0.48391280       0.0000000       0.0000000    
   220.12679      0.48391280       0.0000000       0.0000000    
   220.52271      0.48391280       0.0000000       0.0000000    
   221.05060      0.48391280       0.0000000       0.0000000    
   221.57854      0.48391280       0.0000000       0.0000000    
   222.10649      0.48391280       0.0000000       0.0000000    
   222.50247      0.48391280       0.0000000       0.0000000    
   223.03049      0.48391280       0.0000000       0.0000000    
   223.55856      0.48391280       0.0000000       0.0000000    
   224.08670      0.48391280       0.0000000       0.0000000    
   224.61491      0.48391280       0.0000000       0.0000000    
   225.01111      0.48391280       0.0000000       0.0000000    
   225.53946      0.48391280       0.0000000       0.0000000    
   226.06787      0.48391280       0.0000000       0.0000000    
   226.59639      0.48391280       0.0000000       0.0000000    
   227.12498      0.48391280       0.0000000       0.0000000    
   227.52150      0.48391280       0.0000000       0.0000000    
   228.05028      0.48391280       0.0000000       0.0000000    
   228.57915      0.48391280       0.0000000       0.0000000    
   229.10811      0.48656571     -9.31494832E-02  -1.1621138    
   229.50485      0.48955196     -0.45245537     -0.83676362    
   230.03389      0.49274015      -1.2605968     -0.27672270    
   230.56303      0.49311218      -1.6717305     -0.72085762    
   231.09224      0.49106878      -1.6975429     -0.90548694    
   231.62151      0.48800293      -1.5186974       2.7392626    
   232.01852      0.48556817      -1.3285280       2.8363733    
   232.54796      0.48348469       0.0000000       0.0000000    
   233.07748      0.48348472       0.0000000       0.0000000    
   233.60713      0.48348472       0.0000000       0.0000000    
   234.00444      0.48348472       0.0000000       0.0000000    
   234.53427      0.48348472       0.0000000       0.0000000    
   235.06422      0.48348472       0.0000000       0.0000000    
   235.59433      0.48348472       0.0000000       0.0000000    
   236.12462      0.48348472       0.0000000       0.0000000    
   236.52246      0.48348472       0.0000000       0.0000000    
   237.05313      0.48348472       0.0000000       0.0000000    
   237.58405      0.48348472       0.0000000       0.0000000    
   238.11520      0.48348472       0.0000000       0.0000000    
   238.51366      0.48348472       0.0000000       0.0000000    
   239.04498      0.48348472       0.0000000       0.0000000    
   239.57635      0.48348472       0.0000000       0.0000000    
   240.10777      0.48348472       0.0000000       0.0000000    
   240.50635      0.48348472       0.0000000       0.0000000    
   241.03778      0.48348472       0.0000000       0.0000000    
   241.56921      0.48348472       0.0000000       0.0000000    
   242.10065      0.48348472       0.0000000       0.0000000    
   242.63208      0.48348472       0.0000000       0.0000000    
   243.03062      0.48348472       0.0000000       0.0000000    
   243.56200      0.48348472       0.0000000       0.0000000    
   244.09337      0.48348472       0.0000000       0.0000000    
   244.62473      0.48348472       0.0000000       0.0000000    
   245.02321      0.48348472       0.0000000       0.0000000    
   245.55452      0.48348472       0.0000000       0.0000000    
   246.08580      0.48348472       0.0000000       0.0000000    
   246.61705      0.48348472       0.0000000       0.0000000    
   247.01549      0.48348472       0.0000000       0.0000000    
   247.54674      0.48348472       0.0000000       0.0000000    
   248.07799      0.48348472       0.0000000       0.0000000    
   248.60924      0.48876902       1.0538340      -2.9494803    
   249.00768      0.50982219       1.3895751      -4.9501805    
   249.53893      0.55174512       1.4444084      -7.0684619    
   250.07024      0.60166842       1.4392838      -4.9014587    
