  0.13234943      1.17728298E-08  6.78520840E-09 -2.48797250E-12
  0.52977455      1.13858691E-08  7.25158023E-09 -3.30522654E-12
   1.0596689      1.08303251E-08  7.79706699E-09 -5.63617729E-12
   1.5895488      1.02340216E-08  8.24943669E-09 -9.50409890E-12
   2.1194093      9.60271507E-09  8.60353921E-09 -1.49963045E-11
   2.5167909      9.10861253E-09  8.80227446E-09 -2.02032575E-11
   3.0466142      8.42489811E-09  8.97708752E-09 -2.85475584E-11
   3.5764179      7.72131425E-09  9.05387498E-09 -3.84631424E-11
   4.1062055      7.01915015E-09  9.04532449E-09 -4.94618790E-11
   4.5035372      6.51326371E-09  8.99034802E-09 -5.79457732E-11
   5.0333042      5.88733640E-09  8.85324880E-09 -6.85895507E-11
   5.5630655      5.30562350E-09  8.63346195E-09 -7.80893752E-11
   6.0928254      4.73362416E-09  8.30757063E-09 -8.75847103E-11
   6.6225853      4.13294643E-09  7.85270959E-09 -1.01557741E-10
   7.0199070      3.65588759E-09  7.42153272E-09 -1.18383095E-10
   7.5496740      3.00077274E-09  6.73455380E-09 -1.53258309E-10
   8.0794458      2.36484632E-09  5.94194116E-09 -2.04604306E-10
   8.6092234      1.79607496E-09  5.07325204E-09 -2.67479927E-10
   9.0065594      1.43030532E-09  4.38753167E-09 -3.16803084E-10
   9.5363464      1.02045816E-09  3.44036977E-09 -3.76637443E-10
   10.066137      6.76392664E-10  2.46371012E-09 -4.20450896E-10
   10.595934      3.69613784E-10  1.46934886E-09 -4.44659976E-10
   11.125734      9.31172986E-11  4.82383966E-10 -4.53292931E-10
   11.523088     -7.72341288E-11 -2.25879801E-10 -4.56039900E-10
   12.052895     -1.82528603E-10 -1.07239417E-09 -4.61869015E-10
   12.582705     -2.77020542E-11 -1.75035997E-09 -4.73667994E-10
   13.112516      4.16479573E-10 -2.24749286E-09 -4.86484630E-10
   13.509877      8.24638913E-10 -2.52696819E-09 -5.02522302E-10
   14.039695      1.53080881E-09 -2.83033064E-09 -5.15806842E-10
   14.569512      2.28684938E-09 -3.10679837E-09 -5.16858778E-10
   15.099333      2.98953662E-09 -3.41271589E-09 -5.19311538E-10
   15.629155      3.64632635E-09 -3.76975073E-09 -5.40312073E-10
   16.026524      4.10917389E-09 -4.06452338E-09 -5.76889481E-10
   16.556347      4.75033390E-09 -4.46226434E-09 -6.60659583E-10
   17.086174      5.49109602E-09 -4.82073315E-09 -7.77272080E-10
   17.616001      6.44063647E-09 -5.11032328E-09 -9.04762543E-10
   18.013372      7.31013117E-09 -5.27189670E-09 -9.92985472E-10
   18.543203      8.63591598E-09 -5.40785061E-09 -1.09225584E-09
   19.073034      1.01207522E-08 -5.48553425E-09 -1.16564014E-09
   19.602865      1.17035848E-08 -5.55515367E-09 -1.21508703E-09
   20.000238      1.29286351E-08 -5.62389424E-09 -1.24628907E-09
   20.530073      1.45753223E-08 -5.76124792E-09 -1.29313826E-09
   21.059908      1.62409073E-08 -5.95821437E-09 -1.36072531E-09
   21.589746      1.79754416E-08 -6.20672225E-09 -1.45949630E-09
   22.119585      1.98416785E-08 -6.48863896E-09 -1.59161095E-09
   22.516964      2.13539799E-08 -6.71658551E-09 -1.70845060E-09
   23.046803      2.35400304E-08 -7.04371939E-09 -1.88078619E-09
   23.576641      2.59274326E-08 -7.41480077E-09 -2.06547002E-09
   24.106483      2.85163750E-08 -7.85568233E-09 -2.26117147E-09
   24.503866      3.05896037E-08 -8.24556068E-09 -2.41881826E-09
   25.033709      3.35477139E-08 -8.85372931E-09 -2.65225397E-09
   25.563555      3.67684763E-08 -9.56333501E-09 -2.92007485E-09
   26.093401      4.03045846E-08 -1.03659339E-08 -3.22395244E-09
   26.623247      4.41989343E-08 -1.12563638E-08 -3.56100216E-09
   27.020632      4.73800306E-08 -1.19881260E-08 -3.83389365E-09
   27.550480      5.19934673E-08 -1.30699664E-08 -4.22478008E-09
   28.080330      5.70627492E-08 -1.43059271E-08 -4.65170924E-09
   28.610180      6.26294963E-08 -1.57295776E-08 -5.12374720E-09
   29.007568      6.71624463E-08 -1.69350329E-08 -5.51384804E-09
   29.537422      7.37382919E-08 -1.87378664E-08 -6.08973938E-09
   30.067276      8.09977010E-08 -2.07752713E-08 -6.73611167E-09
   30.597130      8.90370515E-08 -2.30639650E-08 -7.45816386E-09
   31.126984      9.79631452E-08 -2.56298360E-08 -8.26098656E-09
   31.524374      1.05305503E-07 -2.77573164E-08 -8.92021923E-09
   32.054230      1.16047502E-07 -3.08963024E-08 -9.88256588E-09
   32.584091      1.27983228E-07 -3.44191236E-08 -1.09505862E-08
   33.113953      1.41240832E-07 -3.83703238E-08 -1.21373374E-08
   33.511349      1.52138227E-07 -4.16421031E-08 -1.31145654E-08
   34.041210      1.68068851E-07 -4.64538630E-08 -1.45459476E-08
   34.571072      1.85767021E-07 -5.18273211E-08 -1.61373492E-08
   35.100933      2.05436393E-07 -5.78214916E-08 -1.79046253E-08
   35.630795      2.27304042E-07 -6.45053646E-08 -1.98683914E-08
   36.028191      2.45298480E-07 -7.00191976E-08 -2.14859526E-08
   36.558052      2.71641483E-07 -7.81118814E-08 -2.38610181E-08
   37.087914      3.00959726E-07 -8.71453523E-08 -2.65170961E-08
   37.617775      3.33604135E-07 -9.72333254E-08 -2.94913640E-08
   38.015179      3.60508039E-07 -1.05565874E-07 -3.19540163E-08
   38.545044      3.99962545E-07 -1.17805826E-07 -3.55781253E-08
   39.074909      4.43956992E-07 -1.31471751E-07 -3.96277464E-08
   39.604782      4.93028324E-07 -1.46726620E-07 -4.41449188E-08
   40.002190      5.33509137E-07 -1.59316954E-07 -4.78672142E-08
   40.532066      5.92890274E-07 -1.77794419E-07 -5.33178834E-08
   41.061943      6.59082332E-07 -1.98403512E-07 -5.93804828E-08
   41.591820      7.32847411E-07 -2.21386500E-07 -6.61240165E-08
   42.121696      8.15040380E-07 -2.47015151E-07 -7.36288399E-08
   42.519104      8.82789379E-07 -2.68153826E-07 -7.98119757E-08
   43.048981      9.82111260E-07 -2.99161968E-07 -8.88771652E-08
   43.578857      1.09278608E-06 -3.33733908E-07 -9.89838256E-08
   44.108734      1.21611833E-06 -3.72276190E-07 -1.10255243E-07
   44.506142      1.31779257E-06 -4.04058483E-07 -1.19553988E-07
   45.036018      1.46687364E-06 -4.50665766E-07 -1.33197744E-07
   45.565895      1.63302389E-06 -5.02610419E-07 -1.48415040E-07
   46.095772      1.81820519E-06 -5.60498165E-07 -1.65386211E-07
   46.625648      2.02460546E-06 -6.25004873E-07 -1.84310508E-07
   47.023060      2.19478625E-06 -6.78178708E-07 -1.99917110E-07
   47.552944      2.44434750E-06 -7.56132579E-07 -2.22803664E-07
   48.082829      2.72250713E-06 -8.42987788E-07 -2.48308027E-07
   48.612720      3.03252750E-06 -9.39751999E-07 -2.76722631E-07
   49.010139      3.28811711E-06 -1.01949672E-06 -3.00137657E-07
   49.540031      3.66285508E-06 -1.13636861E-06 -3.34450874E-07
   50.069923      4.08041797E-06 -1.26653481E-06 -3.72663692E-07
   50.599815      4.54565907E-06 -1.41149258E-06 -4.15217471E-07
   51.129707      5.06397828E-06 -1.57290913E-06 -4.62605158E-07
   51.527126      5.49114429E-06 -1.70588123E-06 -5.01645047E-07
   52.057018      6.11723272E-06 -1.90069193E-06 -5.58845386E-07
   52.586910      6.81463143E-06 -2.11758379E-06 -6.22534401E-07
   53.116802      7.59142267E-06 -2.35904554E-06 -6.93444747E-07
   53.514221      8.23149458E-06 -2.55791838E-06 -7.51854600E-07
   54.044113      9.16948920E-06 -2.84921953E-06 -8.37426342E-07
   54.574013      1.02141548E-05 -3.17346894E-06 -9.32703244E-07
   55.103912      1.13775804E-05 -3.53438145E-06 -1.03878983E-06
   55.501335      1.23361297E-05 -3.83160113E-06 -1.12618261E-06
   56.031239      1.37406914E-05 -4.26692759E-06 -1.25422184E-06
   56.561146      1.53048040E-05 -4.75147863E-06 -1.39678480E-06
   57.091053      1.70465501E-05 -5.29082536E-06 -1.55551083E-06
   57.620960      1.89860548E-05 -5.89116371E-06 -1.73222531E-06
   58.018391      2.05838387E-05 -6.38556139E-06 -1.87777550E-06
   58.548298      2.29248144E-05 -7.10968743E-06 -2.09097971E-06
   59.078205      2.55313553E-05 -7.91568527E-06 -2.32830894E-06
   59.608112      2.84334856E-05 -8.81280903E-06 -2.59248577E-06
   60.005543      3.08240233E-05 -9.55160522E-06 -2.81005146E-06
   60.535450      3.43260836E-05 -1.06336802E-05 -3.12872362E-06
   61.065357      3.82249782E-05 -1.18380976E-05 -3.48345179E-06
   61.595264      4.25655526E-05 -1.31786774E-05 -3.87831551E-06
   62.125168      4.73977598E-05 -1.46708080E-05 -4.31785747E-06
   62.522591      5.13777559E-05 -1.58995826E-05 -4.67985228E-06
   63.052483      5.72078061E-05 -1.76992580E-05 -5.21007860E-06
   63.582371      6.36978511E-05 -1.97023292E-05 -5.80028609E-06
   64.112244      7.09224405E-05 -2.19317481E-05 -6.45724413E-06
   64.509636      7.68725004E-05 -2.37676231E-05 -6.99827251E-06
   65.039474      8.55877006E-05 -2.64563496E-05 -7.79068887E-06
   65.569275      9.52885603E-05 -2.94487600E-05 -8.67267499E-06
   66.099030      1.06086125E-04 -3.27790513E-05 -9.65432082E-06
   66.628723      1.18103708E-04 -3.64852240E-05 -1.07468313E-05
   67.025932      1.27999374E-04 -3.95367279E-05 -1.16464071E-05
   67.555450      1.42490506E-04 -4.40049553E-05 -1.29636883E-05
   68.084801      1.58614799E-04 -4.89763333E-05 -1.44293663E-05
   68.613899      1.76552348E-04 -5.45063558E-05 -1.60598174E-05
   69.010536      1.91316125E-04 -5.90576456E-05 -1.74017423E-05
   69.539139      2.12926680E-04 -6.57192722E-05 -1.93659416E-05
   70.067490      2.36963300E-04 -7.31283144E-05 -2.15505625E-05
   70.595566      2.63696536E-04 -8.13681836E-05 -2.39802066E-05
   71.123398      2.93427933E-04 -9.05317720E-05 -2.66822863E-05
   71.519096      3.17893835E-04 -9.80721961E-05 -2.89057698E-05
   72.046478      3.53699870E-04 -1.09107248E-04 -3.21598091E-05
   72.573631      3.93516850E-04 -1.21378012E-04 -3.57782847E-05
   73.100563      4.37793526E-04 -1.35022594E-04 -3.98019511E-05
   73.627251      4.87025245E-04 -1.50193577E-04 -4.42758464E-05
   74.022125      5.27531491E-04 -1.62675293E-04 -4.79568007E-05
   74.548454      5.86803770E-04 -1.80938907E-04 -5.33429957E-05
   75.074585      6.52705552E-04 -2.01244140E-04 -5.93314653E-05
   75.600517      7.25976366E-04 -2.23818599E-04 -6.59894067E-05
   76.126266      8.07438220E-04 -2.48915021E-04 -7.33913912E-05
   76.520493      8.74458929E-04 -2.69561191E-04 -7.94810330E-05
   77.045998      9.72522073E-04 -2.99767853E-04 -8.83910034E-05
   77.571327      1.08153664E-03 -3.33344855E-04 -9.82955826E-05
   78.096527      1.20273314E-03 -3.70670285E-04 -1.09306508E-04
   78.621574      1.33745931E-03 -4.12157737E-04 -1.21545934E-04
   79.015312      1.44829578E-03 -4.46284830E-04 -1.31614521E-04
   79.540161      1.61044498E-03 -4.96205234E-04 -1.46343620E-04
   80.064880      1.79068558E-03 -5.51686622E-04 -1.62714859E-04
   80.589546      1.99106382E-03 -6.13356242E-04 -1.80913601E-04
   81.114098      2.21379101E-03 -6.81890990E-04 -2.01140123E-04
   81.507446      2.39698915E-03 -7.38252013E-04 -2.17775436E-04
   82.031914      2.66502332E-03 -8.20695772E-04 -2.42111855E-04
   82.556343      2.96297390E-03 -9.12318705E-04 -2.69161043E-04
   83.080704      3.29414429E-03 -1.01412833E-03 -2.99221865E-04
   83.605011      3.66223976E-03 -1.12725445E-03 -3.32629570E-04
   84.129288      4.07137489E-03 -1.25295017E-03 -3.69755668E-04
   84.522484      4.40789340E-03 -1.35630253E-03 -4.00287332E-04
   85.046745      4.90016071E-03 -1.50743476E-03 -4.44942707E-04
   85.571007      5.44730667E-03 -1.67533988E-03 -4.94565640E-04
   86.095299      6.05544634E-03 -1.86187029E-03 -5.49708202E-04
   86.619637      6.73137465E-03 -2.06908141E-03 -6.10983348E-04
   87.012924      7.28732068E-03 -2.23942241E-03 -6.61371276E-04
   87.537369      8.10055714E-03 -2.48845527E-03 -7.35061709E-04
   88.061897      9.00443271E-03 -2.76504876E-03 -8.16941436E-04
   88.586540      1.00090588E-02 -3.07223340E-03 -9.07917565E-04
   89.111305      1.11256531E-02 -3.41336383E-03 -1.00899651E-03
   89.504898      1.20438579E-02 -3.69365932E-03 -1.09208829E-03
   90.029755      1.33867506E-02 -4.10323218E-03 -1.21356617E-03
   90.554764      1.48791671E-02 -4.55790572E-03 -1.34850864E-03
   91.079956      1.65377855E-02 -5.06259827E-03 -1.49840384E-03
   91.605278      1.83807500E-02 -5.62263373E-03 -1.66486786E-03
   92.130737      2.04285011E-02 -6.24398049E-03 -1.84971141E-03
   92.524986      2.21124999E-02 -6.75424282E-03 -2.00161524E-03
   93.050819      2.45752148E-02 -7.49932136E-03 -2.22359458E-03
   93.576805      2.73110531E-02 -8.32542032E-03 -2.46998272E-03
   94.103027      3.03504877E-02 -9.24119353E-03 -2.74345814E-03
   94.629448      3.37265544E-02 -1.02559431E-02 -3.04692145E-03
   95.024406      3.65016051E-02 -1.10881422E-02 -3.29615432E-03
   95.551254      4.05583382E-02 -1.23016164E-02 -3.66021320E-03
   96.078323      4.50628698E-02 -1.36448033E-02 -4.06415341E-03
   96.605637      5.00641502E-02 -1.51307993E-02 -4.51232167E-03
   97.001274      5.41734174E-02 -1.63475722E-02 -4.88024252E-03
   97.529015      6.01774678E-02 -1.81187876E-02 -5.41716255E-03
   98.057014      6.68404847E-02 -2.00754069E-02 -6.01185998E-03
   98.585297      7.42330328E-02 -2.22360045E-02 -6.66960329E-03
   99.113861      8.24301392E-02 -2.46215165E-02 -7.39544909E-03
   99.510498      8.91547874E-02 -2.65729092E-02 -7.98757374E-03
   100.03961      9.89575237E-02 -2.94129476E-02 -8.84517003E-03
   100.56907      0.10979998     -3.25521156E-02 -9.78722796E-03
   101.09887      0.12178086     -3.60202119E-02 -1.08238999E-02
   101.62887      0.13500974     -3.98428030E-02 -1.19678946E-02
   102.02637      0.14582661     -4.29563336E-02 -1.29054403E-02
   102.55637      0.16156399     -4.74539101E-02 -1.42758684E-02
   103.08636      0.17894375     -5.23645207E-02 -1.57987066E-02
   103.61636      0.19814023     -5.77111989E-02 -1.74851902E-02
   104.01386      0.21383713     -6.20209947E-02 -1.88610554E-02
   104.54386      0.23663962     -6.81813210E-02 -2.08484251E-02
   105.07386      0.26175141     -7.48241842E-02 -2.30178535E-02
   105.60386      0.28936863     -8.19510520E-02 -2.53756996E-02
   106.00136      0.31184852     -8.76099691E-02 -2.72683054E-02
   106.53136      0.34434122     -9.55578759E-02 -2.99523734E-02
   107.06136      0.37984639     -0.10394086     -3.28073911E-02
   107.59136      0.41847655     -0.11272234     -3.58499959E-02
   108.12138      0.46047109     -0.12186681     -3.90949957E-02
   108.51888      0.49430150     -0.12893443     -4.16667014E-02
   109.04890      0.54266477     -0.13857843     -4.52845171E-02
   109.57893      0.59509015     -0.14839843     -4.91421670E-02
   110.10896      0.65191615     -0.15828827     -5.31346165E-02
   110.50648      0.69733518     -0.16565141     -5.61497584E-02
   111.03651      0.76142287     -0.17523599     -6.01301007E-02
   111.56654      0.82920820     -0.18437102     -6.40526786E-02
   112.09657      0.90056145     -0.19277811     -6.79143816E-02
   112.62660      0.97498018     -0.20009130     -7.16196895E-02
   113.02412       1.0322027     -0.20461449     -7.42786452E-02
   113.55415       1.1113479     -0.20893106     -7.75997043E-02
   114.08418       1.1933928     -0.21053368     -8.04167464E-02
   114.61421       1.2769027     -0.20934439     -8.25466514E-02
   115.01173       1.3401546     -0.20682499     -8.35123062E-02
   115.54176       1.4215045     -0.20216537     -8.39815959E-02
   116.07179       1.4976876     -0.19640869     -8.40658695E-02
   116.60182       1.5681667     -0.18881667     -8.40781108E-02
   117.13185       1.6327507     -0.17790508     -8.38971660E-02
   117.52937       1.6774683     -0.16672699     -8.32585692E-02
   118.05940       1.7332182     -0.14649348     -8.13604668E-02
   118.58943       1.7859576     -0.11856809     -7.77318254E-02
   119.11946       1.8363192     -8.18818808E-02 -7.19751641E-02
   119.51698       1.8718339     -4.86031510E-02 -6.62159473E-02
   120.04702       1.9136190      2.38992460E-03 -5.67743517E-02
   120.57706       1.9447452      5.87901659E-02 -4.60209809E-02
   121.10711       1.9618571      0.11801918     -3.46563496E-02
   121.50465       1.9643546      0.16282505     -2.58235186E-02
   122.03471       1.9527588      0.22138469     -1.37616433E-02
   122.56477       1.9234414      0.27696565     -1.62918761E-03
   123.09483       1.8764882      0.32878822      1.01448614E-02
   123.62489       1.8139019      0.37712446      2.08933484E-02
   124.02244       1.7589536      0.41174141      2.84503698E-02
   124.55250       1.6780418      0.45673811      3.81788388E-02
   125.08256       1.5906682      0.50104570      4.80512232E-02
   125.61262       1.4977199      0.54454869      5.80105782E-02
   126.01016       1.4242840      0.57616782      6.51883334E-02
   126.54022       1.3212270      0.61617762      7.37225190E-02
   127.07028       1.2133497      0.65303838      8.04239064E-02
   127.60034       1.1030226      0.68626326      8.50837901E-02
   128.13040      0.99264926      0.71543372      8.80302489E-02
   128.52797      0.91089296      0.73433030      8.93383101E-02
   129.05806      0.80415475      0.75461555      9.00131688E-02
   129.58815      0.69848514      0.76689458      8.94282907E-02
   130.11824      0.58966708      0.76780963      8.74386802E-02
   130.51581      0.50515085      0.75909042      8.51122513E-02
   131.04590      0.38735461      0.73429453      8.10879767E-02
   131.57599      0.26621458      0.69567835      7.64664635E-02
   132.10608      0.14516166      0.64634752      7.14027211E-02
   132.50365      5.72291240E-02  0.60468119      6.74401894E-02
   133.03374     -5.21951541E-02  0.54624969      6.19937107E-02
   133.56387     -0.14957435      0.48751742      5.63178770E-02
   134.09402     -0.23328373      0.43012333      5.01645841E-02
   134.62418     -0.30386156      0.37386945      4.33328226E-02
   135.02179     -0.34959292      0.33166116      3.77434939E-02
   135.55199     -0.40365532      0.27430111      2.98457593E-02
   136.08220     -0.45172447      0.21520376      2.18474176E-02
   136.61244     -0.49395317      0.15514633      1.43109569E-02
   137.01015     -0.52077234      0.11073853      9.30117443E-03
   137.54047     -0.54849219      5.45008853E-02  3.77186062E-03
   138.07083     -0.56330293      4.79438528E-03 -3.58281832E-04
   138.60126     -0.56391901     -3.65324765E-02 -3.17440298E-03
   139.13176     -0.55645424     -6.96026310E-02 -5.67313051E-03
   139.52971     -0.54208493     -8.96470696E-02 -6.97783753E-03
   140.06041     -0.51712924     -0.11012219     -8.26688856E-03
   140.59123     -0.48711526     -0.12579159     -8.93395580E-03
   141.12222     -0.45536235     -0.13886581     -9.20841563E-03
   141.52058     -0.43209386     -0.14818485     -9.23707895E-03
   142.05193     -0.40295354     -0.16084366     -9.34958272E-03
   142.58354     -0.37607858     -0.17406885     -9.95352026E-03
   143.11548     -0.35031801     -0.18734959     -1.12051480E-02
   143.51466     -0.33071935     -0.19661346     -1.25826970E-02
   144.04729     -0.30259866     -0.20692345     -1.48608219E-02
   144.58037     -0.27111092     -0.21356887     -1.71334594E-02
   145.11369     -0.23448819     -0.21519738     -1.86693501E-02
   145.51369     -0.20470540     -0.21310277     -1.90129876E-02
   146.04706     -0.16216770     -0.20558822     -1.83705818E-02
   146.58051     -0.11687736     -0.19275957     -1.64780486E-02
   147.11404     -6.98608756E-02 -0.17509897     -1.38242403E-02
   147.51428     -3.41317318E-02 -0.15926112     -1.17058223E-02
   148.04805      1.28552988E-02 -0.13601981     -8.99840333E-03
   148.58199      5.61727248E-02 -0.11256579     -6.90167118E-03
   149.11613      9.24743712E-02 -9.15325209E-02 -5.45001309E-03
   149.51691      0.11377689     -7.83811361E-02 -4.54324530E-03
   150.05154      0.13317624     -6.45399392E-02 -3.14226374E-03
   150.58652      0.14496776     -5.32834083E-02 -1.09488773E-03
   151.12189      0.15389159     -4.17148247E-02  1.68466428E-03
   151.52371      0.16179906     -3.09867151E-02  4.02041990E-03
   152.05992      0.17433767     -1.30879758E-02  7.09591433E-03
   152.59669      0.18924351      7.89935887E-03  9.97849740E-03
   153.13408      0.20197865      2.95062847E-02  1.25442911E-02
   153.53720      0.20766392      4.44083437E-02  1.42456917E-02
   154.07394      0.20842755      6.08634651E-02  1.61702298E-02
   154.60988      0.20221126      7.30338991E-02  1.74345113E-02
   155.01134      0.19442530      7.99219012E-02  1.78181883E-02
   155.54599      0.18365774      8.76427516E-02  1.77002847E-02
   156.08002      0.17452639      9.55179781E-02  1.71963330E-02
   156.61346      0.16813375      0.10410617      1.67370867E-02
   157.01323      0.16461474      0.11067523      1.67438500E-02
   157.54585      0.15884614      0.11890532      1.72766596E-02
   158.07808      0.15072794      0.12550633      1.81650072E-02
   158.60999      0.13976203      0.13004391      1.89585574E-02
   159.00874      0.12989777      0.13233048      1.92883518E-02
   159.54021      0.11675450      0.13441372      1.93688255E-02
   160.07144      0.10427900      0.13591637      1.92100015E-02
   160.60249      9.17049348E-02  0.13695867      1.90679189E-02
   161.00069      8.17838609E-02  0.13726042      1.90811753E-02
   161.53151      6.80308044E-02  0.13694657      1.92631874E-02
   162.06223      5.34633249E-02  0.13568848      1.96436811E-02
   162.59283      3.79636846E-02  0.13349432      2.02517007E-02
   163.12338      2.20809057E-02  0.13052177      2.09251549E-02
   163.52127      1.03553608E-02  0.12787396      2.14063618E-02
   164.05173     -4.82602185E-03  0.12381424      2.19827276E-02
   164.58218     -1.93544272E-02  0.11908121      2.24396605E-02
   165.11259     -3.31477076E-02  0.11358021      2.26375088E-02
   165.51041     -4.28754240E-02  0.10892504      2.24933028E-02
   166.04085     -5.47268130E-02  0.10207351      2.17526350E-02
   166.57130     -6.45687878E-02  9.45779607E-02  2.02468093E-02
   167.10178     -7.16523379E-02  8.65776241E-02  1.80256255E-02
   167.63229     -7.56625235E-02  7.82237425E-02  1.53540559E-02
   168.03020     -7.67000988E-02  7.18191490E-02  1.33028328E-02
   168.56079     -7.59229958E-02  6.32361770E-02  1.08739119E-02
   169.09143     -7.34122843E-02  5.48437387E-02  9.17179603E-03
   169.62213     -6.99817315E-02  4.69777957E-02  8.43768287E-03
   170.02020     -6.72545284E-02  4.16739359E-02  8.49470589E-03
   170.55101     -6.36818707E-02  3.56408581E-02  9.25964117E-03
   171.08188     -6.04480468E-02  3.08475774E-02  1.04054827E-02
   171.61281     -5.78462109E-02  2.71695983E-02  1.14454944E-02
   172.01105     -5.63577227E-02  2.49637999E-02  1.19462060E-02
   172.54208     -5.46586588E-02  2.24582590E-02  1.20989885E-02
   173.07320     -5.26020788E-02  2.01150216E-02  1.16588799E-02
   173.60439     -4.97768708E-02  1.78027935E-02  1.06920488E-02
   174.00282     -4.66074310E-02  1.61527600E-02  9.67918616E-03
   174.53413     -4.02309299E-02  1.43192345E-02  8.23153369E-03
   175.06552     -3.11934855E-02  1.32797379E-02  7.06928736E-03
   175.59698     -2.02805661E-02  1.29611157E-02  6.58591930E-03
   176.12851     -8.58927518E-03  1.33268638E-02  6.99111633E-03
   176.52718     -7.40615069E-05  1.40231904E-02  7.89397396E-03
   177.05879      9.92890075E-03  1.52667817E-02  9.72589292E-03
   177.59047      1.74983498E-02  1.66237466E-02  1.18721463E-02
   178.12215      2.26455070E-02  1.80389099E-02  1.38319591E-02
   178.52090      2.54203640E-02  1.91895757E-02  1.49475820E-02
   179.05258      2.85496172E-02  2.09743902E-02  1.58438254E-02
   179.58426      3.19548920E-02  2.31843181E-02  1.60408523E-02
   180.11594      3.64537872E-02  2.57745422E-02  1.56872831E-02
   180.51469      4.04321961E-02  2.78297905E-02  1.51902838E-02
   181.04640      4.63697128E-02  3.04822139E-02  1.43436072E-02
   181.57811      5.30993640E-02  3.27670947E-02  1.35442838E-02
   182.10982      6.03559352E-02  3.45124491E-02  1.30133666E-02
   182.50858      6.60171434E-02  3.54327932E-02  1.29572637E-02
   183.04025      7.36195594E-02  3.60559523E-02  1.35998260E-02
   183.57190      8.09041783E-02  3.58853899E-02  1.52938860E-02
   184.10352      8.68104100E-02  3.46697979E-02  1.77862514E-02
   184.50218      9.00613442E-02  3.28705832E-02  1.98567715E-02
   185.03371      9.27868634E-02  2.91211065E-02  2.24276818E-02
   185.56517      9.40296054E-02  2.37588119E-02  2.43158285E-02
   186.09657      9.48385894E-02  1.69032328E-02  2.52248384E-02
   186.62791      9.67019200E-02  8.82609654E-03  2.50292271E-02
   187.02638      9.97644514E-02  2.13809405E-03  2.41791829E-02
   187.55762      0.10699139     -7.50717707E-03  2.22658683E-02
   188.08879      0.11823209     -1.80457756E-02  1.97721124E-02
   188.61992      0.13343658     -2.96445694E-02  1.71164125E-02
   189.01822      0.14722899     -3.91514003E-02  1.52501073E-02
   189.54924      0.16840564     -5.29918820E-02  1.31379571E-02
   190.08020      0.19237319     -6.81772232E-02  1.15627805E-02
   190.61111      0.21902043     -8.46122503E-02  1.05021521E-02
   191.00928      0.24067746     -9.76614356E-02  9.94387362E-03
   191.54012      0.27163252     -0.11591719      9.38075967E-03
   192.07094      0.30486968     -0.13506037      9.01606213E-03
   192.60172      0.34015447     -0.15499389      8.92292522E-03
   193.13248      0.37771559     -0.17558603      9.04530007E-03
   193.53055      0.40770209     -0.19136949      9.26499814E-03
   194.06131      0.45041949     -0.21276742      9.83275939E-03
   194.59210      0.49629629     -0.23462673      1.08066881E-02
   195.12280      0.54499400     -0.25720963      1.20925801E-02
   195.52074      0.58309871     -0.27483341      1.31349582E-02
   196.05119      0.63589096     -0.29943794      1.44345667E-02
   196.58153      0.69132507     -0.32524902      1.54628456E-02
   197.11174      0.75051099     -0.35190636      1.62282996E-02
   197.50932      0.79803669     -0.37216693      1.67332776E-02
   198.03932      0.86605775     -0.39925939      1.74216609E-02
   198.56921      0.93920028     -0.42639503      1.82245355E-02
   199.09900       1.0166395     -0.45382023      1.91649701E-02
   199.62869       1.0970570     -0.48185939      2.01386511E-02
   200.02591       1.1586016     -0.50342721      2.08247975E-02
   200.55545       1.2416015     -0.53294373      2.16488000E-02
   201.08492       1.3249491     -0.56325531      2.23044623E-02
   201.61430       1.4076679     -0.59411412      2.27545463E-02
   202.01131       1.4686406     -0.61732221      2.28235424E-02
   202.54060       1.5480033     -0.64769375      2.22084783E-02
   203.06985       1.6250939     -0.67619342      2.09413804E-02
   203.59909       1.7001243     -0.70108700      1.94270816E-02
   204.12833       1.7738060     -0.72041351      1.78431515E-02
   204.52525       1.8285570     -0.73006725      1.69242043E-02
   205.05449       1.9007396     -0.73510337      1.62543114E-02
   205.58379       1.9722853     -0.72973943      1.63049810E-02
   206.11311       2.0418541     -0.71319985      1.71979368E-02
   206.51016       2.0916510     -0.69333696      1.84334405E-02
   207.03963       2.1532223     -0.65732372      2.06468068E-02
   207.56920       2.2072661     -0.61136883      2.32321918E-02
   208.09889       2.2518177     -0.55678868      2.63191368E-02
   208.62868       2.2852082     -0.49496156      2.99948975E-02
   209.02596       2.3021481     -0.44467917      3.30490954E-02
   209.55559       2.3131142     -0.37349072      3.70793045E-02
   210.08511       2.3102863     -0.29858112      4.04423811E-02
   210.61453       2.2945180     -0.22073737      4.17782292E-02
   211.01154       2.2759793     -0.16054592      4.16678190E-02
   211.54077       2.2439942     -7.79310018E-02  4.09337506E-02
   212.06990       2.2053568      7.68173253E-03  4.04308587E-02
   212.59892       2.1624203      9.65633988E-02  4.14138846E-02
   213.12782       2.1145611      0.18856755      4.40807641E-02
   213.52441       2.0754855      0.25951192      4.67401072E-02
   214.05310       2.0196130      0.35647327      5.06533161E-02
   214.58170       1.9612703      0.45578641      5.44994175E-02
   215.11017       1.9015870      0.55621320      5.83552644E-02
   215.50645       1.8559840      0.63073850      6.13873415E-02
   216.03474       1.7907330      0.72570133      6.56126142E-02
   216.56294       1.7151600      0.81149876      6.94293827E-02
   217.09105       1.6277258      0.88572001      7.14651570E-02
   217.61909       1.5330036      0.94908953      7.21184090E-02
   218.01511       1.4602796      0.99091208      7.24213868E-02
   218.54306       1.3648529       1.0412458      7.30771720E-02
   219.07100       1.2730540       1.0864217      7.46405497E-02
   219.59889       1.1830835       1.1252100      7.75512308E-02
   220.12679       1.0895989       1.1546974      8.12292472E-02
   220.52271       1.0135355       1.1688892      8.39641318E-02
   221.05060      0.90578461       1.1767492      8.74754116E-02
   221.57854      0.79206008       1.1708846      9.07020122E-02
   222.10649      0.67330945       1.1508801      9.35882777E-02
   222.50247      0.58124965       1.1264055      9.54310745E-02
   223.03049      0.45544171       1.0815654      9.71478894E-02
   223.55856      0.32762945       1.0245180      9.81591940E-02
   224.08670      0.20186687      0.95875156      9.88221839E-02
   224.61491      8.36445242E-02  0.88881993      9.95872766E-02
   225.01111      2.89303623E-03  0.83622241      0.10047672    
   225.53946     -9.33158994E-02  0.76778126      0.10216775    
   226.06787     -0.17819797      0.70138979      0.10458735    
   226.59639     -0.25613233      0.63549447      0.10766594    
   227.12498     -0.33290079      0.56777596      0.11073151    
   227.52150     -0.39129356      0.51512212      0.11249979    
   228.05028     -0.46939480      0.44321248      0.11379604    
   228.57915     -0.54401076      0.37211463      0.11425535    
   229.10811     -0.60981321      0.30613744      0.11431786    
   229.50485     -0.65057498      0.26263377      0.11427062    
   230.03389     -0.68796772      0.21551016      0.11465286    
   230.56303     -0.71379054      0.18141732      0.11533827    
   231.09224     -0.72313088      0.15788969      0.11677861    
   231.62151     -0.72482079      0.14349972      0.11870223    
   232.01852     -0.72380829      0.13688825      0.12015910    
   232.54796     -0.72167933      0.13115883      0.12225223    
   233.07748     -0.72137064      0.12730093      0.12393323    
   233.60713     -0.72246289      0.12346759      0.12479727    
   234.00444     -0.72357589      0.12052727      0.12489406    
   234.53427     -0.72426546      0.11692162      0.12455262    
   235.06422     -0.72230184      0.11414397      0.12394585    
   235.59433     -0.71747148      0.11248723      0.12318560    
   236.12462     -0.71070778      0.11191216      0.12223016    
   236.52246     -0.70509303      0.11216342      0.12132211    
   237.05313     -0.69721597      0.11353881      0.11973773    
   237.58405     -0.68832827      0.11640657      0.11734170    
   238.11520     -0.67654431      0.12111246      0.11373593    
   238.51366     -0.66496897      0.12602606      0.11034609    
   239.04498     -0.64493597      0.13443565      0.10512231    
   239.57635     -0.61959630      0.14460619      9.92916077E-02
   240.10777     -0.59250975      0.15388772      9.29630399E-02
   240.50635     -0.57610494      0.15796527      8.78112018E-02
   241.03778     -0.55775225      0.15936893      8.03841501E-02
   241.56921     -0.54248166      0.15630421      7.25445449E-02
   242.10065     -0.53023911      0.14978053      6.43813461E-02
   242.63208     -0.51973462      0.14087379      5.58940768E-02
   243.03062     -0.51278353      0.13314369      4.91933934E-02
   243.56200     -0.50450611      0.12235655      3.94716002E-02
   244.09337     -0.49655521      0.11236197      2.87117455E-02
   244.62473     -0.48809531      0.10412753      1.68101229E-02
   245.02321     -0.48089695      9.93323475E-02  6.96421787E-03
   245.55452     -0.47005367      9.46359783E-02 -7.52719585E-03
   246.08580     -0.45844224      9.14551541E-02 -2.34793536E-02
   246.61705     -0.44712299      8.95066559E-02 -4.04986218E-02
   247.01549     -0.43887639      8.87529105E-02 -5.35461083E-02
   247.54674     -0.42799294      8.84743780E-02 -7.07520992E-02
   248.07799     -0.41711867      8.90574306E-02 -8.70267525E-02
   248.60924     -0.40655839      9.06828269E-02 -0.10176690    
   249.00768     -0.39963558      9.25223678E-02 -0.11167158    
   249.53893     -0.39222616      9.57765803E-02 -0.12348036    
   250.07024     -0.38695389      0.10002320     -0.13407609    
