  0.13234943      1.31349918E-08  7.62727481E-09 -2.23037409E-12
  0.52977455      1.26093571E-08  8.14764789E-09 -3.16797500E-12
   1.0596689      1.18580132E-08  8.74758577E-09 -5.96622751E-12
   1.5895488      1.10496732E-08  9.22890830E-09 -1.06669474E-11
   2.1194093      1.01864970E-08  9.58709290E-09 -1.74432691E-11
   2.5167909      9.51680867E-09  9.78369386E-09 -2.39288728E-11
   3.0466142      8.63202843E-09  9.97624827E-09 -3.36665869E-11
   3.5764179      7.80318032E-09  1.01171933E-08 -4.22624331E-11
   4.1062055      7.02400893E-09  1.01759170E-08 -4.57999472E-11
   4.5035372      6.43645093E-09  1.01374145E-08 -4.39930765E-11
   5.0333042      5.60598190E-09  9.94811167E-09 -3.82371773E-11
   5.5630655      4.69730743E-09  9.56785762E-09 -3.45025154E-11
   6.0928254      3.74001852E-09  9.00577213E-09 -4.36468847E-11
   6.6225853      2.78334289E-09  8.28658919E-09 -7.54499033E-11
   7.0199070      2.09843054E-09  7.66401431E-09 -1.18672544E-10
   7.5496740      1.25859767E-09  6.74014622E-09 -2.01033870E-10
   8.0794458      5.11158671E-10  5.71702730E-09 -3.02319669E-10
   8.6092234     -1.56111124E-10  4.60069938E-09 -4.05310563E-10
   9.0065594     -6.14267082E-10  3.71056919E-09 -4.72039297E-10
   9.5363464     -1.16629884E-09  2.48200904E-09 -5.36186429E-10
   10.066137     -1.61696123E-09  1.26903432E-09 -5.65708036E-10
   10.595934     -1.89589544E-09  1.56994945E-10 -5.64914615E-10
   11.125734     -1.91954963E-09 -7.64274644E-10 -5.43722845E-10
   11.523088     -1.69231273E-09 -1.28644562E-09 -5.21543475E-10
   12.052895     -1.28232913E-09 -1.81198612E-09 -4.92727026E-10
   12.582705     -6.91072533E-10 -2.21575558E-09 -4.65344652E-10
   13.112516     -3.57683813E-11 -2.54967558E-09 -4.36686298E-10
   13.509877      4.39701553E-10 -2.80311196E-09 -4.12648804E-10
   14.039695      1.01880748E-09 -3.19323457E-09 -3.83605731E-10
   14.569512      1.52807278E-09 -3.65872643E-09 -3.77050169E-10
   15.099333      2.01905248E-09 -4.18360102E-09 -4.12660239E-10
   15.629155      2.56230637E-09 -4.72554795E-09 -4.98676433E-10
   16.026524      3.05612136E-09 -5.10496889E-09 -5.92217719E-10
   16.556347      3.88498655E-09 -5.53070389E-09 -7.44051154E-10
   17.086174      4.93725150E-09 -5.83707305E-09 -9.10875542E-10
   17.616001      6.19575813E-09 -6.01577588E-09 -1.06994757E-09
   18.013372      7.22870119E-09 -6.08904438E-09 -1.16684429E-09
   18.543203      8.67253114E-09 -6.15287554E-09 -1.25243105E-09
   19.073034      1.01295985E-08 -6.22150731E-09 -1.28595423E-09
   19.602865      1.15778880E-08 -6.33547126E-09 -1.28606437E-09
   20.000238      1.26495578E-08 -6.44963638E-09 -1.28153943E-09
   20.530073      1.41400420E-08 -6.63027766E-09 -1.29314737E-09
   21.059908      1.57334945E-08 -6.83403067E-09 -1.33767120E-09
   21.589746      1.74555268E-08 -7.06381087E-09 -1.42599477E-09
   22.119585      1.93083505E-08 -7.34119920E-09 -1.55563062E-09
   22.516964      2.07837854E-08 -7.59481011E-09 -1.67443126E-09
   23.046803      2.28625634E-08 -8.00840905E-09 -1.85278881E-09
   23.576641      2.50769592E-08 -8.51574189E-09 -2.04869210E-09
   24.106483      2.74531384E-08 -9.11422582E-09 -2.26513608E-09
   24.503866      2.93676941E-08 -9.61716573E-09 -2.44557818E-09
   25.033709      3.21413438E-08 -1.03529922E-08 -2.71477774E-09
   25.563555      3.52069591E-08 -1.11675380E-08 -3.01532310E-09
   26.093401      3.85915335E-08 -1.20832313E-08 -3.34194628E-09
   26.623247      4.23071320E-08 -1.31307338E-08 -3.69074593E-09
   27.020632      4.53139286E-08 -1.40194958E-08 -3.96766087E-09
   27.550480      4.96283867E-08 -1.53575872E-08 -4.36258052E-09
   28.080330      5.43258309E-08 -1.68802572E-08 -4.79556661E-09
   28.610180      5.94670766E-08 -1.85969533E-08 -5.27731459E-09
   29.007568      6.36631228E-08 -2.00203800E-08 -5.67584246E-09
   29.537422      6.97819686E-08 -2.21172805E-08 -6.26029184E-09
   30.067276      7.65753185E-08 -2.44704275E-08 -6.90780144E-09
   30.597130      8.41173389E-08 -2.71123248E-08 -7.62228058E-09
   31.126984      9.24787571E-08 -3.00793843E-08 -8.41187653E-09
   31.524374      9.93341800E-08 -3.25419833E-08 -9.06138986E-09
   32.054230      1.09331111E-07 -3.61757060E-08 -1.00171356E-08
   32.584091      1.20414924E-07 -4.02510985E-08 -1.10905809E-08
   33.113953      1.32724097E-07 -4.48188651E-08 -1.22960078E-08
   33.511349      1.42853438E-07 -4.86003877E-08 -1.32934730E-08
   34.041210      1.57686728E-07 -5.41634186E-08 -1.47560719E-08
   34.571072      1.74191257E-07 -6.03807138E-08 -1.63807137E-08
   35.100933      1.92543894E-07 -6.73237963E-08 -1.81827318E-08
   35.630795      2.12940122E-07 -7.50727764E-08 -2.01830961E-08
   36.028191      2.29712754E-07 -8.14665242E-08 -2.18294627E-08
   36.558052      2.54250409E-07 -9.08467683E-08 -2.42447271E-08
   37.087914      2.81544374E-07 -1.01305488E-07 -2.69439244E-08
   37.617775      3.11929227E-07 -1.12966724E-07 -2.99649869E-08
   38.015179      3.36970913E-07 -1.22586385E-07 -3.24658451E-08
   38.545044      3.73694064E-07 -1.36704529E-07 -3.61463961E-08
   39.074909      4.14640567E-07 -1.52461169E-07 -4.02613729E-08
   39.604782      4.60302374E-07 -1.70051820E-07 -4.48554687E-08
   40.002190      4.97967278E-07 -1.84576919E-07 -4.86441323E-08
   40.532066      5.53218854E-07 -2.05906019E-07 -5.41950449E-08
   41.061943      6.14816940E-07 -2.29709045E-07 -6.03708514E-08
   41.591820      6.83476856E-07 -2.56263434E-07 -6.72398244E-08
   42.121696      7.59993327E-07 -2.85878599E-07 -7.48819460E-08
   42.519104      8.23065989E-07 -3.10305609E-07 -8.11764664E-08
   43.048981      9.15528403E-07 -3.46136829E-07 -9.04039013E-08
   43.578857      1.01855107E-06 -3.86086640E-07 -1.00692759E-07
   44.108734      1.13334988E-06 -4.30627040E-07 -1.12171506E-07
   44.506142      1.22798929E-06 -4.67358632E-07 -1.21645229E-07
   45.036018      1.36676385E-06 -5.21230618E-07 -1.35550565E-07
   45.565895      1.52144355E-06 -5.81280403E-07 -1.51062011E-07
   46.095772      1.69385885E-06 -6.48208811E-07 -1.68360458E-07
   46.625648      1.88604770E-06 -7.22795448E-07 -1.87647800E-07
   47.023060      2.04451976E-06 -7.84280076E-07 -2.03553213E-07
   47.552944      2.27692090E-06 -8.74418959E-07 -2.26878953E-07
   48.082829      2.53596477E-06 -9.74854174E-07 -2.52875822E-07
   48.612720      2.82469318E-06 -1.08675920E-06 -2.81844024E-07
   49.010139      3.06274251E-06 -1.17899572E-06 -3.05719738E-07
   49.540031      3.41178793E-06 -1.31420381E-06 -3.40714962E-07
   50.069923      3.80075949E-06 -1.46483308E-06 -3.79696871E-07
   50.599815      4.23418896E-06 -1.63262393E-06 -4.23118081E-07
   51.129707      4.71711701E-06 -1.81950804E-06 -4.71480917E-07
   51.527126      5.11515009E-06 -1.97348118E-06 -5.11329233E-07
   52.057018      5.69858685E-06 -2.19907679E-06 -5.69718395E-07
   52.586910      6.34853268E-06 -2.45025194E-06 -6.34737376E-07
   53.116802      7.07253821E-06 -2.72987927E-06 -7.07135769E-07
   53.514221      7.66915946E-06 -2.96018356E-06 -7.66775997E-07
   54.044113      8.54354221E-06 -3.29752379E-06 -8.54151267E-07
   54.574013      9.51742186E-06 -3.67302641E-06 -9.51429513E-07
   55.103912      1.06020643E-05 -4.09100039E-06 -1.05973231E-06
   55.501335      1.14957311E-05 -4.43521822E-06 -1.14894260E-06
   56.031239      1.28052598E-05 -4.93938887E-06 -1.27964086E-06
   56.561146      1.42635918E-05 -5.50056984E-06 -1.42516672E-06
   57.091053      1.58875955E-05 -6.12520944E-06 -1.58719899E-06
   57.620960      1.76960457E-05 -6.82048722E-06 -1.76759727E-06
   58.018391      1.91858962E-05 -7.39307916E-06 -1.91618096E-06
   58.548298      2.13687599E-05 -8.23176379E-06 -2.13382600E-06
   59.078205      2.37993008E-05 -9.16532463E-06 -2.37609675E-06
   59.608112      2.65055332E-05 -1.02044996E-05 -2.64577898E-06
   60.005543      2.87347448E-05 -1.10603214E-05 -2.86788486E-06
   60.535450      3.20005274E-05 -1.23138580E-05 -3.19322203E-06
   61.065357      3.56364326E-05 -1.37091774E-05 -3.55538077E-06
   61.595264      3.96843134E-05 -1.52622979E-05 -3.95853840E-06
   62.125168      4.41907432E-05 -1.69910400E-05 -4.40732856E-06
   62.522591      4.79024748E-05 -1.84146993E-05 -4.77695585E-06
   63.052483      5.33396451E-05 -2.04998487E-05 -5.31837350E-06
   63.582371      5.93924342E-05 -2.28206954E-05 -5.92104789E-06
   64.112244      6.61303784E-05 -2.54038350E-05 -6.59188936E-06
   64.509636      7.16797003E-05 -2.75310013E-05 -7.14435373E-06
   65.039474      7.98080364E-05 -3.06463335E-05 -7.95351571E-06
   65.569275      8.88557406E-05 -3.41135383E-05 -8.85413829E-06
   66.099030      9.89263790E-05 -3.79722187E-05 -9.85651423E-06
   66.628723      1.10134955E-04 -4.22664052E-05 -1.09720831E-05
   67.025932      1.19364493E-04 -4.58020440E-05 -1.18906319E-05
   67.555450      1.32880174E-04 -5.09791535E-05 -1.32356890E-05
   68.084801      1.47919127E-04 -5.67392308E-05 -1.47322735E-05
   68.613899      1.64649333E-04 -6.31465809E-05 -1.63970963E-05
   69.010536      1.78419417E-04 -6.84199331E-05 -1.77672937E-05
   69.539139      1.98575450E-04 -7.61384435E-05 -1.97728586E-05
   70.067490      2.20994218E-04 -8.47229967E-05 -2.20035145E-05
   70.595566      2.45928153E-04 -9.42702463E-05 -2.44843613E-05
   71.123398      2.73658487E-04 -1.04887891E-04 -2.72433826E-05
   71.519096      2.96477810E-04 -1.13624876E-04 -2.95137525E-05
   72.046478      3.29874078E-04 -1.26411207E-04 -3.28364222E-05
   72.573631      3.67011467E-04 -1.40629534E-04 -3.65312517E-05
   73.100563      4.08308668E-04 -1.56439943E-04 -4.06399158E-05
   73.627251      4.54227644E-04 -1.74019282E-04 -4.52083696E-05
   74.022125      4.92008519E-04 -1.88482663E-04 -4.89671729E-05
   74.548454      5.47293224E-04 -2.09646212E-04 -5.44673603E-05
   75.074585      6.08761737E-04 -2.33176048E-04 -6.05826644E-05
   75.600517      6.77104399E-04 -2.59335968E-04 -6.73817849E-05
   76.126266      7.53088156E-04 -2.88419047E-04 -7.49409446E-05
   76.520493      8.15602485E-04 -3.12345423E-04 -8.11600185E-05
   77.045998      9.07073088E-04 -3.47352179E-04 -9.02595493E-05
   77.571327      1.00876042E-03 -3.86265921E-04 -1.00375109E-04
   78.096527      1.12181285E-03 -4.29525273E-04 -1.11620830E-04
   78.621574      1.24748820E-03 -4.77610040E-04 -1.24121812E-04
   79.015312      1.35088083E-03 -5.17165405E-04 -1.34405840E-04
   79.540161      1.50214275E-03 -5.75028302E-04 -1.49450629E-04
   80.064880      1.67028583E-03 -6.39340258E-04 -1.66173661E-04
   80.589546      1.85722031E-03 -7.10828928E-04 -1.84764533E-04
   81.114098      2.06501083E-03 -7.90280639E-04 -2.05428078E-04
   81.507446      2.23592855E-03 -8.55622930E-04 -2.22423550E-04
   82.031914      2.48600310E-03 -9.51210386E-04 -2.47288321E-04
   82.556343      2.76400149E-03 -1.05744833E-03 -2.74926861E-04
   83.080704      3.07300873E-03 -1.17550744E-03 -3.05645168E-04
   83.605011      3.41648702E-03 -1.30670168E-03 -3.39786377E-04
   84.129288      3.79828084E-03 -1.45248766E-03 -3.77731543E-04
   84.522484      4.11232654E-03 -1.57237041E-03 -4.08939901E-04
   85.046745      4.57174750E-03 -1.74769317E-03 -4.54588822E-04
   85.571007      5.08242054E-03 -1.94249861E-03 -5.05322474E-04
   86.095299      5.65006677E-03 -2.15894356E-03 -5.61707071E-04
   86.619637      6.28104154E-03 -2.39942176E-03 -6.24370878E-04
   87.012924      6.80005550E-03 -2.59713968E-03 -6.75906776E-04
   87.537369      7.55933346E-03 -2.88624316E-03 -7.51285988E-04
   88.061897      8.40333011E-03 -3.20740649E-03 -8.35058163E-04
   88.586540      9.34151001E-03 -3.56416684E-03 -9.28157649E-04
   89.111305      1.03843920E-02 -3.96044459E-03 -1.03162217E-03
   89.504898      1.12420889E-02 -4.28612344E-03 -1.11669465E-03
   90.029755      1.24966539E-02 -4.76212520E-03 -1.24110002E-03
   90.554764      1.38911474E-02 -5.29070385E-03 -1.37933751E-03
   91.079956      1.54412175E-02 -5.87762985E-03 -1.53294217E-03
   91.605278      1.71639267E-02 -6.52916357E-03 -1.70358433E-03
   92.130737      1.90784857E-02 -7.25232251E-03 -1.89314666E-03
   92.524986      2.06532143E-02 -7.84640294E-03 -2.04899814E-03
   93.050819      2.29566023E-02 -8.71421769E-03 -2.27685855E-03
   93.576805      2.55161636E-02 -9.67693143E-03 -2.52990006E-03
   94.103027      2.83606090E-02 -1.07448129E-02 -2.81090010E-03
   94.629448      3.15211415E-02 -1.19289327E-02 -3.12290783E-03
   95.024406      3.41199189E-02 -1.29006729E-02 -3.37933004E-03
   95.551254      3.79204229E-02 -1.43186506E-02 -3.75420926E-03
   96.078323      4.21424955E-02 -1.58896782E-02 -4.17059660E-03
   96.605637      4.68325913E-02 -1.76295936E-02 -4.63312818E-03
   97.001274      5.06880134E-02 -1.90556888E-02 -5.01337228E-03
   97.529015      5.63247949E-02 -2.11337041E-02 -5.56898769E-03
   98.057014      6.25847876E-02 -2.34323405E-02 -6.18388224E-03
   98.585297      6.95325807E-02 -2.59754509E-02 -6.86016679E-03
   99.113861      7.72340670E-02 -2.87909526E-02 -7.59865344E-03
   99.510498      8.35470632E-02 -3.11006904E-02 -8.19468964E-03
   100.03961      9.27422941E-02 -3.44716422E-02 -9.05124471E-03
   100.56907      0.10290994     -3.82062756E-02 -9.99136269E-03
   101.09887      0.11415738     -4.23370190E-02 -1.10349776E-02
   101.62887      0.12660871     -4.68923412E-02 -1.22043043E-02
   102.02637      0.13681705     -5.06043285E-02 -1.31745143E-02
   102.55637      0.15170279     -5.59744500E-02 -1.46018229E-02
   103.08636      0.16818288     -6.18614256E-02 -1.61907617E-02
   103.61636      0.18641731     -6.83012977E-02 -1.79547984E-02
   104.01386      0.20135003     -7.35103488E-02 -1.94048788E-02
   104.54386      0.22309798     -8.09763744E-02 -2.15276629E-02
   105.07386      0.24714807     -8.90445113E-02 -2.38848347E-02
   105.60386      0.27373517     -9.77231488E-02 -2.64812708E-02
   106.00136      0.29547417     -0.10462855     -2.85779312E-02
   106.53136      0.32701933     -0.11436370     -3.15544233E-02
   107.06136      0.36166322     -0.12471567     -3.47250365E-02
   107.59136      0.39960715     -0.13570291     -3.80871147E-02
   108.12138      0.44104889     -0.14729744     -4.16534655E-02
   108.51888      0.47454801     -0.15635736     -4.44676578E-02
   109.04890      0.52258575     -0.16886258     -4.83866334E-02
   109.57893      0.57457519     -0.18178281     -5.24333790E-02
   110.10896      0.63052082     -0.19501960     -5.65475300E-02
   110.50648      0.67511630     -0.20509480     -5.96839190E-02
   111.03651      0.73820537     -0.21857737     -6.40148520E-02
   111.56654      0.80562806     -0.23180124     -6.86791688E-02
   112.09657      0.87804949     -0.24420208     -7.37299398E-02
   112.62660      0.95569354     -0.25483152     -7.88387880E-02
   113.02412       1.0168284     -0.26128823     -8.24058205E-02
   113.55415       1.1015483     -0.26808175     -8.65084156E-02
   114.08418       1.1879466     -0.27406836     -8.95474479E-02
   114.61421       1.2731491     -0.28122121     -9.19722617E-02
   115.01173       1.3358984     -0.28742731     -9.42504182E-02
   115.54176       1.4158750     -0.29547885     -9.83625874E-02
   116.07179       1.4924164     -0.30149448     -0.10337801    
   116.60182       1.5667511     -0.30298674     -0.10888800    
   117.13185       1.6428374     -0.29648387     -0.11268651    
   117.52937       1.7019796     -0.28408930     -0.11317092    
   118.05940       1.7823360     -0.25587070     -0.11000353    
   118.58943       1.8624542     -0.21455067     -0.10278729    
   119.11946       1.9362859     -0.16287987     -9.26278532E-02
   119.51698       1.9839133     -0.11930646     -8.38651061E-02
   120.04702       2.0356102     -5.60969561E-02 -7.12801218E-02
   120.57706       2.0722890      1.13892891E-02 -5.72396033E-02
   121.10711       2.0906568      8.02491233E-02 -4.16272543E-02
   121.50465       2.0904348      0.13096301     -2.94392202E-02
   122.03471       2.0708468      0.19589227     -1.39209647E-02
   122.56477       2.0318966      0.25803402     -3.79220874E-04
   123.09483       1.9790629      0.31960231      1.14555005E-02
   123.62489       1.9170638      0.38265660      2.32532620E-02
   124.02244       1.8652679      0.43139178      3.31757963E-02
   124.55250       1.7881175      0.49765959      4.80041504E-02
   125.08256       1.7004665      0.56401277      6.34905249E-02
   125.61262       1.6020144      0.62909096      7.82664865E-02
   126.01016       1.5220616      0.67661047      8.80959481E-02
   126.54022       1.4096632      0.73783582      9.93646532E-02
   127.07028       1.2926347      0.79578561      0.10893103    
   127.60034       1.1725252      0.84929359      0.11691745    
   128.13040       1.0509967      0.89678335      0.12310947    
   128.52797      0.95858198      0.92661905      0.12589914    
   129.05806      0.82823884      0.95197988      0.12632029    
   129.58815      0.68887764      0.95745909      0.12356006    
   130.11824      0.54297096      0.94114900      0.11852683    
   130.51581      0.43136516      0.91635090      0.11388053    
   131.04590      0.28383574      0.87034458      0.10727577    
   131.57599      0.14361247      0.81484842      0.10086067    
   132.10608      1.55342184E-02  0.75498652      9.49254259E-02
   132.50365     -7.13112056E-02  0.70917374      9.06561688E-02
   133.03374     -0.17486292      0.64754206      8.45902190E-02
   133.56387     -0.26658919      0.58380365      7.71641806E-02
   134.09402     -0.35015088      0.51550835      6.75185025E-02
   134.62418     -0.42780557      0.44137597      5.60410023E-02
   135.02179     -0.48178554      0.38289857      4.68105450E-02
   135.55199     -0.54520690      0.30403528      3.44969593E-02
   136.08220     -0.59520239      0.22805366      2.31352672E-02
   136.61244     -0.62911361      0.15887919      1.38057545E-02
   137.01015     -0.64351928      0.11302055      8.40426795E-03
   137.54047     -0.64914215      6.11714125E-02  2.92089372E-03
   138.07083     -0.64144385      1.81814246E-02 -1.24547351E-03
   138.60126     -0.62319219     -1.59189180E-02 -4.30313032E-03
   139.13176     -0.59784168     -4.33013216E-02 -6.31421804E-03
   139.52971     -0.57610399     -6.10621348E-02 -7.37402216E-03
   140.06041     -0.54583442     -8.32284689E-02 -8.42614379E-03
   140.59123     -0.51599753     -0.10520732     -9.02150758E-03
   141.12222     -0.48786747     -0.12789693     -9.56054125E-03
   141.52058     -0.46794128     -0.14538997     -1.02510080E-02
   142.05193     -0.44149423     -0.16834635     -1.16292182E-02
   142.58354     -0.41390020     -0.18957175     -1.37845650E-02
   143.11548     -0.38358334     -0.20744625     -1.69247352E-02
   143.51466     -0.35786328     -0.21742956     -1.96137149E-02
   144.04729     -0.31835529     -0.22470075     -2.28532627E-02
   144.58037     -0.27315843     -0.22491661     -2.48411894E-02
   145.11369     -0.22394139     -0.21744117     -2.52979081E-02
   145.51369     -0.18349928     -0.20631966     -2.40919217E-02
   146.04706     -0.12598503     -0.18504125     -2.04917863E-02
   146.58051     -6.78287223E-02 -0.15879714     -1.58926398E-02
   147.11404     -1.33673511E-02 -0.13155955     -1.17341792E-02
   147.51428      2.23565958E-02 -0.11315539     -9.69240163E-03
   148.04805      6.04715012E-02 -9.37320292E-02 -8.81419424E-03
   148.58199      8.84653851E-02 -8.10209513E-02 -8.96004215E-03
   149.11613      0.10992862     -7.16754049E-02 -8.74337554E-03
   149.51691      0.12436394     -6.43417686E-02 -7.87638407E-03
   150.05154      0.14625680     -5.07060736E-02 -5.36218239E-03
   150.58652      0.17118600     -3.01882755E-02 -1.25859957E-03
   151.12189      0.19750881     -4.48144786E-03  3.87113634E-03
   151.52371      0.21485139      1.64503492E-02  7.93326925E-03
   152.05992      0.23145714      4.32201549E-02  1.29738953E-02
   152.59669      0.23884523      6.64900243E-02  1.73323359E-02
   153.13408      0.23795347      8.52290392E-02  2.06596814E-02
   153.53720      0.23335053      9.67592597E-02  2.25543641E-02
   154.07394      0.22500609      0.11013833      2.43408084E-02
   154.60988      0.21631047      0.12285479      2.50503384E-02
   155.01134      0.21061800      0.13252352      2.48568207E-02
   155.54599      0.20416859      0.14541706      2.39943806E-02
   156.08002      0.19721308      0.15720502      2.32173949E-02
   156.61346      0.18839699      0.16707149      2.30623540E-02
   157.01323      0.18036553      0.17305762      2.34191045E-02
   157.54585      0.16842562      0.17952773      2.40920931E-02
   158.07808      0.15599380      0.18490973      2.46788301E-02
   158.60999      0.14343023      0.18984172      2.51561217E-02
   159.00874      0.13404077      0.19323573      2.53135283E-02
   159.54021      0.12052408      0.19682336      2.53078900E-02
   160.07144      0.10561010      0.19882615      2.51786727E-02
   160.60249      9.04759839E-02  0.19938523      2.50347238E-02
   161.00069      7.88921192E-02  0.19916061      2.50779204E-02
   161.53151      6.28960133E-02  0.19831178      2.54194774E-02
   162.06223      4.68172207E-02  0.19695136      2.60702446E-02
   162.59283      3.07382569E-02  0.19512215      2.71032955E-02
   163.12338      1.46539873E-02  0.19272740      2.83685308E-02
   163.52127      2.50903750E-03  0.19048588      2.93814391E-02
   164.05173     -1.37671158E-02  0.18689580      3.07199359E-02
   164.58218     -3.00910138E-02  0.18259455      3.18620242E-02
   165.11259     -4.60319594E-02  0.17748484      3.25518101E-02
   165.51041     -5.70288002E-02  0.17305492      3.25176232E-02
   166.04085     -7.00750574E-02  0.16628452      3.16090062E-02
   166.57130     -8.12071860E-02  0.15841287      2.95825526E-02
   167.10178     -8.96549895E-02  0.14932123      2.64486168E-02
   167.63229     -9.50608328E-02  0.13916513      2.25222632E-02
   168.03020     -9.69517604E-02  0.13097620      1.93514619E-02
   168.56079     -9.65595394E-02  0.11970855      1.53204445E-02
   169.09143     -9.29624960E-02  0.10873893      1.20662823E-02
   169.62213     -8.72724652E-02  9.85204577E-02  9.90149938E-03
   170.02020     -8.21825713E-02  9.16894823E-02  8.97781178E-03
   170.55101     -7.54957944E-02  8.38602781E-02  8.36820994E-03
   171.08188     -6.97543696E-02  7.74956793E-02  8.32698494E-03
   171.61281     -6.54275641E-02  7.24036396E-02  9.21264943E-03
   172.01105     -6.30672276E-02  6.93462715E-02  1.03465468E-02
   172.54208     -6.08510673E-02  6.60844743E-02  1.19090341E-02
   173.07320     -5.82372248E-02  6.40701577E-02  1.26790777E-02
   173.60439     -5.37923910E-02  6.33285493E-02  1.22609586E-02
   174.00282     -4.93428260E-02  6.32770583E-02  1.12758502E-02
   174.53413     -4.06768098E-02  6.40176162E-02  9.73853655E-03
   175.06552     -2.97508407E-02  6.56195283E-02  8.80379509E-03
   175.59698     -1.78838335E-02  6.72639161E-02  8.87184031E-03
   176.12851     -6.55826135E-03  6.83899224E-02  9.78100672E-03
   176.52718      1.35358155E-03  6.90750927E-02  1.09853316E-02
   177.05879      1.07562067E-02  7.00547993E-02  1.30933169E-02
   177.59047      1.87333077E-02  7.14009926E-02  1.53520433E-02
   178.12215      2.53267903E-02  7.34617487E-02  1.73036270E-02
   178.52090      2.95821782E-02  7.54540861E-02  1.83682963E-02
   179.05258      3.44682783E-02  7.85573050E-02  1.89734884E-02
   179.58426      3.86196785E-02  8.18339661E-02  1.87081359E-02
   180.11594      4.23115119E-02  8.47634301E-02  1.74558498E-02
   180.51469      4.53749374E-02  8.69333297E-02  1.60064362E-02
   181.04640      5.03957570E-02  8.99597257E-02  1.39980596E-02
   181.57811      5.64791262E-02  9.31300819E-02  1.24698766E-02
   182.10982      6.35854676E-02  9.63814408E-02  1.21128382E-02
   182.50858      6.92607611E-02  9.87194479E-02  1.27695743E-02
   183.04025      7.63904750E-02  0.10134987      1.51421819E-02
   183.57190      8.13784078E-02  0.10287150      1.87958051E-02
   184.10352      8.38249549E-02  0.10288459      2.29004323E-02
   184.50218      8.42746496E-02  0.10188986      2.58275010E-02
   185.03371      8.35752115E-02  9.93321165E-02  2.90858969E-02
   185.56517      8.22056979E-02  9.55395773E-02  3.13612260E-02
   186.09657      8.10562521E-02  9.04062018E-02  3.25564183E-02
   186.62791      8.15469697E-02  8.38257074E-02  3.25135924E-02
   187.02638      8.36279392E-02  7.78937787E-02  3.17217484E-02
   187.55762      8.87138247E-02  6.84370920E-02  2.94926204E-02
   188.08879      9.68978554E-02  5.72882444E-02  2.62480080E-02
   188.61992      0.10870148      4.44398038E-02  2.25587338E-02
   189.01822      0.12001237      3.36971506E-02  1.98577605E-02
   189.54924      0.13831960      1.80462375E-02  1.66505594E-02
   190.08020      0.16003299      8.59733671E-04  1.40112154E-02
   190.61111      0.18412864     -1.79525465E-02  1.20440694E-02
   191.00928      0.20382124     -3.28664333E-02  1.07820574E-02
   191.54012      0.23261221     -5.34156784E-02  9.20719374E-03
   192.07094      0.26447785     -7.43733793E-02  7.93689489E-03
   192.60172      0.29996753     -9.50736701E-02  7.27078551E-03
   193.13248      0.33913457     -0.11517677      7.62585830E-03
   193.53055      0.37035453     -0.13010263      8.63180682E-03
   194.06131      0.41348872     -0.15024681      1.06922314E-02
   194.59210      0.45762676     -0.17119688      1.29996100E-02
   195.12280      0.50310957     -0.19303182      1.51444683E-02
   195.52074      0.53902280     -0.20956036      1.65600087E-02
   196.05119      0.59028971     -0.23137081      1.82943270E-02
   196.58153      0.64609307     -0.25292647      2.02483870E-02
   197.11174      0.70669085     -0.27434838      2.24029738E-02
   197.50932      0.75508296     -0.29080003      2.38919761E-02
   198.03932      0.82279944     -0.31402349      2.55827606E-02
   198.56921      0.89363790     -0.33916828      2.70188767E-02
   199.09900      0.96754372     -0.36647683      2.85107885E-02
   199.62869       1.0440929     -0.39629963      3.03460471E-02
   200.02591       1.1026496     -0.42068785      3.18348445E-02
   200.55545       1.1811225     -0.45652413      3.34425755E-02
   201.08492       1.2589520     -0.49647850      3.38745154E-02
   201.61430       1.3362092     -0.53986228      3.23792361E-02
   202.01131       1.3945019     -0.57350659      3.00126635E-02
   202.54060       1.4738909     -0.61755401      2.61831842E-02
   203.06985       1.5565844     -0.65794456      2.21359432E-02
   203.59909       1.6434282     -0.69172817      1.85588449E-02
   204.12833       1.7343708     -0.71636593      1.64638087E-02
   204.52525       1.8044299     -0.72769988      1.60183311E-02
   205.05449       1.9002475     -0.73223561      1.68020241E-02
   205.58379       1.9963903     -0.72477251      1.91240646E-02
   206.11311       2.0891190     -0.70625663      2.18634065E-02
   206.51016       2.1547275     -0.68551213      2.39426307E-02
   207.03963       2.2354946     -0.64908481      2.72496957E-02
   207.56920       2.3072183     -0.60298169      3.21014971E-02
   208.09889       2.3677666     -0.54819816      3.84622253E-02
   208.62868       2.4135542     -0.48700696      4.50872481E-02
   209.02596       2.4365325     -0.43841487      4.90642413E-02
   209.55559       2.4518943     -0.37116617      5.18418625E-02
   210.08511       2.4526675     -0.30082864      5.10999635E-02
   210.61453       2.4433682     -0.22572201      4.87816855E-02
   211.01154       2.4318767     -0.16519630      4.70299907E-02
   211.54077       2.4120312     -7.80152977E-02  4.61340807E-02
   212.06990       2.3864739      1.65113956E-02  4.76586446E-02
   212.59892       2.3535771      0.11808253      5.06321304E-02
   213.12782       2.3138566      0.22665247      5.36329523E-02
   213.52441       2.2820044      0.31263322      5.62413037E-02
   214.05310       2.2360787      0.43270323      6.11155927E-02
   214.58170       2.1840718      0.55632514      6.78346455E-02
   215.11017       2.1207409      0.67737657      7.58352727E-02
   215.50645       2.0617716      0.76209962      8.13725740E-02
   216.03474       1.9674584      0.86395478      8.62868130E-02
   216.56294       1.8613559      0.95426482      8.76419470E-02
   217.09105       1.7519872       1.0371425      8.70718136E-02
   217.61909       1.6453891       1.1158376      8.61921087E-02
   218.01511       1.5674268       1.1723163      8.62495750E-02
   218.54306       1.4630136       1.2418261      8.78297091E-02
   219.07100       1.3527659       1.3010139      9.10176039E-02
   219.59889       1.2337693       1.3474824      9.51003283E-02
   220.12679       1.1087902       1.3814087      0.10008058    
   220.52271       1.0108864       1.3974551      0.10448414    
   221.05060      0.87448525       1.4042243      0.11047715    
   221.57854      0.72919929       1.3921574      0.11566930    
   222.10649      0.57680690       1.3605195      0.11967999    
   222.50247      0.46081039       1.3252910      0.12112066    
   223.03049      0.30879906       1.2670100      0.12119824    
   223.55856      0.16718477       1.2013021      0.11941285    
   224.08670      4.09663022E-02   1.1334647      0.11647367    
   224.61491     -6.90023303E-02   1.0658591      0.11334893    
   225.01111     -0.14322183       1.0145576      0.11156543    
   225.53946     -0.23577380      0.94241571      0.11075231    
   226.06787     -0.32726347      0.86221528      0.11099467    
   226.59639     -0.41879046      0.77386522      0.11046293    
   227.12498     -0.50688803      0.68053615      0.10832381    
   227.52150     -0.56825262      0.61084223      0.10601277    
   228.05028     -0.63950044      0.52407801      0.10245866    
   228.57915     -0.69334239      0.45006695      9.89857912E-02
   229.10811     -0.72723716      0.39248049      9.63132083E-02
   229.50485     -0.73892289      0.35977384      9.49852914E-02
   230.03389     -0.74438602      0.32774580      9.38212425E-02
   230.56303     -0.74487746      0.30510664      9.31883901E-02
   231.09224     -0.74293160      0.28872338      9.31975245E-02
   231.62151     -0.74100709      0.27556336      9.38948840E-02
   232.01852     -0.73971790      0.26646864      9.45269614E-02
   232.54796     -0.73847568      0.25527108      9.51074511E-02
   233.07748     -0.73775393      0.24587543      9.56471711E-02
   233.60713     -0.73602450      0.24019147      9.62442756E-02
   234.00444     -0.73366952      0.23812100      9.64526087E-02
   234.53427     -0.72923470      0.23730697      9.64608639E-02
   235.06422     -0.72394210      0.23858543      9.62973088E-02
   235.59433     -0.71799994      0.24174814      9.61475447E-02
   236.12462     -0.70963383      0.24751320      9.61617380E-02
   236.52246     -0.70161486      0.25440860      9.62057859E-02
   237.05313     -0.68887222      0.26692143      9.60747749E-02
   237.58405     -0.67223167      0.28215307      9.54069123E-02
   238.11520     -0.65285891      0.29963979      9.38521624E-02
   238.51366     -0.63773745      0.31340075      9.17137414E-02
   239.04498     -0.61900771      0.32968378      8.71610790E-02
   239.57635     -0.60664690      0.33876503      8.00514519E-02
   240.10777     -0.59800190      0.33902094      7.03201294E-02
   240.50635     -0.59127694      0.33576101      6.23326562E-02
   241.03778     -0.58295280      0.32839686      5.23194037E-02
   241.56921     -0.57400912      0.31699646      4.32266369E-02
   242.10065     -0.56337917      0.30239609      3.47372815E-02
   242.63208     -0.55203080      0.28720763      2.67651640E-02
   243.03062     -0.54324472      0.27736545      2.09472738E-02
   243.56200     -0.53210998      0.26669505      1.28267817E-02
   244.09337     -0.51978475      0.25790039      3.34453327E-03
   244.62473     -0.50647938      0.25021973     -8.35726410E-03
   245.02321     -0.49703372      0.24451905     -1.91120654E-02
   245.55452     -0.48583210      0.23661056     -3.61780599E-02
   246.08580     -0.47451922      0.22854419     -5.57312071E-02
   246.61705     -0.46144986      0.22081023     -7.68748969E-02
   247.01549     -0.45019153      0.21554990     -9.30015817E-02
   247.54674     -0.43449238      0.20980431     -0.11395139    
   248.07799     -0.41874009      0.20626986     -0.13330483    
   248.60924     -0.40429589      0.20556733     -0.15024111    
   249.00768     -0.39550680      0.20696735     -0.16112608    
   249.53893     -0.38632274      0.21098769     -0.17350464    
   250.07024     -0.37935704      0.21727067     -0.18388623    
