  0.13234943      3.42769613E-06  1.23193388E-06 -2.29330846E-10
  0.52977455      3.57270437E-06 -5.68329483E-07 -3.81996479E-09
   1.0596689      3.70768998E-06 -2.41983412E-06 -1.27090418E-08
   1.5895488      3.84825944E-06 -3.74785623E-06 -2.57935326E-08
   2.1194093      4.00882527E-06 -4.67513428E-06 -4.34133938E-08
   2.5167909      4.14968463E-06 -5.17116541E-06 -6.01550667E-08
   3.0466142      4.37404196E-06 -5.63015101E-06 -8.76165203E-08
   3.5764179      4.65836911E-06 -5.88793046E-06 -1.20783355E-07
   4.1062055      5.02489729E-06 -5.97254348E-06 -1.58685452E-07
   4.5035372      5.36551988E-06 -5.94850917E-06 -1.89255488E-07
   5.0333042      5.92133210E-06 -5.84143481E-06 -2.31834264E-07
   5.5630655      6.60631986E-06 -5.70513157E-06 -2.78073088E-07
   6.0928254      7.43305009E-06 -5.59830414E-06 -3.30519356E-07
   6.6225853      8.41475321E-06 -5.56802206E-06 -3.92102692E-07
   7.0199070      9.26209214E-06 -5.61532306E-06 -4.47922787E-07
   7.5496740      1.05548343E-05 -5.78966819E-06 -5.39469852E-07
   8.0794458      1.20532859E-05 -6.10755069E-06 -6.53129462E-07
   8.6092234      1.37803099E-05 -6.58936824E-06 -7.90233798E-07
   9.0065594      1.52396797E-05 -7.07454865E-06 -9.02964246E-07
   9.5363464      1.74227189E-05 -7.91472030E-06 -1.06390507E-06
   10.066137      1.98958423E-05 -9.01862040E-06 -1.23432721E-06
   10.595934      2.26729662E-05 -1.04551345E-05 -1.40691532E-06
   11.125734      2.57663996E-05 -1.22840829E-05 -1.56463432E-06
   11.523088      2.83021182E-05 -1.39422900E-05 -1.67176222E-06
   12.052895      3.19805658E-05 -1.65734982E-05 -1.80602001E-06
   12.582705      3.60100785E-05 -1.97258596E-05 -1.94401719E-06
   13.112516      4.04041930E-05 -2.34324143E-05 -2.10016083E-06
   13.509877      4.39505384E-05 -2.65843373E-05 -2.23469920E-06
   14.039695      4.90325619E-05 -3.12871744E-05 -2.44387775E-06
   14.569512      5.45488801E-05 -3.65486339E-05 -2.69278780E-06
   15.099333      6.05469068E-05 -4.23271667E-05 -2.98303962E-06
   15.629155      6.70929949E-05 -4.85600940E-05 -3.31085221E-06
   16.026524      7.24132988E-05 -5.34934443E-05 -3.57829867E-06
   16.556347      8.01362476E-05 -6.03777589E-05 -3.96201631E-06
   17.086174      8.86841517E-05 -6.76000564E-05 -4.38000143E-06
   17.616001      9.81837584E-05 -7.51899424E-05 -4.84159364E-06
   18.013372      1.06014879E-04 -8.11680948E-05 -5.22500932E-06
   18.543203      1.17514384E-04 -8.96119309E-05 -5.80123151E-06
   19.073034      1.30363333E-04 -9.87349922E-05 -6.47117349E-06
   19.602865      1.44723817E-04 -1.08714135E-04 -7.25444079E-06
   20.000238      1.56590570E-04 -1.16875541E-04 -7.92562787E-06
   20.530073      1.74026762E-04 -1.28814601E-04 -8.94087498E-06
   21.059908      1.93500760E-04 -1.42128891E-04 -1.00989082E-05
   21.589746      2.15248554E-04 -1.56993963E-04 -1.14009936E-05
   22.119585      2.39533954E-04 -1.73593624E-04 -1.28453548E-05
   22.516964      2.59587716E-04 -1.87306461E-04 -1.40207612E-05
   23.046803      2.89030839E-04 -2.07474150E-04 -1.57106879E-05
   23.576641      3.21873464E-04 -2.30072561E-04 -1.75432288E-05
   24.106483      3.58474499E-04 -2.55455583E-04 -1.95255216E-05
   24.503866      3.88624030E-04 -2.76554172E-04 -2.11188453E-05
   25.033709      4.32760397E-04 -3.07752402E-04 -2.34045401E-05
   25.563555      4.81830852E-04 -3.42799700E-04 -2.59076733E-05
   26.093401      5.36373584E-04 -3.82047379E-04 -2.86768172E-05
   26.623247      5.97008737E-04 -4.25828068E-04 -3.17737904E-05
   27.020632      6.46909117E-04 -4.61839198E-04 -3.43531319E-05
   27.550480      7.19980511E-04 -5.14403335E-04 -3.81871723E-05
   28.080330      8.01331480E-04 -5.72629739E-04 -4.25248363E-05
   28.610180      8.91926291E-04 -6.37163525E-04 -4.74131557E-05
   29.007568      9.66570689E-04 -6.90173882E-04 -5.14639687E-05
   29.537422      1.07594731E-03 -7.67722027E-04 -5.74076003E-05
   30.067276      1.19773508E-03 -8.54022626E-04 -6.40103026E-05
   30.597130      1.33332424E-03 -9.50122543E-04 -7.13280606E-05
   31.126984      1.48426858E-03 -1.05713110E-03 -7.94388470E-05
   31.524374      1.60859188E-03 -1.14525692E-03 -8.61020162E-05
   32.054230      1.79071352E-03 -1.27428118E-03 -9.58542078E-05
   32.584091      1.99347478E-03 -1.41777890E-03 -1.06716012E-04
   33.113953      2.21922179E-03 -1.57734414E-03 -1.18820433E-04
   33.511349      2.40517291E-03 -1.70863362E-03 -1.28795058E-04
   34.041210      2.67758686E-03 -1.90076046E-03 -1.43398880E-04
   34.571072      2.98086903E-03 -2.11439794E-03 -1.59623029E-04
   35.100933      3.31850839E-03 -2.35192664E-03 -1.77625960E-04
   35.630795      3.69439390E-03 -2.61595775E-03 -1.97594039E-04
   36.028191      4.00399650E-03 -2.83309002E-03 -2.13991123E-04
   36.558052      4.45754314E-03 -3.15058650E-03 -2.37953529E-04
   37.087914      4.96248994E-03 -3.50321643E-03 -2.64582661E-04
   37.617775      5.52467676E-03 -3.89475329E-03 -2.94201920E-04
   38.015179      5.98776992E-03 -4.21643164E-03 -3.18590377E-04
   38.545044      6.66622818E-03 -4.68634116E-03 -3.54308955E-04
   39.074909      7.42165418E-03 -5.20766247E-03 -3.94052942E-04
   39.604782      8.26280564E-03 -5.78580424E-03 -4.38249874E-04
   40.002190      8.95575993E-03 -6.26023905E-03 -4.74596833E-04
   40.532066      9.97108780E-03 -6.95239194E-03 -5.27726545E-04
   41.061943      1.11017507E-02 -7.71900406E-03 -5.86690207E-04
   41.591820      1.23608960E-02 -8.56760982E-03 -6.52090064E-04
   42.121696      1.37631809E-02 -9.50639602E-03 -7.24595971E-04
   42.519104      1.49185937E-02 -1.02749784E-02 -7.84083502E-04
   43.048981      1.66118257E-02 -1.13933329E-02 -8.70859716E-04
   43.578857      1.84977986E-02 -1.26279118E-02 -9.66959458E-04
   44.108734      2.05985084E-02 -1.39893712E-02 -1.07311551E-03
   44.506142      2.23297998E-02 -1.51005713E-02 -1.16041279E-03
   45.036018      2.48682015E-02 -1.67124458E-02 -1.29018282E-03
   45.565895      2.76972726E-02 -1.84857622E-02 -1.43781689E-03
   46.095772      3.08496393E-02 -2.04347502E-02 -1.60225527E-03
   46.625648      3.43615189E-02 -2.25726552E-02 -1.78075128E-03
   47.023060      3.72558907E-02 -2.43054889E-02 -1.92255969E-03
   47.552944      4.14980873E-02 -2.68022809E-02 -2.11610761E-03
   48.082829      4.62252982E-02 -2.95318495E-02 -2.31491774E-03
   48.612720      5.14971204E-02 -3.25143635E-02 -2.53503886E-03
   49.010139      5.58397621E-02 -3.49284932E-02 -2.70133233E-03
   49.540031      6.21914491E-02 -3.83941345E-02 -2.89983465E-03
   50.069923      6.92374483E-02 -4.21597697E-02 -3.01633799E-03
   50.599815      7.70262778E-02 -4.61879522E-02 -2.93081603E-03
   51.129707      8.56566578E-02 -5.03956228E-02 -2.67020473E-03
   51.527126      9.27406847E-02 -5.36515824E-02 -2.37669982E-03
   52.057018      0.10310461     -5.81059903E-02 -1.96211529E-03
   52.586910      0.11467859     -6.26129732E-02 -1.60225900E-03
   53.116802      0.12767217     -6.71316087E-02 -1.62671274E-03
   53.514221      0.13847360     -7.05540627E-02 -2.02587736E-03
   54.044113      0.15447724     -7.51765445E-02 -3.06237000E-03
   54.574013      0.17253724     -7.98982978E-02 -4.55525098E-03
   55.103912      0.19288844     -8.47904906E-02 -6.32237224E-03
   55.501335      0.20980000     -8.85958672E-02 -7.68214744E-03
   56.031239      0.23476258     -9.38127264E-02 -9.38858278E-03
   56.561146      0.26274675     -9.92081165E-02 -1.08638173E-02
   57.091053      0.29403776     -0.10482695     -1.21148834E-02
   57.620960      0.32877713     -0.11064076     -1.26089742E-02
   58.018391      0.35716277     -0.11497599     -1.22219203E-02
   58.548298      0.39831421     -0.12066285     -1.05445497E-02
   59.078205      0.44339231     -0.12550801     -7.10584503E-03
   59.608112      0.49313343     -0.12918510     -2.37884209E-03
   60.005543      0.53430623     -7.15425834E-02 -5.97535633E-04
   60.535450      0.58452278      2.73737796E-02  7.40182865E-03
   61.065357      0.63297486      0.11248928      0.11172317    
   61.595264      0.68910050      0.19343254      0.20890303    
   62.125168      0.75411010      0.27276555      0.21282226    
   62.522591      0.80766433      0.33982825      0.18362023    
   63.052483      0.88963008      0.43120790      0.12347405    
   63.582371      0.98297930      0.51366907      6.62914366E-02
   64.112244       1.0864714      0.57778633      2.93315258E-02
   64.509636       1.1717713      0.61407530      1.57308690E-02
   65.039474       1.2950525      0.64918941      7.67037447E-04
   65.569275       1.4293277      0.66769391     -1.18195098E-02
   66.099030       1.5710001      0.67174339     -2.33000573E-02
   66.628723       1.7157538      0.65236235     -3.52533758E-02
   67.025932       1.8255454      0.61950809     -4.43412326E-02
   67.555450       1.9729874      0.59485459     -4.94505987E-02
   68.084801       2.1167254      0.60295272     -3.43732983E-02
   68.613899       2.2479291      0.61383134     -1.12360120E-02
   69.010536       2.3325090      0.61548060      5.29258698E-03
   69.539139       2.4282975      0.60053498      2.76910979E-02
   70.067490       2.5108347      0.56045008      5.32433726E-02
   70.595566       2.5864029      0.48736602      8.38067532E-02
   71.123398       2.6543069      0.38603839      0.11198048    
   71.519096       2.6982341      0.29976317      0.12415498    
   72.046478       2.7503226      0.17537008      0.11592611    
   72.573631       2.7945075      3.97440083E-02  9.04281884E-02
   73.100563       2.8333001     -0.10528487      5.01433462E-02
   73.627251       2.8611164     -0.25847945      7.52902357E-03
   74.022125       2.8709581     -0.37261653     -1.07482998E-02
   74.548454       2.8648543     -0.52307522     -1.18496083E-02
   75.074585       2.8396485     -0.67949182      3.56583716E-03
   75.600517       2.7975607     -0.84471375      2.74584796E-02
   76.126266       2.7330501      -1.0109595      4.74901535E-02
   76.520493       2.6685903      -1.1332673      4.65643704E-02
   77.045998       2.5637650      -1.2897063      2.16569528E-02
   77.571327       2.4421525      -1.4363106     -1.00320531E-02
   78.096527       2.2990232      -1.5697844     -4.27647904E-02
   78.621574       2.1370721      -1.7001698     -8.05025399E-02
   79.015312       2.0076420      -1.7974284     -0.11448111    
   79.540161       1.8273109      -1.9287854     -0.16173445    
   80.064880       1.6269978      -2.0487325     -0.20337616    
   80.589546       1.3924943      -2.0890417     -0.26427513    
   81.114098       1.1476462      -2.0651278     -0.31599522    
   81.507446      0.96387804      -2.0312934     -0.34464094    
   82.031914      0.71874899      -2.0071001     -0.36645409    
   82.556343      0.48961785      -2.1015003     -0.36808008    
   83.080704      0.26020521      -2.3072925     -0.23950954    
   83.605011      3.24583203E-02  -2.2630353     -0.35066777    
   84.129288     -0.15848607      -2.2103941     -0.34064087    
   84.522484     -0.28865844      -2.3356853     -0.32675615    
   85.046745     -0.43054450      -1.6541815     -0.32713121    
   85.571007     -0.51727742     -0.64696008     -0.36332560    
   86.095299     -0.55052674     -8.56818706E-02 -0.43534884    
   86.619637     -0.57047540     -0.22478622     -0.49471629    
   87.012924     -0.58981121     -0.37159345     -0.53161913    
   87.537369     -0.61971426     -0.50204617     -0.59880775    
   88.061897     -0.64949715     -0.47639936     -0.69116789    
   88.586540     -0.67598349     -0.20592222     -0.83987325    
   89.111305     -0.70231533      0.50413287      -1.2761333    
   89.504898     -0.72356474       1.8692284      -2.1892493    
   90.029755     -0.75205278       2.8369508      -2.4747581    
   90.554764     -0.76870340       0.0000000       0.0000000    
   91.079956     -0.76870340       0.0000000       0.0000000    
   91.605278     -0.76870340       0.0000000       0.0000000    
   92.130737     -0.76870340       0.0000000       0.0000000    
   92.524986     -0.76870340       0.0000000       0.0000000    
   93.050819     -0.76870340       0.0000000       0.0000000    
   93.576805     -0.73449242       1.7521708     -0.45167252    
   94.103027     -0.60540086     -0.14672041     -0.35565853    
   94.629448     -0.50077176      -1.0037634     -0.37336689    
   95.024406     -0.45019180      -1.4963701     -0.33675522    
   95.551254     -0.42066914      -2.0294816     -0.25205800    
   96.078323     -0.42895234      -2.5829086     -0.15297772    
   96.605637     -0.46307087      -3.1314733     -9.04817805E-02
   97.001274     -0.49779439      -3.1492634     -6.38974756E-02
   97.529015     -0.54157037      -2.6532686     -5.65383844E-02
   98.057014     -0.55392969      -1.8144674     -5.35230972E-02
   98.585297     -0.53814399     -0.87577188     -4.15880345E-02
   99.113861     -0.50896800     -0.22765049     -5.38109131E-02
   99.510498     -0.47911194      9.44934487E-02 -8.44281614E-02
   100.03961     -0.42296830      0.26276764     -0.14207084    
   100.56907     -0.35206982      0.15783244     -0.19947089    
   101.09887     -0.28273231     -4.97716591E-02 -0.24579838    
   101.62887     -0.22210367     -0.27185443     -0.26978830    
   102.02637     -0.18509710     -0.41615325     -0.27209947    
   102.55637     -0.15181857     -0.54551727     -0.25235248    
   103.08636     -0.13812387     -0.54488373     -0.21825732    
   103.61636     -0.13125604     -0.39891794     -0.18531172    
   104.01386     -0.12069812     -0.28539369     -0.16355087    
   104.54386     -0.10313602     -0.17477441     -0.14510240    
   105.07386     -8.55552107E-02 -0.11096845     -0.14020407    
   105.60386     -7.07354024E-02 -8.04689601E-02 -0.14614768    
   106.00136     -6.21846989E-02 -7.03749433E-02 -0.15233897    
   106.53136     -5.24271801E-02 -6.97961077E-02 -0.16067953    
   107.06136     -4.30199057E-02 -0.11848921     -0.17020199    
   107.59136     -3.88418175E-02 -0.21391238     -0.18015690    
   108.12138     -4.25897241E-02 -0.31317165     -0.18762757    
   108.51888     -5.02393693E-02 -0.36428687     -0.19331329    
   109.04890     -6.52625859E-02 -0.37852812     -0.19943085    
   109.57893     -8.01863074E-02 -0.36049545     -0.20381293    
   110.10896     -9.16437805E-02 -0.33108419     -0.20931500    
   110.50648     -9.84288007E-02 -0.30703482     -0.21568118    
   111.03651     -0.10550152     -0.27879214     -0.22807701    
   111.56654     -0.11067679     -0.26059961     -0.24125656    
   112.09657     -0.11352292     -0.26370665     -0.25237581    
   112.62660     -0.11637241     -0.29127604     -0.26032901    
   113.02412     -0.11973269     -0.32079062     -0.26299202    
   113.55415     -0.12669235     -0.35397732     -0.26274979    
   114.08418     -0.13595192     -0.36246103     -0.25932869    
   114.61421     -0.14632797     -0.34716904     -0.25537464    
   115.01173     -0.15249516     -0.32685149     -0.25299716    
   115.54176     -0.15786970     -0.29499054     -0.25219983    
   116.07179     -0.16039516     -0.26442546     -0.25333160    
   116.60182     -0.16044363     -0.23860930     -0.25704002    
   117.13185     -0.15900144     -0.22128028     -0.26351735    
   117.52937     -0.15747130     -0.21799408     -0.26907906    
   118.05940     -0.15557244     -0.22913305     -0.27474931    
   118.58943     -0.15496121     -0.25451323     -0.27365360    
   119.11946     -0.15702385     -0.28927955     -0.26102173    
   119.51698     -0.16101849     -0.31659886     -0.24448264    
   120.04702     -0.16921368     -0.34263974     -0.21721779    
   120.57706     -0.17912823     -0.35269666     -0.19565618    
   121.10711     -0.18914513     -0.34774429     -0.18719067    
   121.50465     -0.19462538     -0.33910382     -0.18657973    
   122.03471     -0.19841993     -0.32310131     -0.19690229    
   122.56477     -0.19835500     -0.29788464     -0.21734388    
   123.09483     -0.19469783     -0.26642388     -0.24258895    
   123.62489     -0.18799178     -0.23358230     -0.26801530    
   124.02244     -0.18136336     -0.20987789     -0.28424346    
   124.55250     -0.17089546     -0.18042642     -0.29853049    
   125.08256     -0.15943290     -0.15490915     -0.30211321    
   125.61262     -0.14810751     -0.13597329     -0.29354694    
   126.01016     -0.14031503     -0.12722695     -0.28028089    
   126.54022     -0.13144369     -0.12289175     -0.25684431    
   127.07028     -0.12397504     -0.12434755     -0.23109572    
   127.60034     -0.11687985     -0.13975909     -0.20596586    
   128.13040     -0.11181254     -0.17811005     -0.18498258    
   128.52797     -0.11055795     -0.21758655     -0.17440614    
   129.05806     -0.11217538     -0.26649940     -0.16936401    
   129.58815     -0.11707029     -0.28801742     -0.17540243    
   130.11824     -0.12352890     -0.27751431     -0.19077381    
   130.51581     -0.12653637     -0.25969282     -0.20598808    
   131.04590     -0.12821037     -0.23409297     -0.22840999    
   131.57599     -0.12804517     -0.21152046     -0.24736671    
   132.10608     -0.12648262     -0.19289504     -0.25721771    
   132.50365     -0.12465675     -0.18120041     -0.25848857    
   133.03374     -0.12185806     -0.16789144     -0.25304937    
   133.56387     -0.11889996     -0.15634722     -0.24139497    
   134.09402     -0.11548805     -0.14803700     -0.22715746    
   134.62418     -0.11131937     -0.14689504     -0.21324192    
   135.02179     -0.10804448     -0.15091325     -0.20474620    
   135.55199     -0.10405942     -0.16064632     -0.19789132    
   136.08220     -0.10092111     -0.16957909     -0.19692674    
   136.61244     -9.86757576E-02 -0.17093267     -0.20116964    
   137.01015     -9.71402004E-02 -0.16594641     -0.20717849    
   137.54047     -9.46220309E-02 -0.15397607     -0.21624398    
   138.07083     -9.10016447E-02 -0.14193335     -0.22450642    
   138.60126     -8.63639265E-02 -0.13303539     -0.23031670    
   139.13176     -8.05692375E-02 -0.13252980     -0.23308490    
   139.52971     -7.59793818E-02 -0.13968681     -0.23385151    
   140.06041     -7.07821175E-02 -0.15863931     -0.23335317    
   140.59123     -6.72603101E-02 -0.17738079     -0.23143943    
   141.12222     -6.52947798E-02 -0.18526900     -0.22997330    
   141.52058     -6.46604300E-02 -0.18146794     -0.22999972    
   142.05193     -6.35566190E-02 -0.16704299     -0.23134822    
   142.58354     -6.13275170E-02 -0.15182465     -0.23319224    
   143.11548     -5.88425174E-02 -0.14066209     -0.23466244    
   143.51466     -5.66892810E-02 -0.13821460     -0.23446807    
   144.04729     -5.42040020E-02 -0.14580324     -0.23105651    
   144.58037     -5.29124364E-02 -0.16484864     -0.22426634    
   145.11369     -5.33688292E-02 -0.18846175     -0.21617968    
   145.51369     -5.49770519E-02 -0.20356134     -0.21072789    
   146.04706     -5.85649088E-02 -0.21456869     -0.20567077    
   146.58051     -6.34360760E-02 -0.21477214     -0.20422466    
   147.11404     -6.84883595E-02 -0.20925820     -0.20630904    
   147.51428     -7.19912499E-02 -0.20744267     -0.20934495    
   148.04805     -7.66955167E-02 -0.21404967     -0.21309458    
   148.58199     -8.20121467E-02 -0.22853044     -0.21581759    
   149.11613     -8.79918262E-02 -0.24234472     -0.21723132    
   149.51691     -9.27959308E-02 -0.24773012     -0.21725246    
   150.05154     -9.92874205E-02 -0.24568848     -0.21596770    
   150.58652     -0.10544495     -0.23495640     -0.21397819    
   151.12189     -0.11030782     -0.21841277     -0.21256475    
   151.52371     -0.11284079     -0.20523755     -0.21223363    
   152.05992     -0.11444960     -0.18824439     -0.21306936    
   152.59669     -0.11399974     -0.17224859     -0.21562989    
   153.13408     -0.11154421     -0.15697244     -0.22015131    
   153.53720     -0.10844749     -0.14567186     -0.22503172    
   154.07394     -0.10268705     -0.13045241     -0.23277262    
   154.60988     -9.51341689E-02 -0.11493163     -0.24062937    
   155.01134     -8.84064138E-02 -0.10336348     -0.24567129    
   155.54599     -7.82587677E-02 -8.88753757E-02 -0.25037992    
   156.08002     -6.73774928E-02 -7.65606612E-02 -0.25203586    
   156.61346     -5.59523255E-02 -6.89131245E-02 -0.25104421    
   157.01323     -4.67812717E-02 -7.13431761E-02 -0.24860172    
   157.54585     -3.53995599E-02 -9.20492709E-02 -0.24236199    
   158.07808     -2.67075449E-02 -0.12785858     -0.23312999    
   158.60999     -2.18008980E-02 -0.16470663     -0.22258219    
   159.00874     -2.07655709E-02 -0.18537006     -0.21504839    
   159.54021     -2.25407965E-02 -0.19852459     -0.20753399    
   160.07144     -2.71864105E-02 -0.19731155     -0.20414107    
   160.60249     -3.26390117E-02 -0.18765488     -0.20438232    
   161.00069     -3.62677053E-02 -0.17989539     -0.20702727    
   161.53151     -4.05249223E-02 -0.16984348     -0.21284577    
   162.06223     -4.35034409E-02 -0.15932085     -0.21955670    
   162.59283     -4.48666289E-02 -0.14850719     -0.22652149    
   163.12338     -4.47415486E-02 -0.13820799     -0.23299029    
   163.52127     -4.37997505E-02 -0.13131250     -0.23734385    
   164.05173     -4.13465276E-02 -0.12525982     -0.24266089    
   164.58218     -3.80456112E-02 -0.12474106     -0.24659345    
   165.11259     -3.45873758E-02 -0.12847033     -0.24805947    
   165.51041     -3.21430340E-02 -0.13285181     -0.24773282    
   166.04085     -2.93970183E-02 -0.13930137     -0.24577072    
   166.57130     -2.75370777E-02 -0.14365010     -0.24204996    
   167.10178     -2.65715159E-02 -0.14520052     -0.23758750    
   167.63229     -2.61770748E-02 -0.14571038     -0.23357284    
   168.03020     -2.62004361E-02 -0.14766067     -0.23143835    
   168.56079     -2.70092264E-02 -0.15389018     -0.23044029    
   169.09143     -2.87255086E-02 -0.15925978     -0.23200881    
   169.62213     -3.09643261E-02 -0.15712048     -0.23571585    
   170.02020     -3.20328996E-02 -0.15147391     -0.23957263    
   170.55101     -3.20013463E-02 -0.14120980     -0.24519339    
   171.08188     -3.03588919E-02 -0.12935922     -0.25095958    
   171.61281     -2.72670500E-02 -0.11754274     -0.25665042    
   172.01105     -2.41531804E-02 -0.10940634     -0.26059926    
   172.54208     -1.93781331E-02 -0.10038627     -0.26388890    
   173.07320     -1.41735645E-02 -9.46519673E-02 -0.26515642    
   173.60439     -8.68896302E-03 -9.65325609E-02 -0.26408905    
   174.00282     -4.98602400E-03 -0.10355298     -0.26179314    
   174.53413     -1.17370998E-03 -0.11643262     -0.25743017    
   175.06552      9.95374518E-04 -0.12873681     -0.25253722    
   175.59698      1.35754980E-03 -0.13780965     -0.24827823    
   176.12851     -1.42433855E-05 -0.14280726     -0.24595977    
   176.52718     -1.84699846E-03 -0.14349273     -0.24620189    
   177.05879     -4.48232796E-03 -0.14134219     -0.24920742    
   177.59047     -6.69889338E-03 -0.13824247     -0.25404850    
   178.12215     -8.22407752E-03 -0.13442878     -0.26009798    
   178.52090     -8.68410431E-03 -0.13099585     -0.26509100    
   179.05258     -8.30444321E-03 -0.12585635     -0.27218726    
   179.58426     -6.93901628E-03 -0.12055688     -0.27926397    
   180.11594     -4.82909754E-03 -0.11560532     -0.28471005    
   180.51469     -2.89197033E-03 -0.11245934     -0.28725207    
   181.04640     -1.19567354E-04 -0.10929395     -0.28818157    
   181.57811      2.60351738E-03 -0.10734607     -0.28651711    
   182.10982      5.05610835E-03 -0.10650554     -0.28301361    
   182.50858      6.65126834E-03 -0.10652649     -0.27971077    
   183.04025      8.45827907E-03 -0.10706111     -0.27532387    
   183.57190      1.00161098E-02 -0.10735334     -0.27214035    
   184.10352      1.14819501E-02 -0.10729648     -0.27106375    
   184.50218      1.28034065E-02 -0.10659834     -0.27196071    
   185.03371      1.54367127E-02 -0.10417531     -0.27623609    
   185.56517      1.95718743E-02 -9.95764211E-02 -0.28272441    
   186.09657      2.56640185E-02 -9.23971161E-02 -0.29104257    
   186.62791      3.40804458E-02 -8.18200484E-02 -0.30036768    
   187.02638      4.20773067E-02 -7.18143880E-02 -0.30755851    
   187.55762      5.50606847E-02 -5.78626655E-02 -0.31697273    
   188.08879      7.05643296E-02 -4.47968282E-02 -0.32649627    
   188.61992      8.85829479E-02 -3.48098502E-02 -0.33525190    
   189.01822      0.10330921     -2.91713644E-02 -0.34003070    
   189.54924      0.12421425     -2.44459752E-02 -0.34298715    
   190.08020      0.14526644     -2.36388762E-02 -0.34077823    
   190.61111      0.16561759     -2.63591167E-02 -0.33529687    
   191.00928      0.17999542     -3.01498715E-02 -0.33056617    
   191.54012      0.19743973     -3.67107727E-02 -0.32467675    
   192.07094      0.21219824     -4.58627008E-02 -0.32120609    
   192.60172      0.22453991     -5.53166270E-02 -0.32176542    
   193.13248      0.23511627     -6.39303625E-02 -0.32670188    
   193.53055      0.24212681     -6.96325898E-02 -0.33189073    
   194.06131      0.25040901     -7.63537139E-02 -0.33833569    
   194.59210      0.25757366     -8.27387571E-02 -0.34336430    
   195.12280      0.26294065     -8.94279853E-02 -0.34443986    
   195.52074      0.26546299     -9.48666036E-02 -0.34186140    
   196.05119      0.26640078     -0.10277545     -0.33400247    
   196.58153      0.26418751     -0.11113103     -0.32222998    
   197.11174      0.25898528     -0.11981286     -0.30918771    
   197.50932      0.25300536     -0.12687616     -0.29972219    
   198.03932      0.24234070     -0.13642140     -0.28843439    
   198.56921      0.22900745     -0.14571421     -0.28144032    
   199.09900      0.21357280     -0.15445688     -0.27994391    
   199.62869      0.19668078     -0.16250883     -0.28322989    
   200.02591      0.18347880     -0.16839027     -0.28815147    
   200.55545      0.16541092     -0.17593956     -0.29601830    
   201.08492      0.14715737     -0.18272540     -0.30376142    
   201.61430      0.12882847     -0.18878366     -0.30945945    
   202.01131      0.11489371     -0.19300354     -0.31160051    
   202.54060      9.63544101E-02 -0.19848305     -0.31254047    
   203.06985      7.78395683E-02 -0.20424160     -0.31150422    
   203.59909      5.93391024E-02 -0.20979720     -0.30903992    
   204.12833      4.08809632E-02 -0.21504009     -0.30635667    
   204.52525      2.71817595E-02 -0.21817660     -0.30464512    
   205.05449      8.24184809E-03 -0.22509581     -0.30260131    
   205.58379     -1.06422752E-02 -0.24404502     -0.29961583    
   206.11311     -2.97536738E-02 -0.28498861     -0.29506469    
   206.51016     -4.48236801E-02 -0.32867777     -0.29187125    
   207.03963     -6.65273964E-02 -0.39624941     -0.28767747    
   207.56920     -9.05959755E-02 -0.46165547     -0.28296575    
   208.09889     -0.11680163     -0.51175809     -0.27764568    
   208.62868     -0.14392522     -0.53741640     -0.27257818    
   209.02596     -0.16408487     -0.53982663     -0.26838845    
   209.55559     -0.18981412     -0.52769816     -0.26206410    
   210.08511     -0.21237843     -0.50538492     -0.25650039    
   210.61453     -0.23068744     -0.48067021     -0.25298867    
   211.01154     -0.24239753     -0.46565261     -0.25208250    
   211.54077     -0.25568658     -0.44545007     -0.25329429    
   212.06990     -0.26467657     -0.43210182     -0.25650856    
   212.59892     -0.26958287     -0.41651276     -0.25948259    
   213.12782     -0.27086496     -0.38323483     -0.25602889    
   213.52441     -0.26949778     -0.35120308     -0.25062481    
   214.05310     -0.26465827     -0.30096927     -0.24594297    
   214.58170     -0.25618172     -0.24435116     -0.24341138    
   215.11017     -0.24371903     -0.18416332     -0.24258225    
   215.50645     -0.23190540     -0.13835618     -0.24235970    
   216.03474     -0.21291962     -7.82310888E-02 -0.24123508    
   216.56294     -0.19022948     -2.17036568E-02 -0.23823611    
   217.09105     -0.16329375      2.70456225E-02 -0.23353207    
   217.61909     -0.13039069      5.12917936E-02 -0.22838309    
   218.01511     -0.10320565      5.19459769E-02 -0.22395885    
   218.54306     -6.59503788E-02  4.09528203E-02 -0.21819243    
   219.07100     -2.83003729E-02  3.21179293E-02 -0.21347347    
   219.59889      9.17075202E-03  3.19473110E-02 -0.20932977    
   220.12679      4.67581600E-02  4.39019725E-02 -0.20414492    
   220.52271      7.41679519E-02  5.53151853E-02 -0.19926909    
   221.05060      0.11151620      7.07920343E-02 -0.19272105    
   221.57854      0.15035594      8.99605677E-02 -0.18709652    
   222.10649      0.19063178      0.10176990     -0.18185568    
   222.50247      0.22138944      0.10182586     -0.17832255    
   223.03049      0.26211944      9.37700123E-02 -0.17364024    
   223.55856      0.30161566      8.00094754E-02 -0.16830531    
   224.08670      0.33906722      6.20856844E-02 -0.15985627    
   224.61491      0.37376282      4.08014618E-02 -0.14668678    
   225.01111      0.39743239      2.29161363E-02 -0.13387948    
   225.53946      0.42502075     -2.89736828E-03 -0.11472059    
   226.06787      0.44586787     -2.48087104E-02 -9.48811918E-02
   226.59639      0.46019009     -4.21181172E-02 -7.71198496E-02
   227.12498      0.46973729     -5.35958707E-02 -6.38075918E-02
   227.52150      0.47530875     -5.79502881E-02 -5.50833046E-02
   228.05028      0.48082018     -6.24653324E-02 -4.38366532E-02
   228.57915      0.48398504     -6.85121119E-02 -3.70581746E-02
   229.10811      0.48435554     -7.85970092E-02 -3.62331644E-02
   229.50485      0.48253742     -9.02440101E-02 -4.78423201E-02
   230.03389      0.48033172     -0.10952369     -6.73683211E-02
   230.56303      0.47754657     -0.13555744     -7.70525932E-02
   231.09224      0.47011429     -0.15989593     -8.79435018E-02
   231.62151      0.45709056     -0.18309644     -0.12619449    
   232.01852      0.44526047     -0.20072879     -0.14260776    
   232.54796      0.42375666     -0.22273225     -7.46287927E-02
   233.07748      0.39213032     -0.23484844     -8.00427049E-02
   233.60713      0.35854012     -0.24464907     -8.76769945E-02
   234.00444      0.32903284     -0.25033090     -8.75369832E-02
   234.53427      0.28339094     -0.26005334     -7.12584630E-02
   235.06422      0.23707779     -0.26935524     -5.08585460E-02
   235.59433      0.19236903     -0.27761763     -3.70779410E-02
   236.12462      0.14793387     -0.28520653     -2.78701093E-02
   236.52246      0.11483829     -0.29019377     -2.21083220E-02
   237.05313      7.22174123E-02 -0.29564139     -1.67027079E-02
   237.58405      3.23746242E-02 -0.30138499     -1.32926889E-02
   238.11520     -4.15055221E-03 -0.30859885     -1.45505834E-02
   238.51366     -2.91067697E-02 -0.31340900     -1.88163705E-02
   239.04498     -5.88167422E-02 -0.31742263     -3.01193967E-02
   239.57635     -8.42224658E-02 -0.31914139     -4.74769659E-02
   240.10777     -0.10531225     -0.31701085     -6.75782040E-02
   240.50635     -0.11837726     -0.31145719     -7.88023770E-02
   241.03778     -0.13187838     -0.29756284     -9.33422744E-02
   241.56921     -0.13985004     -0.27614015     -0.11007052    
   242.10065     -0.14084700     -0.24603857     -0.13050407    
   242.63208     -0.13395980     -0.21024281     -0.15586922    
   243.03062     -0.12313513     -0.17961624     -0.17803946    
   243.56200     -9.96185318E-02 -0.12851840     -0.20991105    
   244.09337     -6.77523762E-02 -6.71038032E-02 -0.24511841    
   244.62473     -2.85373703E-02 -4.94344998E-03 -0.28450716    
   245.02321      6.94224983E-03  3.93915400E-02 -0.31564155    
   245.55452      6.22080602E-02  9.35159400E-02 -0.35673133    
   246.08580      0.12436374      0.13178690     -0.39886901    
   246.61705      0.19365975      0.16191742     -0.44424567    
   247.01549      0.25082636      0.18286771     -0.47945109    
   247.54674      0.33378461      0.20774575     -0.52745205    
   248.07799      0.42432258      0.22721544     -0.57889706    
   248.60924      0.50768423      0.25337628     -0.57939500    
   249.00768      0.54500973      0.30008435     -0.43332997    
   249.53893      0.59962195      0.39979750     -0.18059601    
   250.07024      0.65956336      0.51907450     -0.11205116    
