  0.13234943      2.17759379E-07  1.27284366E-07 -6.53306020E-10
  0.52977455      2.19602299E-07  1.36957581E-07 -4.97065944E-10
   1.0596689      2.23793691E-07  1.50298121E-07  6.22958463E-10
   1.5895488      2.30188846E-07  1.64320426E-07  2.93374924E-09
   2.1194093      2.38105216E-07  1.79224983E-07  6.55899957E-09
   2.5167909      2.44564006E-07  1.91090265E-07  8.71292638E-09
   3.0466142      2.53045926E-07  2.07932601E-07  8.68882122E-09
   3.5764179      2.61262187E-07  2.26002513E-07  4.55291715E-09
   4.1062055      2.70033212E-07  2.45260281E-07 -4.99314101E-09
   4.5035372      2.77026203E-07  2.60512309E-07 -1.56074087E-08
   5.0333042      2.87300566E-07  2.81850987E-07 -3.39628947E-08
   5.5630655      2.99662958E-07  3.04159641E-07 -5.67203600E-08
   6.0928254      3.15147901E-07  3.27355849E-07 -8.30614724E-08
   6.6225853      3.34409975E-07  3.51565575E-07 -1.12674861E-07
   7.0199070      3.51802328E-07  3.70579301E-07 -1.37139907E-07
   7.5496740      3.79895766E-07  3.97445916E-07 -1.72544048E-07
   8.0794458      4.16415219E-07  4.26675342E-07 -2.08163769E-07
   8.6092234      4.61628616E-07  4.60141734E-07 -2.44375002E-07
   9.0065594      5.00775968E-07  4.89098568E-07 -2.73850276E-07
   9.5363464      5.60039098E-07  5.33876459E-07 -3.17225272E-07
   10.066137      6.27753991E-07  5.86673423E-07 -3.65929026E-07
   10.595934      7.04820877E-07  6.48089326E-07 -4.20561719E-07
   11.125734      7.92504125E-07  7.18265483E-07 -4.81379857E-07
   11.523088      8.65980326E-07  7.76634010E-07 -5.31107332E-07
   12.052895      9.75043122E-07  8.62009188E-07 -6.02963155E-07
   12.582705      1.09768450E-06  9.56124268E-07 -6.81253482E-07
   13.112516      1.23488758E-06  1.05947959E-06 -7.66188577E-07
   13.509877      1.34805032E-06  1.14360716E-06 -8.34527214E-07
   14.039695      1.51385052E-06  1.26573616E-06 -9.32455805E-07
   14.569512      1.69851978E-06  1.40103066E-06 -1.03925208E-06
   15.099333      1.90444325E-06  1.55190810E-06 -1.15650482E-06
   15.629155      2.13435806E-06  1.72116688E-06 -1.28613931E-06
   16.026524      2.32431785E-06  1.86200214E-06 -1.39274107E-06
   16.556347      2.60345473E-06  2.07087305E-06 -1.54907707E-06
   17.086174      2.91517244E-06  2.30680780E-06 -1.72354521E-06
   17.616001      3.26302870E-06  2.57302986E-06 -1.91815298E-06
   18.013372      3.54995154E-06  2.79450092E-06 -2.07852077E-06
   18.543203      3.97058830E-06  3.12145539E-06 -2.31322701E-06
   19.073034      4.43896397E-06  3.48766685E-06 -2.57391639E-06
   19.602865      4.96018356E-06  3.89680145E-06 -2.86325599E-06
   20.000238      5.38918675E-06  4.23430674E-06 -3.10096470E-06
   20.530073      6.01710053E-06  4.72899410E-06 -3.44850014E-06
   21.059908      6.71551106E-06  5.27967541E-06 -3.83499946E-06
   21.589746      7.49249148E-06  5.89243473E-06 -4.26546740E-06
   22.119585      8.35710762E-06  6.57423880E-06 -4.74550325E-06
   22.516964      9.06913374E-06  7.13563850E-06 -5.14169824E-06
   23.046803      1.01121868E-05  7.95802316E-06 -5.72334284E-06
   23.576641      1.12735997E-05  8.87394344E-06 -6.37226140E-06
   24.106483      1.25669776E-05  9.89446016E-06 -7.09579854E-06
   24.503866      1.36326544E-05  1.07358455E-05 -7.69223152E-06
   25.033709      1.51943877E-05  1.19698261E-05 -8.56623865E-06
   25.563555      1.69338764E-05  1.33455851E-05 -9.53919516E-06
   26.093401      1.88713238E-05  1.48793797E-05 -1.06219777E-05
   26.623247      2.10290891E-05  1.65890924E-05 -1.18268463E-05
   27.020632      2.28067984E-05  1.79985855E-05 -1.28188312E-05
   27.550480      2.54113111E-05  2.00647228E-05 -1.42714116E-05
   28.080330      2.83109111E-05  2.23659663E-05 -1.58878374E-05
   28.610180      3.15386606E-05  2.49283385E-05 -1.76865833E-05
   29.007568      3.41968444E-05  2.70388264E-05 -1.91675572E-05
   29.537422      3.80901802E-05  3.01300679E-05 -2.13361509E-05
   30.067276      4.24237478E-05  3.35707264E-05 -2.37492859E-05
   30.597130      4.72474057E-05  3.74001975E-05 -2.64346090E-05
   31.126984      5.26166950E-05  4.16624534E-05 -2.94228630E-05
   31.524374      5.70387201E-05  4.51724227E-05 -3.18830498E-05
   32.054230      6.35158649E-05  5.03132760E-05 -3.54854601E-05
   32.584091      7.07257350E-05  5.60354638E-05 -3.94943563E-05
   33.113953      7.87511090E-05  6.24049353E-05 -4.39560717E-05
   33.511349      8.53603706E-05  6.76506170E-05 -4.76303649E-05
   34.041210      9.50409303E-05  7.53342611E-05 -5.30122925E-05
   34.571072      1.05816427E-04  8.38874257E-05 -5.90036179E-05
   35.100933      1.17810661E-04  9.34084310E-05 -6.56736956E-05
   35.630795      1.31161447E-04  1.04006635E-04 -7.30994652E-05
   36.028191      1.42156350E-04  1.12734822E-04 -7.92156789E-05
   36.558052      1.58260256E-04  1.25518782E-04 -8.81746382E-05
   37.087914      1.76185073E-04  1.39748052E-04 -9.81468693E-05
   37.617775      1.96136636E-04  1.55585803E-04 -1.09246175E-04
   38.015179      2.12567305E-04  1.68628336E-04 -1.18386044E-04
   38.545044      2.36632826E-04  1.87730882E-04 -1.31771696E-04
   39.074909      2.63420050E-04  2.08993311E-04 -1.46669743E-04
   39.604782      2.93237215E-04  2.32660386E-04 -1.63251738E-04
   40.002190      3.17793456E-04  2.52151396E-04 -1.76907648E-04
   40.532066      3.53761658E-04  2.80700129E-04 -1.96909910E-04
   41.061943      3.93798953E-04  3.12478398E-04 -2.19175898E-04
   41.591820      4.38365591E-04  3.47851223E-04 -2.43962160E-04
   42.121696      4.87973972E-04  3.87225329E-04 -2.71553930E-04
   42.519104      5.28829405E-04  4.19652264E-04 -2.94278405E-04
   43.048981      5.88671595E-04  4.67148668E-04 -3.27564339E-04
   43.578857      6.55283744E-04  5.20018220E-04 -3.64616339E-04
   44.108734      7.29431747E-04  5.78869425E-04 -4.05859726E-04
   44.506142      7.90497521E-04  6.27337839E-04 -4.39825410E-04
   45.036018      8.79942905E-04  6.98332209E-04 -4.89573984E-04
   45.565895      9.79507808E-04  7.77359935E-04 -5.44947223E-04
   46.095772      1.09033717E-03  8.65329872E-04 -6.06580288E-04
   46.625648      1.21370517E-03  9.63253726E-04 -6.75179763E-04
   47.023060      1.31530664E-03  1.04390131E-03 -7.31670938E-04
   47.552944      1.46412523E-03  1.16202992E-03 -8.14407016E-04
   48.082829      1.62977935E-03  1.29352394E-03 -9.06491594E-04
   48.612720      1.81417190E-03  1.43989525E-03 -1.00897916E-03
   49.010139      1.96602941E-03  1.56044238E-03 -1.09337282E-03
   49.540031      2.18845694E-03  1.73701276E-03 -1.21696829E-03
   50.069923      2.43604300E-03  1.93356012E-03 -1.35452044E-03
   50.599815      2.71163206E-03  2.15234491E-03 -1.50760228E-03
   51.129707      3.01838969E-03  2.39588390E-03 -1.67796179E-03
   51.527126      3.27101629E-03  2.59645539E-03 -1.81823084E-03
   52.057018      3.64103098E-03  2.89023900E-03 -2.02363124E-03
   52.586910      4.05288255E-03  3.21725733E-03 -2.25218828E-03
   53.116802      4.51129768E-03  3.58127151E-03 -2.50650011E-03
   53.514221      4.88880696E-03  3.88105982E-03 -2.71586166E-03
   54.044113      5.44171408E-03  4.32016514E-03 -3.02238367E-03
   54.574013      6.05711015E-03  4.80893953E-03 -3.36339301E-03
   55.103912      6.74204808E-03  5.35299815E-03 -3.74274328E-03
   55.501335      7.30607426E-03  5.80105372E-03 -4.05497663E-03
   56.031239      8.13211314E-03  6.45731203E-03 -4.51200735E-03
   56.561146      9.05144867E-03  7.18777860E-03 -5.02031157E-03
   57.091053      1.00745941E-02  8.00083391E-03 -5.58558945E-03
   57.620960      1.12132411E-02  8.90580751E-03 -6.21415768E-03
   58.018391      1.21507915E-02  9.65105835E-03 -6.73130155E-03
   58.548298      1.35237211E-02  1.07425610E-02 -7.48793082E-03
   59.078205      1.50515111E-02  1.19574182E-02 -8.32897332E-03
   59.608112      1.67515688E-02  1.33095505E-02 -9.26370267E-03
   60.005543      1.81512218E-02  1.44229867E-02 -1.00323642E-02
   60.535450      2.02006027E-02  1.60536598E-02 -1.11563792E-02
   61.065357      2.24808306E-02  1.78685151E-02 -1.24049634E-02
   61.595264      2.50178035E-02  1.98883042E-02 -1.37916291E-02
   62.125168      2.78402511E-02  2.21360456E-02 -1.53312646E-02
   62.522591      3.01634781E-02  2.39867177E-02 -1.65961981E-02
   63.052483      3.35643813E-02  2.66967453E-02 -1.84440427E-02
   63.582371      3.73474434E-02  2.97127869E-02 -2.04941370E-02
   64.112244      4.15555872E-02  3.30697037E-02 -2.27678902E-02
   64.509636      4.50189598E-02  3.58340144E-02 -2.46339310E-02
   65.039474      5.00873290E-02  3.98811623E-02 -2.73552798E-02
   65.569275      5.57216406E-02  4.43789139E-02 -3.03638577E-02
   66.099030      6.19822033E-02  4.93685156E-02 -3.36810425E-02
   66.628723      6.89313486E-02  5.48967049E-02 -3.73329110E-02
   67.025932      7.46326149E-02  5.94321713E-02 -4.03138027E-02
   67.555450      8.29401985E-02  6.60584718E-02 -4.46467921E-02
   68.084801      9.21280682E-02  7.34190717E-02 -4.94355336E-02
   68.613899      0.10229887      8.15863162E-02 -5.47272414E-02
   69.010536      0.11064936      8.82798880E-02 -5.90514429E-02
   69.539139      0.12286146      9.80193019E-02 -6.53276816E-02
   70.067490      0.13644755      0.10877208     -7.22372606E-02
   70.595566      0.15157190      0.12066492     -7.98415765E-02
   71.123398      0.16841078      0.13387665     -8.82032961E-02
   71.519096      0.18227836      0.14478555     -9.50036123E-02
   72.046478      0.20258069      0.16086620     -0.10480901    
   72.573631      0.22514433      0.17893218     -0.11547853    
   73.100563      0.25018072      0.19921252     -0.12701687    
   73.627251      0.27790380      0.22190423     -0.13941233    
   74.022125      0.30059528      0.24061042     -0.14925811    
   74.548454      0.33357513      0.26793787     -0.16309556    
   75.074585      0.36989287      0.29812545     -0.17770118    
   75.600517      0.40980795      0.33126649     -0.19307393    
   76.126266      0.45352197      0.36751440     -0.20923218    
   76.520493      0.48891515      0.39686269     -0.22187531    
   77.045998      0.53976434      0.43910736     -0.23940122    
   77.571327      0.59516358      0.48516008     -0.25741789    
   78.096527      0.65660357      0.53551716     -0.27392662    
   78.621574      0.72674221      0.59075069     -0.28618902    
   79.015312      0.78237545      0.63745511     -0.29807428    
   79.540161      0.85657370      0.70433438     -0.32011732    
   80.064880      0.92510182      0.77097857     -0.35066649    
   80.589546      0.98514551      0.83148420     -0.39153832    
   81.114098       1.0432119      0.88947117     -0.43965834    
   81.507446       1.0933081      0.93846512     -0.47722927    
   82.031914       1.1752514       1.0196021     -0.51906288    
   82.556343       1.2712886       1.1189232     -0.55124760    
   83.080704       1.3750696       1.2292788     -0.57419038    
   83.605011       1.4804950       1.3416936     -0.58587641    
   84.129288       1.5852501       1.4486748     -0.58148819    
   84.522484       1.6635430       1.5224574     -0.56769991    
   85.046745       1.7643912       1.6091130     -0.53095442    
   85.571007       1.8595703       1.6791877     -0.47597784    
   86.095299       1.9460909       1.7300545     -0.40826508    
   86.619637       2.0212557       1.7643439     -0.32987508    
   87.012924       2.0679574       1.7826220     -0.26620764    
   87.537369       2.1190279       1.8008310     -0.17914398    
   88.061897       2.1621785       1.8201796     -8.96898955E-02
   88.586540       2.1958828       1.8422009      4.45341831E-03
   89.111305       2.2094235       1.8631405      0.10369895    
   89.504898       2.2020900       1.8730707      0.18062665    
   90.029755       2.1681452       1.8802478      0.28499168    
   90.554764       2.1098905       1.8815832      0.38724738    
   91.079956       2.0363743       1.8750004      0.48716474    
   91.605278       1.9491031       1.8612244      0.58232021    
   92.130737       1.8497368       1.8348707      0.67158186    
   92.524986       1.7673540       1.8058532      0.73450583    
   93.050819       1.6459044       1.7567310      0.80904782    
   93.576805       1.5161824       1.6956891      0.86689174    
   94.103027       1.3830334       1.6197217      0.91253579    
   94.629448       1.2510126       1.5290997      0.94537121    
   95.024406       1.1554282       1.4532065      0.96216035    
   95.551254       1.0312433       1.3455702      0.97491002    
   96.078323      0.90852034       1.2357025      0.97871405    
   96.605637      0.78532064       1.1299201      0.97404110    
   97.001274      0.69049478       1.0552516      0.96619517    
   97.529015      0.56012410      0.96059024      0.95208222    
   98.057014      0.43165365      0.87087101      0.93684196    
   98.585297      0.30787092      0.78249002      0.92258662    
   99.113861      0.18727872      0.68908674      0.90143758    
   99.510498      9.75813195E-02  0.61298776      0.87480211    
   100.03961     -1.62146986E-02  0.50401926      0.82761276    
   100.56907     -0.12294800      0.38961160      0.77162087    
   101.09887     -0.22045803      0.27229184      0.70839912    
   101.62887     -0.31305450      0.16200322      0.63476694    
   102.02637     -0.37627634      9.25319344E-02  0.57704437    
   102.55637     -0.44868720      2.08144039E-02  0.50384313    
   103.08636     -0.50522196     -2.67971158E-02  0.44379508    
   103.61636     -0.54740852     -5.28935120E-02  0.39733285    
   104.01386     -0.57049263     -6.11108020E-02  0.37019885    
   104.54386     -0.59074742     -6.31255507E-02  0.34050810    
   105.07386     -0.60344982     -6.26237467E-02  0.31433168    
   105.60386     -0.61409640     -6.34897053E-02  0.28673029    
   106.00136     -0.62220013     -6.69218898E-02  0.26231873    
   106.53136     -0.63217914     -7.71714374E-02  0.22417709    
   107.06136     -0.63928974     -9.27777886E-02  0.18149038    
   107.59136     -0.64236289     -0.11005955      0.13846192    
   108.12138     -0.63837051     -0.12440678      0.10215545    
   108.51888     -0.62960660     -0.13080448      8.11858028E-02
   109.04890     -0.61321282     -0.13325280      5.88092580E-02
   109.57893     -0.59438753     -0.12945811      4.06007469E-02
   110.10896     -0.57435501     -0.12165010      2.49296483E-02
   110.50648     -0.55882978     -0.11430879      1.32606104E-02
   111.03651     -0.53582776     -0.10409215     -3.73342633E-03
   111.56654     -0.51134312     -9.49719325E-02 -1.94261875E-02
   112.09657     -0.48539022     -8.57409090E-02 -3.24401036E-02
   112.62660     -0.45749930     -7.57793486E-02 -4.11982611E-02
   113.02412     -0.43493956     -6.73095211E-02 -4.43812758E-02
   113.55415     -0.40318668     -5.40256873E-02 -4.31339704E-02
   114.08418     -0.37035367     -3.85330990E-02 -3.61831710E-02
   114.61421     -0.33726498     -2.01928224E-02 -2.22753063E-02
   115.01173     -0.31292561     -4.96125035E-03 -6.20763656E-03
   115.54176     -0.28236049      1.52421081E-02  2.31157131E-02
   116.07179     -0.25348026      3.25966068E-02  5.80898561E-02
   116.60182     -0.22927019      4.52951565E-02  9.24753100E-02
   117.13185     -0.21010530      5.51036522E-02  0.12233210    
   117.52937     -0.19963011      6.17145151E-02  0.13888702    
   118.05940     -0.19207101      6.91002756E-02  0.15116684    
   118.58943     -0.18854085      7.50395805E-02  0.15435208    
   119.11946     -0.18475200      8.02201182E-02  0.15219921    
   119.51698     -0.17945796      8.31038281E-02  0.14867236    
   120.04702     -0.16929571      8.72194171E-02  0.14554796    
   120.57706     -0.15622801      9.24172029E-02  0.14696825    
   121.10711     -0.14112175      9.82541665E-02  0.15210816    
   121.50465     -0.12884718      0.10282485      0.15841940    
   122.03471     -0.11142189      0.10823257      0.16889289    
   122.56477     -9.60373804E-02  0.11265729      0.18009217    
   123.09483     -8.55878741E-02  0.11460058      0.18956637    
   123.62489     -7.95399845E-02  0.11594202      0.19651689    
   124.02244     -7.68964663E-02  0.11649778      0.20038792    
   124.55250     -7.46155381E-02  0.11695177      0.20519941    
   125.08256     -7.27755725E-02  0.11731631      0.21245533    
   125.61262     -7.05417991E-02  0.11768442      0.22299595    
   126.01016     -6.85000792E-02  0.11743245      0.23230067    
   126.54022     -6.53419793E-02  0.11669380      0.24553004    
   127.07028     -6.43401742E-02  0.11646516      0.25814265    
   127.60034     -6.77617565E-02  0.11673622      0.26744065    
   128.13040     -7.30786100E-02  0.11769684      0.27320853    
   128.52797     -7.71096647E-02  0.11773762      0.27517939    
   129.05806     -8.25026557E-02  0.11690251      0.27621567    
   129.58815     -8.77614468E-02  0.11510511      0.27658612    
   130.11824     -9.22578871E-02  0.11210085      0.27602372    
   130.51581     -9.46673006E-02  0.10904162      0.27489632    
   131.04590     -9.59677398E-02  0.10360838      0.27254683    
   131.57599     -9.50167179E-02  9.61557478E-02  0.26924440    
   132.10608     -9.26473215E-02  8.64486545E-02  0.26398140    
   132.50365     -9.04297382E-02  7.81282037E-02  0.25840393    
   133.03374     -8.73337016E-02  6.64984807E-02  0.25011039    
   133.56387     -8.46382082E-02  5.52262180E-02  0.24274643    
   134.09402     -8.26967657E-02  4.47895266E-02  0.23809840    
   134.62418     -8.25440139E-02  3.60648148E-02  0.23690514    
   135.02179     -8.36659595E-02  3.04836668E-02  0.23782484    
   135.55199     -8.46289918E-02  2.40440592E-02  0.24209303    
   136.08220     -8.42797831E-02  1.91024505E-02  0.24938801    
   136.61244     -8.24304298E-02  1.58005729E-02  0.25795451    
   137.01015     -8.02905709E-02  1.36731071E-02  0.26372814    
   137.54047     -7.82684535E-02  1.06748352E-02  0.27007505    
   138.07083     -7.71768615E-02  6.57030568E-03  0.27186882    
   138.60126     -7.62384534E-02  9.22001898E-04  0.26943168    
   139.13176     -7.56555349E-02 -5.26977563E-03  0.26265761    
   139.52971     -7.55549520E-02 -9.77623370E-03  0.25529644    
   140.06041     -7.47228563E-02 -1.55554675E-02  0.24474961    
   140.59123     -7.14098513E-02 -2.03274600E-02  0.23459171    
   141.12222     -6.59104660E-02 -2.39043664E-02  0.22646728    
   141.52058     -6.06361181E-02 -2.57381722E-02  0.22178620    
   142.05193     -5.24763763E-02 -2.72521637E-02  0.21694688    
   142.58354     -4.35088724E-02 -2.85298284E-02  0.21298075    
   143.11548     -3.38658616E-02 -3.00397910E-02  0.20949462    
   143.51466     -2.59209536E-02 -3.14155295E-02  0.20688179    
   144.04729     -1.36403181E-02 -3.40802819E-02  0.20318721    
   144.58037      9.35205026E-04 -3.88653576E-02  0.19950595    
   145.11369      1.76756717E-02 -4.68655825E-02  0.19607930    
   145.51369      3.12146097E-02 -5.53100929E-02  0.19374980    
   146.04706      4.94123176E-02 -6.97386637E-02  0.19063608    
   146.58051      6.74852207E-02 -8.72784108E-02  0.18816313    
   147.11404      8.53590742E-02 -0.10831761      0.18751910    
   147.51428      9.84283537E-02 -0.12586069      0.18902397    
   148.04805      0.11498767     -0.15065047      0.19368437    
   148.58199      0.13026297     -0.17575946      0.20018449    
   149.11613      0.14371704     -0.20038688      0.20732924    
   149.51691      0.15228499     -0.21844096      0.21183646    
   150.05154      0.16276425     -0.24282193      0.21603832    
   150.58652      0.17368503     -0.26890793      0.21843624    
   151.12189      0.18623120     -0.29668081      0.21877049    
   151.52371      0.19716859     -0.31805739      0.21747023    
   152.05992      0.21391679     -0.34633729      0.21424054    
   152.59669      0.23256254     -0.37325165      0.20999280    
   153.13408      0.25201902     -0.39769578      0.20467301    
   153.53720      0.26673740     -0.41422135      0.20021787    
   154.07394      0.28650761     -0.43416771      0.19469340    
   154.60988      0.30653602     -0.45278090      0.19177996    
   155.01134      0.32180637     -0.46666873      0.19217137    
   155.54599      0.34234941     -0.48544300      0.19633961    
   156.08002      0.36260805     -0.50436431      0.20385079    
   156.61346      0.38111338     -0.52324557      0.21473834    
   157.01323      0.39283907     -0.53717661      0.22516720    
   157.54585      0.40503064     -0.55511034      0.24209085    
   158.07808      0.41233429     -0.57052237      0.26242253    
   158.60999      0.41463971     -0.58374572      0.28552225    
   159.00874      0.41274837     -0.59254807      0.30376819    
   159.54021      0.40450448     -0.60203481      0.32797039    
   160.07144      0.39061663     -0.60602582      0.34943187    
   160.60249      0.37173232     -0.60247117      0.36702400    
   161.00069      0.35368824     -0.59624285      0.37806654    
   161.53151      0.32633218     -0.58420581      0.38998491    
   162.06223      0.29744029     -0.56879807      0.40180567    
   162.59283      0.26708186     -0.54936153      0.41542453    
   163.12338      0.23457250     -0.52646160      0.42847413    
   163.52127      0.20764929     -0.50811064      0.43446767    
   164.05173      0.16855675     -0.48300666      0.43640584    
   164.58218      0.12791060     -0.45623624      0.43412605    
   165.11259      8.62963945E-02 -0.42693657      0.42940241    
   165.51041      5.46028987E-02 -0.40307149      0.42471135    
   166.04085      1.22990748E-02 -0.36944216      0.41774204    
   166.57130     -2.84409076E-02 -0.33509499      0.41025808    
   167.10178     -6.73616230E-02 -0.30150655      0.40284628    
   167.63229     -0.10520539     -0.26875147      0.39440227    
   168.03020     -0.13258855     -0.24469034      0.38721555    
   168.56079     -0.16874723     -0.21314642      0.37401378    
   169.09143     -0.20272377     -0.18244782      0.36007434    
   169.62213     -0.23214141     -0.15621887      0.34864730    
   170.02020     -0.25099158     -0.13941561      0.34147334    
   170.55101     -0.27237284     -0.12086767      0.33042043    
   171.08188     -0.28982437     -0.10649166      0.31521085    
   171.61281     -0.30397522     -9.49946791E-02  0.29447114    
   172.01105     -0.31293067     -8.71724933E-02  0.27485502    
   172.54208     -0.32343534     -7.68391341E-02  0.24358334    
   173.07320     -0.33170363     -6.69612288E-02  0.21017714    
   173.60439     -0.33649361     -5.88027686E-02  0.17925675    
   174.00282     -0.33737093     -5.43387085E-02  0.15920824    
   174.53413     -0.33499044     -5.02326265E-02  0.13672286    
   175.06552     -0.32912624     -4.74556386E-02  0.11775322    
   175.59698     -0.32043749     -4.48468849E-02  0.10080177    
   176.12851     -0.30906296     -4.22174931E-02  8.52896720E-02
   176.52718     -0.29907674     -4.11745384E-02  7.45918825E-02
   177.05879     -0.28374922     -4.13192511E-02  6.11924902E-02
   177.59047     -0.26567435     -4.44686301E-02  4.81318012E-02
   178.12215     -0.24460365     -5.14568686E-02  3.58122066E-02
   178.52090     -0.22677583     -6.01112545E-02  2.74232831E-02
   179.05258     -0.20014967     -7.68603235E-02  1.71092935E-02
   179.58426     -0.16984065     -9.92319286E-02  7.92498048E-03
   180.11594     -0.13707167     -0.12544675     -1.19982287E-05
   180.51469     -0.11191931     -0.14739443     -4.58675157E-03
   181.04640     -7.80641511E-02 -0.17902203     -8.88950564E-03
   181.57811     -4.45200540E-02 -0.21308973     -1.08950110E-02
   182.10982     -1.02546941E-02 -0.25006554     -1.05465055E-02
   182.50858      1.57203376E-02 -0.28023472     -7.76895927E-03
   183.04025      5.00703827E-02 -0.32121670      9.92045272E-04
   183.57190      8.32185447E-02 -0.35872898      1.37728583E-02
   184.10352      0.11330070     -0.39016300      2.81878002E-02
   184.50218      0.13412994     -0.41084939      3.92826945E-02
   185.03371      0.16075766     -0.43825281      5.37978411E-02
   185.56517      0.18749392     -0.46716744      6.75451458E-02
   186.09657      0.21412909     -0.49568760      8.03160667E-02
   186.62791      0.23835766     -0.52049387      9.20390859E-02
   187.02638      0.25333911     -0.53501260      0.10026425    
   187.55762      0.26811209     -0.54807407      0.11105583    
   188.08879      0.27767661     -0.55503732      0.12179146    
   188.61992      0.28424254     -0.55779451      0.13304454    
   189.01822      0.28721070     -0.55871713      0.14259407    
   189.54924      0.28933463     -0.55861545      0.15768859    
   190.08020      0.28882065     -0.55608064      0.17505440    
   190.61111      0.28508815     -0.55160654      0.19399652    
   191.00928      0.27963287     -0.54686719      0.20926237    
   191.54012      0.26792878     -0.53791791      0.23066071    
   192.07094      0.25023675     -0.52538478      0.25196075    
   192.60172      0.22668454     -0.50978059      0.27062660    
   193.13248      0.19838478     -0.49098364      0.28406510    
   193.53055      0.17478177     -0.47374061      0.29195350    
   194.06131      0.14120795     -0.44865444      0.30173004    
   194.59210      0.10469512     -0.42402640      0.30841759    
   195.12280      6.43192902E-02 -0.40116900      0.30766243    
   195.52074      3.33434343E-02 -0.38455525      0.30352610    
   196.05119     -7.37957796E-03 -0.36232737      0.29476324    
   196.58153     -4.45850529E-02 -0.33962306      0.28075382    
   197.11174     -7.81037211E-02 -0.31631425      0.26015890    
   197.50932     -0.10084239     -0.29855794      0.24081662    
   198.03932     -0.12702990     -0.27532247      0.21188655    
   198.56921     -0.14836305     -0.25398073      0.18230364    
   199.09900     -0.16511470     -0.23554213      0.15588561    
   199.62869     -0.17621739     -0.22110140      0.13367426    
   200.02591     -0.18053368     -0.21356642      0.11854830    
   200.55545     -0.18107818     -0.20932142      9.79967564E-02
   201.08492     -0.17729124     -0.20974058      7.59203881E-02
   201.61430     -0.16972584     -0.21543129      5.19229248E-02
   202.01131     -0.16139303     -0.22291237      3.25813182E-02
   202.54060     -0.14610276     -0.23707631      5.41012315E-03
   203.06985     -0.12630513     -0.25603402     -2.23188922E-02
   203.59909     -0.10286027     -0.27882022     -5.05249500E-02
   204.12833     -7.53271505E-02 -0.30535501     -7.80438334E-02
   204.52525     -5.20721525E-02 -0.32898039     -9.71369743E-02
   205.05449     -1.83303840E-02 -0.36546025     -0.12019590    
   205.58379      2.07177438E-02 -0.40658575     -0.13766472    
   206.11311      6.53859973E-02 -0.44986498     -0.15172978    
   206.51016      9.99867618E-02 -0.48276395     -0.16137455    
   207.03963      0.14704250     -0.52661872     -0.17258658    
   207.56920      0.19638604     -0.57047999     -0.18192770    
   208.09889      0.24819289     -0.61425561     -0.18780264    
   208.62868      0.30322909     -0.65643603     -0.18970251    
   209.02596      0.34461066     -0.68707609     -0.18876275    
   209.55559      0.39818415     -0.72476429     -0.18731573    
   210.08511      0.44858214     -0.75669527     -0.18627147    
   210.61453      0.49650443     -0.78263253     -0.18585387    
   211.01154      0.53182495     -0.79907781     -0.18603435    
   211.54077      0.57988882     -0.82004821     -0.18709582    
   212.06990      0.63082379     -0.84209186     -0.18733855    
   212.59892      0.68306267     -0.86484790     -0.18915577    
   213.12782      0.73497820     -0.88985711     -0.19629841    
   213.52441      0.77410686     -0.91098213     -0.20536140    
   214.05310      0.82686055     -0.94357044     -0.22089146    
   214.58170      0.88122147     -0.98235053     -0.23710580    
   215.11017      0.93912435      -1.0275111     -0.25032651    
   215.50645      0.98415780      -1.0653543     -0.25838891    
   216.03474       1.0453944      -1.1205366     -0.26777682    
   216.56294       1.1080656      -1.1806871     -0.27567160    
   217.09105       1.1725678      -1.2455187     -0.28172857    
   217.61909       1.2397753      -1.3147581     -0.28502971    
   218.01511       1.2920322      -1.3691438     -0.28539160    
   218.54306       1.3633554      -1.4433352     -0.28215945    
   219.07100       1.4348619      -1.5171665     -0.27315855    
   219.59889       1.5048944      -1.5878624     -0.25922784    
   220.12679       1.5724283      -1.6530491     -0.23892930    
   220.52271       1.6215223      -1.6975467     -0.21919006    
   221.05060       1.6857448      -1.7497956     -0.18614724    
   221.57854       1.7466441      -1.7941037     -0.14774314    
   222.10649       1.8011408      -1.8316224     -0.10614139    
   222.50247       1.8373650      -1.8557534     -7.20419437E-02
   223.03049       1.8792180      -1.8829724     -2.13001538E-02
   223.55856       1.9147534      -1.9063673      3.61616872E-02
   224.08670       1.9455996      -1.9250615      0.10060774    
   224.61491       1.9691218      -1.9358822      0.16924813    
   225.01111       1.9784019      -1.9369464      0.22178821    
   225.53946       1.9791083      -1.9297762      0.29187962    
   226.06787       1.9629369      -1.9153082      0.36092678    
   226.59639       1.9293880      -1.8968353      0.42679578    
   227.12498       1.8884959      -1.8772149      0.49069315    
   227.52150       1.8531601      -1.8614423      0.53540504    
   228.05028       1.7938790      -1.8371811      0.58442760    
   228.57915       1.7223295      -1.8085099      0.62179977    
   229.10811       1.6409831      -1.7760267      0.64914423    
   229.50485       1.5762076      -1.7489712      0.66541165    
   230.03389       1.4872787      -1.7070277      0.68151712    
   230.56303       1.3947612      -1.6579959      0.69438046    
   231.09224       1.3005644      -1.6039655      0.70551348    
   231.62151       1.2046473      -1.5491456      0.71481061    
   232.01852       1.1318038      -1.5089295      0.72096860    
   232.54796       1.0342802      -1.4572216      0.72943068    
   233.07748      0.93649411      -1.4079703      0.73730528    
   233.60713      0.83943963      -1.3600918      0.74514216    
   234.00444      0.76824379      -1.3250060      0.75069362    
   234.53427      0.67604554      -1.2791935      0.75570345    
   235.06422      0.58690989      -1.2344863      0.75545335    
   235.59433      0.50011706      -1.1911691      0.74580705    
   236.12462      0.41892377      -1.1494831      0.72914070    
   236.52246      0.36394548      -1.1193652      0.71385652    
   237.05313      0.29659483      -1.0810407      0.67757255    
   237.58405      0.23131081      -1.0410280      0.62890834    
   238.11520      0.16275389      -1.0004852      0.56551641    
   238.51366      0.11081555     -0.97124648      0.51364553    
   239.04498      4.80760857E-02 -0.93442881      0.44494778    
   239.57635     -8.45953124E-04 -0.89987147      0.38271153    
   240.10777     -3.74363586E-02 -0.86590195      0.33085251    
   240.50635     -5.82506433E-02 -0.83926708      0.29803818    
   241.03778     -8.02603364E-02 -0.80110455      0.26263839    
   241.56921     -9.41782743E-02 -0.76262707      0.24026954    
   242.10065     -0.10296097     -0.72683889      0.22640380    
   242.63208     -0.10746668     -0.69546562      0.21933435    
   243.03062     -0.11171692     -0.67789686      0.22203398    
   243.56200     -0.11794046     -0.66351593      0.23459905    
   244.09337     -0.12141334     -0.65523779      0.25482690    
   244.62473     -0.12770000     -0.64919239      0.27414954    
   245.02321     -0.13520211     -0.64642954      0.28576139    
   245.55452     -0.14903483     -0.64734596      0.29596034    
   246.08580     -0.16691254     -0.65464652      0.29890764    
   246.61705     -0.19278204     -0.66227907      0.29809654    
   247.01549     -0.21268857     -0.66687918      0.29650152    
   247.54674     -0.23640338     -0.67187119      0.29314858    
   248.07799     -0.25698048     -0.67374969      0.28841290    
   248.60924     -0.27598804     -0.67483002      0.28504843    
   249.00768     -0.28720850     -0.67451769      0.28363231    
   249.53893     -0.30140653     -0.66751885      0.28310797    
   250.07024     -0.31711650     -0.65294242      0.28214800    
