  0.13234943      2.43956919E-07  1.42554271E-07 -1.05259290E-09
  0.52977455      2.47102946E-07  1.53499357E-07 -1.66267422E-09
   1.0596689      2.52164455E-07  1.68736236E-07 -3.08541503E-09
   1.5895488      2.59153467E-07  1.84825424E-07 -4.20482538E-09
   2.1194093      2.68539026E-07  2.01934711E-07 -5.09074649E-09
   2.5167909      2.77443633E-07  2.15557534E-07 -5.77001735E-09
   3.0466142      2.91248170E-07  2.34940444E-07 -7.78406317E-09
   3.5764179      3.06703583E-07  2.55872379E-07 -1.25962192E-08
   4.1062055      3.23787305E-07  2.78504700E-07 -2.09479083E-08
   4.5035372      3.37438735E-07  2.96685386E-07 -3.00059497E-08
   5.0333042      3.56837347E-07  3.22657456E-07 -4.64703582E-08
   5.5630655      3.77892547E-07  3.50760956E-07 -6.86377746E-08
   6.0928254      4.01474438E-07  3.81238692E-07 -9.67621432E-08
   6.6225853      4.29112418E-07  4.14494366E-07 -1.30565667E-07
   7.0199070      4.53334394E-07  4.41613366E-07 -1.59501738E-07
   7.5496740      4.91416586E-07  4.81258326E-07 -2.02685541E-07
   8.0794458      5.37162180E-07  5.25572659E-07 -2.50303742E-07
   8.6092234      5.93164145E-07  5.75260913E-07 -3.00868294E-07
   9.0065594      6.43562885E-07  6.16564876E-07 -3.39815443E-07
   9.5363464      7.22104630E-07  6.77828780E-07 -3.93451984E-07
   10.066137      8.13189331E-07  7.46958221E-07 -4.50310409E-07
   10.595934      9.15890610E-07  8.24515325E-07 -5.12035740E-07
   11.125734      1.02948025E-06  9.10907318E-07 -5.80287860E-07
   11.523088      1.12193743E-06  9.81808626E-07 -6.36552727E-07
   12.052895      1.25611029E-06  1.08518850E-06 -7.18999217E-07
   12.582705      1.40513282E-06  1.19997878E-06 -8.10358415E-07
   13.112516      1.57222655E-06  1.32812215E-06 -9.11027257E-07
   13.509877      1.71135480E-06  1.43438353E-06 -9.93012009E-07
   14.039695      1.91758272E-06  1.59159617E-06 -1.11177496E-06
   14.569512      2.14980946E-06  1.76886499E-06 -1.24257167E-06
   15.099333      2.41045473E-06  1.96868677E-06 -1.38692462E-06
   15.629155      2.70215014E-06  2.19355957E-06 -1.54638383E-06
   16.026524      2.94311121E-06  2.38018470E-06 -1.67681765E-06
   16.556347      3.29673458E-06  2.65511790E-06 -1.86648708E-06
   17.086174      3.69084137E-06  2.96253370E-06 -2.07587982E-06
   17.616001      4.12963664E-06  3.30563353E-06 -2.30726619E-06
   18.013372      4.49087383E-06  3.58861485E-06 -2.49688401E-06
   18.543203      5.01952218E-06  4.00369208E-06 -2.77388472E-06
   19.073034      5.60750459E-06  4.46662807E-06 -3.08200833E-06
   19.602865      6.26206293E-06  4.98313921E-06 -3.42509657E-06
   20.000238      6.80132598E-06  5.40943938E-06 -3.70796806E-06
   20.530073      7.59145496E-06  6.03518674E-06 -4.12308464E-06
   21.059908      8.47113915E-06  6.73320210E-06 -4.58637533E-06
   21.589746      9.45031752E-06  7.51151947E-06 -5.10341124E-06
   22.119585      1.05400904E-05  8.37916923E-06 -5.68014548E-06
   22.516964      1.14374370E-05  9.09462324E-06 -6.15573117E-06
   23.046803      1.27517051E-05  1.01439200E-05 -6.85284795E-06
   23.576641      1.42148174E-05  1.13136630E-05 -7.62908621E-06
   24.106483      1.58440089E-05  1.26175491E-05 -8.49310982E-06
   24.503866      1.71863321E-05  1.36925091E-05 -9.20457660E-06
   25.033709      1.91533818E-05  1.52683606E-05 -1.02464892E-05
   25.563555      2.13439889E-05  1.70237654E-05 -1.14060895E-05
   26.093401      2.37832846E-05  1.89786679E-05 -1.26967370E-05
   26.623247      2.64991759E-05  2.11552579E-05 -1.41332439E-05
   27.020632      2.87361545E-05  2.29479956E-05 -1.53161418E-05
   27.550480      3.20128747E-05  2.55739942E-05 -1.70484309E-05
   28.080330      3.56602577E-05  2.84972357E-05 -1.89761631E-05
   28.610180      3.97200274E-05  3.17514605E-05 -2.11213173E-05
   29.007568      4.30632426E-05  3.44317668E-05 -2.28874997E-05
   29.537422      4.79597038E-05  3.83580555E-05 -2.54738006E-05
   30.067276      5.34095707E-05  4.27289378E-05 -2.83519148E-05
   30.597130      5.94755475E-05  4.75946326E-05 -3.15549187E-05
   31.126984      6.62275124E-05  5.30111029E-05 -3.51196941E-05
   31.524374      7.17882067E-05  5.74721234E-05 -3.80552592E-05
   32.054230      7.99333575E-05  6.40066137E-05 -4.23549318E-05
   32.584091      8.90004230E-05  7.12807232E-05 -4.71411258E-05
   33.113953      9.90937333E-05  7.93780491E-05 -5.24691168E-05
   33.511349      1.07406435E-04  8.60467408E-05 -5.68573741E-05
   34.041210      1.19582270E-04  9.58143210E-05 -6.32854062E-05
   34.571072      1.33135007E-04  1.06686130E-04 -7.04409904E-05
   35.100933      1.48219799E-04  1.18786484E-04 -7.84060685E-05
   35.630795      1.65009435E-04  1.32253976E-04 -8.72718374E-05
   36.028191      1.78835588E-04  1.43344121E-04 -9.45728898E-05
   36.558052      1.99085611E-04  1.59586707E-04 -1.05266095E-04
   37.087914      2.21625029E-04  1.77665570E-04 -1.17167969E-04
   37.617775      2.46713520E-04  1.97789093E-04 -1.30415428E-04
   38.015179      2.67375406E-04  2.14362110E-04 -1.41325232E-04
   38.545044      2.97639577E-04  2.38637294E-04 -1.57304952E-04
   39.074909      3.31327901E-04  2.65658979E-04 -1.75092704E-04
   39.604782      3.68827663E-04  2.95737816E-04 -1.94893379E-04
   40.002190      3.99711193E-04  3.20509484E-04 -2.11201026E-04
   40.532066      4.44946927E-04  3.56792763E-04 -2.35088053E-04
   41.061943      4.95299697E-04  3.97179916E-04 -2.61678069E-04
   41.591820      5.51348028E-04  4.42135031E-04 -2.91276490E-04
   42.121696      6.13736454E-04  4.92174993E-04 -3.24223249E-04
   42.519104      6.65117055E-04  5.33385784E-04 -3.51356663E-04
   43.048981      7.40375603E-04  5.93748293E-04 -3.91098787E-04
   43.578857      8.24147719E-04  6.60939550E-04 -4.35335358E-04
   44.108734      9.17396857E-04  7.35731970E-04 -4.84574062E-04
   44.506142      9.94193135E-04  7.97328365E-04 -5.25123090E-04
   45.036018      1.10667828E-03  8.87550006E-04 -5.84512716E-04
   45.565895      1.23188738E-03  9.87977372E-04 -6.50615315E-04
   46.095772      1.37125899E-03  1.09976530E-03 -7.24188867E-04
   46.625648      1.52639486E-03  1.22419815E-03 -8.06077092E-04
   47.023060      1.65415683E-03  1.32667553E-03 -8.73510086E-04
   47.552944      1.84129016E-03  1.47677539E-03 -9.72269452E-04
   48.082829      2.04958883E-03  1.64385419E-03 -1.08218507E-03
   48.612720      2.28144368E-03  1.82983058E-03 -1.20451441E-03
   49.010139      2.47238530E-03  1.98299158E-03 -1.30524347E-03
   49.540031      2.75205146E-03  2.20732507E-03 -1.45275611E-03
   50.069923      3.06333741E-03  2.45702756E-03 -1.61691592E-03
   50.599815      3.40981549E-03  2.73496588E-03 -1.79959438E-03
   51.129707      3.79545847E-03  3.04433051E-03 -2.00287299E-03
   51.527126      4.11303435E-03  3.29909776E-03 -2.17023259E-03
   52.057018      4.57815360E-03  3.67223751E-03 -2.41528032E-03
   52.586910      5.09582739E-03  4.08755429E-03 -2.68792431E-03
   53.116802      5.67198545E-03  4.54981346E-03 -2.99125700E-03
   53.514221      6.14642538E-03  4.93047619E-03 -3.24094598E-03
   54.044113      6.84124324E-03  5.48798125E-03 -3.60646797E-03
   54.574013      7.61451153E-03  6.10846840E-03 -4.01305547E-03
   55.103912      8.47506244E-03  6.79903664E-03 -4.46528383E-03
   55.501335      9.18362476E-03  7.36767054E-03 -4.83744079E-03
   56.031239      1.02212168E-02  8.20041168E-03 -5.38208988E-03
   56.561146      1.13758277E-02  9.12713911E-03 -5.98771079E-03
   57.091053      1.26606021E-02  1.01584299E-02 -6.66105188E-03
   57.620960      1.40901525E-02  1.13060456E-02 -7.40958657E-03
   58.018391      1.52670285E-02  1.22509049E-02 -8.02528299E-03
   58.548298      1.69901010E-02  1.36344153E-02 -8.92585516E-03
   59.078205      1.89070795E-02  1.51738161E-02 -9.92655940E-03
   59.608112      2.10396610E-02  1.68865956E-02 -1.10383211E-02
   60.005543      2.27949843E-02  1.82965882E-02 -1.19522242E-02
   60.535450      2.53645293E-02  2.03609392E-02 -1.32880770E-02
   61.065357      2.82225888E-02  2.26574615E-02 -1.47712240E-02
   61.595264      3.14012170E-02  2.52119564E-02 -1.64174829E-02
   62.125168      3.49364504E-02  2.80535575E-02 -1.82442535E-02
   62.522591      3.78460549E-02  3.03926971E-02 -1.97441187E-02
   63.052483      4.21046875E-02  3.38167027E-02 -2.19335072E-02
   63.582371      4.68383133E-02  3.76220159E-02 -2.43605971E-02
   64.112244      5.20936325E-02  4.18441743E-02 -2.70508975E-02
   64.509636      5.64076044E-02  4.53064963E-02 -2.92580947E-02
   65.039474      6.27011284E-02  5.03495932E-02 -3.24775912E-02
   65.569275      6.96727335E-02  5.59234582E-02 -3.60427685E-02
   66.099030      7.73977563E-02  6.20854050E-02 -3.99888046E-02
   66.628723      8.59647617E-02  6.89056218E-02 -4.43545468E-02
   67.025932      9.30024683E-02  7.45011121E-02 -4.79300804E-02
   67.555450      0.10328765      8.26718286E-02 -5.31375855E-02
   68.084801      0.11470426      9.17396992E-02 -5.88960983E-02
   68.613899      0.12736931      0.10181175     -6.52590767E-02
   69.010536      0.13776714      0.11010435     -7.04587251E-02
   69.539139      0.15295546      0.12227543     -7.79960603E-02
   70.067490      0.16982529      0.13588586     -8.62543732E-02
   70.595566      0.18857609      0.15111317     -9.52586532E-02
   71.123398      0.20941031      0.16811149     -0.10503284    
   71.519096      0.22651668      0.18209702     -0.11288484    
   72.046478      0.25144151      0.20247778     -0.12407470    
   72.573631      0.27894941      0.22494672     -0.13611796    
   73.100563      0.30925018      0.24966070     -0.14904147    
   73.627251      0.34257939      0.27680647     -0.16286258    
   74.022125      0.36969921      0.29886648     -0.17382833    
   74.548454      0.40883380      0.33063745     -0.18927272    
   75.074585      0.45147392      0.36515531     -0.20569588    
   75.600517      0.49778596      0.40253118     -0.22311191    
   76.126266      0.54810262      0.44303840     -0.24146013    
   76.520493      0.58871770      0.47571394     -0.25575688    
   77.045998      0.64705068      0.52273399     -0.27537376    
   77.571327      0.71050376      0.57412052     -0.29530191    
   78.096527      0.77940375      0.63020974     -0.31485486    
   78.621574      0.85530555      0.69069791     -0.33248302    
   79.015312      0.91520333      0.73750389     -0.34512365    
   79.540161      0.99580371      0.79997182     -0.36374030    
   80.064880       1.0744944      0.86334312     -0.38772264    
   80.589546       1.1519961      0.93219525     -0.41749015    
   81.114098       1.2320340       1.0120583     -0.44403914    
   81.507446       1.2983325       1.0805382     -0.45847359    
   82.031914       1.3947617       1.1802021     -0.46782681    
   82.556343       1.4923452       1.2827121     -0.46507207    
   83.080704       1.5864682       1.3826555     -0.45292091    
   83.605011       1.6766688       1.4778937     -0.43083397    
   84.129288       1.7624356       1.5678027     -0.39826262    
   84.522484       1.8232228       1.6298772     -0.36628449    
   85.046745       1.8955398       1.7010995     -0.31596148    
   85.571007       1.9523869       1.7562835     -0.26153052    
   86.095299       1.9947686       1.7975668     -0.20469011    
   86.619637       2.0313239       1.8286173     -0.14139813    
   87.012924       2.0577345       1.8474032     -8.73060748E-02
   87.537369       2.0893450       1.8648210     -5.61131537E-03
   88.061897       2.1111312       1.8717841      8.54056850E-02
   88.586540       2.1214774       1.8669035      0.18070319    
   89.111305       2.1142538       1.8487592      0.27787137    
   89.504898       2.0986373       1.8272057      0.35160452    
   90.029755       2.0627699       1.7909335      0.44781816    
   90.554764       2.0113766       1.7483010      0.53800499    
   91.079956       1.9433502       1.7011366      0.62149584    
   91.605278       1.8559718       1.6495064      0.69722044    
   92.130737       1.7489407       1.5936112      0.76469231    
   92.524986       1.6592311       1.5490400      0.80970395    
   93.050819       1.5313073       1.4861969      0.86219263    
   93.576805       1.3963521       1.4205420      0.90506357    
   94.103027       1.2553538       1.3543713      0.93605226    
   94.629448       1.1092205       1.2891395      0.95143503    
   95.024406      0.99923456       1.2403580      0.95582712    
   95.551254      0.85660934       1.1733975      0.95408916    
   96.078323      0.72133452       1.1012018      0.94666529    
   96.605637      0.59428197       1.0224915      0.93408501    
   97.001274      0.50439501      0.96024430      0.92018509    
   97.529015      0.39254743      0.87428451      0.89665157    
   98.057014      0.29008019      0.78933513      0.86993194    
   98.585297      0.19519663      0.70848244      0.84140462    
   99.113861      9.99208242E-02  0.63547599      0.80912399    
   99.510498      2.50052121E-02  0.58558547      0.77871001    
   100.03961     -8.08822587E-02  0.52466321      0.72684056    
   100.56907     -0.18869115      0.46809536      0.66426694    
   101.09887     -0.29354107      0.41246080      0.59283549    
   101.62887     -0.38662100      0.35573652      0.52037865    
   102.02637     -0.44360423      0.31266546      0.46949083    
   102.55637     -0.50427473      0.25753236      0.40956882    
   103.08636     -0.54413325      0.21051635      0.36080116    
   103.61636     -0.56841272      0.17048272      0.32441285    
   104.01386     -0.57849479      0.14543699      0.30464560    
   104.54386     -0.58560127      0.11949410      0.28428805    
   105.07386     -0.58930343      0.10051069      0.26508683    
   105.60386     -0.59190565      8.62079859E-02  0.24103601    
   106.00136     -0.59667605      7.84415528E-02  0.21821214    
   106.53136     -0.60729277      7.06635714E-02  0.18196408    
   107.06136     -0.61829048      6.65077269E-02  0.14279616    
   107.59136     -0.62398320      6.48955703E-02  0.10475963    
   108.12138     -0.62288636      6.46662489E-02  6.96710497E-02
   108.51888     -0.61635971      6.46557063E-02  4.74284664E-02
   109.04890     -0.60158581      6.53518364E-02  2.50741150E-02
   109.57893     -0.58164978      6.61761835E-02  8.71830713E-03
   110.10896     -0.55774999      6.73752949E-02 -3.57580255E-03
   110.50648     -0.53875160      7.02624545E-02 -1.06276851E-02
   111.03651     -0.51273572      7.72623271E-02 -1.77111924E-02
   111.56654     -0.48616534      8.73946175E-02 -2.18195915E-02
   112.09657     -0.45936072      9.95543748E-02 -2.35308819E-02
   112.62660     -0.43288767      0.11174189     -2.37005278E-02
   113.02412     -0.41357020      0.11964808     -2.28452533E-02
   113.55415     -0.38889414      0.12735531     -1.95873976E-02
   114.08418     -0.36495835      0.13126789     -1.35782016E-02
   114.61421     -0.34092051      0.13235064     -4.45157243E-03
   115.01173     -0.32209179      0.13261956      4.88966610E-03
   115.54176     -0.29567379      0.13391843      2.08463389E-02
   116.07179     -0.26884863      0.13742194      3.95053811E-02
   116.60182     -0.24326505      0.14355928      5.89441359E-02
   117.13185     -0.22142197      0.15171401      7.65312612E-02
   117.52937     -0.20747061      0.15832292      8.78913179E-02
   118.05940     -0.19048877      0.16685653      9.97021347E-02
   118.58943     -0.17647901      0.17435053      0.10729830    
   119.11946     -0.16512074      0.18025789      0.11189648    
   119.51698     -0.15776449      0.18433443      0.11437062    
   120.04702     -0.14905065      0.19093800      0.11798421    
   120.57706     -0.14139289      0.19915408      0.12292324    
   121.10711     -0.13292229      0.20793933      0.12918419    
   121.50465     -0.12591878      0.21411081      0.13500619    
   122.03471     -0.11585348      0.22066113      0.14360026    
   122.56477     -0.10467386      0.22425270      0.15200770    
   123.09483     -9.37331915E-02  0.22530088      0.15902987    
   123.62489     -8.51377845E-02  0.22419424      0.16230848    
   124.02244     -8.14302266E-02  0.22272748      0.16402225    
   124.55250     -7.95460343E-02  0.22077890      0.16533761    
   125.08256     -7.95428082E-02  0.21917070      0.16622975    
   125.61262     -8.01804289E-02  0.21764912      0.16778338    
   126.01016     -8.06153566E-02  0.21580808      0.16947864    
   126.54022     -8.08419734E-02  0.21198854      0.17350093    
   127.07028     -8.03414658E-02  0.20663610      0.17950442    
   127.60034     -7.96735063E-02  0.20026995      0.18667281    
   128.13040     -8.01360607E-02  0.19464660      0.19406900    
   128.52797     -8.21744204E-02  0.19191080      0.19874935    
   129.05806     -8.64598155E-02  0.19062918      0.20321476    
   129.58815     -9.12968218E-02  0.19121328      0.20540160    
   130.11824     -9.54027325E-02  0.19235837      0.20542569    
   130.51581     -9.74683613E-02  0.19329016      0.20409077    
   131.04590     -9.88802910E-02  0.19403753      0.20111902    
   131.57599     -9.90340710E-02  0.19367135      0.19685803    
   132.10608     -9.84593183E-02  0.19133982      0.19144410    
   132.50365     -9.83396545E-02  0.18778659      0.18648511    
   133.03374     -9.94208306E-02  0.18073039      0.17886707    
   133.56387     -0.10135078      0.17209195      0.17102036    
   134.09402     -0.10265549      0.16275313      0.16404389    
   134.62418     -0.10268310      0.15359707      0.15878277    
   135.02179     -0.10177614      0.14740843      0.15598570    
   135.55199     -9.99497175E-02  0.14037651      0.15368342    
   136.08220     -9.82799456E-02  0.13454743      0.15231074    
   136.61244     -9.70627964E-02  0.12921062      0.15131272    
   137.01015     -9.60840583E-02  0.12500513      0.15068591    
   137.54047     -9.43579823E-02  0.11859589      0.15036222    
   138.07083     -9.14525613E-02  0.11110622      0.15045604    
   138.60126     -8.69891271E-02  0.10339665      0.15018937    
   139.13176     -8.18441212E-02  9.69842300E-02  0.14903259    
   139.52971     -7.73681402E-02  9.32986736E-02  0.14770328    
   140.06041     -7.07834065E-02  9.04380903E-02  0.14553630    
   140.59123     -6.44124299E-02  9.01838988E-02  0.14247839    
   141.12222     -5.84349185E-02  9.15556103E-02  0.13810456    
   141.52058     -5.39391227E-02  9.34903920E-02  0.13429463    
   142.05193     -4.81580645E-02  9.71174315E-02  0.12893951    
   142.58354     -4.24253978E-02  0.10011116      0.12391510    
   143.11548     -3.57713141E-02  0.10150661      0.12000361    
   143.51466     -3.02026141E-02  0.10115357      0.11794679    
   144.04729     -2.16653012E-02  9.86056626E-02  0.11628295    
   144.58037     -1.22682806E-02  9.30659473E-02  0.11535646    
   145.11369     -2.64422502E-03  8.40822682E-02  0.11434639    
   145.51369      5.11203334E-03  7.52673745E-02  0.11319211    
   146.04706      1.67048145E-02  6.08102158E-02  0.11096168    
   146.58051      3.00994162E-02  4.33246456E-02  0.10799072    
   147.11404      4.48530540E-02  2.31591724E-02  0.10450500    
   147.51428      5.58749214E-02  6.52347784E-03  0.10151493    
   148.04805      6.96721673E-02 -1.72724463E-02  9.73415449E-02
   148.58199      8.24307129E-02 -4.21294942E-02  9.36106741E-02
   149.11613      9.46538895E-02 -6.71479553E-02  9.08125937E-02
   149.51691      0.10383819     -8.55031088E-02  8.95148590E-02
   150.05154      0.11706411     -0.10891552      8.96153301E-02
   150.58652      0.13195592     -0.13064569      9.19156149E-02
   151.12189      0.14880230     -0.15032393      9.57973152E-02
   151.52371      0.16285025     -0.16370551      9.91195366E-02
   152.05992      0.18289727     -0.18000123      0.10289602    
   152.59669      0.20396490     -0.19509283      0.10616598    
   153.13408      0.22604966     -0.20964631      0.10938850    
   153.53720      0.24292834     -0.22050650      0.11206365    
   154.07394      0.26494509     -0.23500186      0.11627443    
   154.60988      0.28493276     -0.24936169      0.12233372    
   155.01134      0.29836625     -0.25998095      0.12827992    
   155.54599      0.31427187     -0.27415508      0.13796957    
   156.08002      0.32822141     -0.28889900      0.15007697    
   156.61346      0.34070548     -0.30493754      0.16444375    
   157.01323      0.34935915     -0.31804925      0.17662834    
   157.54585      0.35991612     -0.33670554      0.19475906    
   158.07808      0.36886615     -0.35571218      0.21463086    
   158.60999      0.37549320     -0.37357911      0.23577350    
   159.00874      0.37838188     -0.38513571      0.25209925    
   159.54021      0.37917903     -0.39732075      0.27409494    
   160.07144      0.37622970     -0.40518925      0.29624778    
   160.60249      0.36930189     -0.40839306      0.31800607    
   161.00069      0.36184609     -0.40845388      0.33390221    
   161.53151      0.34808284     -0.40397644      0.35426474    
   162.06223      0.32880235     -0.39417484      0.37258503    
   162.59283      0.30519426     -0.37917370      0.38974983    
   163.12338      0.27843693     -0.36062369      0.40669709    
   163.52127      0.25674266     -0.34560198      0.41914675    
   164.05173      0.22602485     -0.32429802      0.43409958    
   164.58218      0.19195923     -0.30139706      0.44548336    
   165.11259      0.15342540     -0.27610296      0.45242798    
   165.51041      0.12269917     -0.25555640      0.45589980    
   166.04085      8.15072432E-02 -0.22702587      0.45882258    
   166.57130      4.13298085E-02 -0.19775696      0.45887810    
   167.10178      2.06549466E-03 -0.16741833      0.45665678    
   167.63229     -3.53027433E-02 -0.13541406      0.45266128    
   168.03020     -6.18917421E-02 -0.11037780      0.44865003    
   168.56079     -9.54944491E-02 -7.62450621E-02  0.44155639    
   169.09143     -0.12732625     -4.22416404E-02  0.43155405    
   169.62213     -0.15669203     -8.70546885E-03  0.41905752    
   170.02020     -0.17765127      1.57176144E-02  0.40779144    
   170.55101     -0.20487687      4.59255688E-02  0.39023566    
   171.08188     -0.22998708      7.27253407E-02  0.37171847    
   171.61281     -0.25114316      9.53603610E-02  0.35385627    
   172.01105     -0.26403758      0.10982297      0.34135503    
   172.54208     -0.27720261      0.12675503      0.32615647    
   173.07320     -0.28636494      0.14189972      0.31150693    
   173.60439     -0.29342142      0.15608276      0.29554299    
   174.00282     -0.29824001      0.16639702      0.28201896    
   174.53413     -0.30380160      0.17967834      0.26240361    
   175.06552     -0.30716717      0.19172107      0.24236679    
   175.59698     -0.30639434      0.20086761      0.22350100    
   176.12851     -0.30057985      0.20555633      0.20672199    
   176.52718     -0.29372385      0.20598902      0.19467950    
   177.05879     -0.28235701      0.20263273      0.17797840    
   177.59047     -0.26928455      0.19540752      0.16057423    
   178.12215     -0.25478333      0.18515606      0.14282215    
   178.52090     -0.24282712      0.17564349      0.12965713    
   179.05258     -0.22504175      0.16040780      0.11299303    
   179.58426     -0.20424774      0.14200351      9.78621244E-02
   180.11594     -0.18034643      0.11991522      8.44257250E-02
   180.51469     -0.16091728      0.10085617      7.53885061E-02
   181.04640     -0.13413677      7.22737238E-02  6.51637465E-02
   181.57811     -0.10700600      4.09288220E-02  5.69675937E-02
   182.10982     -7.91965872E-02  7.56336097E-03  5.10681793E-02
   182.50858     -5.74323200E-02 -1.79977771E-02  4.82535586E-02
   183.04025     -2.70729903E-02 -5.21854237E-02  4.69659045E-02
   183.57190      4.92566917E-03 -8.58159810E-02  4.89032790E-02
   184.10352      3.95143740E-02 -0.11839791      5.46245649E-02
   184.50218      6.68463334E-02 -0.14196499      6.11486249E-02
   185.03371      0.10339642     -0.17154026      7.22476095E-02
   185.56517      0.13757120     -0.19848907      8.50260854E-02
   186.09657      0.16792044     -0.22318220      9.87156183E-02
   186.62791      0.19449791     -0.24609992      0.11342364    
   187.02638      0.21244496     -0.26221514      0.12534811    
   187.55762      0.23414043     -0.28179675      0.14281300    
   188.08879      0.25309041     -0.29826722      0.16216306    
   188.61992      0.26858929     -0.31042865      0.18296260    
   189.01822      0.27628925     -0.31537861      0.19958872    
   189.54924      0.28265548     -0.31885880      0.22314110    
   190.08020      0.28475392     -0.32025531      0.24704166    
   190.61111      0.28323308     -0.32053211      0.26977628    
   191.00928      0.27925751     -0.32096046      0.28556180    
   191.54012      0.26987365     -0.32147461      0.30527052    
   192.07094      0.25601071     -0.32056481      0.32335371    
   192.60172      0.23787421     -0.31724632      0.33993417    
   193.13248      0.21668372     -0.31132269      0.35561129    
   193.53055      0.20019272     -0.30492938      0.36681187    
   194.06131      0.17762305     -0.29315048      0.38087982    
   194.59210      0.15231246     -0.27681759      0.39262837    
   195.12280      0.12198647     -0.25608075      0.39934760    
   195.52074      9.68180150E-02 -0.23839077      0.40119049    
   196.05119      6.23994097E-02 -0.21345964      0.39998221    
   196.58153      2.82363053E-02 -0.18806195      0.39463905    
   197.11174     -4.28534439E-03 -0.16273165      0.38634905    
   197.50932     -2.69360859E-02 -0.14404437      0.37952077    
   198.03932     -5.49095795E-02 -0.11971696      0.36976677    
   198.56921     -8.02753121E-02 -9.55378637E-02  0.35816404    
   199.09900     -0.10218920     -7.16238320E-02  0.34463286    
   199.62869     -0.12185650     -4.88467105E-02  0.32782102    
   200.02591     -0.13466868     -3.36536206E-02  0.31309909    
   200.55545     -0.14781614     -1.68414135E-02  0.29113054    
   201.08492     -0.15553524     -5.97373676E-03  0.26747355    
   201.61430     -0.15717132     -2.55797338E-03  0.24261737    
   202.01131     -0.15497538     -3.85733787E-03  0.22328605    
   202.54060     -0.14909215     -1.10125951E-02  0.19679284    
   203.06985     -0.13812533     -2.26050802E-02  0.16911066    
   203.59909     -0.12309016     -3.81215326E-02  0.13989615    
   204.12833     -0.10401453     -5.72194718E-02  0.10967763    
   204.52525     -8.66381451E-02 -7.39693493E-02  8.67553204E-02
   205.05449     -5.94091229E-02 -9.93565470E-02  5.66013865E-02
   205.58379     -2.72518396E-02 -0.12800385      2.87166759E-02
   206.11311      1.08025651E-02 -0.15915234      5.44634182E-03
   206.51016      4.32758778E-02 -0.18309924     -9.07531567E-03
   207.03963      8.81534889E-02 -0.21650763     -2.53413972E-02
   207.56920      0.13394339     -0.25258604     -4.02496643E-02
   208.09889      0.18089625     -0.29174694     -5.33003286E-02
   208.62868      0.22931144     -0.33338264     -6.36282414E-02
   209.02596      0.26733285     -0.36578715     -6.86775520E-02
   209.55559      0.32187134     -0.40932536     -7.08495453E-02
   210.08511      0.37984064     -0.45169935     -6.88345134E-02
   210.61453      0.44002241     -0.49109173     -6.10889047E-02
   211.01154      0.48608655     -0.51782805     -5.36851399E-02
   211.54077      0.54429132     -0.54934537     -4.38674614E-02
   212.06990      0.59690261     -0.57727289     -3.67859416E-02
   212.59892      0.64433706     -0.60429609     -3.32873687E-02
   213.12782      0.69053930     -0.63356376     -3.18614542E-02
   213.52441      0.72694778     -0.65792632     -3.18777859E-02
   214.05310      0.77726066     -0.69380212     -3.42115089E-02
   214.58170      0.82821810     -0.73378789     -4.07327786E-02
   215.11017      0.87848401     -0.77795124     -5.36075160E-02
   215.50645      0.91422451     -0.81411934     -6.79620504E-02
   216.03474      0.96045804     -0.86658591     -9.18236077E-02
   216.56294       1.0085499     -0.92440462     -0.11828471    
   217.09105       1.0614011     -0.98812294     -0.14456046    
   217.61909       1.1201358      -1.0575271     -0.16880542    
   218.01511       1.1674181      -1.1124369     -0.18528146    
   218.54306       1.2335742      -1.1879652     -0.20496039    
   219.07100       1.3028028      -1.2644386     -0.22060406    
   219.59889       1.3742195      -1.3399065     -0.23119611    
   220.12679       1.4491831      -1.4116181     -0.23418194    
   220.52271       1.5058303      -1.4616296     -0.23010823    
   221.05060       1.5794189      -1.5219923     -0.21700335    
   221.57854       1.6478407      -1.5752779     -0.19627413    
   222.10649       1.7081816      -1.6233535     -0.16986333    
   222.50247       1.7481434      -1.6566058     -0.14706536    
   223.03049       1.7960415      -1.6961808     -0.11171347    
   223.55856       1.8389729      -1.7283192     -6.96736872E-02
   224.08670       1.8757133      -1.7504102     -2.11846232E-02
   224.61491       1.9052970      -1.7625680      3.24869826E-02
   225.01111       1.9235468      -1.7677466      7.52896667E-02
   225.53946       1.9373895      -1.7694867      0.13536271    
   226.06787       1.9373569      -1.7671263      0.19773524    
   226.59639       1.9271668      -1.7614412      0.25870934    
   227.12498       1.9001284      -1.7493597      0.31568655    
   227.52150       1.8712442      -1.7351320      0.35659873    
   228.05028       1.8263538      -1.7116033      0.41046461    
   228.57915       1.7762935      -1.6844079      0.46350715    
   229.10811       1.7178273      -1.6527035      0.51297128    
   229.50485       1.6652094      -1.6251464      0.54619002    
   230.03389       1.5834076      -1.5839661      0.58395177    
   230.56303       1.4928069      -1.5409577      0.61497337    
   231.09224       1.3979800      -1.4986625      0.64054698    
   231.62151       1.2990677      -1.4569356      0.66001976    
   232.01852       1.2231866      -1.4254872      0.67050934    
   232.54796       1.1220741      -1.3834778      0.67867655    
   233.07748       1.0240903      -1.3409573      0.68100011    
   233.60713      0.93196112      -1.2972779      0.67904592    
   234.00444      0.86719501      -1.2634627      0.67503530    
   234.53427      0.78541303      -1.2159193      0.66613173    
   235.06422      0.70738399      -1.1652381      0.65300131    
   235.59433      0.63068169      -1.1120467      0.63329524    
   236.12462      0.55878413      -1.0573151      0.61133289    
   236.52246      0.50898689      -1.0167329      0.59575748    
   237.05313      0.44355756     -0.96477401      0.57510448    
   237.58405      0.37768543     -0.91395098      0.55129111    
   238.11520      0.31065279     -0.86588925      0.52151680    
   238.51366      0.26044095     -0.83229303      0.49482682    
   239.04498      0.19538793     -0.78980994      0.45539570    
   239.57635      0.13461566     -0.74866188      0.41495043    
   240.10777      8.19770843E-02 -0.70816100      0.37776035    
   240.50635      4.91911061E-02 -0.67914724      0.35465139    
   241.03778      1.24988277E-02 -0.64559466      0.32975793    
   241.56921     -2.02210154E-02 -0.61994064      0.30977404    
   242.10065     -5.15561402E-02 -0.60270268      0.29116115    
   242.63208     -8.08104649E-02 -0.59135294      0.27258682    
   243.03062     -0.10086235     -0.58524704      0.26051664    
   243.56200     -0.12157203     -0.57932478      0.24876361    
   244.09337     -0.13524243     -0.57409871      0.24311574    
   244.62473     -0.14820653     -0.56879127      0.24401197    
   245.02321     -0.15600587     -0.56457174      0.24849080    
   245.55452     -0.16406307     -0.55835390      0.25623465    
   246.08580     -0.17338739     -0.55128503      0.26238394    
   246.61705     -0.18507157     -0.54184884      0.26501286    
   247.01549     -0.19814628     -0.53387362      0.26697499    
   247.54674     -0.21985167     -0.52209115      0.27044594    
   248.07799     -0.24165136     -0.51037365      0.27570468    
   248.60924     -0.26019356     -0.50037915      0.28252241    
   249.00768     -0.27218521     -0.49362934      0.28970796    
   249.53893     -0.28696930     -0.48575813      0.30209544    
   250.07024     -0.30152416     -0.47896868      0.31613439    
