     0.13235E-01     0.38360E-07     0.22201E-06    -0.17844E-10
     0.52978E-01     0.40997E-07     0.24079E-06    -0.28941E-10
     0.10597E+00     0.44870E-07     0.26990E-06    -0.85208E-10
     0.15896E+00     0.49260E-07     0.30370E-06    -0.23816E-09
     0.21194E+00     0.54283E-07     0.34252E-06    -0.57592E-09
     0.25168E+00     0.58535E-07     0.37539E-06    -0.99536E-09
     0.30466E+00     0.64946E-07     0.42517E-06    -0.18520E-08
     0.35764E+00     0.72321E-07     0.48317E-06    -0.30913E-08
     0.41062E+00     0.80805E-07     0.55115E-06    -0.47292E-08
     0.45035E+00     0.87990E-07     0.60986E-06    -0.60639E-08
     0.50333E+00     0.98807E-07     0.70005E-06    -0.78638E-08
     0.55631E+00     0.11122E-06     0.80555E-06    -0.94486E-08
     0.60928E+00     0.12546E-06     0.92804E-06    -0.10588E-07
     0.66226E+00     0.14173E-06     0.10690E-05    -0.11142E-07
     0.70199E+00     0.15542E-06     0.11875E-05    -0.11299E-07
     0.75497E+00     0.17584E-06     0.13634E-05    -0.11461E-07
     0.80795E+00     0.19897E-06     0.15601E-05    -0.11788E-07
     0.86092E+00     0.22504E-06     0.17778E-05    -0.12521E-07
     0.90066E+00     0.24667E-06     0.19547E-05    -0.13502E-07
     0.95364E+00     0.27849E-06     0.22084E-05    -0.15559E-07
     0.10066E+01     0.31394E-06     0.24819E-05    -0.18416E-07
     0.10596E+01     0.35330E-06     0.27748E-05    -0.21877E-07
     0.11126E+01     0.39687E-06     0.30871E-05    -0.25638E-07
     0.11523E+01     0.43251E-06     0.33345E-05    -0.28415E-07
     0.12053E+01     0.48430E-06     0.36835E-05    -0.31854E-07
     0.12583E+01     0.54143E-06     0.40572E-05    -0.34900E-07
     0.13113E+01     0.60448E-06     0.44603E-05    -0.37398E-07
     0.13510E+01     0.65605E-06     0.47856E-05    -0.39002E-07
     0.14040E+01     0.73117E-06     0.52561E-05    -0.41191E-07
     0.14570E+01     0.81432E-06     0.57771E-05    -0.42782E-07
     0.15099E+01     0.90641E-06     0.63591E-05    -0.43583E-07
     0.15629E+01     0.10085E-05     0.70131E-05    -0.43769E-07
     0.16027E+01     0.10923E-05     0.75572E-05    -0.43745E-07
     0.16556E+01     0.12147E-05     0.83632E-05    -0.43746E-07
     0.17086E+01     0.13504E-05     0.92709E-05    -0.44070E-07
     0.17616E+01     0.15008E-05     0.10291E-04    -0.45036E-07
     0.18013E+01     0.16243E-05     0.11138E-04    -0.46533E-07
     0.18543E+01     0.18048E-05     0.12385E-04    -0.49806E-07
     0.19073E+01     0.20052E-05     0.13782E-04    -0.54644E-07
     0.19603E+01     0.22281E-05     0.15346E-04    -0.61287E-07
     0.20000E+01     0.24117E-05     0.16641E-04    -0.67726E-07
     0.20530E+01     0.26809E-05     0.18547E-04    -0.78680E-07
     0.21060E+01     0.29812E-05     0.20678E-04    -0.92662E-07
     0.21590E+01     0.33161E-05     0.23058E-04    -0.10990E-06
     0.22120E+01     0.36896E-05     0.25712E-04    -0.12964E-06
     0.22517E+01     0.39974E-05     0.27896E-04    -0.14536E-06
     0.23047E+01     0.44483E-05     0.31091E-04    -0.16715E-06
     0.23577E+01     0.49500E-05     0.34636E-04    -0.18999E-06
     0.24107E+01     0.55083E-05     0.38571E-04    -0.21401E-06
     0.24504E+01     0.59680E-05     0.41804E-04    -0.23280E-06
     0.25034E+01     0.66414E-05     0.46534E-04    -0.25901E-06
     0.25564E+01     0.73915E-05     0.51797E-04    -0.28721E-06
     0.26093E+01     0.82272E-05     0.57659E-04    -0.31823E-06
     0.26623E+01     0.91583E-05     0.64189E-04    -0.35249E-06
     0.27021E+01     0.99255E-05     0.69570E-04    -0.38032E-06
     0.27551E+01     0.11049E-04     0.77451E-04    -0.42046E-06
     0.28080E+01     0.12300E-04     0.86220E-04    -0.46470E-06
     0.28610E+01     0.13693E-04     0.95974E-04    -0.51377E-06
     0.29008E+01     0.14839E-04     0.10400E-03    -0.55417E-06
     0.29538E+01     0.16517E-04     0.11576E-03    -0.61358E-06
     0.30067E+01     0.18385E-04     0.12885E-03    -0.68041E-06
     0.30597E+01     0.20464E-04     0.14341E-03    -0.75608E-06
     0.31127E+01     0.22779E-04     0.15963E-03    -0.84186E-06
     0.31524E+01     0.24686E-04     0.17299E-03    -0.91349E-06
     0.32054E+01     0.27479E-04     0.19256E-03    -0.10195E-05
     0.32584E+01     0.30588E-04     0.21433E-03    -0.11384E-05
     0.33114E+01     0.34048E-04     0.23856E-03    -0.12706E-05
     0.33511E+01     0.36898E-04     0.25851E-03    -0.13791E-05
     0.34041E+01     0.41072E-04     0.28772E-03    -0.15373E-05
     0.34571E+01     0.45718E-04     0.32022E-03    -0.17123E-05
     0.35101E+01     0.50889E-04     0.35639E-03    -0.19060E-05
     0.35631E+01     0.56645E-04     0.39664E-03    -0.21203E-05
     0.36028E+01     0.61384E-04     0.42977E-03    -0.22962E-05
     0.36558E+01     0.68326E-04     0.47828E-03    -0.25529E-05
     0.37088E+01     0.76052E-04     0.53224E-03    -0.28377E-05
     0.37618E+01     0.84651E-04     0.59228E-03    -0.31541E-05
     0.38015E+01     0.91731E-04     0.64168E-03    -0.34141E-05
     0.38545E+01     0.10210E-03     0.71400E-03    -0.37942E-05
     0.39075E+01     0.11364E-03     0.79444E-03    -0.42163E-05
     0.39605E+01     0.12648E-03     0.88389E-03    -0.46848E-05
     0.40002E+01     0.13705E-03     0.95749E-03    -0.50697E-05
     0.40532E+01     0.15253E-03     0.10652E-02    -0.56320E-05
     0.41062E+01     0.16976E-03     0.11849E-02    -0.62553E-05
     0.41592E+01     0.18893E-03     0.13180E-02    -0.69462E-05
     0.42122E+01     0.21025E-03     0.14659E-02    -0.77117E-05
     0.42519E+01     0.22780E-03     0.15875E-02    -0.83386E-05
     0.43049E+01     0.25350E-03     0.17653E-02    -0.92511E-05
     0.43579E+01     0.28209E-03     0.19628E-02    -0.10260E-04
     0.44109E+01     0.31389E-03     0.21821E-02    -0.11374E-04
     0.44506E+01     0.34006E-03     0.23624E-02    -0.12284E-04
     0.45036E+01     0.37836E-03     0.26257E-02    -0.13598E-04
     0.45566E+01     0.42096E-03     0.29178E-02    -0.15035E-04
     0.46096E+01     0.46832E-03     0.32419E-02    -0.16611E-04
     0.46626E+01     0.52097E-03     0.36011E-02    -0.18343E-04
     0.47023E+01     0.56428E-03     0.38959E-02    -0.19754E-04
     0.47553E+01     0.62765E-03     0.43259E-02    -0.21795E-04
     0.48083E+01     0.69806E-03     0.48019E-02    -0.24027E-04
     0.48613E+01     0.77631E-03     0.53288E-02    -0.26451E-04
     0.49010E+01     0.84063E-03     0.57602E-02    -0.28398E-04
     0.49540E+01     0.93467E-03     0.63883E-02    -0.31173E-04
     0.50070E+01     0.10391E-02     0.70819E-02    -0.34159E-04
     0.50600E+01     0.11550E-02     0.78472E-02    -0.37354E-04
     0.51130E+01     0.12837E-02     0.86910E-02    -0.40745E-04
     0.51527E+01     0.13894E-02     0.93794E-02    -0.43416E-04
     0.52057E+01     0.15437E-02     0.10377E-01    -0.47120E-04
     0.52587E+01     0.17148E-02     0.11474E-01    -0.50994E-04
     0.53117E+01     0.19044E-02     0.12677E-01    -0.55063E-04
     0.53515E+01     0.20600E-02     0.13654E-01    -0.57953E-04
     0.54044E+01     0.22867E-02     0.15062E-01    -0.60854E-04
     0.54574E+01     0.25375E-02     0.16599E-01    -0.60923E-04
     0.55104E+01     0.28145E-02     0.18274E-01    -0.56367E-04
     0.55502E+01     0.30407E-02     0.19625E-01    -0.45586E-04
     0.56032E+01     0.33697E-02     0.21562E-01    -0.22634E-04
     0.56561E+01     0.37320E-02     0.23657E-01     0.12174E-04
     0.57091E+01     0.41291E-02     0.25914E-01     0.64526E-04
     0.57621E+01     0.45652E-02     0.28337E-01     0.12971E-03
     0.58019E+01     0.49204E-02     0.30261E-01     0.17793E-03
     0.58549E+01     0.54342E-02     0.32967E-01     0.23287E-03
     0.59078E+01     0.59967E-02     0.35835E-01     0.28367E-03
     0.59608E+01     0.66097E-02     0.38855E-01     0.36036E-03
     0.60006E+01     0.71061E-02     0.41158E-01     0.44865E-03
     0.60536E+01     0.78157E-02     0.44350E-01     0.68822E-03
     0.61066E+01     0.85574E-02     0.48006E-01     0.11645E-02
     0.61596E+01     0.93065E-02     0.52541E-01     0.17646E-02
     0.62125E+01     0.10047E-01     0.58113E-01     0.22747E-02
     0.62523E+01     0.10600E-01     0.62908E-01     0.24626E-02
     0.63053E+01     0.11364E-01     0.69772E-01     0.22954E-02
     0.63583E+01     0.12184E-01     0.76710E-01     0.17616E-02
     0.64113E+01     0.13089E-01     0.83272E-01     0.10176E-02
     0.64510E+01     0.13832E-01     0.87783E-01     0.39020E-03
     0.65040E+01     0.14909E-01     0.93014E-01    -0.49270E-03
     0.65570E+01     0.16097E-01     0.97031E-01    -0.15565E-02
     0.66099E+01     0.17395E-01     0.99598E-01    -0.26846E-02
     0.66629E+01     0.18807E-01     0.10023E+00    -0.35341E-02
     0.67026E+01     0.19914E-01     0.99596E-01    -0.38316E-02
     0.67556E+01     0.21427E-01     0.96700E-01    -0.35168E-02
     0.68085E+01     0.22895E-01     0.92297E-01    -0.21552E-02
     0.68614E+01     0.24197E-01     0.87263E-01    -0.21073E-03
     0.69011E+01     0.24978E-01     0.83939E-01     0.13506E-02
     0.69540E+01     0.25725E-01     0.80622E-01     0.34099E-02
     0.70068E+01     0.26159E-01     0.78520E-01     0.52707E-02
     0.70596E+01     0.26376E-01     0.76873E-01     0.66306E-02
     0.71124E+01     0.26457E-01     0.73170E-01     0.68529E-02
     0.71519E+01     0.26505E-01     0.69291E-01     0.63998E-02
     0.72047E+01     0.26641E-01     0.61844E-01     0.49318E-02
     0.72574E+01     0.26933E-01     0.51311E-01     0.27797E-02
     0.73101E+01     0.27406E-01     0.36667E-01     0.26659E-03
     0.73628E+01     0.27971E-01     0.19011E-01    -0.12767E-02
     0.74023E+01     0.28305E-01     0.51126E-02    -0.89830E-03
     0.74549E+01     0.28367E-01    -0.11275E-01     0.92099E-03
     0.75075E+01     0.27923E-01    -0.25306E-01     0.37093E-02
     0.75601E+01     0.27014E-01    -0.36762E-01     0.67843E-02
     0.76127E+01     0.25814E-01    -0.47531E-01     0.89733E-02
     0.76521E+01     0.24815E-01    -0.56313E-01     0.93203E-02
     0.77046E+01     0.23504E-01    -0.67757E-01     0.86999E-02
     0.77572E+01     0.22314E-01    -0.80689E-01     0.63765E-02
     0.78097E+01     0.21294E-01    -0.95404E-01     0.30825E-02
     0.78622E+01     0.20423E-01    -0.11163E+00    -0.36827E-04
     0.79016E+01     0.19801E-01    -0.12423E+00    -0.13304E-02
     0.79540E+01     0.18884E-01    -0.14066E+00    -0.72808E-03
     0.80065E+01     0.17728E-01    -0.15547E+00     0.19885E-02
     0.80590E+01     0.16119E-01    -0.16647E+00     0.60818E-02
     0.81114E+01     0.14020E-01    -0.17242E+00     0.96030E-02
     0.81508E+01     0.12235E-01    -0.17421E+00     0.11077E-01
     0.82032E+01     0.98267E-02    -0.17507E+00     0.11204E-01
     0.82556E+01     0.75871E-02    -0.17604E+00     0.92313E-02
     0.83081E+01     0.55193E-02    -0.17717E+00     0.64242E-02
     0.83605E+01     0.35073E-02    -0.17658E+00     0.40572E-02
     0.84129E+01     0.15142E-02    -0.17357E+00     0.29004E-02
     0.84522E+01     0.58910E-04    -0.16956E+00     0.29073E-02
     0.85047E+01    -0.19205E-02    -0.16053E+00     0.35046E-02
     0.85571E+01    -0.39345E-02    -0.14734E+00     0.41169E-02
     0.86095E+01    -0.59169E-02    -0.13034E+00     0.42371E-02
     0.86620E+01    -0.76633E-02    -0.11245E+00     0.39486E-02
     0.87013E+01    -0.87619E-02    -0.10049E+00     0.34063E-02
     0.87537E+01    -0.10045E-01    -0.84129E-01     0.18509E-02
     0.88062E+01    -0.11179E-01    -0.66290E-01    -0.11613E-03
     0.88587E+01    -0.12081E-01    -0.48288E-01    -0.19787E-02
     0.89111E+01    -0.12720E-01    -0.31293E-01    -0.36389E-02
     0.89505E+01    -0.12989E-01    -0.20033E-01    -0.46017E-02
     0.90030E+01    -0.13179E-01    -0.68580E-02    -0.53651E-02
     0.90555E+01    -0.13253E-01     0.47323E-02    -0.54567E-02
     0.91081E+01    -0.13239E-01     0.14903E-01    -0.48704E-02
     0.91606E+01    -0.13161E-01     0.23596E-01    -0.38657E-02
     0.92000E+01    -0.13072E-01     0.29354E-01    -0.30471E-02
     0.92526E+01    -0.12805E-01     0.35481E-01    -0.20347E-02
     0.93052E+01    -0.12422E-01     0.39582E-01    -0.12427E-02
     0.93579E+01    -0.11973E-01     0.41910E-01    -0.77599E-03
     0.94105E+01    -0.11470E-01     0.42865E-01    -0.62804E-03
     0.94500E+01    -0.11057E-01     0.42861E-01    -0.67909E-03
     0.95027E+01    -0.10473E-01     0.42521E-01    -0.96586E-03
     0.95554E+01    -0.98501E-02     0.41471E-01    -0.14100E-02
     0.96081E+01    -0.91787E-02     0.39549E-01    -0.19863E-02
     0.96609E+01    -0.84504E-02     0.37138E-01    -0.26781E-02
     0.97005E+01    -0.78852E-02     0.35092E-01    -0.31713E-02
     0.97533E+01    -0.71812E-02     0.32968E-01    -0.33128E-02
     0.98061E+01    -0.65908E-02     0.32091E-01    -0.25191E-02
     0.98590E+01    -0.61111E-02     0.31862E-01    -0.93710E-03
     0.99119E+01    -0.57450E-02     0.32279E-01     0.91360E-03
     0.99515E+01    -0.55207E-02     0.33453E-01     0.21345E-02
     0.10004E+02    -0.52722E-02     0.35430E-01     0.35172E-02
     0.10057E+02    -0.50408E-02     0.37279E-01     0.41716E-02
     0.10110E+02    -0.47822E-02     0.38551E-01     0.39504E-02
     0.10150E+02    -0.45645E-02     0.38937E-01     0.33114E-02
     0.10203E+02    -0.42324E-02     0.38694E-01     0.18619E-02
     0.10256E+02    -0.38889E-02     0.37730E-01     0.20245E-03
     0.10309E+02    -0.35012E-02     0.36012E-01    -0.17010E-02
     0.10362E+02    -0.30496E-02     0.33528E-01    -0.40922E-02
     0.10402E+02    -0.26751E-02     0.31101E-01    -0.60866E-02
     0.10455E+02    -0.21227E-02     0.27049E-01    -0.88541E-02
     0.10508E+02    -0.15457E-02     0.22261E-01    -0.10672E-01
     0.10561E+02    -0.10081E-02     0.17212E-01    -0.10599E-01
     0.10601E+02    -0.67662E-03     0.13664E-01    -0.92628E-02
     0.10654E+02    -0.37420E-03     0.96625E-02    -0.60804E-02
     0.10707E+02    -0.22023E-03     0.63264E-02    -0.20696E-02
     0.10760E+02    -0.18548E-03     0.32890E-02     0.16471E-02
     0.10813E+02    -0.23182E-03     0.17691E-03     0.42962E-02
     0.10852E+02    -0.31294E-03    -0.24338E-02     0.55606E-02
     0.10905E+02    -0.43956E-03    -0.61173E-02     0.63206E-02
     0.10958E+02    -0.57727E-03    -0.95254E-02     0.63513E-02
     0.11011E+02    -0.70394E-03    -0.12340E-01     0.56745E-02
     0.11051E+02    -0.81691E-03    -0.13688E-01     0.47989E-02
     0.11104E+02    -0.98296E-03    -0.14398E-01     0.33311E-02
     0.11157E+02    -0.11677E-02    -0.14322E-01     0.18091E-02
     0.11210E+02    -0.13215E-02    -0.13359E-01     0.35814E-03
     0.11263E+02    -0.14464E-02    -0.11966E-01    -0.97421E-03
     0.11303E+02    -0.15208E-02    -0.10777E-01    -0.17808E-02
     0.11356E+02    -0.15793E-02    -0.93107E-02    -0.27381E-02
     0.11409E+02    -0.16147E-02    -0.80144E-02    -0.33724E-02
     0.11462E+02    -0.16438E-02    -0.69153E-02    -0.35048E-02
     0.11502E+02    -0.16719E-02    -0.62333E-02    -0.32454E-02
     0.11555E+02    -0.17186E-02    -0.55706E-02    -0.25284E-02
     0.11608E+02    -0.17604E-02    -0.52292E-02    -0.17327E-02
     0.11661E+02    -0.18137E-02    -0.50012E-02    -0.95014E-03
     0.11701E+02    -0.18590E-02    -0.48642E-02    -0.49234E-03
     0.11754E+02    -0.19236E-02    -0.46167E-02    -0.14988E-03
     0.11807E+02    -0.19788E-02    -0.43382E-02     0.40324E-04
     0.11860E+02    -0.20160E-02    -0.40511E-02     0.13733E-03
     0.11913E+02    -0.20347E-02    -0.37275E-02     0.17033E-03
     0.11952E+02    -0.20407E-02    -0.34064E-02     0.20019E-03
     0.12005E+02    -0.20467E-02    -0.29447E-02     0.26779E-03
     0.12058E+02    -0.20617E-02    -0.24587E-02     0.34922E-03
     0.12111E+02    -0.20912E-02    -0.19753E-02     0.39967E-03
     0.12151E+02    -0.21184E-02    -0.16773E-02     0.37689E-03
     0.12204E+02    -0.21534E-02    -0.13720E-02     0.21289E-03
     0.12257E+02    -0.21759E-02    -0.11657E-02    -0.91743E-04
     0.12310E+02    -0.21772E-02    -0.98102E-03    -0.48205E-03
     0.12363E+02    -0.21581E-02    -0.79511E-03    -0.85945E-03
     0.12403E+02    -0.21353E-02    -0.58382E-03    -0.10871E-02
     0.12456E+02    -0.20959E-02    -0.18423E-03    -0.12952E-02
     0.12509E+02    -0.20477E-02     0.31231E-03    -0.13451E-02
     0.12562E+02    -0.19943E-02     0.82931E-03    -0.12211E-02
     0.12602E+02    -0.19567E-02     0.12046E-02    -0.10464E-02
     0.12655E+02    -0.19132E-02     0.16462E-02    -0.77952E-03
     0.12708E+02    -0.18762E-02     0.19814E-02    -0.55729E-03
     0.12761E+02    -0.18437E-02     0.21890E-02    -0.42360E-03
     0.12800E+02    -0.18202E-02     0.22662E-02    -0.38028E-03
     0.12853E+02    -0.17862E-02     0.22956E-02    -0.36436E-03
     0.12906E+02    -0.17493E-02     0.23167E-02    -0.36081E-03
     0.12959E+02    -0.17094E-02     0.23389E-02    -0.34854E-03
     0.13012E+02    -0.16660E-02     0.23564E-02    -0.29160E-03
     0.13052E+02    -0.16306E-02     0.23493E-02    -0.20999E-03
     0.13105E+02    -0.15821E-02     0.23004E-02    -0.68269E-04
     0.13158E+02    -0.15384E-02     0.22330E-02     0.54268E-04
     0.13211E+02    -0.14991E-02     0.21846E-02     0.91379E-04
     0.13251E+02    -0.14730E-02     0.21486E-02     0.56440E-04
     0.13304E+02    -0.14386E-02     0.20896E-02    -0.88025E-04
     0.13357E+02    -0.13972E-02     0.19877E-02    -0.40030E-03
     0.13410E+02    -0.13465E-02     0.18713E-02    -0.83904E-03
     0.13463E+02    -0.12851E-02     0.17466E-02    -0.13121E-02
     0.13503E+02    -0.12333E-02     0.16525E-02    -0.16380E-02
     0.13556E+02    -0.11601E-02     0.15228E-02    -0.19448E-02
     0.13609E+02    -0.10901E-02     0.13733E-02    -0.20025E-02
     0.13662E+02    -0.10281E-02     0.11856E-02    -0.18309E-02
     0.13702E+02    -0.98818E-03     0.99538E-03    -0.15973E-02
     0.13755E+02    -0.94657E-03     0.66209E-03    -0.12111E-02
     0.13808E+02    -0.92039E-03     0.25540E-03    -0.80615E-03
     0.13861E+02    -0.90893E-03    -0.23659E-03    -0.39254E-03
     0.13901E+02    -0.90790E-03    -0.61947E-03    -0.92421E-04
     0.13954E+02    -0.91650E-03    -0.11500E-02     0.28852E-03
     0.14007E+02    -0.93341E-03    -0.16757E-02     0.60320E-03
     0.14060E+02    -0.95355E-03    -0.21466E-02     0.80493E-03
     0.14113E+02    -0.97127E-03    -0.25343E-02     0.87697E-03
     0.14153E+02    -0.98640E-03    -0.26939E-02     0.85235E-03
     0.14206E+02    -0.10078E-02    -0.27210E-02     0.70505E-03
     0.14259E+02    -0.10243E-02    -0.25748E-02     0.43637E-03
     0.14312E+02    -0.10373E-02    -0.22945E-02     0.98954E-04
     0.14352E+02    -0.10479E-02    -0.20323E-02    -0.18811E-03
     0.14405E+02    -0.10553E-02    -0.16372E-02    -0.62500E-03
     0.14459E+02    -0.10509E-02    -0.12207E-02    -0.10764E-02
     0.14512E+02    -0.10335E-02    -0.89963E-03    -0.14723E-02
     0.14552E+02    -0.10136E-02    -0.72238E-03    -0.16963E-02
     0.14605E+02    -0.97978E-03    -0.59079E-03    -0.18608E-02
     0.14659E+02    -0.94349E-03    -0.55703E-03    -0.18561E-02
     0.14712E+02    -0.91087E-03    -0.65163E-03    -0.16955E-02
     0.14752E+02    -0.89149E-03    -0.79303E-03    -0.14883E-02
     0.14806E+02    -0.87812E-03    -0.10267E-02    -0.11291E-02
     0.14859E+02    -0.87899E-03    -0.12844E-02    -0.72802E-03
     0.14912E+02    -0.89142E-03    -0.15652E-02    -0.35437E-03
     0.14952E+02    -0.90522E-03    -0.18027E-02    -0.10334E-03
     0.15006E+02    -0.92547E-03    -0.21647E-02     0.17557E-03
     0.15059E+02    -0.94355E-03    -0.25496E-02     0.37157E-03
     0.15113E+02    -0.95660E-03    -0.28924E-02     0.50665E-03
     0.15153E+02    -0.96753E-03    -0.30680E-02     0.55626E-03
     0.15207E+02    -0.98580E-03    -0.31012E-02     0.54563E-03
     0.15261E+02    -0.10031E-02    -0.29398E-02     0.41317E-03
     0.15301E+02    -0.10152E-02    -0.26931E-02     0.25553E-03
     0.15355E+02    -0.10294E-02    -0.22398E-02     0.10387E-05
     0.15408E+02    -0.10436E-02    -0.17013E-02    -0.28820E-03
     0.15462E+02    -0.10536E-02    -0.11495E-02    -0.56827E-03
     0.15502E+02    -0.10534E-02    -0.76952E-03    -0.74166E-03
     0.15555E+02    -0.10438E-02    -0.32774E-03    -0.88926E-03
     0.15609E+02    -0.10258E-02     0.29392E-04    -0.95032E-03
     0.15662E+02    -0.10002E-02     0.30293E-03    -0.98779E-03
     0.15702E+02    -0.97866E-03     0.46518E-03    -0.10043E-02
     0.15755E+02    -0.94740E-03     0.64154E-03    -0.10131E-02
     0.15809E+02    -0.91175E-03     0.80655E-03    -0.10218E-02
     0.15862E+02    -0.86974E-03     0.99154E-03    -0.10229E-02
     0.15902E+02    -0.83400E-03     0.11548E-02    -0.10148E-02
     0.15955E+02    -0.78134E-03     0.13930E-02    -0.97691E-03
     0.16008E+02    -0.72548E-03     0.16502E-02    -0.91037E-03
     0.16061E+02    -0.66873E-03     0.19128E-02    -0.81769E-03
     0.16101E+02    -0.62679E-03     0.21011E-02    -0.75116E-03
     0.16154E+02    -0.57298E-03     0.23222E-02    -0.70129E-03
     0.16207E+02    -0.52172E-03     0.24724E-02    -0.70358E-03
     0.16260E+02    -0.47254E-03     0.25183E-02    -0.74844E-03
     0.16313E+02    -0.42551E-03     0.24509E-02    -0.81775E-03
     0.16353E+02    -0.39110E-03     0.23039E-02    -0.86283E-03
     0.16406E+02    -0.34972E-03     0.20053E-02    -0.89169E-03
     0.16459E+02    -0.31321E-03     0.15941E-02    -0.88794E-03
     0.16512E+02    -0.28117E-03     0.10758E-02    -0.85806E-03
     0.16552E+02    -0.25914E-03     0.61742E-03    -0.82352E-03
     0.16605E+02    -0.23327E-03    -0.45883E-04    -0.75683E-03
     0.16658E+02    -0.21230E-03    -0.71641E-03    -0.64945E-03
     0.16711E+02    -0.19644E-03    -0.13393E-02    -0.49833E-03
     0.16751E+02    -0.18714E-03    -0.17546E-02    -0.36354E-03
     0.16804E+02    -0.17381E-03    -0.22445E-02    -0.18055E-03
     0.16857E+02    -0.16989E-03    -0.25235E-02    -0.45371E-05
     0.16910E+02    -0.17545E-03    -0.25579E-02     0.12816E-03
     0.16963E+02    -0.18696E-03    -0.24508E-02     0.20506E-03
     0.17003E+02    -0.20224E-03    -0.22895E-02     0.22509E-03
     0.17056E+02    -0.22659E-03    -0.20191E-02     0.20269E-03
     0.17109E+02    -0.25073E-03    -0.17343E-02     0.12446E-03
     0.17162E+02    -0.27619E-03    -0.15341E-02    -0.14002E-04
     0.17202E+02    -0.29187E-03    -0.14643E-02    -0.15194E-03
     0.17255E+02    -0.30621E-03    -0.14710E-02    -0.35529E-03
     0.17308E+02    -0.31466E-03    -0.15813E-02    -0.55838E-03
     0.17361E+02    -0.31856E-03    -0.17405E-02    -0.74473E-03
     0.17401E+02    -0.31983E-03    -0.18519E-02    -0.86977E-03
     0.17454E+02    -0.31762E-03    -0.19727E-02    -0.10207E-02
     0.17508E+02    -0.30914E-03    -0.20296E-02    -0.11630E-02
     0.17561E+02    -0.29379E-03    -0.20276E-02    -0.12729E-02
     0.17601E+02    -0.27880E-03    -0.20109E-02    -0.13253E-02
     0.17654E+02    -0.25752E-03    -0.19493E-02    -0.13551E-02
     0.17707E+02    -0.23735E-03    -0.18485E-02    -0.13517E-02
     0.17760E+02    -0.22033E-03    -0.17194E-02    -0.13253E-02
     0.17813E+02    -0.20651E-03    -0.15788E-02    -0.12805E-02
     0.17853E+02    -0.19758E-03    -0.14771E-02    -0.12484E-02
     0.17906E+02    -0.18619E-03    -0.13544E-02    -0.12044E-02
     0.17959E+02    -0.17293E-03    -0.12571E-02    -0.11479E-02
     0.18013E+02    -0.15625E-03    -0.11469E-02    -0.10778E-02
     0.18053E+02    -0.14139E-03    -0.10200E-02    -0.10282E-02
     0.18106E+02    -0.11572E-03    -0.77100E-03    -0.99424E-03
     0.18159E+02    -0.80725E-04    -0.42172E-03    -0.99285E-03
     0.18212E+02    -0.39317E-04     0.14986E-04    -0.10232E-02
     0.18252E+02    -0.21080E-05     0.39360E-03    -0.10636E-02
     0.18305E+02     0.54659E-04     0.96553E-03    -0.11574E-02
     0.18358E+02     0.11917E-03     0.16021E-02    -0.12760E-02
     0.18411E+02     0.19077E-03     0.22875E-02    -0.14065E-02
     0.18451E+02     0.24951E-03     0.28163E-02    -0.15153E-02
     0.18504E+02     0.33610E-03     0.35130E-02    -0.16740E-02
     0.18558E+02     0.43390E-03     0.41743E-02    -0.18426E-02
     0.18611E+02     0.54416E-03     0.47839E-02    -0.20078E-02
     0.18651E+02     0.63507E-03     0.52049E-02    -0.21148E-02
     0.18704E+02     0.76629E-03     0.57211E-02    -0.22134E-02
     0.18757E+02     0.90702E-03     0.61943E-02    -0.22452E-02
     0.18810E+02     0.10547E-02     0.66333E-02    -0.22079E-02
     0.18863E+02     0.12066E-02     0.70208E-02    -0.21126E-02
     0.18903E+02     0.13215E-02     0.72658E-02    -0.20181E-02
     0.18956E+02     0.14748E-02     0.75139E-02    -0.18899E-02
     0.19009E+02     0.16263E-02     0.76513E-02    -0.17810E-02
     0.19062E+02     0.17747E-02     0.76610E-02    -0.17090E-02
     0.19102E+02     0.18844E-02     0.75821E-02    -0.16823E-02
     0.19155E+02     0.20275E-02     0.73563E-02    -0.16807E-02
     0.19208E+02     0.21666E-02     0.69901E-02    -0.17089E-02
     0.19261E+02     0.23016E-02     0.64696E-02    -0.17662E-02
     0.19301E+02     0.24001E-02     0.59697E-02    -0.18109E-02
     0.19354E+02     0.25266E-02     0.51494E-02    -0.18497E-02
     0.19407E+02     0.26452E-02     0.41662E-02    -0.18565E-02
     0.19460E+02     0.27521E-02     0.30541E-02    -0.18226E-02
     0.19500E+02     0.28215E-02     0.21553E-02    -0.17556E-02
     0.19553E+02     0.28930E-02     0.85140E-03    -0.15970E-02
     0.19606E+02     0.29342E-02    -0.46398E-03    -0.13741E-02
     0.19659E+02     0.29465E-02    -0.18101E-02    -0.10893E-02
     0.19712E+02     0.29360E-02    -0.32631E-02    -0.76494E-03
     0.19752E+02     0.29155E-02    -0.44544E-02    -0.51705E-03
     0.19805E+02     0.28652E-02    -0.60787E-02    -0.20577E-03
     0.19858E+02     0.27893E-02    -0.76941E-02     0.34921E-04
     0.19911E+02     0.26899E-02    -0.92507E-02     0.18679E-03
     0.19951E+02     0.26007E-02    -0.10358E-01     0.26333E-03
     0.20004E+02     0.24638E-02    -0.11734E-01     0.36722E-03
     0.20057E+02     0.23083E-02    -0.12983E-01     0.50019E-03
     0.20110E+02     0.21331E-02    -0.14104E-01     0.63623E-03
     0.20163E+02     0.19398E-02    -0.15104E-01     0.77921E-03
     0.20202E+02     0.17827E-02    -0.15773E-01     0.90695E-03
     0.20255E+02     0.15574E-02    -0.16563E-01     0.11653E-02
     0.20308E+02     0.13136E-02    -0.17235E-01     0.15389E-02
     0.20361E+02     0.10545E-02    -0.17778E-01     0.19741E-02
     0.20401E+02     0.85396E-03    -0.18106E-01     0.22901E-02
     0.20454E+02     0.58257E-03    -0.18434E-01     0.26310E-02
     0.20507E+02     0.31032E-03    -0.18680E-01     0.28207E-02
     0.20560E+02     0.43425E-04    -0.18787E-01     0.28782E-02
     0.20613E+02    -0.21726E-03    -0.18802E-01     0.28978E-02
     0.20652E+02    -0.41161E-03    -0.18708E-01     0.29251E-02
     0.20705E+02    -0.67025E-03    -0.18341E-01     0.29977E-02
     0.20758E+02    -0.92341E-03    -0.17701E-01     0.31136E-02
     0.20811E+02    -0.11662E-02    -0.16838E-01     0.32537E-02
     0.20851E+02    -0.13392E-02    -0.16087E-01     0.33582E-02
     0.20904E+02    -0.15562E-02    -0.15001E-01     0.34809E-02
     0.20957E+02    -0.17569E-02    -0.13857E-01     0.35853E-02
     0.21010E+02    -0.19421E-02    -0.12671E-01     0.36834E-02
     0.21063E+02    -0.21122E-02    -0.11443E-01     0.37839E-02
     0.21102E+02    -0.22289E-02    -0.10486E-01     0.38563E-02
     0.21155E+02    -0.23682E-02    -0.91542E-02     0.39329E-02
     0.21208E+02    -0.24878E-02    -0.77574E-02     0.39634E-02
     0.21261E+02    -0.25867E-02    -0.63009E-02     0.39770E-02
     0.21301E+02    -0.26433E-02    -0.51428E-02     0.39726E-02
     0.21354E+02    -0.26885E-02    -0.34708E-02     0.39461E-02
     0.21407E+02    -0.27043E-02    -0.16319E-02     0.39076E-02
     0.21459E+02    -0.26938E-02     0.29664E-03     0.38438E-02
     0.21512E+02    -0.26492E-02     0.22944E-02     0.37828E-02
     0.21552E+02    -0.25939E-02     0.38491E-02     0.37348E-02
     0.21605E+02    -0.24904E-02     0.60042E-02     0.36694E-02
     0.21658E+02    -0.23553E-02     0.83053E-02     0.36069E-02
     0.21710E+02    -0.21904E-02     0.10761E-01     0.35465E-02
     0.21763E+02    -0.19935E-02     0.13293E-01     0.34851E-02
     0.21803E+02    -0.18233E-02     0.15178E-01     0.34376E-02
     0.21856E+02    -0.15656E-02     0.17573E-01     0.33809E-02
     0.21908E+02    -0.12735E-02     0.19746E-01     0.33424E-02
     0.21961E+02    -0.94781E-03     0.21629E-01     0.33310E-02
     0.22001E+02    -0.68243E-03     0.22817E-01     0.33453E-02
     0.22054E+02    -0.30241E-03     0.24080E-01     0.34068E-02
     0.22106E+02     0.10306E-03     0.24968E-01     0.35512E-02
     0.22159E+02     0.52552E-03     0.25495E-01     0.38622E-02
     0.22212E+02     0.96818E-03     0.25655E-01     0.42717E-02
     0.22252E+02     0.13071E-02     0.25549E-01     0.46338E-02
     0.22304E+02     0.17604E-02     0.25185E-01     0.51664E-02
     0.22357E+02     0.22178E-02     0.24534E-01     0.57517E-02
     0.22410E+02     0.26799E-02     0.23507E-01     0.63997E-02
     0.22463E+02     0.31406E-02     0.22076E-01     0.71064E-02
     0.22503E+02     0.34813E-02     0.20763E-01     0.76787E-02
     0.22555E+02     0.39201E-02     0.18765E-01     0.84942E-02
     0.22608E+02     0.43078E-02     0.16809E-01     0.92902E-02
     0.22661E+02     0.46375E-02     0.15070E-01     0.99947E-02
     0.22701E+02     0.48581E-02     0.13816E-01     0.10517E-01
     0.22754E+02     0.51207E-02     0.12100E-01     0.11354E-01
     0.22806E+02     0.53308E-02     0.10398E-01     0.12334E-01
     0.22859E+02     0.54621E-02     0.89145E-02     0.13328E-01
     0.22912E+02     0.55121E-02     0.77346E-02     0.14048E-01
     0.22952E+02     0.55143E-02     0.68681E-02     0.14289E-01
     0.23005E+02     0.55079E-02     0.55862E-02     0.14294E-01
     0.23058E+02     0.54867E-02     0.40645E-02     0.14127E-01
     0.23111E+02     0.54522E-02     0.21024E-02     0.13910E-01
     0.23150E+02     0.54279E-02     0.20953E-03     0.13742E-01
     0.23203E+02     0.54015E-02    -0.28443E-02     0.13605E-01
     0.23256E+02     0.53754E-02    -0.65472E-02     0.13590E-01
     0.23309E+02     0.53340E-02    -0.10694E-01     0.13480E-01
     0.23362E+02     0.52575E-02    -0.15008E-01     0.13160E-01
     0.23402E+02     0.51552E-02    -0.18098E-01     0.12788E-01
     0.23455E+02     0.49777E-02    -0.21941E-01     0.12064E-01
     0.23508E+02     0.47470E-02    -0.25395E-01     0.11169E-01
     0.23561E+02     0.44549E-02    -0.28516E-01     0.10431E-01
     0.23601E+02     0.41944E-02    -0.30629E-01     0.10170E-01
     0.23654E+02     0.37875E-02    -0.33163E-01     0.10111E-01
     0.23707E+02     0.33218E-02    -0.35366E-01     0.10190E-01
     0.23760E+02     0.28477E-02    -0.37218E-01     0.10206E-01
     0.23813E+02     0.23046E-02    -0.37511E-01     0.98687E-02
     0.23853E+02     0.18617E-02    -0.36663E-01     0.92050E-02
     0.23906E+02     0.12417E-02    -0.34239E-01     0.79592E-02
     0.23959E+02     0.64871E-03    -0.30789E-01     0.64956E-02
     0.24013E+02     0.13828E-03    -0.26778E-01     0.49745E-02
     0.24052E+02    -0.17307E-03    -0.23623E-01     0.38025E-02
     0.24106E+02    -0.48992E-03    -0.19342E-01     0.21362E-02
     0.24159E+02    -0.70218E-03    -0.15128E-01     0.30641E-03
     0.24212E+02    -0.83426E-03    -0.10984E-01    -0.17856E-02
     0.24252E+02    -0.88548E-03    -0.78577E-02    -0.35001E-02
     0.24305E+02    -0.90150E-03    -0.34780E-02    -0.59882E-02
     0.24358E+02    -0.83198E-03     0.97393E-03    -0.86237E-02
     0.24411E+02    -0.69203E-03     0.56211E-02    -0.11359E-01
     0.24451E+02    -0.53679E-03     0.92417E-02    -0.13454E-01
     0.24504E+02    -0.25522E-03     0.14264E-01    -0.16294E-01
     0.24557E+02     0.10876E-03     0.19576E-01    -0.19235E-01
     0.24610E+02     0.55949E-03     0.25029E-01    -0.22349E-01
     0.24650E+02     0.95860E-03     0.29080E-01    -0.24845E-01
     0.24703E+02     0.15765E-02     0.34249E-01    -0.28433E-01
     0.24757E+02     0.22967E-02     0.38936E-01    -0.32309E-01
     0.24810E+02     0.31200E-02     0.42993E-01    -0.36392E-01
     0.24863E+02     0.40436E-02     0.46325E-01    -0.40544E-01
     0.24903E+02     0.47957E-02     0.48312E-01    -0.43598E-01
     0.24956E+02     0.58664E-02     0.50350E-01    -0.47458E-01
     0.25009E+02     0.70087E-02     0.51515E-01    -0.50886E-01
