     0.13235E-01     0.14044E-06     0.77275E-06     0.13598E-08
     0.52978E-01     0.15467E-06     0.83519E-06     0.71480E-09
     0.10597E+00     0.17562E-06     0.92696E-06     0.70482E-09
     0.15896E+00     0.19944E-06     0.10272E-05     0.96133E-09
     0.21194E+00     0.22645E-06     0.11370E-05     0.13693E-08
     0.25168E+00     0.24809E-06     0.12258E-05     0.17656E-08
     0.30466E+00     0.27883E-06     0.13540E-05     0.23063E-08
     0.35764E+00     0.31208E-06     0.14955E-05     0.28455E-08
     0.41062E+00     0.34844E-06     0.16530E-05     0.33825E-08
     0.45035E+00     0.37816E-06     0.17835E-05     0.38015E-08
     0.50333E+00     0.42160E-06     0.19763E-05     0.44249E-08
     0.55631E+00     0.46983E-06     0.21928E-05     0.51277E-08
     0.60928E+00     0.52328E-06     0.24358E-05     0.58933E-08
     0.66226E+00     0.58243E-06     0.27077E-05     0.67345E-08
     0.70199E+00     0.63090E-06     0.29324E-05     0.74187E-08
     0.75497E+00     0.70171E-06     0.32625E-05     0.83959E-08
     0.80795E+00     0.78052E-06     0.36307E-05     0.94638E-08
     0.86092E+00     0.86839E-06     0.40412E-05     0.10646E-07
     0.90066E+00     0.94084E-06     0.43794E-05     0.11630E-07
     0.95364E+00     0.10470E-05     0.48749E-05     0.13090E-07
     0.10066E+01     0.11651E-05     0.54263E-05     0.14707E-07
     0.10596E+01     0.12965E-05     0.60399E-05     0.16463E-07
     0.11126E+01     0.14426E-05     0.67228E-05     0.18374E-07
     0.11523E+01     0.15630E-05     0.72851E-05     0.19937E-07
     0.12053E+01     0.17395E-05     0.81088E-05     0.22239E-07
     0.12583E+01     0.19359E-05     0.90258E-05     0.24834E-07
     0.13113E+01     0.21546E-05     0.10047E-04     0.27746E-07
     0.13510E+01     0.23348E-05     0.10887E-04     0.30148E-07
     0.14040E+01     0.25986E-05     0.12118E-04     0.33650E-07
     0.14570E+01     0.28922E-05     0.13489E-04     0.37514E-07
     0.15099E+01     0.32191E-05     0.15014E-04     0.41777E-07
     0.15629E+01     0.35831E-05     0.16712E-04     0.46509E-07
     0.16027E+01     0.38828E-05     0.18110E-04     0.50418E-07
     0.16556E+01     0.43219E-05     0.20158E-04     0.56180E-07
     0.17086E+01     0.48108E-05     0.22438E-04     0.62620E-07
     0.17616E+01     0.53549E-05     0.24975E-04     0.69772E-07
     0.18013E+01     0.58030E-05     0.27064E-04     0.75639E-07
     0.18543E+01     0.64596E-05     0.30125E-04     0.84207E-07
     0.19073E+01     0.71904E-05     0.33531E-04     0.93751E-07
     0.19603E+01     0.80040E-05     0.37322E-04     0.10440E-06
     0.20000E+01     0.86739E-05     0.40444E-04     0.11319E-06
     0.20530E+01     0.96552E-05     0.45016E-04     0.12606E-06
     0.21060E+01     0.10748E-04     0.50105E-04     0.14036E-06
     0.21590E+01     0.11964E-04     0.55769E-04     0.15629E-06
     0.22120E+01     0.13318E-04     0.62072E-04     0.17403E-06
     0.22517E+01     0.14432E-04     0.67263E-04     0.18868E-06
     0.23047E+01     0.16065E-04     0.74866E-04     0.21015E-06
     0.23577E+01     0.17883E-04     0.83328E-04     0.23402E-06
     0.24107E+01     0.19906E-04     0.92746E-04     0.26056E-06
     0.24504E+01     0.21571E-04     0.10050E-03     0.28238E-06
     0.25034E+01     0.24011E-04     0.11186E-03     0.31435E-06
     0.25564E+01     0.26726E-04     0.12450E-03     0.34995E-06
     0.26093E+01     0.29748E-04     0.13857E-03     0.38961E-06
     0.26623E+01     0.33110E-04     0.15423E-03     0.43371E-06
     0.27021E+01     0.35879E-04     0.16712E-03     0.46999E-06
     0.27551E+01     0.39933E-04     0.18600E-03     0.52305E-06
     0.28080E+01     0.44445E-04     0.20702E-03     0.58211E-06
     0.28610E+01     0.49465E-04     0.23039E-03     0.64782E-06
     0.29008E+01     0.53598E-04     0.24964E-03     0.70198E-06
     0.29538E+01     0.59651E-04     0.27782E-03     0.78125E-06
     0.30067E+01     0.66384E-04     0.30918E-03     0.86947E-06
     0.30597E+01     0.73876E-04     0.34406E-03     0.96760E-06
     0.31127E+01     0.82211E-04     0.38286E-03     0.10768E-05
     0.31524E+01     0.89072E-04     0.41480E-03     0.11667E-05
     0.32054E+01     0.99116E-04     0.46154E-03     0.12983E-05
     0.32584E+01     0.11029E-03     0.51352E-03     0.14448E-05
     0.33114E+01     0.12271E-03     0.57133E-03     0.16079E-05
     0.33511E+01     0.13294E-03     0.61889E-03     0.17421E-05
     0.34041E+01     0.14791E-03     0.68848E-03     0.19386E-05
     0.34571E+01     0.16455E-03     0.76584E-03     0.21573E-05
     0.35101E+01     0.18305E-03     0.85181E-03     0.24005E-05
     0.35631E+01     0.20361E-03     0.94736E-03     0.26710E-05
     0.36028E+01     0.22053E-03     0.10259E-02     0.28938E-05
     0.36558E+01     0.24527E-03     0.11408E-02     0.32197E-05
     0.37088E+01     0.27276E-03     0.12684E-02     0.35822E-05
     0.37618E+01     0.30330E-03     0.14100E-02     0.39852E-05
     0.38015E+01     0.32841E-03     0.15264E-02     0.43169E-05
     0.38545E+01     0.36510E-03     0.16964E-02     0.48021E-05
     0.39075E+01     0.40583E-03     0.18850E-02     0.53413E-05
     0.39605E+01     0.45104E-03     0.20943E-02     0.59407E-05
     0.40002E+01     0.48817E-03     0.22660E-02     0.64335E-05
     0.40532E+01     0.54239E-03     0.25165E-02     0.71543E-05
     0.41062E+01     0.60250E-03     0.27940E-02     0.79549E-05
     0.41592E+01     0.66912E-03     0.31013E-02     0.88439E-05
     0.42122E+01     0.74293E-03     0.34413E-02     0.98310E-05
     0.42519E+01     0.80344E-03     0.37198E-02     0.10642E-04
     0.43049E+01     0.89163E-03     0.41251E-02     0.11827E-04
     0.43579E+01     0.98917E-03     0.45729E-02     0.13141E-04
     0.44109E+01     0.10970E-02     0.50670E-02     0.14599E-04
     0.44506E+01     0.11852E-02     0.54706E-02     0.15795E-04
     0.45036E+01     0.13135E-02     0.60564E-02     0.17541E-04
     0.45566E+01     0.14550E-02     0.67011E-02     0.19474E-04
     0.46096E+01     0.16108E-02     0.74099E-02     0.21614E-04
     0.46626E+01     0.17824E-02     0.81880E-02     0.23983E-04
     0.47023E+01     0.19222E-02     0.88204E-02     0.25922E-04
     0.47553E+01     0.21246E-02     0.97333E-02     0.28744E-04
     0.48083E+01     0.23466E-02     0.10731E-01     0.31862E-04
     0.48613E+01     0.25896E-02     0.11819E-01     0.35303E-04
     0.49010E+01     0.27867E-02     0.12699E-01     0.38113E-04
     0.49540E+01     0.30705E-02     0.13960E-01     0.42190E-04
     0.50070E+01     0.33796E-02     0.15326E-01     0.46680E-04
     0.50600E+01     0.37156E-02     0.16803E-01     0.51619E-04
     0.51130E+01     0.40798E-02     0.18394E-01     0.57047E-04
     0.51527E+01     0.43723E-02     0.19664E-01     0.61462E-04
     0.52057E+01     0.47890E-02     0.21462E-01     0.67840E-04
     0.52587E+01     0.52369E-02     0.23377E-01     0.74824E-04
     0.53117E+01     0.57166E-02     0.25410E-01     0.82461E-04
     0.53515E+01     0.60973E-02     0.27009E-01     0.88642E-04
     0.54044E+01     0.66326E-02     0.29235E-01     0.97521E-04
     0.54574E+01     0.71988E-02     0.31559E-01     0.10718E-03
     0.55104E+01     0.77943E-02     0.33968E-01     0.11764E-03
     0.55502E+01     0.82588E-02     0.35822E-01     0.12605E-03
     0.56032E+01     0.88996E-02     0.38338E-01     0.13803E-03
     0.56561E+01     0.95613E-02     0.40883E-01     0.15094E-03
     0.57091E+01     0.10239E-01     0.43428E-01     0.16483E-03
     0.57621E+01     0.10926E-01     0.45939E-01     0.17974E-03
     0.58019E+01     0.11444E-01     0.47778E-01     0.19159E-03
     0.58549E+01     0.12132E-01     0.50137E-01     0.20832E-03
     0.59078E+01     0.12807E-01     0.52351E-01     0.22607E-03
     0.59608E+01     0.13463E-01     0.54374E-01     0.24485E-03
     0.60006E+01     0.13934E-01     0.55737E-01     0.25958E-03
     0.60536E+01     0.14528E-01     0.57315E-01     0.28003E-03
     0.61066E+01     0.15075E-01     0.58576E-01     0.30160E-03
     0.61596E+01     0.15569E-01     0.59482E-01     0.32430E-03
     0.62125E+01     0.15999E-01     0.59994E-01     0.34773E-03
     0.62523E+01     0.16257E-01     0.60097E-01     0.36549E-03
     0.63053E+01     0.16545E-01     0.59853E-01     0.38954E-03
     0.63583E+01     0.16760E-01     0.59160E-01     0.41439E-03
     0.64113E+01     0.16892E-01     0.58017E-01     0.43969E-03
     0.64510E+01     0.16933E-01     0.56868E-01     0.45925E-03
     0.65040E+01     0.16894E-01     0.54955E-01     0.48464E-03
     0.65570E+01     0.16784E-01     0.52624E-01     0.50965E-03
     0.66099E+01     0.16632E-01     0.49911E-01     0.53611E-03
     0.66629E+01     0.16423E-01     0.46857E-01     0.56492E-03
     0.67026E+01     0.16219E-01     0.44368E-01     0.58892E-03
     0.67556E+01     0.15855E-01     0.40832E-01     0.62064E-03
     0.68085E+01     0.15435E-01     0.37092E-01     0.64670E-03
     0.68614E+01     0.15008E-01     0.33193E-01     0.67108E-03
     0.69011E+01     0.14685E-01     0.30189E-01     0.69016E-03
     0.69540E+01     0.14244E-01     0.26113E-01     0.71612E-03
     0.70068E+01     0.13780E-01     0.21997E-01     0.74129E-03
     0.70596E+01     0.13302E-01     0.17885E-01     0.76559E-03
     0.71124E+01     0.12822E-01     0.13818E-01     0.78864E-03
     0.71519E+01     0.12467E-01     0.10815E-01     0.80503E-03
     0.72047E+01     0.12007E-01     0.68906E-02     0.82586E-03
     0.72574E+01     0.11563E-01     0.30736E-02     0.84597E-03
     0.73101E+01     0.11134E-01    -0.62544E-03     0.86602E-03
     0.73628E+01     0.10722E-01    -0.41996E-02     0.88639E-03
     0.74023E+01     0.10425E-01    -0.67962E-02     0.90179E-03
     0.74549E+01     0.10047E-01    -0.10147E-01     0.92248E-03
     0.75075E+01     0.96972E-02    -0.13368E-01     0.94314E-03
     0.75601E+01     0.93817E-02    -0.16463E-01     0.96497E-03
     0.76127E+01     0.90962E-02    -0.19444E-01     0.98799E-03
     0.76521E+01     0.88955E-02    -0.21597E-01     0.10058E-02
     0.77046E+01     0.86495E-02    -0.24357E-01     0.10300E-02
     0.77572E+01     0.84283E-02    -0.26981E-01     0.10539E-02
     0.78097E+01     0.82287E-02    -0.29459E-01     0.10768E-02
     0.78622E+01     0.80439E-02    -0.31772E-01     0.10980E-02
     0.79016E+01     0.79096E-02    -0.33390E-01     0.11123E-02
     0.79540E+01     0.77288E-02    -0.35381E-01     0.11279E-02
     0.80065E+01     0.75386E-02    -0.37173E-01     0.11379E-02
     0.80590E+01     0.73340E-02    -0.38769E-01     0.11416E-02
     0.81114E+01     0.71159E-02    -0.40179E-01     0.11400E-02
     0.81508E+01     0.69456E-02    -0.41129E-01     0.11368E-02
     0.82032E+01     0.67160E-02    -0.42275E-01     0.11323E-02
     0.82556E+01     0.64926E-02    -0.43311E-01     0.11296E-02
     0.83081E+01     0.62923E-02    -0.44261E-01     0.11295E-02
     0.83605E+01     0.61305E-02    -0.45132E-01     0.11324E-02
     0.84129E+01     0.60091E-02    -0.45914E-01     0.11380E-02
     0.84522E+01     0.59333E-02    -0.46418E-01     0.11428E-02
     0.85047E+01     0.58379E-02    -0.46932E-01     0.11469E-02
     0.85571E+01     0.57430E-02    -0.47186E-01     0.11472E-02
     0.86095E+01     0.55468E-02    -0.47093E-01     0.11356E-02
     0.86620E+01     0.52559E-02    -0.46601E-01     0.11079E-02
     0.87013E+01     0.49904E-02    -0.45968E-01     0.10862E-02
     0.87537E+01     0.45455E-02    -0.44787E-01     0.10508E-02
     0.88062E+01     0.39926E-02    -0.43293E-01     0.10033E-02
     0.88587E+01     0.33979E-02    -0.41577E-01     0.95031E-03
     0.89111E+01     0.28561E-02    -0.39725E-01     0.89985E-03
     0.89505E+01     0.25410E-02    -0.38276E-01     0.87045E-03
     0.90030E+01     0.22277E-02    -0.36252E-01     0.84558E-03
     0.90555E+01     0.19451E-02    -0.34027E-01     0.82305E-03
     0.91081E+01     0.15976E-02    -0.31496E-01     0.78661E-03
     0.91606E+01     0.10891E-02    -0.28588E-01     0.72430E-03
     0.92000E+01     0.55988E-03    -0.26156E-01     0.66447E-03
     0.92526E+01    -0.26164E-03    -0.22614E-01     0.56522E-03
     0.93052E+01    -0.11194E-02    -0.18845E-01     0.45629E-03
     0.93579E+01    -0.19490E-02    -0.15021E-01     0.34715E-03
     0.94105E+01    -0.26748E-02    -0.11315E-01     0.25121E-03
     0.94500E+01    -0.31406E-02    -0.86881E-02     0.19246E-03
     0.95027E+01    -0.36493E-02    -0.54436E-02     0.13032E-03
     0.95554E+01    -0.39722E-02    -0.24937E-02     0.89791E-04
     0.96081E+01    -0.42267E-02     0.21930E-03     0.60447E-04
     0.96609E+01    -0.44767E-02     0.27775E-02     0.29155E-04
     0.97005E+01    -0.46854E-02     0.46336E-02     0.36181E-07
     0.97533E+01    -0.50532E-02     0.70392E-02    -0.49462E-04
     0.98061E+01    -0.55188E-02     0.93439E-02    -0.11274E-03
     0.98590E+01    -0.59580E-02     0.11488E-01    -0.18013E-03
     0.99119E+01    -0.62882E-02     0.13378E-01    -0.23715E-03
     0.99515E+01    -0.64736E-02     0.14572E-01    -0.26672E-03
     0.10004E+02    -0.65530E-02     0.15806E-01    -0.28878E-03
     0.10057E+02    -0.65059E-02     0.16623E-01    -0.28889E-03
     0.10110E+02    -0.63794E-02     0.17068E-01    -0.27638E-03
     0.10150E+02    -0.62519E-02     0.17203E-01    -0.26520E-03
     0.10203E+02    -0.60589E-02     0.17182E-01    -0.24728E-03
     0.10256E+02    -0.58776E-02     0.16998E-01    -0.23433E-03
     0.10309E+02    -0.57262E-02     0.16705E-01    -0.22994E-03
     0.10362E+02    -0.55917E-02     0.16326E-01    -0.22905E-03
     0.10402E+02    -0.54890E-02     0.15990E-01    -0.22939E-03
     0.10455E+02    -0.53390E-02     0.15469E-01    -0.22929E-03
     0.10508E+02    -0.51638E-02     0.14853E-01    -0.22761E-03
     0.10561E+02    -0.49501E-02     0.14140E-01    -0.22067E-03
     0.10601E+02    -0.47674E-02     0.13544E-01    -0.21040E-03
     0.10654E+02    -0.45011E-02     0.12685E-01    -0.19121E-03
     0.10707E+02    -0.42238E-02     0.11781E-01    -0.16795E-03
     0.10760E+02    -0.39548E-02     0.10869E-01    -0.14153E-03
     0.10813E+02    -0.37118E-02     0.99852E-02    -0.11424E-03
     0.10852E+02    -0.35490E-02     0.93563E-02    -0.94810E-04
     0.10905E+02    -0.33631E-02     0.85756E-02    -0.70769E-04
     0.10958E+02    -0.32099E-02     0.78609E-02    -0.50722E-04
     0.11011E+02    -0.30765E-02     0.72019E-02    -0.35073E-04
     0.11051E+02    -0.29769E-02     0.67354E-02    -0.24815E-04
     0.11104E+02    -0.28405E-02     0.61407E-02    -0.11627E-04
     0.11157E+02    -0.27020E-02     0.55692E-02     0.36538E-06
     0.11210E+02    -0.25668E-02     0.50159E-02     0.10486E-04
     0.11263E+02    -0.24398E-02     0.44762E-02     0.17197E-04
     0.11303E+02    -0.23615E-02     0.40755E-02     0.18941E-04
     0.11356E+02    -0.22643E-02     0.35383E-02     0.16222E-04
     0.11409E+02    -0.21530E-02     0.29889E-02     0.10864E-04
     0.11462E+02    -0.20179E-02     0.24253E-02     0.92026E-05
     0.11502E+02    -0.19022E-02     0.20002E-02     0.13453E-04
     0.11555E+02    -0.17312E-02     0.14524E-02     0.29747E-04
     0.11608E+02    -0.15665E-02     0.96123E-03     0.59176E-04
     0.11661E+02    -0.14290E-02     0.56504E-03     0.96200E-04
     0.11701E+02    -0.13765E-02     0.34813E-03     0.12317E-03
     0.11754E+02    -0.13599E-02     0.16828E-03     0.14944E-03
     0.11807E+02    -0.13846E-02     0.96946E-04     0.16163E-03
     0.11860E+02    -0.14436E-02     0.10712E-03     0.15673E-03
     0.11913E+02    -0.15031E-02     0.15904E-03     0.13721E-03
     0.11952E+02    -0.15255E-02     0.20286E-03     0.11692E-03
     0.12005E+02    -0.15221E-02     0.25152E-03     0.91495E-04
     0.12058E+02    -0.14936E-02     0.28806E-03     0.72839E-04
     0.12111E+02    -0.14453E-02     0.31910E-03     0.65908E-04
     0.12151E+02    -0.14056E-02     0.34902E-03     0.70122E-04
     0.12204E+02    -0.13757E-02     0.41390E-03     0.83837E-04
     0.12257E+02    -0.13732E-02     0.51663E-03     0.10071E-03
     0.12310E+02    -0.13933E-02     0.66058E-03     0.11535E-03
     0.12363E+02    -0.14386E-02     0.83969E-03     0.12203E-03
     0.12403E+02    -0.14805E-02     0.98912E-03     0.11935E-03
     0.12456E+02    -0.15333E-02     0.11939E-02     0.10592E-03
     0.12509E+02    -0.15745E-02     0.13884E-02     0.81658E-04
     0.12562E+02    -0.15959E-02     0.15623E-02     0.51814E-04
     0.12602E+02    -0.15911E-02     0.16767E-02     0.30983E-04
     0.12655E+02    -0.15694E-02     0.18152E-02     0.11028E-04
     0.12708E+02    -0.15405E-02     0.19479E-02     0.48758E-05
     0.12761E+02    -0.15170E-02     0.20860E-02     0.14511E-04
     0.12800E+02    -0.15066E-02     0.21966E-02     0.30204E-04
     0.12853E+02    -0.15135E-02     0.23514E-02     0.58008E-04
     0.12906E+02    -0.15511E-02     0.25046E-02     0.83429E-04
     0.12959E+02    -0.16019E-02     0.26403E-02     0.94507E-04
     0.13012E+02    -0.16437E-02     0.27403E-02     0.88314E-04
     0.13052E+02    -0.16520E-02     0.27823E-02     0.75890E-04
     0.13105E+02    -0.16406E-02     0.27963E-02     0.54273E-04
     0.13158E+02    -0.16023E-02     0.27701E-02     0.33139E-04
     0.13211E+02    -0.15426E-02     0.27217E-02     0.21677E-04
     0.13251E+02    -0.14936E-02     0.26842E-02     0.22858E-04
     0.13304E+02    -0.14422E-02     0.26484E-02     0.35078E-04
     0.13357E+02    -0.14220E-02     0.26392E-02     0.52956E-04
     0.13410E+02    -0.14252E-02     0.26550E-02     0.69352E-04
     0.13463E+02    -0.14500E-02     0.26873E-02     0.76191E-04
     0.13503E+02    -0.14752E-02     0.27126E-02     0.72082E-04
     0.13556E+02    -0.14971E-02     0.27326E-02     0.56028E-04
     0.13609E+02    -0.14898E-02     0.27246E-02     0.34204E-04
     0.13662E+02    -0.14614E-02     0.26863E-02     0.13035E-04
     0.13702E+02    -0.14256E-02     0.26393E-02     0.11244E-05
     0.13755E+02    -0.13696E-02     0.25596E-02    -0.61012E-05
     0.13808E+02    -0.13124E-02     0.24709E-02    -0.22719E-05
     0.13861E+02    -0.12624E-02     0.23821E-02     0.10274E-04
     0.13901E+02    -0.12376E-02     0.23201E-02     0.22170E-04
     0.13954E+02    -0.12172E-02     0.22442E-02     0.37530E-04
     0.14007E+02    -0.12054E-02     0.21731E-02     0.50278E-04
     0.14060E+02    -0.11938E-02     0.21039E-02     0.59629E-04
     0.14113E+02    -0.11804E-02     0.20335E-02     0.65898E-04
     0.14153E+02    -0.11677E-02     0.19788E-02     0.69186E-04
     0.14206E+02    -0.11450E-02     0.19049E-02     0.72825E-04
     0.14259E+02    -0.11195E-02     0.18323E-02     0.76046E-04
     0.14312E+02    -0.10965E-02     0.17653E-02     0.78295E-04
     0.14352E+02    -0.10812E-02     0.17209E-02     0.79175E-04
     0.14405E+02    -0.10638E-02     0.16721E-02     0.78937E-04
     0.14459E+02    -0.10493E-02     0.16366E-02     0.77037E-04
     0.14512E+02    -0.10367E-02     0.16149E-02     0.73839E-04
     0.14552E+02    -0.10276E-02     0.16074E-02     0.71023E-04
     0.14605E+02    -0.10153E-02     0.16081E-02     0.67170E-04
     0.14659E+02    -0.10034E-02     0.16192E-02     0.63616E-04
     0.14712E+02    -0.99211E-03     0.16380E-02     0.60424E-04
     0.14752E+02    -0.98378E-03     0.16549E-02     0.58062E-04
     0.14806E+02    -0.97236E-03     0.16776E-02     0.55169E-04
     0.14859E+02    -0.96071E-03     0.16962E-02     0.52811E-04
     0.14912E+02    -0.94300E-03     0.17065E-02     0.51857E-04
     0.14952E+02    -0.92617E-03     0.17086E-02     0.53127E-04
     0.15006E+02    -0.90178E-03     0.17050E-02     0.57153E-04
     0.15059E+02    -0.87437E-03     0.16974E-02     0.63734E-04
     0.15113E+02    -0.84707E-03     0.16918E-02     0.71617E-04
     0.15153E+02    -0.82843E-03     0.16929E-02     0.77376E-04
     0.15207E+02    -0.81113E-03     0.17052E-02     0.83120E-04
     0.15261E+02    -0.79941E-03     0.17317E-02     0.85854E-04
     0.15301E+02    -0.79435E-03     0.17612E-02     0.85659E-04
     0.15355E+02    -0.79234E-03     0.18112E-02     0.82425E-04
     0.15408E+02    -0.79194E-03     0.18688E-02     0.77043E-04
     0.15462E+02    -0.78874E-03     0.19283E-02     0.70525E-04
     0.15502E+02    -0.78340E-03     0.19713E-02     0.65687E-04
     0.15555E+02    -0.77213E-03     0.20233E-02     0.59566E-04
     0.15609E+02    -0.75508E-03     0.20674E-02     0.54200E-04
     0.15662E+02    -0.73532E-03     0.21039E-02     0.49522E-04
     0.15702E+02    -0.71981E-03     0.21268E-02     0.46301E-04
     0.15755E+02    -0.69944E-03     0.21526E-02     0.42393E-04
     0.15809E+02    -0.68047E-03     0.21736E-02     0.38957E-04
     0.15862E+02    -0.66406E-03     0.21901E-02     0.35680E-04
     0.15902E+02    -0.65350E-03     0.21987E-02     0.33194E-04
     0.15955E+02    -0.64103E-03     0.22034E-02     0.30052E-04
     0.16008E+02    -0.63000E-03     0.21981E-02     0.27517E-04
     0.16061E+02    -0.61708E-03     0.21807E-02     0.26683E-04
     0.16101E+02    -0.60659E-03     0.21592E-02     0.27943E-04
     0.16154E+02    -0.59206E-03     0.21194E-02     0.32687E-04
     0.16207E+02    -0.57892E-03     0.20679E-02     0.40586E-04
     0.16260E+02    -0.56924E-03     0.20067E-02     0.50379E-04
     0.16313E+02    -0.56431E-03     0.19379E-02     0.59687E-04
     0.16353E+02    -0.56397E-03     0.18825E-02     0.64971E-04
     0.16406E+02    -0.56707E-03     0.18051E-02     0.68210E-04
     0.16459E+02    -0.57221E-03     0.17251E-02     0.66397E-04
     0.16512E+02    -0.57691E-03     0.16439E-02     0.59815E-04
     0.16552E+02    -0.57955E-03     0.15830E-02     0.52678E-04
     0.16605E+02    -0.58200E-03     0.15020E-02     0.41990E-04
     0.16658E+02    -0.58386E-03     0.14211E-02     0.31964E-04
     0.16711E+02    -0.58536E-03     0.13389E-02     0.24125E-04
     0.16751E+02    -0.58692E-03     0.12749E-02     0.19984E-04
     0.16804E+02    -0.58811E-03     0.11844E-02     0.15945E-04
     0.16857E+02    -0.58577E-03     0.10856E-02     0.12533E-04
     0.16910E+02    -0.57929E-03     0.97757E-03     0.89552E-05
     0.16963E+02    -0.56769E-03     0.86140E-03     0.51443E-05
     0.17003E+02    -0.55574E-03     0.77097E-03     0.25802E-05
     0.17056E+02    -0.53592E-03     0.64991E-03     0.39501E-06
     0.17109E+02    -0.51405E-03     0.53386E-03     0.43798E-06
     0.17162E+02    -0.49359E-03     0.42844E-03     0.23860E-05
     0.17202E+02    -0.48058E-03     0.35862E-03     0.42411E-05
     0.17255E+02    -0.46709E-03     0.27905E-03     0.55713E-05
     0.17308E+02    -0.45867E-03     0.21378E-03     0.29099E-05
     0.17361E+02    -0.44941E-03     0.15890E-03    -0.62091E-05
     0.17401E+02    -0.43801E-03     0.12221E-03    -0.17333E-04
     0.17454E+02    -0.41403E-03     0.77191E-04    -0.36670E-04
     0.17508E+02    -0.37774E-03     0.36295E-04    -0.58052E-04
     0.17561E+02    -0.32809E-03     0.23023E-05    -0.77504E-04
     0.17601E+02    -0.28568E-03    -0.16042E-04    -0.88646E-04
     0.17654E+02    -0.22705E-03    -0.26793E-04    -0.97341E-04
     0.17707E+02    -0.17459E-03    -0.19158E-04    -0.10009E-03
     0.17760E+02    -0.12778E-03     0.50376E-05    -0.99933E-04
     0.17813E+02    -0.89733E-04     0.40466E-04    -0.10127E-03
     0.17853E+02    -0.63622E-04     0.69499E-04    -0.10624E-03
     0.17906E+02    -0.25162E-04     0.10390E-03    -0.12020E-03
     0.17959E+02     0.22209E-04     0.12597E-03    -0.14209E-03
     0.18013E+02     0.84020E-04     0.13047E-03    -0.16891E-03
     0.18053E+02     0.13932E-03     0.12166E-03    -0.18957E-03
     0.18106E+02     0.22446E-03     0.95286E-04    -0.21420E-03
     0.18159E+02     0.31700E-03     0.56890E-04    -0.23233E-03
     0.18212E+02     0.41052E-03     0.12137E-04    -0.24277E-03
     0.18252E+02     0.47810E-03    -0.22801E-04    -0.24569E-03
     0.18305E+02     0.55838E-03    -0.68733E-04    -0.24490E-03
     0.18358E+02     0.62772E-03    -0.11423E-03    -0.24299E-03
     0.18411E+02     0.68909E-03    -0.16297E-03    -0.24329E-03
     0.18451E+02     0.73163E-03    -0.20419E-03    -0.24658E-03
     0.18504E+02     0.78792E-03    -0.26906E-03    -0.25579E-03
     0.18558E+02     0.84718E-03    -0.34895E-03    -0.26945E-03
     0.18611E+02     0.91126E-03    -0.44628E-03    -0.28469E-03
     0.18651E+02     0.96264E-03    -0.53082E-03    -0.29523E-03
     0.18704E+02     0.10346E-02    -0.65721E-03    -0.30572E-03
     0.18757E+02     0.11084E-02    -0.79561E-03    -0.31036E-03
     0.18810E+02     0.11814E-02    -0.94127E-03    -0.30820E-03
     0.18863E+02     0.12500E-02    -0.10891E-02    -0.29870E-03
     0.18903E+02     0.12962E-02    -0.11987E-02    -0.28711E-03
     0.18956E+02     0.13486E-02    -0.13407E-02    -0.26662E-03
     0.19009E+02     0.13908E-02    -0.14777E-02    -0.24197E-03
     0.19062E+02     0.14242E-02    -0.16113E-02    -0.21515E-03
     0.19102E+02     0.14453E-02    -0.17108E-02    -0.19468E-03
     0.19155E+02     0.14704E-02    -0.18446E-02    -0.16796E-03
     0.19208E+02     0.14967E-02    -0.19810E-02    -0.14204E-03
     0.19261E+02     0.15247E-02    -0.21197E-02    -0.11607E-03
     0.19301E+02     0.15459E-02    -0.22237E-02    -0.95575E-04
     0.19354E+02     0.15740E-02    -0.23599E-02    -0.65323E-04
     0.19407E+02     0.16006E-02    -0.24893E-02    -0.29877E-04
     0.19460E+02     0.16237E-02    -0.26081E-02     0.12679E-04
     0.19500E+02     0.16362E-02    -0.26882E-02     0.49841E-04
     0.19553E+02     0.16431E-02    -0.27817E-02     0.10601E-03
     0.19606E+02     0.16386E-02    -0.28598E-02     0.16795E-03
     0.19659E+02     0.16231E-02    -0.29247E-02     0.23296E-03
     0.19712E+02     0.15994E-02    -0.29799E-02     0.29874E-03
     0.19752E+02     0.15770E-02    -0.30176E-02     0.34781E-03
     0.19805E+02     0.15435E-02    -0.30656E-02     0.41304E-03
     0.19858E+02     0.15085E-02    -0.31121E-02     0.47848E-03
     0.19911E+02     0.14721E-02    -0.31561E-02     0.54716E-03
     0.19951E+02     0.14444E-02    -0.31862E-02     0.60245E-03
     0.20004E+02     0.14037E-02    -0.32199E-02     0.68279E-03
     0.20057E+02     0.13497E-02    -0.32428E-02     0.77014E-03
     0.20110E+02     0.12826E-02    -0.32516E-02     0.86280E-03
     0.20163E+02     0.12043E-02    -0.32450E-02     0.95854E-03
     0.20202E+02     0.11379E-02    -0.32298E-02     0.10307E-02
     0.20255E+02     0.10410E-02    -0.31963E-02     0.11257E-02
     0.20308E+02     0.93825E-03    -0.31483E-02     0.12185E-02
     0.20361E+02     0.83198E-03    -0.30859E-02     0.13087E-02
     0.20401E+02     0.75112E-03    -0.30293E-02     0.13750E-02
     0.20454E+02     0.64235E-03    -0.29404E-02     0.14628E-02
     0.20507E+02     0.53321E-03    -0.28351E-02     0.15515E-02
     0.20560E+02     0.42465E-03    -0.27119E-02     0.16423E-02
     0.20613E+02     0.31730E-03    -0.25695E-02     0.17359E-02
     0.20652E+02     0.23775E-03    -0.24495E-02     0.18081E-02
     0.20705E+02     0.13310E-03    -0.22717E-02     0.19072E-02
     0.20758E+02     0.30280E-04    -0.20735E-02     0.20094E-02
     0.20811E+02    -0.69109E-04    -0.18554E-02     0.21148E-02
     0.20851E+02    -0.14081E-03    -0.16790E-02     0.21960E-02
     0.20904E+02    -0.23212E-03    -0.14264E-02     0.23071E-02
     0.20957E+02    -0.31683E-03    -0.11541E-02     0.24209E-02
     0.21010E+02    -0.39419E-03    -0.86225E-03     0.25368E-02
     0.21063E+02    -0.46337E-03    -0.55170E-03     0.26546E-02
     0.21102E+02    -0.50943E-03    -0.30720E-03     0.27443E-02
     0.21155E+02    -0.56224E-03     0.33217E-04     0.28663E-02
     0.21208E+02    -0.60551E-03     0.38815E-03     0.29918E-02
     0.21261E+02    -0.63977E-03     0.75449E-03     0.31210E-02
     0.21301E+02    -0.66016E-03     0.10335E-02     0.32197E-02
     0.21354E+02    -0.67932E-03     0.14048E-02     0.33528E-02
     0.21407E+02    -0.68677E-03     0.17672E-02     0.34871E-02
     0.21459E+02    -0.67848E-03     0.21113E-02     0.36220E-02
     0.21512E+02    -0.65127E-03     0.24290E-02     0.37588E-02
     0.21552E+02    -0.61728E-03     0.26469E-02     0.38641E-02
     0.21605E+02    -0.55297E-03     0.29051E-02     0.40108E-02
     0.21658E+02    -0.46903E-03     0.31253E-02     0.41668E-02
     0.21710E+02    -0.37011E-03     0.33092E-02     0.43331E-02
     0.21763E+02    -0.26357E-03     0.34580E-02     0.45083E-02
     0.21803E+02    -0.17990E-03     0.35468E-02     0.46441E-02
     0.21856E+02    -0.61970E-04     0.36350E-02     0.48289E-02
     0.21908E+02     0.62440E-04     0.36889E-02     0.50151E-02
     0.21961E+02     0.19318E-03     0.37082E-02     0.52007E-02
     0.22001E+02     0.29574E-03     0.36992E-02     0.53388E-02
     0.22054E+02     0.44010E-03     0.36550E-02     0.55207E-02
     0.22106E+02     0.59365E-03     0.35731E-02     0.57001E-02
     0.22159E+02     0.75603E-03     0.34527E-02     0.58769E-02
     0.22212E+02     0.92507E-03     0.32930E-02     0.60504E-02
     0.22252E+02     0.10546E-02     0.31472E-02     0.61776E-02
     0.22304E+02     0.12299E-02     0.29182E-02     0.63419E-02
     0.22357E+02     0.14090E-02     0.26496E-02     0.64994E-02
     0.22410E+02     0.15925E-02     0.23427E-02     0.66492E-02
     0.22463E+02     0.17798E-02     0.20011E-02     0.67906E-02
     0.22503E+02     0.19205E-02     0.17252E-02     0.68904E-02
     0.22555E+02     0.21051E-02     0.13365E-02     0.70138E-02
     0.22608E+02     0.22792E-02     0.92919E-03     0.71239E-02
     0.22661E+02     0.24382E-02     0.50926E-03     0.72169E-02
     0.22701E+02     0.25453E-02     0.18992E-03     0.72740E-02
     0.22754E+02     0.26711E-02    -0.23855E-03     0.73309E-02
     0.22806E+02     0.27790E-02    -0.66781E-03     0.73628E-02
     0.22859E+02     0.28710E-02    -0.10968E-02     0.73673E-02
     0.22912E+02     0.29486E-02    -0.15243E-02     0.73424E-02
     0.22952E+02     0.29967E-02    -0.18429E-02     0.73036E-02
     0.23005E+02     0.30480E-02    -0.22628E-02     0.72228E-02
     0.23058E+02     0.30826E-02    -0.26744E-02     0.71063E-02
     0.23111E+02     0.30980E-02    -0.30737E-02     0.69510E-02
     0.23150E+02     0.30955E-02    -0.33619E-02     0.68070E-02
     0.23203E+02     0.30773E-02    -0.37280E-02     0.65772E-02
     0.23256E+02     0.30467E-02    -0.40717E-02     0.63038E-02
     0.23309E+02     0.30066E-02    -0.43926E-02     0.59873E-02
     0.23362E+02     0.29624E-02    -0.46911E-02     0.56269E-02
     0.23402E+02     0.29279E-02    -0.48990E-02     0.53280E-02
     0.23455E+02     0.28803E-02    -0.51517E-02     0.48892E-02
     0.23508E+02     0.28273E-02    -0.53716E-02     0.44039E-02
     0.23561E+02     0.27682E-02    -0.55540E-02     0.38747E-02
     0.23601E+02     0.27193E-02    -0.56634E-02     0.34490E-02
     0.23654E+02     0.26428E-02    -0.57707E-02     0.28421E-02
     0.23707E+02     0.25586E-02    -0.58361E-02     0.21892E-02
     0.23760E+02     0.24790E-02    -0.58648E-02     0.14896E-02
     0.23813E+02     0.24094E-02    -0.58624E-02     0.74697E-03
     0.23853E+02     0.23652E-02    -0.58436E-02     0.16322E-03
     0.23906E+02     0.23199E-02    -0.58016E-02    -0.65184E-03
     0.23959E+02     0.22915E-02    -0.57474E-02    -0.15090E-02
     0.24013E+02     0.22792E-02    -0.56898E-02    -0.24081E-02
     0.24052E+02     0.22815E-02    -0.56508E-02    -0.31098E-02
     0.24106E+02     0.23044E-02    -0.56145E-02    -0.40817E-02
     0.24159E+02     0.23569E-02    -0.56084E-02    -0.50940E-02
     0.24212E+02     0.24510E-02    -0.56422E-02    -0.61446E-02
     0.24252E+02     0.25501E-02    -0.56917E-02    -0.69554E-02
     0.24305E+02     0.27240E-02    -0.57945E-02    -0.80629E-02
     0.24358E+02     0.29381E-02    -0.59326E-02    -0.91940E-02
     0.24411E+02     0.31825E-02    -0.60944E-02    -0.10342E-01
     0.24451E+02     0.33801E-02    -0.62245E-02    -0.11211E-01
     0.24504E+02     0.36530E-02    -0.64041E-02    -0.12373E-01
     0.24557E+02     0.39451E-02    -0.65886E-02    -0.13528E-01
     0.24610E+02     0.42628E-02    -0.67791E-02    -0.14667E-01
     0.24650E+02     0.45204E-02    -0.69286E-02    -0.15505E-01
     0.24703E+02     0.48914E-02    -0.71423E-02    -0.16592E-01
     0.24757E+02     0.52936E-02    -0.73814E-02    -0.17642E-01
     0.24810E+02     0.57224E-02    -0.76569E-02    -0.18647E-01
     0.24863E+02     0.61735E-02    -0.79799E-02    -0.19604E-01
     0.24903E+02     0.65249E-02    -0.82596E-02    -0.20287E-01
     0.24956E+02     0.70102E-02    -0.86896E-02    -0.21144E-01
     0.25009E+02     0.75141E-02    -0.91930E-02    -0.21929E-01
