     0.13235E-01     0.36210E-07     0.20932E-06    -0.10273E-10
     0.52978E-01     0.38544E-07     0.22703E-06    -0.29783E-10
     0.10597E+00     0.42057E-07     0.25263E-06    -0.18359E-09
     0.15896E+00     0.46079E-07     0.28127E-06    -0.56998E-09
     0.21194E+00     0.50665E-07     0.31407E-06    -0.12680E-08
     0.25168E+00     0.54516E-07     0.34223E-06    -0.20359E-08
     0.30466E+00     0.60267E-07     0.38569E-06    -0.34169E-08
     0.35764E+00     0.66824E-07     0.43732E-06    -0.53425E-08
     0.41062E+00     0.74320E-07     0.49871E-06    -0.77190E-08
     0.45035E+00     0.80652E-07     0.55215E-06    -0.96267E-08
     0.50333E+00     0.90184E-07     0.63465E-06    -0.12186E-07
     0.55631E+00     0.10115E-06     0.73165E-06    -0.14525E-07
     0.60928E+00     0.11377E-06     0.84499E-06    -0.16141E-07
     0.66226E+00     0.12827E-06     0.97644E-06    -0.16893E-07
     0.70199E+00     0.14055E-06     0.10879E-05    -0.17066E-07
     0.75497E+00     0.15901E-06     0.12549E-05    -0.17291E-07
     0.80795E+00     0.18013E-06     0.14438E-05    -0.17933E-07
     0.86092E+00     0.20420E-06     0.16551E-05    -0.19507E-07
     0.90066E+00     0.22436E-06     0.18283E-05    -0.21348E-07
     0.95364E+00     0.25429E-06     0.20784E-05    -0.24854E-07
     0.10066E+01     0.28795E-06     0.23498E-05    -0.29610E-07
     0.10596E+01     0.32560E-06     0.26412E-05    -0.35411E-07
     0.11126E+01     0.36752E-06     0.29513E-05    -0.41924E-07
     0.11523E+01     0.40191E-06     0.31955E-05    -0.47010E-07
     0.12053E+01     0.45194E-06     0.35367E-05    -0.53798E-07
     0.12583E+01     0.50704E-06     0.38964E-05    -0.60138E-07
     0.13113E+01     0.56759E-06     0.42775E-05    -0.65648E-07
     0.13510E+01     0.61687E-06     0.45802E-05    -0.69358E-07
     0.14040E+01     0.68820E-06     0.50123E-05    -0.73748E-07
     0.14570E+01     0.76654E-06     0.54851E-05    -0.76529E-07
     0.15099E+01     0.85268E-06     0.60096E-05    -0.77561E-07
     0.15629E+01     0.94766E-06     0.65983E-05    -0.77541E-07
     0.16027E+01     0.10254E-05     0.70900E-05    -0.77659E-07
     0.16556E+01     0.11386E-05     0.78230E-05    -0.78938E-07
     0.17086E+01     0.12642E-05     0.86566E-05    -0.81295E-07
     0.17616E+01     0.14036E-05     0.96033E-05    -0.84886E-07
     0.18013E+01     0.15181E-05     0.10394E-04    -0.88856E-07
     0.18543E+01     0.16857E-05     0.11566E-04    -0.96201E-07
     0.19073E+01     0.18720E-05     0.12883E-04    -0.10545E-06
     0.19603E+01     0.20793E-05     0.14358E-04    -0.11727E-06
     0.20000E+01     0.22501E-05     0.15577E-04    -0.12853E-06
     0.20530E+01     0.25004E-05     0.17368E-04    -0.14781E-06
     0.21060E+01     0.27796E-05     0.19369E-04    -0.17242E-06
     0.21590E+01     0.30911E-05     0.21603E-04    -0.20195E-06
     0.22120E+01     0.34386E-05     0.24098E-04    -0.23552E-06
     0.22517E+01     0.37253E-05     0.26157E-04    -0.26269E-06
     0.23047E+01     0.41460E-05     0.29174E-04    -0.30076E-06
     0.23577E+01     0.46147E-05     0.32527E-04    -0.34066E-06
     0.24107E+01     0.51366E-05     0.36246E-04    -0.38251E-06
     0.24504E+01     0.55664E-05     0.39298E-04    -0.41533E-06
     0.25034E+01     0.61959E-05     0.43751E-04    -0.46125E-06
     0.25564E+01     0.68963E-05     0.48691E-04    -0.51035E-06
     0.26093E+01     0.76759E-05     0.54179E-04    -0.56402E-06
     0.26623E+01     0.85439E-05     0.60286E-04    -0.62368E-06
     0.27021E+01     0.92589E-05     0.65320E-04    -0.67284E-06
     0.27551E+01     0.10307E-04     0.72701E-04    -0.74476E-06
     0.28080E+01     0.11473E-04     0.80926E-04    -0.82463E-06
     0.28610E+01     0.12772E-04     0.90088E-04    -0.91338E-06
     0.29008E+01     0.13841E-04     0.97633E-04    -0.98643E-06
     0.29538E+01     0.15407E-04     0.10868E-03    -0.10936E-05
     0.30067E+01     0.17150E-04     0.12097E-03    -0.12134E-05
     0.30597E+01     0.19090E-04     0.13465E-03    -0.13482E-05
     0.31127E+01     0.21249E-04     0.14986E-03    -0.15002E-05
     0.31524E+01     0.23028E-04     0.16239E-03    -0.16271E-05
     0.32054E+01     0.25633E-04     0.18074E-03    -0.18149E-05
     0.32584E+01     0.28534E-04     0.20118E-03    -0.20258E-05
     0.33114E+01     0.31762E-04     0.22392E-03    -0.22611E-05
     0.33511E+01     0.34421E-04     0.24264E-03    -0.24545E-05
     0.34041E+01     0.38317E-04     0.27006E-03    -0.27363E-05
     0.34571E+01     0.42652E-04     0.30056E-03    -0.30476E-05
     0.35101E+01     0.47478E-04     0.33450E-03    -0.33916E-05
     0.35631E+01     0.52849E-04     0.37226E-03    -0.37725E-05
     0.36028E+01     0.57273E-04     0.40333E-03    -0.40851E-05
     0.36558E+01     0.63752E-04     0.44883E-03    -0.45423E-05
     0.37088E+01     0.70964E-04     0.49943E-03    -0.50507E-05
     0.37618E+01     0.78991E-04     0.55572E-03    -0.56161E-05
     0.38015E+01     0.85601E-04     0.60204E-03    -0.60813E-05
     0.38545E+01     0.95282E-04     0.66984E-03    -0.67620E-05
     0.39075E+01     0.10606E-03     0.74522E-03    -0.75185E-05
     0.39605E+01     0.11805E-03     0.82903E-03    -0.83592E-05
     0.40002E+01     0.12792E-03     0.89798E-03    -0.90502E-05
     0.40532E+01     0.14239E-03     0.99885E-03    -0.10060E-04
     0.41062E+01     0.15848E-03     0.11110E-02    -0.11181E-04
     0.41592E+01     0.17639E-03     0.12355E-02    -0.12425E-04
     0.42122E+01     0.19632E-03     0.13739E-02    -0.13805E-04
     0.42519E+01     0.21273E-03     0.14877E-02    -0.14936E-04
     0.43049E+01     0.23676E-03     0.16539E-02    -0.16586E-04
     0.43579E+01     0.26350E-03     0.18385E-02    -0.18412E-04
     0.44109E+01     0.29325E-03     0.20434E-02    -0.20433E-04
     0.44506E+01     0.31775E-03     0.22117E-02    -0.22088E-04
     0.45036E+01     0.35361E-03     0.24573E-02    -0.24494E-04
     0.45566E+01     0.39350E-03     0.27297E-02    -0.27139E-04
     0.46096E+01     0.43788E-03     0.30316E-02    -0.30047E-04
     0.46626E+01     0.48724E-03     0.33660E-02    -0.33230E-04
     0.47023E+01     0.52786E-03     0.36401E-02    -0.35825E-04
     0.47553E+01     0.58732E-03     0.40395E-02    -0.39599E-04
     0.48083E+01     0.65344E-03     0.44813E-02    -0.43758E-04
     0.48613E+01     0.72696E-03     0.49695E-02    -0.48338E-04
     0.49010E+01     0.78745E-03     0.53688E-02    -0.52068E-04
     0.49540E+01     0.87596E-03     0.59492E-02    -0.57443E-04
     0.50070E+01     0.97434E-03     0.65890E-02    -0.63299E-04
     0.50600E+01     0.10837E-02     0.72936E-02    -0.69607E-04
     0.51130E+01     0.12051E-02     0.80686E-02    -0.76282E-04
     0.51527E+01     0.13050E-02     0.86996E-02    -0.81558E-04
     0.52057E+01     0.14510E-02     0.96120E-02    -0.88950E-04
     0.52587E+01     0.16132E-02     0.10611E-01    -0.96952E-04
     0.53117E+01     0.17932E-02     0.11703E-01    -0.10546E-03
     0.53515E+01     0.19411E-02     0.12587E-01    -0.11202E-03
     0.54044E+01     0.21570E-02     0.13856E-01    -0.11976E-03
     0.54574E+01     0.23962E-02     0.15236E-01    -0.12296E-03
     0.55104E+01     0.26609E-02     0.16731E-01    -0.11956E-03
     0.55502E+01     0.28776E-02     0.17930E-01    -0.10731E-03
     0.56032E+01     0.31928E-02     0.19639E-01    -0.74386E-04
     0.56561E+01     0.35416E-02     0.21478E-01    -0.30325E-04
     0.57091E+01     0.39261E-02     0.23438E-01     0.29070E-04
     0.57621E+01     0.43492E-02     0.25514E-01     0.94015E-04
     0.58019E+01     0.46947E-02     0.27148E-01     0.14708E-03
     0.58549E+01     0.51955E-02     0.29431E-01     0.22984E-03
     0.59078E+01     0.57448E-02     0.31827E-01     0.33527E-03
     0.59608E+01     0.63565E-02     0.34320E-01     0.43716E-03
     0.60006E+01     0.68490E-02     0.36413E-01     0.67309E-03
     0.60536E+01     0.75010E-02     0.40039E-01     0.13996E-02
     0.61066E+01     0.81242E-02     0.44978E-01     0.23863E-02
     0.61596E+01     0.87190E-02     0.51331E-01     0.34060E-02
     0.62125E+01     0.93355E-02     0.58856E-01     0.38358E-02
     0.62523E+01     0.98402E-02     0.64827E-01     0.36665E-02
     0.63053E+01     0.10595E-01     0.72823E-01     0.29250E-02
     0.63583E+01     0.11470E-01     0.80472E-01     0.18019E-02
     0.64113E+01     0.12461E-01     0.87434E-01     0.39031E-03
     0.64510E+01     0.13282E-01     0.92085E-01    -0.70582E-03
     0.65040E+01     0.14489E-01     0.97262E-01    -0.23886E-02
     0.65570E+01     0.15841E-01     0.10068E+00    -0.42313E-02
     0.66099E+01     0.17323E-01     0.10200E+00    -0.60053E-02
     0.66629E+01     0.18925E-01     0.10077E+00    -0.69553E-02
     0.67026E+01     0.20177E-01     0.98197E-01    -0.68639E-02
     0.67556E+01     0.21838E-01     0.93855E-01    -0.52808E-02
     0.68085E+01     0.23312E-01     0.90162E-01    -0.26338E-02
     0.68614E+01     0.24481E-01     0.88675E-01     0.37351E-03
     0.69011E+01     0.25156E-01     0.87800E-01     0.25418E-02
     0.69540E+01     0.25784E-01     0.86909E-01     0.51872E-02
     0.70068E+01     0.26221E-01     0.85721E-01     0.72816E-02
     0.70596E+01     0.26590E-01     0.83885E-01     0.85658E-02
     0.71124E+01     0.26890E-01     0.79845E-01     0.86101E-02
     0.71519E+01     0.27152E-01     0.74665E-01     0.77555E-02
     0.72047E+01     0.27635E-01     0.64122E-01     0.51907E-02
     0.72574E+01     0.28318E-01     0.49351E-01     0.17307E-02
     0.73101E+01     0.29091E-01     0.31924E-01    -0.11012E-02
     0.73628E+01     0.29699E-01     0.14291E-01    -0.17903E-02
     0.74023E+01     0.29860E-01     0.30321E-02    -0.94043E-03
     0.74549E+01     0.29694E-01    -0.97772E-02     0.12542E-02
     0.75075E+01     0.29063E-01    -0.21119E-01     0.44404E-02
     0.75601E+01     0.28109E-01    -0.32083E-01     0.79868E-02
     0.76127E+01     0.26959E-01    -0.43668E-01     0.10489E-01
     0.76521E+01     0.26032E-01    -0.53402E-01     0.10802E-01
     0.77046E+01     0.24856E-01    -0.68011E-01     0.90061E-02
     0.77572E+01     0.23815E-01    -0.84443E-01     0.52387E-02
     0.78097E+01     0.22921E-01    -0.10240E+00     0.60866E-03
     0.78622E+01     0.22086E-01    -0.12099E+00    -0.26257E-02
     0.79016E+01     0.21405E-01    -0.13477E+00    -0.29073E-02
     0.79540E+01     0.20333E-01    -0.15250E+00    -0.68948E-03
     0.80065E+01     0.18796E-01    -0.16627E+00     0.39784E-02
     0.80590E+01     0.16695E-01    -0.17408E+00     0.89782E-02
     0.81114E+01     0.14231E-01    -0.17778E+00     0.11878E-01
     0.81508E+01     0.12334E-01    -0.18032E+00     0.12736E-01
     0.82032E+01     0.99824E-02    -0.18457E+00     0.11767E-01
     0.82556E+01     0.77423E-02    -0.18960E+00     0.90865E-02
     0.83081E+01     0.54945E-02    -0.19217E+00     0.60887E-02
     0.83605E+01     0.32344E-02    -0.19161E+00     0.43106E-02
     0.84129E+01     0.97193E-03    -0.19087E+00     0.38752E-02
     0.84522E+01    -0.86597E-03    -0.18909E+00     0.37954E-02
     0.85047E+01    -0.34107E-02    -0.18226E+00     0.38866E-02
     0.85571E+01    -0.57986E-02    -0.17566E+00     0.41299E-02
     0.86095E+01    -0.79912E-02    -0.17306E+00     0.42646E-02
     0.86620E+01    -0.98011E-02    -0.16922E+00     0.36967E-02
     0.87013E+01    -0.10993E-01    -0.17179E+00     0.30490E-02
     0.87537E+01    -0.12592E-01    -0.15600E+00     0.12361E-02
     0.88062E+01    -0.13712E-01    -0.13746E+00    -0.54606E-03
     0.88587E+01    -0.14452E-01    -0.11728E+00    -0.23257E-02
     0.89111E+01    -0.14903E-01    -0.96516E-01    -0.44217E-02
     0.89505E+01    -0.15086E-01    -0.83419E-01    -0.61044E-02
     0.90030E+01    -0.15151E-01    -0.62950E-01    -0.82499E-02
     0.90555E+01    -0.15043E-01    -0.38219E-01    -0.95899E-02
     0.91081E+01    -0.14778E-01    -0.12767E-01    -0.99472E-02
     0.91606E+01    -0.14365E-01     0.99690E-02    -0.91901E-02
     0.92000E+01    -0.13960E-01     0.21295E-01    -0.78177E-02
     0.92526E+01    -0.13395E-01     0.30129E-01    -0.55229E-02
     0.93052E+01    -0.12794E-01     0.35711E-01    -0.30300E-02
     0.93579E+01    -0.12152E-01     0.39494E-01    -0.77621E-03
     0.94105E+01    -0.11490E-01     0.41611E-01     0.47331E-03
     0.94500E+01    -0.10981E-01     0.41734E-01     0.74319E-03
     0.95027E+01    -0.10286E-01     0.38392E-01     0.21708E-03
     0.95554E+01    -0.95803E-02     0.32550E-01    -0.11510E-02
     0.96081E+01    -0.88726E-02     0.25590E-01    -0.30687E-02
     0.96609E+01    -0.81902E-02     0.20525E-01    -0.52160E-02
     0.97005E+01    -0.77116E-02     0.19330E-01    -0.61981E-02
     0.97533E+01    -0.71804E-02     0.21582E-01    -0.47369E-02
     0.98061E+01    -0.67463E-02     0.25409E-01    -0.27660E-02
     0.98590E+01    -0.63739E-02     0.31829E-01    -0.22526E-03
     0.99119E+01    -0.60613E-02     0.38084E-01     0.23645E-02
     0.99515E+01    -0.58571E-02     0.41089E-01     0.39058E-02
     0.10004E+02    -0.55684E-02     0.43865E-01     0.50129E-02
     0.10057E+02    -0.52520E-02     0.45194E-01     0.53301E-02
     0.10110E+02    -0.48889E-02     0.45214E-01     0.45664E-02
     0.10150E+02    -0.45975E-02     0.44555E-01     0.35468E-02
     0.10203E+02    -0.42111E-02     0.43818E-01     0.20163E-02
     0.10256E+02    -0.38135E-02     0.42543E-01     0.21924E-03
     0.10309E+02    -0.33525E-02     0.40130E-01    -0.22510E-02
     0.10362E+02    -0.27948E-02     0.36797E-01    -0.62550E-02
     0.10402E+02    -0.23257E-02     0.33656E-01    -0.10091E-01
     0.10455E+02    -0.16620E-02     0.28584E-01    -0.15052E-01
     0.10508E+02    -0.10524E-02     0.23463E-01    -0.17506E-01
     0.10561E+02    -0.57735E-03     0.19610E-01    -0.16472E-01
     0.10601E+02    -0.30259E-03     0.17199E-01    -0.13899E-01
     0.10654E+02    -0.35066E-04     0.13517E-01    -0.89559E-02
     0.10707E+02     0.10276E-03     0.94046E-02    -0.31270E-02
     0.10760E+02     0.16106E-03     0.43781E-02     0.21876E-02
     0.10813E+02     0.19249E-03    -0.97142E-03     0.63099E-02
     0.10852E+02     0.17530E-03    -0.51685E-02     0.84421E-02
     0.10905E+02     0.44865E-04    -0.10372E-01     0.10217E-01
     0.10958E+02    -0.17436E-03    -0.14154E-01     0.10698E-01
     0.11011E+02    -0.45383E-03    -0.16061E-01     0.99376E-02
     0.11051E+02    -0.68547E-03    -0.16953E-01     0.84928E-02
     0.11104E+02    -0.98803E-03    -0.17289E-01     0.56814E-02
     0.11157E+02    -0.12341E-02    -0.16106E-01     0.24410E-02
     0.11210E+02    -0.14350E-02    -0.14336E-01    -0.51966E-03
     0.11263E+02    -0.15821E-02    -0.12302E-01    -0.29412E-02
     0.11303E+02    -0.16494E-02    -0.10689E-01    -0.45074E-02
     0.11356E+02    -0.16983E-02    -0.85959E-02    -0.60032E-02
     0.11409E+02    -0.17143E-02    -0.66399E-02    -0.65939E-02
     0.11462E+02    -0.17150E-02    -0.49494E-02    -0.64589E-02
     0.11502E+02    -0.17200E-02    -0.40279E-02    -0.56825E-02
     0.11555E+02    -0.17297E-02    -0.33181E-02    -0.43543E-02
     0.11608E+02    -0.17582E-02    -0.29831E-02    -0.28723E-02
     0.11661E+02    -0.17999E-02    -0.29518E-02    -0.15385E-02
     0.11701E+02    -0.18374E-02    -0.31424E-02    -0.75163E-03
     0.11754E+02    -0.19017E-02    -0.35030E-02    -0.21937E-04
     0.11807E+02    -0.19631E-02    -0.39596E-02     0.43938E-03
     0.11860E+02    -0.20091E-02    -0.43622E-02     0.64590E-03
     0.11913E+02    -0.20426E-02    -0.46010E-02     0.66297E-03
     0.11952E+02    -0.20649E-02    -0.46230E-02     0.57590E-03
     0.12005E+02    -0.20952E-02    -0.41338E-02     0.36492E-03
     0.12058E+02    -0.21229E-02    -0.31968E-02     0.74825E-04
     0.12111E+02    -0.21440E-02    -0.21069E-02    -0.22974E-03
     0.12151E+02    -0.21539E-02    -0.14659E-02    -0.45254E-03
     0.12204E+02    -0.21638E-02    -0.94580E-03    -0.73375E-03
     0.12257E+02    -0.21696E-02    -0.77297E-03    -0.10129E-02
     0.12310E+02    -0.21704E-02    -0.72445E-03    -0.12828E-02
     0.12363E+02    -0.21646E-02    -0.66410E-03    -0.15215E-02
     0.12403E+02    -0.21523E-02    -0.51147E-03    -0.16917E-02
     0.12456E+02    -0.21257E-02    -0.17920E-03    -0.19226E-02
     0.12509E+02    -0.20890E-02     0.28972E-03    -0.20629E-02
     0.12562E+02    -0.20441E-02     0.87700E-03    -0.20549E-02
     0.12602E+02    -0.20074E-02     0.13900E-02    -0.19621E-02
     0.12655E+02    -0.19564E-02     0.20541E-02    -0.17644E-02
     0.12708E+02    -0.19044E-02     0.25721E-02    -0.15145E-02
     0.12761E+02    -0.18543E-02     0.28652E-02    -0.12692E-02
     0.12800E+02    -0.18192E-02     0.29079E-02    -0.11371E-02
     0.12853E+02    -0.17762E-02     0.27981E-02    -0.99227E-03
     0.12906E+02    -0.17372E-02     0.25838E-02    -0.85366E-03
     0.12959E+02    -0.16984E-02     0.23349E-02    -0.70267E-03
     0.13012E+02    -0.16552E-02     0.20456E-02    -0.53428E-03
     0.13052E+02    -0.16202E-02     0.18255E-02    -0.38264E-03
     0.13105E+02    -0.15754E-02     0.16820E-02    -0.20355E-03
     0.13158E+02    -0.15378E-02     0.17232E-02    -0.14913E-03
     0.13211E+02    -0.15025E-02     0.18572E-02    -0.19561E-03
     0.13251E+02    -0.14749E-02     0.19741E-02    -0.28569E-03
     0.13304E+02    -0.14350E-02     0.20773E-02    -0.53222E-03
     0.13357E+02    -0.13899E-02     0.21181E-02    -0.92137E-03
     0.13410E+02    -0.13372E-02     0.21145E-02    -0.14697E-02
     0.13463E+02    -0.12758E-02     0.20932E-02    -0.20908E-02
     0.13503E+02    -0.12251E-02     0.20759E-02    -0.25427E-02
     0.13556E+02    -0.11531E-02     0.20463E-02    -0.30292E-02
     0.13609E+02    -0.10789E-02     0.19834E-02    -0.32690E-02
     0.13662E+02    -0.10103E-02     0.18158E-02    -0.31965E-02
     0.13702E+02    -0.96402E-03     0.16112E-02    -0.29851E-02
     0.13755E+02    -0.91322E-03     0.12110E-02    -0.25234E-02
     0.13808E+02    -0.87480E-03     0.64537E-03    -0.19139E-02
     0.13861E+02    -0.85013E-03    -0.10081E-03    -0.12394E-02
     0.13901E+02    -0.84239E-03    -0.73690E-03    -0.69977E-03
     0.13954E+02    -0.84437E-03    -0.15978E-02     0.19155E-04
     0.14007E+02    -0.85688E-03    -0.24307E-02     0.62305E-03
     0.14060E+02    -0.88232E-03    -0.31281E-02     0.10632E-02
     0.14113E+02    -0.92302E-03    -0.35094E-02     0.12661E-02
     0.14153E+02    -0.95709E-03    -0.36377E-02     0.12093E-02
     0.14206E+02    -0.10024E-02    -0.36138E-02     0.92082E-03
     0.14259E+02    -0.10456E-02    -0.32888E-02     0.44964E-03
     0.14312E+02    -0.10802E-02    -0.26775E-02    -0.17680E-03
     0.14352E+02    -0.10939E-02    -0.21257E-02    -0.66497E-03
     0.14405E+02    -0.10957E-02    -0.13964E-02    -0.13450E-02
     0.14459E+02    -0.10781E-02    -0.78137E-03    -0.19938E-02
     0.14512E+02    -0.10480E-02    -0.31963E-03    -0.25558E-02
     0.14552E+02    -0.10195E-02    -0.97145E-04    -0.28833E-02
     0.14605E+02    -0.97718E-03     0.85801E-04    -0.31383E-02
     0.14659E+02    -0.93441E-03     0.16990E-03    -0.31589E-02
     0.14712E+02    -0.89585E-03     0.17416E-03    -0.29206E-02
     0.14752E+02    -0.87181E-03     0.10266E-03    -0.25920E-02
     0.14806E+02    -0.84990E-03    -0.14918E-03    -0.20200E-02
     0.14859E+02    -0.84127E-03    -0.57974E-03    -0.14003E-02
     0.14912E+02    -0.83905E-03    -0.12303E-02    -0.77456E-03
     0.14952E+02    -0.84235E-03    -0.18034E-02    -0.31771E-03
     0.15006E+02    -0.85630E-03    -0.26062E-02     0.21224E-03
     0.15059E+02    -0.87801E-03    -0.33488E-02     0.60379E-03
     0.15113E+02    -0.90748E-03    -0.39321E-02     0.80739E-03
     0.15153E+02    -0.93834E-03    -0.41164E-02     0.79198E-03
     0.15207E+02    -0.98500E-03    -0.41195E-02     0.65385E-03
     0.15261E+02    -0.10302E-02    -0.37406E-02     0.32460E-03
     0.15301E+02    -0.10614E-02    -0.32633E-02     0.73961E-05
     0.15355E+02    -0.10921E-02    -0.24779E-02    -0.44269E-03
     0.15408E+02    -0.11058E-02    -0.15992E-02    -0.86965E-03
     0.15462E+02    -0.11028E-02    -0.81077E-03    -0.12405E-02
     0.15502E+02    -0.10939E-02    -0.31783E-03    -0.14694E-02
     0.15555E+02    -0.10743E-02     0.22372E-03    -0.17002E-02
     0.15609E+02    -0.10481E-02     0.63469E-03    -0.18357E-02
     0.15662E+02    -0.10181E-02     0.93550E-03    -0.18772E-02
     0.15702E+02    -0.99423E-03     0.11044E-02    -0.18741E-02
     0.15755E+02    -0.95914E-03     0.12271E-02    -0.18139E-02
     0.15809E+02    -0.92053E-03     0.12710E-02    -0.17227E-02
     0.15862E+02    -0.87806E-03     0.12809E-02    -0.16098E-02
     0.15902E+02    -0.84427E-03     0.13106E-02    -0.15293E-02
     0.15955E+02    -0.79688E-03     0.14058E-02    -0.14275E-02
     0.16008E+02    -0.74694E-03     0.15960E-02    -0.13386E-02
     0.16061E+02    -0.69448E-03     0.18740E-02    -0.12761E-02
     0.16101E+02    -0.65366E-03     0.21231E-02    -0.12480E-02
     0.16154E+02    -0.59693E-03     0.24630E-02    -0.12596E-02
     0.16207E+02    -0.53808E-03     0.27565E-02    -0.13254E-02
     0.16260E+02    -0.47723E-03     0.29451E-02    -0.14300E-02
     0.16313E+02    -0.41685E-03     0.29574E-02    -0.15462E-02
     0.16353E+02    -0.37242E-03     0.28825E-02    -0.16239E-02
     0.16406E+02    -0.31648E-03     0.26207E-02    -0.16903E-02
     0.16459E+02    -0.26581E-03     0.21851E-02    -0.17043E-02
     0.16512E+02    -0.22146E-03     0.15449E-02    -0.16865E-02
     0.16552E+02    -0.19063E-03     0.90097E-03    -0.16609E-02
     0.16605E+02    -0.15744E-03    -0.20153E-04    -0.15592E-02
     0.16658E+02    -0.13328E-03    -0.95782E-03    -0.13122E-02
     0.16711E+02    -0.11852E-03    -0.18183E-02    -0.96773E-03
     0.16751E+02    -0.11519E-03    -0.23702E-02    -0.69373E-03
     0.16804E+02    -0.12552E-03    -0.28241E-02    -0.35220E-03
     0.16857E+02    -0.15044E-03    -0.30513E-02    -0.87695E-04
     0.16910E+02    -0.18374E-03    -0.30666E-02     0.48413E-04
     0.16963E+02    -0.21505E-03    -0.27706E-02     0.57028E-04
     0.17003E+02    -0.23636E-03    -0.24471E-02     0.16715E-05
     0.17056E+02    -0.25908E-03    -0.19691E-02    -0.14265E-03
     0.17109E+02    -0.27472E-03    -0.15360E-02    -0.34952E-03
     0.17162E+02    -0.28383E-03    -0.12366E-02    -0.57615E-03
     0.17202E+02    -0.28941E-03    -0.11490E-02    -0.74369E-03
     0.17255E+02    -0.29524E-03    -0.11297E-02    -0.96429E-03
     0.17308E+02    -0.29842E-03    -0.11766E-02    -0.11719E-02
     0.17361E+02    -0.29991E-03    -0.12849E-02    -0.13597E-02
     0.17401E+02    -0.30010E-03    -0.14210E-02    -0.14791E-02
     0.17454E+02    -0.29902E-03    -0.16235E-02    -0.16114E-02
     0.17508E+02    -0.29531E-03    -0.18163E-02    -0.17382E-02
     0.17561E+02    -0.28677E-03    -0.19483E-02    -0.18480E-02
     0.17601E+02    -0.27757E-03    -0.19660E-02    -0.19132E-02
     0.17654E+02    -0.26444E-03    -0.18703E-02    -0.19839E-02
     0.17707E+02    -0.25021E-03    -0.16455E-02    -0.20481E-02
     0.17760E+02    -0.23479E-03    -0.13711E-02    -0.20983E-02
     0.17813E+02    -0.21857E-03    -0.11215E-02    -0.21049E-02
     0.17853E+02    -0.20593E-03    -0.97775E-03    -0.20959E-02
     0.17906E+02    -0.18959E-03    -0.86502E-03    -0.20379E-02
     0.17959E+02    -0.17392E-03    -0.82464E-03    -0.19031E-02
     0.18013E+02    -0.15888E-03    -0.81128E-03    -0.17237E-02
     0.18053E+02    -0.14748E-03    -0.78134E-03    -0.15899E-02
     0.18106E+02    -0.13067E-03    -0.70711E-03    -0.14357E-02
     0.18159E+02    -0.10863E-03    -0.53049E-03    -0.13675E-02
     0.18212E+02    -0.78380E-04    -0.16185E-03    -0.13725E-02
     0.18252E+02    -0.50502E-04     0.22062E-03    -0.14205E-02
     0.18305E+02    -0.41828E-05     0.86818E-03    -0.15583E-02
     0.18358E+02     0.52445E-04     0.16750E-02    -0.17655E-02
     0.18411E+02     0.12080E-03     0.25833E-02    -0.20402E-02
     0.18451E+02     0.18124E-03     0.32703E-02    -0.22719E-02
     0.18504E+02     0.27415E-03     0.41291E-02    -0.25637E-02
     0.18558E+02     0.38031E-03     0.48889E-02    -0.28113E-02
     0.18611E+02     0.49842E-03     0.55362E-02    -0.29998E-02
     0.18651E+02     0.59381E-03     0.59525E-02    -0.30939E-02
     0.18704E+02     0.72874E-03     0.64295E-02    -0.31407E-02
     0.18757E+02     0.87115E-03     0.68336E-02    -0.30914E-02
     0.18810E+02     0.10204E-02     0.71846E-02    -0.29750E-02
     0.18863E+02     0.11746E-02     0.75038E-02    -0.28130E-02
     0.18903E+02     0.12927E-02     0.77087E-02    -0.26808E-02
     0.18956E+02     0.14526E-02     0.79231E-02    -0.25182E-02
     0.19009E+02     0.16138E-02     0.80449E-02    -0.23900E-02
     0.19062E+02     0.17747E-02     0.80431E-02    -0.23064E-02
     0.19102E+02     0.18931E-02     0.79682E-02    -0.22784E-02
     0.19155E+02     0.20488E-02     0.77550E-02    -0.22789E-02
     0.19208E+02     0.22031E-02     0.73818E-02    -0.23141E-02
     0.19261E+02     0.23559E-02     0.68340E-02    -0.23789E-02
     0.19301E+02     0.24686E-02     0.63090E-02    -0.24443E-02
     0.19354E+02     0.26134E-02     0.54808E-02    -0.25453E-02
     0.19407E+02     0.27467E-02     0.45537E-02    -0.26232E-02
     0.19460E+02     0.28631E-02     0.35638E-02    -0.26462E-02
     0.19500E+02     0.29376E-02     0.27895E-02    -0.26190E-02
     0.19553E+02     0.30105E-02     0.16646E-02    -0.25026E-02
     0.19606E+02     0.30647E-02     0.37623E-03    -0.22924E-02
     0.19659E+02     0.31004E-02    -0.10518E-02    -0.19522E-02
     0.19712E+02     0.31092E-02    -0.26012E-02    -0.14996E-02
     0.19752E+02     0.30917E-02    -0.37877E-02    -0.11400E-02
     0.19805E+02     0.30412E-02    -0.53724E-02    -0.73407E-03
     0.19858E+02     0.29620E-02    -0.69377E-02    -0.45136E-03
     0.19911E+02     0.28568E-02    -0.84619E-02    -0.28742E-03
     0.19951E+02     0.27615E-02    -0.95573E-02    -0.22494E-03
     0.20004E+02     0.26137E-02    -0.10919E-01    -0.18151E-03
     0.20057E+02     0.24456E-02    -0.12133E-01    -0.15169E-03
     0.20110E+02     0.22590E-02    -0.13213E-01    -0.13533E-03
     0.20163E+02     0.20546E-02    -0.14226E-01    -0.88271E-04
     0.20202E+02     0.18882E-02    -0.14920E-01     0.68810E-04
     0.20255E+02     0.16539E-02    -0.15752E-01     0.42840E-03
     0.20308E+02     0.14025E-02    -0.16522E-01     0.92569E-03
     0.20361E+02     0.11361E-02    -0.17261E-01     0.15313E-02
     0.20401E+02     0.92970E-03    -0.17796E-01     0.19637E-02
     0.20454E+02     0.64953E-03    -0.18468E-01     0.24046E-02
     0.20507E+02     0.36658E-03    -0.19052E-01     0.26530E-02
     0.20560E+02     0.81535E-04    -0.19489E-01     0.27765E-02
     0.20613E+02    -0.20313E-03    -0.19608E-01     0.28551E-02
     0.20652E+02    -0.41646E-03    -0.19529E-01     0.28966E-02
     0.20705E+02    -0.69888E-03    -0.19221E-01     0.29533E-02
     0.20758E+02    -0.97344E-03    -0.18731E-01     0.30146E-02
     0.20811E+02    -0.12337E-02    -0.18070E-01     0.30781E-02
     0.20851E+02    -0.14169E-02    -0.17463E-01     0.31233E-02
     0.20904E+02    -0.16442E-02    -0.16506E-01     0.31789E-02
     0.20957E+02    -0.18531E-02    -0.15394E-01     0.32518E-02
     0.21010E+02    -0.20445E-02    -0.14146E-01     0.33456E-02
     0.21063E+02    -0.22191E-02    -0.12799E-01     0.34692E-02
     0.21102E+02    -0.23385E-02    -0.11742E-01     0.35695E-02
     0.21155E+02    -0.24812E-02    -0.10279E-01     0.36940E-02
     0.21208E+02    -0.26036E-02    -0.87534E-02     0.37704E-02
     0.21261E+02    -0.27046E-02    -0.71710E-02     0.37786E-02
     0.21301E+02    -0.27659E-02    -0.59571E-02     0.37717E-02
     0.21354E+02    -0.28273E-02    -0.43121E-02     0.37371E-02
     0.21407E+02    -0.28605E-02    -0.24043E-02     0.36709E-02
     0.21459E+02    -0.28604E-02    -0.29466E-03     0.35799E-02
     0.21512E+02    -0.28261E-02     0.19615E-02     0.34904E-02
     0.21552E+02    -0.27795E-02     0.37658E-02     0.34139E-02
     0.21605E+02    -0.26915E-02     0.63649E-02     0.33050E-02
     0.21658E+02    -0.25790E-02     0.93137E-02     0.31969E-02
     0.21710E+02    -0.24294E-02     0.12382E-01     0.30812E-02
     0.21763E+02    -0.22342E-02     0.15372E-01     0.29568E-02
     0.21803E+02    -0.20580E-02     0.17523E-01     0.28577E-02
     0.21856E+02    -0.17846E-02     0.20208E-01     0.27159E-02
     0.21908E+02    -0.14690E-02     0.22608E-01     0.25621E-02
     0.21961E+02    -0.11146E-02     0.24621E-01     0.24124E-02
     0.22001E+02    -0.82581E-03     0.25845E-01     0.23226E-02
     0.22054E+02    -0.41384E-03     0.27051E-01     0.22585E-02
     0.22106E+02     0.24825E-04     0.27735E-01     0.22887E-02
     0.22159E+02     0.48532E-03     0.27833E-01     0.25049E-02
     0.22212E+02     0.95768E-03     0.27643E-01     0.29580E-02
     0.22252E+02     0.13197E-02     0.27373E-01     0.34122E-02
     0.22304E+02     0.18119E-02     0.26455E-01     0.41258E-02
     0.22357E+02     0.23171E-02     0.24978E-01     0.49644E-02
     0.22410E+02     0.28285E-02     0.23157E-01     0.59165E-02
     0.22463E+02     0.33260E-02     0.21180E-01     0.68762E-02
     0.22503E+02     0.36752E-02     0.19764E-01     0.75522E-02
     0.22555E+02     0.40906E-02     0.18357E-01     0.83111E-02
     0.22608E+02     0.44559E-02     0.17166E-01     0.89740E-02
     0.22661E+02     0.47856E-02     0.15634E-01     0.96975E-02
     0.22701E+02     0.50157E-02     0.14326E-01     0.10424E-01
     0.22754E+02     0.52738E-02     0.12681E-01     0.11722E-01
     0.22806E+02     0.54444E-02     0.11762E-01     0.13178E-01
     0.22859E+02     0.55399E-02     0.11276E-01     0.14377E-01
     0.22912E+02     0.55959E-02     0.10665E-01     0.14925E-01
     0.22952E+02     0.56154E-02     0.99181E-02     0.14777E-01
     0.23005E+02     0.56295E-02     0.84627E-02     0.13504E-01
     0.23058E+02     0.56435E-02     0.67227E-02     0.11681E-01
     0.23111E+02     0.56756E-02     0.44804E-02     0.10464E-01
     0.23150E+02     0.57026E-02     0.24029E-02     0.99911E-02
     0.23203E+02     0.57555E-02    -0.12684E-02     0.98764E-02
     0.23256E+02     0.57775E-02    -0.57005E-02     0.10087E-01
     0.23309E+02     0.57510E-02    -0.10604E-01     0.10016E-01
     0.23362E+02     0.56492E-02    -0.15271E-01     0.96486E-02
     0.23402E+02     0.55203E-02    -0.18488E-01     0.92725E-02
     0.23455E+02     0.53047E-02    -0.22753E-01     0.88383E-02
     0.23508E+02     0.50395E-02    -0.26904E-01     0.85970E-02
     0.23561E+02     0.47183E-02    -0.30775E-01     0.87597E-02
     0.23601E+02     0.44527E-02    -0.33572E-01     0.90832E-02
     0.23654E+02     0.40574E-02    -0.37004E-01     0.94544E-02
     0.23707E+02     0.35910E-02    -0.40134E-01     0.99621E-02
     0.23760E+02     0.30093E-02    -0.42083E-01     0.10595E-01
     0.23813E+02     0.22652E-02    -0.41234E-01     0.10917E-01
     0.23853E+02     0.16939E-02    -0.38853E-01     0.10781E-01
     0.23906E+02     0.97375E-03    -0.34811E-01     0.10250E-01
     0.23959E+02     0.34677E-03    -0.30807E-01     0.92957E-02
     0.24013E+02    -0.16944E-03    -0.27151E-01     0.78048E-02
     0.24052E+02    -0.48463E-03    -0.24519E-01     0.63418E-02
     0.24106E+02    -0.81339E-03    -0.20844E-01     0.41115E-02
     0.24159E+02    -0.10496E-02    -0.16796E-01     0.16663E-02
     0.24212E+02    -0.11965E-02    -0.12284E-01    -0.70916E-03
     0.24252E+02    -0.12558E-02    -0.86842E-02    -0.24244E-02
     0.24305E+02    -0.12754E-02    -0.38038E-02    -0.49775E-02
     0.24358E+02    -0.12391E-02     0.11696E-02    -0.77765E-02
     0.24411E+02    -0.11174E-02     0.64742E-02    -0.10732E-01
     0.24451E+02    -0.96923E-03     0.10604E-01    -0.12985E-01
     0.24504E+02    -0.71871E-03     0.16663E-01    -0.15993E-01
     0.24557E+02    -0.38632E-03     0.23090E-01    -0.19079E-01
     0.24610E+02     0.58430E-04     0.29261E-01    -0.22326E-01
     0.24650E+02     0.46986E-03     0.33582E-01    -0.24923E-01
     0.24703E+02     0.11233E-02     0.38786E-01    -0.28678E-01
     0.24757E+02     0.18941E-02     0.43170E-01    -0.32791E-01
     0.24810E+02     0.27772E-02     0.46615E-01    -0.37191E-01
     0.24863E+02     0.37648E-02     0.48984E-01    -0.41704E-01
     0.24903E+02     0.45706E-02     0.49940E-01    -0.45002E-01
     0.24956E+02     0.57169E-02     0.50583E-01    -0.48782E-01
     0.25009E+02     0.68613E-02     0.52724E-01    -0.51226E-01
