     0.13235E-01     0.24395E-08     0.14255E-07    -0.10557E-09
     0.52978E-01     0.24715E-08     0.15350E-07    -0.16988E-09
     0.10597E+00     0.25198E-08     0.16873E-07    -0.37108E-09
     0.15896E+00     0.25763E-08     0.18476E-07    -0.71927E-09
     0.21194E+00     0.26437E-08     0.20168E-07    -0.12325E-08
     0.25168E+00     0.27031E-08     0.21504E-07    -0.17370E-08
     0.30466E+00     0.27967E-08     0.23385E-07    -0.25849E-08
     0.35764E+00     0.29104E-08     0.25397E-07    -0.36515E-08
     0.41062E+00     0.30484E-08     0.27559E-07    -0.49593E-08
     0.45035E+00     0.31706E-08     0.29294E-07    -0.61134E-08
     0.50333E+00     0.33624E-08     0.31779E-07    -0.79052E-08
     0.55631E+00     0.35922E-08     0.34489E-07    -0.10014E-07
     0.60928E+00     0.38658E-08     0.37460E-07    -0.12473E-07
     0.66226E+00     0.41895E-08     0.40732E-07    -0.15318E-07
     0.70199E+00     0.44690E-08     0.43411E-07    -0.17728E-07
     0.75497E+00     0.48965E-08     0.47324E-07    -0.21337E-07
     0.80795E+00     0.53934E-08     0.51683E-07    -0.25434E-07
     0.86092E+00     0.59679E-08     0.56551E-07    -0.30055E-07
     0.90066E+00     0.64548E-08     0.60579E-07    -0.33885E-07
     0.95364E+00     0.71860E-08     0.66513E-07    -0.39507E-07
     0.10066E+01     0.80198E-08     0.73162E-07    -0.45749E-07
     0.10596E+01     0.89666E-08     0.80614E-07    -0.52651E-07
     0.11126E+01     0.10038E-07     0.88965E-07    -0.60254E-07
     0.11523E+01     0.10931E-07     0.95883E-07    -0.66445E-07
     0.12053E+01     0.12252E-07     0.10608E-06    -0.75397E-07
     0.12583E+01     0.13738E-07     0.11750E-06    -0.85208E-07
     0.13113E+01     0.15405E-07     0.13032E-06    -0.95956E-07
     0.13510E+01     0.16786E-07     0.14093E-06    -0.10469E-06
     0.14040E+01     0.18821E-07     0.15658E-06    -0.11732E-06
     0.14570E+01     0.21096E-07     0.17411E-06    -0.13119E-06
     0.15099E+01     0.23639E-07     0.19374E-06    -0.14645E-06
     0.15629E+01     0.26480E-07     0.21571E-06    -0.16326E-06
     0.16027E+01     0.28824E-07     0.23389E-06    -0.17701E-06
     0.16556E+01     0.32265E-07     0.26062E-06    -0.19702E-06
     0.17086E+01     0.36101E-07     0.29052E-06    -0.21918E-06
     0.17616E+01     0.40376E-07     0.32394E-06    -0.24375E-06
     0.18013E+01     0.43899E-07     0.35155E-06    -0.26393E-06
     0.18543E+01     0.49063E-07     0.39211E-06    -0.29345E-06
     0.19073E+01     0.54811E-07     0.43741E-06    -0.32628E-06
     0.19603E+01     0.61212E-07     0.48796E-06    -0.36283E-06
     0.20000E+01     0.66484E-07     0.52968E-06    -0.39294E-06
     0.20530E+01     0.74207E-07     0.59090E-06    -0.43710E-06
     0.21060E+01     0.82806E-07     0.65919E-06    -0.48630E-06
     0.21590E+01     0.92380E-07     0.73534E-06    -0.54113E-06
     0.22120E+01     0.10304E-06     0.82025E-06    -0.60224E-06
     0.22517E+01     0.11182E-06     0.89027E-06    -0.65259E-06
     0.23047E+01     0.12469E-06     0.99296E-06    -0.72640E-06
     0.23577E+01     0.13901E-06     0.11074E-05    -0.80858E-06
     0.24107E+01     0.15496E-06     0.12349E-05    -0.90009E-06
     0.24504E+01     0.16809E-06     0.13400E-05    -0.97547E-06
     0.25034E+01     0.18733E-06     0.14940E-05    -0.10859E-05
     0.25564E+01     0.20875E-06     0.16655E-05    -0.12088E-05
     0.26093E+01     0.23259E-06     0.18566E-05    -0.13456E-05
     0.26623E+01     0.25914E-06     0.20693E-05    -0.14979E-05
     0.27021E+01     0.28100E-06     0.22446E-05    -0.16233E-05
     0.27551E+01     0.31303E-06     0.25014E-05    -0.18070E-05
     0.28080E+01     0.34869E-06     0.27873E-05    -0.20114E-05
     0.28610E+01     0.38838E-06     0.31056E-05    -0.22389E-05
     0.29008E+01     0.42108E-06     0.33678E-05    -0.24263E-05
     0.29538E+01     0.46896E-06     0.37518E-05    -0.27007E-05
     0.30067E+01     0.52226E-06     0.41794E-05    -0.30061E-05
     0.30597E+01     0.58159E-06     0.46553E-05    -0.33460E-05
     0.31127E+01     0.64764E-06     0.51852E-05    -0.37243E-05
     0.31524E+01     0.70203E-06     0.56215E-05    -0.40359E-05
     0.32054E+01     0.78169E-06     0.62606E-05    -0.44922E-05
     0.32584E+01     0.87036E-06     0.69720E-05    -0.50002E-05
     0.33114E+01     0.96906E-06     0.77638E-05    -0.55655E-05
     0.33511E+01     0.10503E-05     0.84160E-05    -0.60311E-05
     0.34041E+01     0.11694E-05     0.93711E-05    -0.67130E-05
     0.34571E+01     0.13019E-05     0.10434E-04    -0.74720E-05
     0.35101E+01     0.14494E-05     0.11618E-04    -0.83168E-05
     0.35631E+01     0.16136E-05     0.12935E-04    -0.92572E-05
     0.36028E+01     0.17488E-05     0.14020E-04    -0.10032E-04
     0.36558E+01     0.19469E-05     0.15609E-04    -0.11166E-04
     0.37088E+01     0.21673E-05     0.17377E-04    -0.12429E-04
     0.37618E+01     0.24127E-05     0.19346E-04    -0.13834E-04
     0.38015E+01     0.26148E-05     0.20967E-04    -0.14992E-04
     0.38545E+01     0.29108E-05     0.23342E-04    -0.16687E-04
     0.39075E+01     0.32402E-05     0.25985E-04    -0.18575E-04
     0.39605E+01     0.36070E-05     0.28927E-04    -0.20675E-04
     0.40002E+01     0.39090E-05     0.31350E-04    -0.22406E-04
     0.40532E+01     0.43514E-05     0.34899E-04    -0.24940E-04
     0.41062E+01     0.48438E-05     0.38849E-04    -0.27761E-04
     0.41592E+01     0.53920E-05     0.43246E-04    -0.30901E-04
     0.42122E+01     0.60021E-05     0.48141E-04    -0.34396E-04
     0.42519E+01     0.65046E-05     0.52172E-04    -0.37275E-04
     0.43049E+01     0.72406E-05     0.58076E-04    -0.41491E-04
     0.43579E+01     0.80599E-05     0.64648E-04    -0.46184E-04
     0.44109E+01     0.89718E-05     0.71964E-04    -0.51408E-04
     0.44506E+01     0.97229E-05     0.77989E-04    -0.55710E-04
     0.45036E+01     0.10823E-04     0.86814E-04    -0.62010E-04
     0.45566E+01     0.12047E-04     0.96637E-04    -0.69024E-04
     0.46096E+01     0.13411E-04     0.10757E-03    -0.76829E-04
     0.46626E+01     0.14928E-04     0.11974E-03    -0.85518E-04
     0.47023E+01     0.16177E-04     0.12977E-03    -0.92672E-04
     0.47553E+01     0.18007E-04     0.14445E-03    -0.10315E-03
     0.48083E+01     0.20045E-04     0.16079E-03    -0.11481E-03
     0.48613E+01     0.22312E-04     0.17899E-03    -0.12779E-03
     0.49010E+01     0.24180E-04     0.19397E-03    -0.13848E-03
     0.49540E+01     0.26915E-04     0.21591E-03    -0.15413E-03
     0.50070E+01     0.29959E-04     0.24034E-03    -0.17155E-03
     0.50600E+01     0.33348E-04     0.26752E-03    -0.19093E-03
     0.51130E+01     0.37120E-04     0.29779E-03    -0.21250E-03
     0.51527E+01     0.40226E-04     0.32271E-03    -0.23026E-03
     0.52057E+01     0.44775E-04     0.35921E-03    -0.25626E-03
     0.52587E+01     0.49838E-04     0.39984E-03    -0.28519E-03
     0.53117E+01     0.55473E-04     0.44505E-03    -0.31737E-03
     0.53515E+01     0.60113E-04     0.48229E-03    -0.34387E-03
     0.54044E+01     0.66908E-04     0.53683E-03    -0.38266E-03
     0.54574E+01     0.74471E-04     0.59752E-03    -0.42580E-03
     0.55104E+01     0.82888E-04     0.66508E-03    -0.47379E-03
     0.55502E+01     0.89818E-04     0.72070E-03    -0.51328E-03
     0.56032E+01     0.99966E-04     0.80216E-03    -0.57109E-03
     0.56561E+01     0.11126E-03     0.89282E-03    -0.63536E-03
     0.57091E+01     0.12383E-03     0.99371E-03    -0.70682E-03
     0.57621E+01     0.13781E-03     0.11060E-02    -0.78627E-03
     0.58019E+01     0.14932E-03     0.11984E-02    -0.85162E-03
     0.58549E+01     0.16617E-03     0.13338E-02    -0.94721E-03
     0.59078E+01     0.18492E-03     0.14844E-02    -0.10534E-02
     0.59608E+01     0.20578E-03     0.16519E-02    -0.11715E-02
     0.60006E+01     0.22295E-03     0.17899E-02    -0.12685E-02
     0.60536E+01     0.24808E-03     0.19918E-02    -0.14103E-02
     0.61066E+01     0.27604E-03     0.22165E-02    -0.15678E-02
     0.61596E+01     0.30713E-03     0.24664E-02    -0.17426E-02
     0.62125E+01     0.34170E-03     0.27444E-02    -0.19366E-02
     0.62523E+01     0.37015E-03     0.29732E-02    -0.20959E-02
     0.63053E+01     0.41178E-03     0.33081E-02    -0.23284E-02
     0.63583E+01     0.45806E-03     0.36805E-02    -0.25863E-02
     0.64113E+01     0.50950E-03     0.40946E-02    -0.28719E-02
     0.64510E+01     0.55182E-03     0.44352E-02    -0.31062E-02
     0.65040E+01     0.61370E-03     0.49337E-02    -0.34477E-02
     0.65570E+01     0.68245E-03     0.54877E-02    -0.38254E-02
     0.66099E+01     0.75882E-03     0.61034E-02    -0.42431E-02
     0.66629E+01     0.84364E-03     0.67875E-02    -0.47046E-02
     0.67026E+01     0.91333E-03     0.73500E-02    -0.50819E-02
     0.67556E+01     0.10151E-02     0.81721E-02    -0.56300E-02
     0.68085E+01     0.11281E-02     0.90848E-02    -0.62339E-02
     0.68614E+01     0.12534E-02     0.10098E-01    -0.68983E-02
     0.69011E+01     0.13562E-02     0.10929E-01    -0.74393E-02
     0.69540E+01     0.15061E-02     0.12144E-01    -0.82219E-02
     0.70068E+01     0.16722E-02     0.13490E-01    -0.90792E-02
     0.70596E+01     0.18561E-02     0.14980E-01    -0.10017E-01
     0.71124E+01     0.20594E-02     0.16629E-01    -0.11040E-01
     0.71519E+01     0.22256E-02     0.17977E-01    -0.11867E-01
     0.72047E+01     0.24670E-02     0.19933E-01    -0.13055E-01
     0.72574E+01     0.27327E-02     0.22083E-01    -0.14345E-01
     0.73101E+01     0.30248E-02     0.24446E-01    -0.15743E-01
     0.73628E+01     0.33460E-02     0.27044E-01    -0.17252E-01
     0.74023E+01     0.36080E-02     0.29164E-01    -0.18455E-01
     0.74549E+01     0.39882E-02     0.32244E-01    -0.20153E-01
     0.75075E+01     0.44064E-02     0.35637E-01    -0.21954E-01
     0.75601E+01     0.48647E-02     0.39358E-01    -0.23853E-01
     0.76127E+01     0.53646E-02     0.43415E-01    -0.25845E-01
     0.76521E+01     0.57672E-02     0.46680E-01    -0.27394E-01
     0.77046E+01     0.63415E-02     0.51335E-01    -0.29524E-01
     0.77572E+01     0.69587E-02     0.56339E-01    -0.31718E-01
     0.78097E+01     0.76204E-02     0.61707E-01    -0.33963E-01
     0.78622E+01     0.83288E-02     0.67427E-01    -0.36249E-01
     0.79016E+01     0.88847E-02     0.71920E-01    -0.38023E-01
     0.79540E+01     0.96464E-02     0.78160E-01    -0.40565E-01
     0.80065E+01     0.10423E-01     0.84738E-01    -0.43353E-01
     0.80590E+01     0.11214E-01     0.91827E-01    -0.46315E-01
     0.81114E+01     0.12023E-01     0.99588E-01    -0.49246E-01
     0.81508E+01     0.12643E-01     0.10587E+00    -0.51137E-01
     0.82032E+01     0.13489E-01     0.11476E+00    -0.53142E-01
     0.82556E+01     0.14355E-01     0.12400E+00    -0.54257E-01
     0.83081E+01     0.15239E-01     0.13330E+00    -0.54195E-01
     0.83605E+01     0.16125E-01     0.14221E+00    -0.52873E-01
     0.84129E+01     0.16986E-01     0.15038E+00    -0.50373E-01
     0.84522E+01     0.17607E-01     0.15588E+00    -0.47692E-01
     0.85047E+01     0.18389E-01     0.16229E+00    -0.43131E-01
     0.85571E+01     0.19089E-01     0.16759E+00    -0.37725E-01
     0.86095E+01     0.19681E-01     0.17180E+00    -0.31751E-01
     0.86620E+01     0.20157E-01     0.17506E+00    -0.25303E-01
     0.87013E+01     0.20437E-01     0.17695E+00    -0.20178E-01
     0.87537E+01     0.20705E-01     0.17880E+00    -0.13002E-01
     0.88062E+01     0.20856E-01     0.17996E+00    -0.54136E-02
     0.88587E+01     0.20889E-01     0.18046E+00     0.26765E-02
     0.89111E+01     0.20791E-01     0.18042E+00     0.11254E-01
     0.89505E+01     0.20626E-01     0.17996E+00     0.17891E-01
     0.90030E+01     0.20296E-01     0.17896E+00     0.26833E-01
     0.90555E+01     0.19811E-01     0.17729E+00     0.35575E-01
     0.91081E+01     0.19148E-01     0.17474E+00     0.43751E-01
     0.91606E+01     0.18292E-01     0.17133E+00     0.51165E-01
     0.92000E+01     0.17562E-01     0.16824E+00     0.56276E-01
     0.92526E+01     0.16517E-01     0.16335E+00     0.62669E-01
     0.93052E+01     0.15408E-01     0.15746E+00     0.68656E-01
     0.93579E+01     0.14248E-01     0.15041E+00     0.74175E-01
     0.94105E+01     0.13062E-01     0.14220E+00     0.79138E-01
     0.94500E+01     0.12181E-01     0.13539E+00     0.82527E-01
     0.95027E+01     0.11068E-01     0.12576E+00     0.86891E-01
     0.95554E+01     0.10042E-01     0.11585E+00     0.91105E-01
     0.96081E+01     0.89818E-02     0.10583E+00     0.94087E-01
     0.96609E+01     0.77331E-02     0.95960E-01     0.94508E-01
     0.97005E+01     0.66990E-02     0.88821E-01     0.92915E-01
     0.97533E+01     0.52101E-02     0.79990E-01     0.88883E-01
     0.98061E+01     0.37417E-02     0.72031E-01     0.83748E-01
     0.98590E+01     0.24128E-02     0.64762E-01     0.78735E-01
     0.99119E+01     0.12538E-02     0.57841E-01     0.74378E-01
     0.99515E+01     0.45506E-03     0.52618E-01     0.71240E-01
     0.10004E+02    -0.58300E-03     0.45426E-01     0.66538E-01
     0.10057E+02    -0.16113E-02     0.38037E-01     0.60858E-01
     0.10110E+02    -0.26032E-02     0.30571E-01     0.54335E-01
     0.10150E+02    -0.32868E-02     0.24981E-01     0.49226E-01
     0.10203E+02    -0.40673E-02     0.17634E-01     0.42628E-01
     0.10256E+02    -0.46706E-02     0.10480E-01     0.36675E-01
     0.10309E+02    -0.51102E-02     0.36723E-02     0.31437E-01
     0.10362E+02    -0.54384E-02    -0.26625E-02     0.26660E-01
     0.10402E+02    -0.56463E-02    -0.68020E-02     0.23237E-01
     0.10455E+02    -0.59080E-02    -0.11051E-01     0.18830E-01
     0.10508E+02    -0.61717E-02    -0.13672E-01     0.14532E-01
     0.10561E+02    -0.64357E-02    -0.14982E-01     0.10302E-01
     0.10601E+02    -0.66115E-02    -0.15396E-01     0.72322E-02
     0.10654E+02    -0.67858E-02    -0.15558E-01     0.34967E-02
     0.10707E+02    -0.68887E-02    -0.15538E-01     0.32202E-04
     0.10760E+02    -0.69178E-02    -0.15469E-01    -0.32899E-02
     0.10813E+02    -0.68717E-02    -0.15402E-01    -0.65604E-02
     0.10852E+02    -0.67857E-02    -0.15422E-01    -0.89556E-02
     0.10905E+02    -0.66388E-02    -0.15460E-01    -0.12003E-01
     0.10958E+02    -0.64449E-02    -0.15407E-01    -0.14832E-01
     0.11011E+02    -0.62068E-02    -0.15229E-01    -0.17192E-01
     0.11051E+02    -0.60116E-02    -0.14935E-01    -0.18641E-01
     0.11104E+02    -0.57454E-02    -0.14275E-01    -0.20209E-01
     0.11157E+02    -0.54976E-02    -0.13309E-01    -0.21456E-01
     0.11210E+02    -0.52800E-02    -0.12076E-01    -0.22473E-01
     0.11263E+02    -0.50754E-02    -0.10642E-01    -0.23302E-01
     0.11303E+02    -0.49231E-02    -0.94840E-02    -0.23805E-01
     0.11356E+02    -0.46987E-02    -0.78890E-02    -0.24227E-01
     0.11409E+02    -0.44461E-02    -0.62926E-02    -0.24355E-01
     0.11462E+02    -0.41709E-02    -0.46644E-02    -0.24278E-01
     0.11502E+02    -0.39470E-02    -0.33765E-02    -0.24073E-01
     0.11555E+02    -0.36293E-02    -0.14795E-02    -0.23698E-01
     0.11608E+02    -0.32989E-02     0.72015E-03    -0.23019E-01
     0.11661E+02    -0.29502E-02     0.31781E-02    -0.21972E-01
     0.11701E+02    -0.26786E-02     0.51234E-02    -0.20946E-01
     0.11754E+02    -0.23115E-02     0.76748E-02    -0.19256E-01
     0.11807E+02    -0.19625E-02     0.98692E-02    -0.17261E-01
     0.11860E+02    -0.16644E-02     0.11436E-01    -0.15101E-01
     0.11913E+02    -0.14564E-02     0.12049E-01    -0.13043E-01
     0.11952E+02    -0.13390E-02     0.12137E-01    -0.11566E-01
     0.12005E+02    -0.11991E-02     0.11751E-01    -0.95849E-02
     0.12058E+02    -0.10689E-02     0.11054E-01    -0.76871E-02
     0.12111E+02    -0.95491E-03     0.10401E-01    -0.59148E-02
     0.12151E+02    -0.87466E-03     0.10031E-01    -0.46702E-02
     0.12204E+02    -0.78894E-03     0.98517E-02    -0.32157E-02
     0.12257E+02    -0.72487E-03     0.10053E-01    -0.20643E-02
     0.12310E+02    -0.68356E-03     0.10647E-01    -0.12106E-02
     0.12363E+02    -0.66650E-03     0.11529E-01    -0.64640E-03
     0.12403E+02    -0.66826E-03     0.12219E-01    -0.35565E-03
     0.12456E+02    -0.68343E-03     0.13000E-01    -0.61260E-04
     0.12509E+02    -0.69366E-03     0.13626E-01     0.23188E-03
     0.12562E+02    -0.69052E-03     0.14015E-01     0.57735E-03
     0.12602E+02    -0.68379E-03     0.14128E-01     0.82659E-03
     0.12655E+02    -0.67356E-03     0.14142E-01     0.11653E-02
     0.12708E+02    -0.66873E-03     0.14027E-01     0.15294E-02
     0.12761E+02    -0.67041E-03     0.13721E-01     0.18206E-02
     0.12800E+02    -0.67432E-03     0.13378E-01     0.19517E-02
     0.12853E+02    -0.68443E-03     0.12818E-01     0.20450E-02
     0.12906E+02    -0.69322E-03     0.12238E-01     0.20209E-02
     0.12959E+02    -0.71118E-03     0.11731E-01     0.19232E-02
     0.13012E+02    -0.73618E-03     0.11302E-01     0.17622E-02
     0.13052E+02    -0.75578E-03     0.11003E-01     0.16545E-02
     0.13105E+02    -0.78036E-03     0.10573E-01     0.15848E-02
     0.13158E+02    -0.80542E-03     0.10037E-01     0.16084E-02
     0.13211E+02    -0.83161E-03     0.93466E-02     0.17080E-02
     0.13251E+02    -0.85203E-03     0.87315E-02     0.18071E-02
     0.13304E+02    -0.87851E-03     0.78336E-02     0.19246E-02
     0.13357E+02    -0.90477E-03     0.69323E-02     0.20047E-02
     0.13410E+02    -0.93024E-03     0.61072E-02     0.20011E-02
     0.13463E+02    -0.95339E-03     0.53805E-02     0.18838E-02
     0.13503E+02    -0.96801E-03     0.49013E-02     0.17370E-02
     0.13556E+02    -0.97608E-03     0.43393E-02     0.14765E-02
     0.13609E+02    -0.97180E-03     0.38637E-02     0.11648E-02
     0.13662E+02    -0.95642E-03     0.34127E-02     0.80099E-03
     0.13702E+02    -0.94141E-03     0.30625E-02     0.48755E-03
     0.13755E+02    -0.91873E-03     0.25308E-02    -0.73092E-05
     0.13808E+02    -0.89318E-03     0.19153E-02    -0.56824E-03
     0.13861E+02    -0.86671E-03     0.12645E-02    -0.11446E-02
     0.13901E+02    -0.84733E-03     0.77102E-03    -0.15486E-02
     0.13954E+02    -0.82467E-03     0.16171E-03    -0.20253E-02
     0.14007E+02    -0.80558E-03    -0.37616E-03    -0.24290E-02
     0.14060E+02    -0.78818E-03    -0.84933E-03    -0.27623E-02
     0.14113E+02    -0.76622E-03    -0.12778E-02    -0.30227E-02
     0.14153E+02    -0.74183E-03    -0.15818E-02    -0.31689E-02
     0.14206E+02    -0.69440E-03    -0.19861E-02    -0.33047E-02
     0.14259E+02    -0.63282E-03    -0.24072E-02    -0.34292E-02
     0.14312E+02    -0.55782E-03    -0.28568E-02    -0.35953E-02
     0.14352E+02    -0.49156E-03    -0.32157E-02    -0.37627E-02
     0.14405E+02    -0.38956E-03    -0.37236E-02    -0.40418E-02
     0.14459E+02    -0.27488E-03    -0.42771E-02    -0.43844E-02
     0.14512E+02    -0.15164E-03    -0.49342E-02    -0.47787E-02
     0.14552E+02    -0.57016E-04    -0.55277E-02    -0.51017E-02
     0.14605E+02     0.68599E-04    -0.64737E-02    -0.55684E-02
     0.14659E+02     0.19208E-03    -0.75901E-02    -0.60708E-02
     0.14712E+02     0.31635E-03    -0.88822E-02    -0.65511E-02
     0.14752E+02     0.41193E-03    -0.99417E-02    -0.68707E-02
     0.14806E+02     0.54220E-03    -0.11353E-01    -0.72355E-02
     0.14859E+02     0.67679E-03    -0.12727E-01    -0.75404E-02
     0.14912E+02     0.81805E-03    -0.14098E-01    -0.78011E-02
     0.14952E+02     0.92854E-03    -0.15076E-01    -0.79712E-02
     0.15006E+02     0.10830E-02    -0.16327E-01    -0.81693E-02
     0.15059E+02     0.12516E-02    -0.17626E-01    -0.83192E-02
     0.15113E+02     0.14350E-02    -0.19032E-01    -0.84213E-02
     0.15153E+02     0.15804E-02    -0.20175E-01    -0.84671E-02
     0.15207E+02     0.17811E-02    -0.21827E-01    -0.84771E-02
     0.15261E+02     0.19842E-02    -0.23639E-01    -0.84257E-02
     0.15301E+02     0.21362E-02    -0.25113E-01    -0.83348E-02
     0.15355E+02     0.23344E-02    -0.27227E-01    -0.81197E-02
     0.15408E+02     0.25225E-02    -0.29462E-01    -0.77838E-02
     0.15462E+02     0.26953E-02    -0.31735E-01    -0.73191E-02
     0.15502E+02     0.28139E-02    -0.33403E-01    -0.68750E-02
     0.15555E+02     0.29590E-02    -0.35482E-01    -0.61373E-02
     0.15609E+02     0.30841E-02    -0.37311E-01    -0.52225E-02
     0.15662E+02     0.31942E-02    -0.38898E-01    -0.41714E-02
     0.15702E+02     0.32755E-02    -0.39972E-01    -0.33058E-02
     0.15755E+02     0.33861E-02    -0.41294E-01    -0.20108E-02
     0.15809E+02     0.34992E-02    -0.42487E-01    -0.54292E-03
     0.15862E+02     0.35963E-02    -0.43513E-01     0.95576E-03
     0.15902E+02     0.36458E-02    -0.44146E-01     0.20379E-02
     0.15955E+02     0.36753E-02    -0.44798E-01     0.34089E-02
     0.16008E+02     0.36515E-02    -0.45139E-01     0.47618E-02
     0.16061E+02     0.35849E-02    -0.45203E-01     0.61777E-02
     0.16101E+02     0.35136E-02    -0.45099E-01     0.73235E-02
     0.16154E+02     0.33938E-02    -0.44637E-01     0.89904E-02
     0.16207E+02     0.32480E-02    -0.43921E-01     0.10812E-01
     0.16260E+02     0.30846E-02    -0.43012E-01     0.12717E-01
     0.16313E+02     0.29079E-02    -0.41946E-01     0.14631E-01
     0.16353E+02     0.27629E-02    -0.41013E-01     0.16015E-01
     0.16406E+02     0.25432E-02    -0.39520E-01     0.17704E-01
     0.16459E+02     0.22860E-02    -0.37692E-01     0.19133E-01
     0.16512E+02     0.19925E-02    -0.35540E-01     0.20263E-01
     0.16552E+02     0.17534E-02    -0.33766E-01     0.20932E-01
     0.16605E+02     0.14190E-02    -0.31257E-01     0.21645E-01
     0.16658E+02     0.10750E-02    -0.28625E-01     0.22201E-01
     0.16711E+02     0.72446E-03    -0.25871E-01     0.22615E-01
     0.16751E+02     0.45849E-03    -0.23713E-01     0.22823E-01
     0.16804E+02     0.10250E-03    -0.20676E-01     0.22959E-01
     0.16857E+02    -0.25725E-03    -0.17452E-01     0.22854E-01
     0.16910E+02    -0.61180E-03    -0.14106E-01     0.22512E-01
     0.16963E+02    -0.95093E-03    -0.10662E-01     0.22014E-01
     0.17003E+02    -0.11935E-02    -0.80906E-02     0.21522E-01
     0.17056E+02    -0.14998E-02    -0.48509E-02     0.20679E-01
     0.17109E+02    -0.17849E-02    -0.19131E-02     0.19640E-01
     0.17162E+02    -0.20542E-02     0.84655E-03     0.18442E-01
     0.17202E+02    -0.22458E-02     0.27744E-02     0.17450E-01
     0.17255E+02    -0.24824E-02     0.51402E-02     0.16001E-01
     0.17308E+02    -0.26920E-02     0.72440E-02     0.14403E-01
     0.17361E+02    -0.28699E-02     0.90666E-02     0.12647E-01
     0.17401E+02    -0.29805E-02     0.10251E-01     0.11224E-01
     0.17454E+02    -0.30962E-02     0.11605E-01     0.91838E-02
     0.17508E+02    -0.31750E-02     0.12747E-01     0.69826E-02
     0.17561E+02    -0.32179E-02     0.13680E-01     0.46708E-02
     0.17601E+02    -0.32333E-02     0.14249E-01     0.28590E-02
     0.17654E+02    -0.32127E-02     0.14813E-01     0.46124E-03
     0.17707E+02    -0.31599E-02     0.15028E-01    -0.17754E-02
     0.17760E+02    -0.30890E-02     0.14946E-01    -0.39496E-02
     0.17813E+02    -0.30004E-02     0.14506E-01    -0.60877E-02
     0.17853E+02    -0.29151E-02     0.13971E-01    -0.76730E-02
     0.17906E+02    -0.27784E-02     0.13004E-01    -0.97638E-02
     0.17959E+02    -0.26155E-02     0.11775E-01    -0.11797E-01
     0.18013E+02    -0.24236E-02     0.10275E-01    -0.13702E-01
     0.18053E+02    -0.22592E-02     0.89562E-02    -0.14994E-01
     0.18106E+02    -0.20122E-02     0.69395E-02    -0.16483E-01
     0.18159E+02    -0.17360E-02     0.46375E-02    -0.17673E-01
     0.18212E+02    -0.14367E-02     0.20909E-02    -0.18587E-01
     0.18252E+02    -0.12044E-02     0.71255E-04    -0.19112E-01
     0.18305E+02    -0.89247E-03    -0.27264E-02    -0.19592E-01
     0.18358E+02    -0.57806E-03    -0.55029E-02    -0.19712E-01
     0.18411E+02    -0.25665E-03    -0.82577E-02    -0.19514E-01
     0.18451E+02    -0.98394E-05    -0.10413E-01    -0.19180E-01
     0.18504E+02     0.32978E-03    -0.13412E-01    -0.18503E-01
     0.18558E+02     0.68321E-03    -0.16612E-01    -0.17593E-01
     0.18611E+02     0.10481E-02    -0.19961E-01    -0.16451E-01
     0.18651E+02     0.13255E-02    -0.22444E-01    -0.15421E-01
     0.18704E+02     0.16885E-02    -0.25627E-01    -0.13788E-01
     0.18757E+02     0.20183E-02    -0.28451E-01    -0.11939E-01
     0.18810E+02     0.22837E-02    -0.30676E-01    -0.10000E-01
     0.18863E+02     0.24738E-02    -0.32263E-01    -0.80299E-02
     0.18903E+02     0.25725E-02    -0.33113E-01    -0.64984E-02
     0.18956E+02     0.26622E-02    -0.33937E-01    -0.43027E-02
     0.19009E+02     0.27182E-02    -0.34547E-01    -0.18170E-02
     0.19062E+02     0.27490E-02    -0.34999E-01     0.91103E-03
     0.19102E+02     0.27551E-02    -0.35213E-01     0.29803E-02
     0.19155E+02     0.27403E-02    -0.35401E-01     0.56338E-02
     0.19208E+02     0.27057E-02    -0.35550E-01     0.80905E-02
     0.19261E+02     0.26522E-02    -0.35677E-01     0.10271E-01
     0.19301E+02     0.25876E-02    -0.35717E-01     0.11708E-01
     0.19354E+02     0.24650E-02    -0.35681E-01     0.13277E-01
     0.19407E+02     0.22975E-02    -0.35425E-01     0.14384E-01
     0.19460E+02     0.20805E-02    -0.34735E-01     0.15130E-01
     0.19500E+02     0.18894E-02    -0.33924E-01     0.15555E-01
     0.19553E+02     0.16063E-02    -0.32456E-01     0.16029E-01
     0.19606E+02     0.13069E-02    -0.30569E-01     0.16479E-01
     0.19659E+02     0.10051E-02    -0.28326E-01     0.16942E-01
     0.19712E+02     0.70766E-03    -0.25809E-01     0.17377E-01
     0.19752E+02     0.49436E-03    -0.23806E-01     0.17614E-01
     0.19805E+02     0.22895E-03    -0.21078E-01     0.17734E-01
     0.19858E+02    -0.19199E-04    -0.18389E-01     0.17559E-01
     0.19911E+02    -0.24028E-03    -0.15846E-01     0.17036E-01
     0.19951E+02    -0.38442E-03    -0.14065E-01     0.16369E-01
     0.20004E+02    -0.55141E-03    -0.11878E-01     0.15099E-01
     0.20057E+02    -0.68995E-03    -0.98754E-02     0.13442E-01
     0.20110E+02    -0.80097E-03    -0.79936E-02     0.11480E-01
     0.20163E+02    -0.88716E-03    -0.62141E-02     0.92899E-02
     0.20202E+02    -0.93382E-03    -0.50060E-02     0.75266E-02
     0.20255E+02    -0.97957E-03    -0.36219E-02     0.50496E-02
     0.20308E+02    -0.10076E-02    -0.26243E-02     0.23943E-02
     0.20361E+02    -0.10011E-02    -0.22913E-02    -0.28731E-03
     0.20401E+02    -0.96813E-03    -0.24146E-02    -0.22512E-02
     0.20454E+02    -0.88723E-03    -0.30968E-02    -0.48900E-02
     0.20507E+02    -0.75927E-03    -0.43977E-02    -0.76134E-02
     0.20560E+02    -0.59126E-03    -0.63178E-02    -0.10455E-01
     0.20613E+02    -0.37992E-03    -0.87561E-02    -0.13360E-01
     0.20652E+02    -0.19128E-03    -0.10865E-01    -0.15525E-01
     0.20705E+02     0.10420E-03    -0.14013E-01    -0.18310E-01
     0.20758E+02     0.45321E-03    -0.17498E-01    -0.20881E-01
     0.20811E+02     0.85426E-03    -0.21269E-01    -0.23186E-01
     0.20851E+02     0.11869E-02    -0.24246E-01    -0.24714E-01
     0.20904E+02     0.16691E-02    -0.28352E-01    -0.26372E-01
     0.20957E+02     0.21856E-02    -0.32534E-01    -0.27727E-01
     0.21010E+02     0.27273E-02    -0.36725E-01    -0.28808E-01
     0.21063E+02     0.32917E-02    -0.40915E-01    -0.29660E-01
     0.21102E+02     0.37310E-02    -0.44069E-01    -0.30169E-01
     0.21155E+02     0.43385E-02    -0.48294E-01    -0.30683E-01
     0.21208E+02     0.49696E-02    -0.52490E-01    -0.31058E-01
     0.21261E+02     0.56166E-02    -0.56603E-01    -0.31432E-01
     0.21301E+02     0.61099E-02    -0.59609E-01    -0.31719E-01
     0.21354E+02     0.67780E-02    -0.63549E-01    -0.32072E-01
     0.21407E+02     0.74522E-02    -0.67530E-01    -0.32442E-01
     0.21459E+02     0.81030E-02    -0.71710E-01    -0.32966E-01
     0.21512E+02     0.87073E-02    -0.76245E-01    -0.33907E-01
     0.21552E+02     0.91327E-02    -0.79947E-01    -0.34857E-01
     0.21605E+02     0.96839E-02    -0.85357E-01    -0.36187E-01
     0.21658E+02     0.10238E-01    -0.91297E-01    -0.37458E-01
     0.21710E+02     0.10811E-01    -0.97646E-01    -0.38446E-01
     0.21763E+02     0.11409E-01    -0.10426E+00    -0.39047E-01
     0.21803E+02     0.11883E-01    -0.10930E+00    -0.39184E-01
     0.21856E+02     0.12547E-01    -0.11596E+00    -0.38908E-01
     0.21908E+02     0.13228E-01    -0.12242E+00    -0.38226E-01
     0.21961E+02     0.13915E-01    -0.12851E+00    -0.37155E-01
     0.22001E+02     0.14426E-01    -0.13278E+00    -0.36097E-01
     0.22054E+02     0.15094E-01    -0.13795E+00    -0.34278E-01
     0.22106E+02     0.15736E-01    -0.14244E+00    -0.31902E-01
     0.22159E+02     0.16348E-01    -0.14617E+00    -0.28972E-01
     0.22212E+02     0.16922E-01    -0.14921E+00    -0.25685E-01
     0.22252E+02     0.17312E-01    -0.15106E+00    -0.23139E-01
     0.22304E+02     0.17768E-01    -0.15306E+00    -0.19722E-01
     0.22357E+02     0.18160E-01    -0.15471E+00    -0.16116E-01
     0.22410E+02     0.18506E-01    -0.15598E+00    -0.11957E-01
     0.22463E+02     0.18768E-01    -0.15685E+00    -0.73785E-02
     0.22503E+02     0.18887E-01    -0.15736E+00    -0.38048E-02
     0.22555E+02     0.18965E-01    -0.15812E+00     0.14628E-02
     0.22608E+02     0.18963E-01    -0.15904E+00     0.72955E-02
     0.22661E+02     0.18920E-01    -0.15996E+00     0.13566E-01
     0.22701E+02     0.18824E-01    -0.16042E+00     0.18458E-01
     0.22754E+02     0.18591E-01    -0.16045E+00     0.25011E-01
     0.22806E+02     0.18243E-01    -0.15998E+00     0.31439E-01
     0.22859E+02     0.17766E-01    -0.15903E+00     0.37489E-01
     0.22912E+02     0.17178E-01    -0.15738E+00     0.42923E-01
     0.22952E+02     0.16666E-01    -0.15568E+00     0.46519E-01
     0.23005E+02     0.15889E-01    -0.15302E+00     0.50579E-01
     0.23058E+02     0.15042E-01    -0.14989E+00     0.53815E-01
     0.23111E+02     0.14164E-01    -0.14614E+00     0.56489E-01
     0.23150E+02     0.13517E-01    -0.14271E+00     0.58353E-01
     0.23203E+02     0.12706E-01    -0.13707E+00     0.60905E-01
     0.23256E+02     0.11996E-01    -0.13012E+00     0.63847E-01
     0.23309E+02     0.11405E-01    -0.12208E+00     0.67117E-01
     0.23362E+02     0.10775E-01    -0.11359E+00     0.69335E-01
     0.23402E+02     0.10210E-01    -0.10738E+00     0.69814E-01
     0.23455E+02     0.93080E-02    -0.99689E-01     0.68467E-01
     0.23508E+02     0.82390E-02    -0.93029E-01     0.64889E-01
     0.23561E+02     0.70982E-02    -0.87510E-01     0.60073E-01
     0.23601E+02     0.62780E-02    -0.83965E-01     0.56383E-01
     0.23654E+02     0.52965E-02    -0.79643E-01     0.52093E-01
     0.23707E+02     0.44626E-02    -0.75307E-01     0.48743E-01
     0.23760E+02     0.37777E-02    -0.70564E-01     0.46388E-01
     0.23813E+02     0.31821E-02    -0.65404E-01     0.44539E-01
     0.23853E+02     0.27641E-02    -0.61258E-01     0.43069E-01
     0.23906E+02     0.22173E-02    -0.55437E-01     0.40560E-01
     0.23959E+02     0.16843E-02    -0.49554E-01     0.37335E-01
     0.24013E+02     0.11899E-02    -0.43780E-01     0.33690E-01
     0.24052E+02     0.85547E-03    -0.39616E-01     0.30921E-01
     0.24106E+02     0.45402E-03    -0.34576E-01     0.27393E-01
     0.24159E+02     0.76186E-04    -0.30534E-01     0.24071E-01
     0.24212E+02    -0.31322E-03    -0.27715E-01     0.20938E-01
     0.24252E+02    -0.63156E-03    -0.26574E-01     0.18732E-01
     0.24305E+02    -0.10459E-02    -0.25883E-01     0.16050E-01
     0.24358E+02    -0.14234E-02    -0.25966E-01     0.13818E-01
     0.24411E+02    -0.17513E-02    -0.26309E-01     0.12106E-01
     0.24451E+02    -0.19519E-02    -0.26567E-01     0.11175E-01
     0.24504E+02    -0.21680E-02    -0.26648E-01     0.10300E-01
     0.24557E+02    -0.23346E-02    -0.26459E-01     0.97121E-02
     0.24610E+02    -0.24721E-02    -0.25997E-01     0.93464E-02
     0.24650E+02    -0.25761E-02    -0.25436E-01     0.91913E-02
     0.24703E+02    -0.26933E-02    -0.24522E-01     0.91370E-02
     0.24757E+02    -0.27851E-02    -0.23478E-01     0.93557E-02
     0.24810E+02    -0.28733E-02    -0.22299E-01     0.99146E-02
     0.24863E+02    -0.29593E-02    -0.21211E-01     0.10808E-01
     0.24903E+02    -0.30341E-02    -0.20569E-01     0.11638E-01
     0.24956E+02    -0.31659E-02    -0.20002E-01     0.12857E-01
     0.25009E+02    -0.33292E-02    -0.19586E-01     0.14100E-01
