     0.13235E-01     0.21750E-08     0.12696E-07    -0.44347E-10
     0.52978E-01     0.21824E-08     0.13606E-07    -0.10095E-09
     0.10597E+00     0.21943E-08     0.14864E-07    -0.28378E-09
     0.15896E+00     0.22105E-08     0.16176E-07    -0.59333E-09
     0.21194E+00     0.22334E-08     0.17548E-07    -0.10364E-08
     0.25168E+00     0.22564E-08     0.18618E-07    -0.14631E-08
     0.30466E+00     0.22970E-08     0.20108E-07    -0.21695E-08
     0.35764E+00     0.23513E-08     0.21676E-07    -0.30506E-08
     0.41062E+00     0.24223E-08     0.23330E-07    -0.41274E-08
     0.45035E+00     0.24888E-08     0.24636E-07    -0.50752E-08
     0.50333E+00     0.25976E-08     0.26475E-07    -0.65456E-08
     0.55631E+00     0.27332E-08     0.28446E-07    -0.82767E-08
     0.60928E+00     0.28998E-08     0.30576E-07    -0.10299E-07
     0.66226E+00     0.31022E-08     0.32897E-07    -0.12647E-07
     0.70199E+00     0.32806E-08     0.34782E-07    -0.14644E-07
     0.75497E+00     0.35586E-08     0.37518E-07    -0.17651E-07
     0.80795E+00     0.38884E-08     0.40545E-07    -0.21090E-07
     0.86092E+00     0.42770E-08     0.43910E-07    -0.25001E-07
     0.90066E+00     0.46115E-08     0.46684E-07    -0.28268E-07
     0.95364E+00     0.51215E-08     0.50761E-07    -0.33102E-07
     0.10066E+01     0.57127E-08     0.55328E-07    -0.38517E-07
     0.10596E+01     0.63943E-08     0.60459E-07    -0.44549E-07
     0.11126E+01     0.71760E-08     0.66233E-07    -0.51234E-07
     0.11523E+01     0.78342E-08     0.71038E-07    -0.56696E-07
     0.12053E+01     0.88160E-08     0.78157E-07    -0.64602E-07
     0.12583E+01     0.99274E-08     0.86185E-07    -0.73258E-07
     0.13113E+01     0.11180E-07     0.95233E-07    -0.82709E-07
     0.13510E+01     0.12221E-07     0.10276E-06    -0.90356E-07
     0.14040E+01     0.13755E-07     0.11390E-06    -0.10136E-06
     0.14570E+01     0.15472E-07     0.12643E-06    -0.11338E-06
     0.15099E+01     0.17389E-07     0.14052E-06    -0.12654E-06
     0.15629E+01     0.19527E-07     0.15634E-06    -0.14098E-06
     0.16027E+01     0.21290E-07     0.16946E-06    -0.15277E-06
     0.16556E+01     0.23874E-07     0.18881E-06    -0.16991E-06
     0.17086E+01     0.26751E-07     0.21051E-06    -0.18888E-06
     0.17616E+01     0.29953E-07     0.23481E-06    -0.20993E-06
     0.18013E+01     0.32589E-07     0.25491E-06    -0.22724E-06
     0.18543E+01     0.36450E-07     0.28448E-06    -0.25258E-06
     0.19073E+01     0.40745E-07     0.31753E-06    -0.28080E-06
     0.19603E+01     0.45525E-07     0.35444E-06    -0.31223E-06
     0.20000E+01     0.49460E-07     0.38490E-06    -0.33815E-06
     0.20530E+01     0.55223E-07     0.42962E-06    -0.37618E-06
     0.21060E+01     0.61638E-07     0.47949E-06    -0.41858E-06
     0.21590E+01     0.68779E-07     0.53509E-06    -0.46587E-06
     0.22120E+01     0.76729E-07     0.59707E-06    -0.51861E-06
     0.22517E+01     0.83278E-07     0.64817E-06    -0.56210E-06
     0.23047E+01     0.92874E-07     0.72311E-06    -0.62590E-06
     0.23577E+01     0.10356E-06     0.80664E-06    -0.69702E-06
     0.24107E+01     0.11546E-06     0.89973E-06    -0.77626E-06
     0.24504E+01     0.12527E-06     0.97648E-06    -0.84157E-06
     0.25034E+01     0.13964E-06     0.10890E-05    -0.93726E-06
     0.25564E+01     0.15564E-06     0.12144E-05    -0.10438E-05
     0.26093E+01     0.17346E-06     0.13542E-05    -0.11624E-05
     0.26623E+01     0.19330E-06     0.15099E-05    -0.12944E-05
     0.27021E+01     0.20965E-06     0.16382E-05    -0.14030E-05
     0.27551E+01     0.23359E-06     0.18262E-05    -0.15621E-05
     0.28080E+01     0.26025E-06     0.20357E-05    -0.17392E-05
     0.28610E+01     0.28994E-06     0.22689E-05    -0.19362E-05
     0.29008E+01     0.31438E-06     0.24610E-05    -0.20985E-05
     0.29538E+01     0.35019E-06     0.27425E-05    -0.23360E-05
     0.30067E+01     0.39006E-06     0.30559E-05    -0.26005E-05
     0.30597E+01     0.43444E-06     0.34048E-05    -0.28948E-05
     0.31127E+01     0.48383E-06     0.37932E-05    -0.32223E-05
     0.31524E+01     0.52451E-06     0.41130E-05    -0.34921E-05
     0.32054E+01     0.58410E-06     0.45815E-05    -0.38871E-05
     0.32584E+01     0.65043E-06     0.51031E-05    -0.43268E-05
     0.33114E+01     0.72426E-06     0.56836E-05    -0.48162E-05
     0.33511E+01     0.78506E-06     0.61617E-05    -0.52193E-05
     0.34041E+01     0.87412E-06     0.68620E-05    -0.58096E-05
     0.34571E+01     0.97325E-06     0.76414E-05    -0.64666E-05
     0.35101E+01     0.10836E-05     0.85090E-05    -0.71979E-05
     0.35631E+01     0.12064E-05     0.94748E-05    -0.80119E-05
     0.36028E+01     0.13075E-05     0.10270E-04    -0.86822E-05
     0.36558E+01     0.14557E-05     0.11435E-04    -0.96640E-05
     0.37088E+01     0.16206E-05     0.12732E-04    -0.10757E-04
     0.37618E+01     0.18041E-05     0.14175E-04    -0.11973E-04
     0.38015E+01     0.19553E-05     0.15363E-04    -0.12975E-04
     0.38545E+01     0.21767E-05     0.17104E-04    -0.14442E-04
     0.39075E+01     0.24231E-05     0.19042E-04    -0.16076E-04
     0.39605E+01     0.26974E-05     0.21199E-04    -0.17894E-04
     0.40002E+01     0.29234E-05     0.22975E-04    -0.19391E-04
     0.40532E+01     0.32543E-05     0.25577E-04    -0.21584E-04
     0.41062E+01     0.36226E-05     0.28473E-04    -0.24025E-04
     0.41592E+01     0.40326E-05     0.31697E-04    -0.26742E-04
     0.42122E+01     0.44890E-05     0.35285E-04    -0.29767E-04
     0.42519E+01     0.48648E-05     0.38240E-04    -0.32258E-04
     0.43049E+01     0.54154E-05     0.42569E-04    -0.35907E-04
     0.43579E+01     0.60282E-05     0.47387E-04    -0.39968E-04
     0.44109E+01     0.67103E-05     0.52750E-04    -0.44489E-04
     0.44506E+01     0.72721E-05     0.57168E-04    -0.48211E-04
     0.45036E+01     0.80950E-05     0.63638E-04    -0.53664E-04
     0.45566E+01     0.90111E-05     0.70840E-04    -0.59733E-04
     0.46096E+01     0.10031E-04     0.78857E-04    -0.66489E-04
     0.46626E+01     0.11166E-04     0.87782E-04    -0.74007E-04
     0.47023E+01     0.12101E-04     0.95132E-04    -0.80199E-04
     0.47553E+01     0.13470E-04     0.10590E-03    -0.89268E-04
     0.48083E+01     0.14994E-04     0.11788E-03    -0.99361E-04
     0.48613E+01     0.16691E-04     0.13122E-03    -0.11059E-03
     0.49010E+01     0.18088E-04     0.14221E-03    -0.11984E-03
     0.49540E+01     0.20134E-04     0.15831E-03    -0.13339E-03
     0.50070E+01     0.22413E-04     0.17622E-03    -0.14847E-03
     0.50600E+01     0.24949E-04     0.19617E-03    -0.16524E-03
     0.51130E+01     0.27772E-04     0.21837E-03    -0.18391E-03
     0.51527E+01     0.30097E-04     0.23665E-03    -0.19928E-03
     0.52057E+01     0.33502E-04     0.26344E-03    -0.22179E-03
     0.52587E+01     0.37292E-04     0.29325E-03    -0.24684E-03
     0.53117E+01     0.41512E-04     0.32644E-03    -0.27470E-03
     0.53515E+01     0.44987E-04     0.35378E-03    -0.29764E-03
     0.54044E+01     0.50076E-04     0.39382E-03    -0.33122E-03
     0.54574E+01     0.55742E-04     0.43840E-03    -0.36858E-03
     0.55104E+01     0.62048E-04     0.48802E-03    -0.41014E-03
     0.55502E+01     0.67241E-04     0.52889E-03    -0.44434E-03
     0.56032E+01     0.74847E-04     0.58875E-03    -0.49440E-03
     0.56561E+01     0.83313E-04     0.65539E-03    -0.55006E-03
     0.57091E+01     0.92737E-04     0.72958E-03    -0.61197E-03
     0.57621E+01     0.10323E-03     0.81217E-03    -0.68079E-03
     0.58019E+01     0.11186E-03     0.88019E-03    -0.73741E-03
     0.58549E+01     0.12451E-03     0.97982E-03    -0.82023E-03
     0.59078E+01     0.13859E-03     0.10907E-02    -0.91228E-03
     0.59608E+01     0.15426E-03     0.12142E-02    -0.10146E-02
     0.60006E+01     0.16717E-03     0.13159E-02    -0.10987E-02
     0.60536E+01     0.18606E-03     0.14649E-02    -0.12216E-02
     0.61066E+01     0.20709E-03     0.16308E-02    -0.13581E-02
     0.61596E+01     0.23050E-03     0.18154E-02    -0.15097E-02
     0.62125E+01     0.25655E-03     0.20210E-02    -0.16780E-02
     0.62523E+01     0.27799E-03     0.21903E-02    -0.18161E-02
     0.63053E+01     0.30940E-03     0.24384E-02    -0.20179E-02
     0.63583E+01     0.34434E-03     0.27145E-02    -0.22416E-02
     0.64113E+01     0.38323E-03     0.30220E-02    -0.24896E-02
     0.64510E+01     0.41524E-03     0.32753E-02    -0.26930E-02
     0.65040E+01     0.46211E-03     0.36463E-02    -0.29896E-02
     0.65570E+01     0.51426E-03     0.40593E-02    -0.33178E-02
     0.66099E+01     0.57227E-03     0.45191E-02    -0.36808E-02
     0.66629E+01     0.63680E-03     0.50309E-02    -0.40820E-02
     0.67026E+01     0.68990E-03     0.54526E-02    -0.44101E-02
     0.67556E+01     0.76763E-03     0.60702E-02    -0.48870E-02
     0.68085E+01     0.85406E-03     0.67577E-02    -0.54126E-02
     0.68614E+01     0.95012E-03     0.75230E-02    -0.59913E-02
     0.69011E+01     0.10291E-02     0.81531E-02    -0.64627E-02
     0.69540E+01     0.11447E-02     0.90758E-02    -0.71452E-02
     0.70068E+01     0.12731E-02     0.10103E-01    -0.78937E-02
     0.70596E+01     0.14157E-02     0.11246E-01    -0.87134E-02
     0.71124E+01     0.15741E-02     0.12519E-01    -0.96095E-02
     0.71519E+01     0.17044E-02     0.13568E-01    -0.10334E-01
     0.72047E+01     0.18948E-02     0.15106E-01    -0.11375E-01
     0.72574E+01     0.21063E-02     0.16818E-01    -0.12502E-01
     0.73101E+01     0.23408E-02     0.18719E-01    -0.13718E-01
     0.73628E+01     0.26007E-02     0.20820E-01    -0.15021E-01
     0.74023E+01     0.28138E-02     0.22535E-01    -0.16056E-01
     0.74549E+01     0.31240E-02     0.25031E-01    -0.17512E-01
     0.75075E+01     0.34656E-02     0.27807E-01    -0.19057E-01
     0.75601E+01     0.38413E-02     0.30917E-01    -0.20698E-01
     0.76127E+01     0.42546E-02     0.34410E-01    -0.22432E-01
     0.76521E+01     0.45923E-02     0.37307E-01    -0.23788E-01
     0.77046E+01     0.50841E-02     0.41569E-01    -0.25636E-01
     0.77572E+01     0.56282E-02     0.46246E-01    -0.27550E-01
     0.78097E+01     0.62385E-02     0.51259E-01    -0.29449E-01
     0.78622E+01     0.68566E-02     0.56701E-01    -0.31997E-01
     0.79016E+01     0.72910E-02     0.60915E-01    -0.34711E-01
     0.79540E+01     0.78162E-02     0.66609E-01    -0.39569E-01
     0.80065E+01     0.83189E-02     0.72364E-01    -0.45615E-01
     0.80590E+01     0.88626E-02     0.78237E-01    -0.52263E-01
     0.81114E+01     0.95011E-02     0.84623E-01    -0.58916E-01
     0.81508E+01     0.10068E-01     0.90011E-01    -0.63648E-01
     0.82032E+01     0.10956E-01     0.98253E-01    -0.69301E-01
     0.82556E+01     0.11984E-01     0.10764E+00    -0.73625E-01
     0.83081E+01     0.13129E-01     0.11821E+00    -0.76197E-01
     0.83605E+01     0.14394E-01     0.12960E+00    -0.76242E-01
     0.84129E+01     0.15711E-01     0.14116E+00    -0.73856E-01
     0.84522E+01     0.16722E-01     0.14966E+00    -0.70187E-01
     0.85047E+01     0.18030E-01     0.16008E+00    -0.62211E-01
     0.85571E+01     0.19182E-01     0.16665E+00    -0.52715E-01
     0.86095E+01     0.20023E-01     0.16995E+00    -0.45802E-01
     0.86620E+01     0.20603E-01     0.17175E+00    -0.41206E-01
     0.87013E+01     0.20934E-01     0.17320E+00    -0.38321E-01
     0.87537E+01     0.21270E-01     0.17608E+00    -0.34383E-01
     0.88062E+01     0.21512E-01     0.18019E+00    -0.29870E-01
     0.88587E+01     0.21684E-01     0.18533E+00    -0.23927E-01
     0.89111E+01     0.21756E-01     0.19087E+00    -0.16197E-01
     0.89505E+01     0.21733E-01     0.19467E+00    -0.91250E-02
     0.90030E+01     0.21567E-01     0.19796E+00     0.16015E-02
     0.90555E+01     0.21224E-01     0.19921E+00     0.12614E-01
     0.91081E+01     0.20695E-01     0.19784E+00     0.23818E-01
     0.91606E+01     0.20051E-01     0.19430E+00     0.35147E-01
     0.92000E+01     0.19506E-01     0.19020E+00     0.43668E-01
     0.92526E+01     0.18743E-01     0.18311E+00     0.55307E-01
     0.93052E+01     0.17914E-01     0.17479E+00     0.66876E-01
     0.93579E+01     0.16944E-01     0.16609E+00     0.77595E-01
     0.94105E+01     0.15781E-01     0.15755E+00     0.85942E-01
     0.94500E+01     0.14815E-01     0.15152E+00     0.92034E-01
     0.95027E+01     0.13394E-01     0.14377E+00     0.98456E-01
     0.95554E+01     0.11865E-01     0.13571E+00     0.10196E+00
     0.96081E+01     0.10246E-01     0.12587E+00     0.10144E+00
     0.96609E+01     0.85597E-02     0.11458E+00     0.97786E-01
     0.97005E+01     0.73485E-02     0.10556E+00     0.94148E-01
     0.97533E+01     0.58828E-02     0.93043E-01     0.90013E-01
     0.98061E+01     0.45947E-02     0.80271E-01     0.87477E-01
     0.98590E+01     0.34366E-02     0.67537E-01     0.86802E-01
     0.99119E+01     0.22265E-02     0.53847E-01     0.87514E-01
     0.99515E+01     0.12191E-02     0.41717E-01     0.85568E-01
     0.10004E+02    -0.76791E-04     0.24514E-01     0.79788E-01
     0.10057E+02    -0.12214E-02     0.96014E-02     0.73440E-01
     0.10110E+02    -0.21919E-02    -0.17720E-02     0.67603E-01
     0.10150E+02    -0.28486E-02    -0.78931E-02     0.63696E-01
     0.10203E+02    -0.36510E-02    -0.14642E-01     0.58885E-01
     0.10256E+02    -0.43844E-02    -0.19919E-01     0.54280E-01
     0.10309E+02    -0.50810E-02    -0.23697E-01     0.49904E-01
     0.10362E+02    -0.57112E-02    -0.25686E-01     0.45803E-01
     0.10402E+02    -0.61274E-02    -0.26459E-01     0.43067E-01
     0.10455E+02    -0.66066E-02    -0.26952E-01     0.40200E-01
     0.10508E+02    -0.70063E-02    -0.26955E-01     0.37630E-01
     0.10561E+02    -0.72693E-02    -0.26826E-01     0.33628E-01
     0.10601E+02    -0.74012E-02    -0.27105E-01     0.29520E-01
     0.10654E+02    -0.75252E-02    -0.28127E-01     0.23407E-01
     0.10707E+02    -0.76059E-02    -0.31043E-01     0.15964E-01
     0.10760E+02    -0.76482E-02    -0.33949E-01     0.79241E-02
     0.10813E+02    -0.75817E-02    -0.36367E-01    -0.62661E-03
     0.10852E+02    -0.74526E-02    -0.38832E-01    -0.57706E-02
     0.10905E+02    -0.72134E-02    -0.41287E-01    -0.11463E-01
     0.10958E+02    -0.69352E-02    -0.41399E-01    -0.16923E-01
     0.11011E+02    -0.66643E-02    -0.38360E-01    -0.21712E-01
     0.11051E+02    -0.64700E-02    -0.33800E-01    -0.24689E-01
     0.11104E+02    -0.61989E-02    -0.27194E-01    -0.27590E-01
     0.11157E+02    -0.59265E-02    -0.21942E-01    -0.29185E-01
     0.11210E+02    -0.56737E-02    -0.17427E-01    -0.30216E-01
     0.11263E+02    -0.54257E-02    -0.13687E-01    -0.30973E-01
     0.11303E+02    -0.52426E-02    -0.11501E-01    -0.31452E-01
     0.11356E+02    -0.49916E-02    -0.94621E-02    -0.32192E-01
     0.11409E+02    -0.47210E-02    -0.83983E-02    -0.32987E-01
     0.11462E+02    -0.44333E-02    -0.80810E-02    -0.33418E-01
     0.11502E+02    -0.42096E-02    -0.81686E-02    -0.33365E-01
     0.11555E+02    -0.39010E-02    -0.85761E-02    -0.32719E-01
     0.11608E+02    -0.35796E-02    -0.90779E-02    -0.31606E-01
     0.11661E+02    -0.32428E-02    -0.93854E-02    -0.30631E-01
     0.11701E+02    -0.29593E-02    -0.93215E-02    -0.29670E-01
     0.11754E+02    -0.25342E-02    -0.83374E-02    -0.27466E-01
     0.11807E+02    -0.20482E-02    -0.63818E-02    -0.24212E-01
     0.11860E+02    -0.15220E-02    -0.37881E-02    -0.20127E-01
     0.11913E+02    -0.10414E-02    -0.10399E-02    -0.15821E-01
     0.11952E+02    -0.78526E-03     0.81077E-03    -0.13197E-01
     0.12005E+02    -0.57577E-03     0.30081E-02    -0.10098E-01
     0.12058E+02    -0.48616E-03     0.46192E-02    -0.67662E-02
     0.12111E+02    -0.46049E-03     0.55751E-02    -0.33607E-02
     0.12151E+02    -0.49032E-03     0.59390E-02    -0.11445E-02
     0.12204E+02    -0.55322E-03     0.60526E-02     0.13348E-02
     0.12257E+02    -0.61375E-03     0.57827E-02     0.31538E-02
     0.12310E+02    -0.66986E-03     0.49344E-02     0.41164E-02
     0.12363E+02    -0.73098E-03     0.37251E-02     0.42199E-02
     0.12403E+02    -0.76836E-03     0.28851E-02     0.39447E-02
     0.12456E+02    -0.79153E-03     0.22852E-02     0.30949E-02
     0.12509E+02    -0.78715E-03     0.18447E-02     0.20973E-02
     0.12562E+02    -0.75348E-03     0.14325E-02     0.92287E-03
     0.12602E+02    -0.71322E-03     0.12226E-02     0.14935E-03
     0.12655E+02    -0.65240E-03     0.12138E-02    -0.45008E-03
     0.12708E+02    -0.59297E-03     0.14721E-02    -0.51336E-03
     0.12761E+02    -0.53816E-03     0.17036E-02    -0.35117E-03
     0.12800E+02    -0.50894E-03     0.18260E-02    -0.10457E-03
     0.12853E+02    -0.49448E-03     0.19797E-02     0.43126E-03
     0.12906E+02    -0.50751E-03     0.20670E-02     0.12480E-02
     0.12959E+02    -0.54120E-03     0.19651E-02     0.22939E-02
     0.13012E+02    -0.57463E-03     0.15361E-02     0.34206E-02
     0.13052E+02    -0.59343E-03     0.11255E-02     0.41727E-02
     0.13105E+02    -0.61753E-03     0.51974E-03     0.48927E-02
     0.13158E+02    -0.65141E-03    -0.17240E-03     0.50929E-02
     0.13211E+02    -0.69672E-03    -0.94010E-03     0.49342E-02
     0.13251E+02    -0.72873E-03    -0.15274E-02     0.44329E-02
     0.13304E+02    -0.76129E-03    -0.22985E-02     0.35466E-02
     0.13357E+02    -0.78687E-03    -0.29961E-02     0.27166E-02
     0.13410E+02    -0.80432E-03    -0.35862E-02     0.22487E-02
     0.13463E+02    -0.82270E-03    -0.41034E-02     0.21056E-02
     0.13503E+02    -0.83617E-03    -0.44791E-02     0.21204E-02
     0.13556E+02    -0.85283E-03    -0.50149E-02     0.22807E-02
     0.13609E+02    -0.86970E-03    -0.56154E-02     0.25603E-02
     0.13662E+02    -0.88304E-03    -0.62522E-02     0.28375E-02
     0.13702E+02    -0.89011E-03    -0.67076E-02     0.29517E-02
     0.13755E+02    -0.89289E-03    -0.72462E-02     0.29341E-02
     0.13808E+02    -0.89546E-03    -0.77200E-02     0.25058E-02
     0.13861E+02    -0.89577E-03    -0.81771E-02     0.17516E-02
     0.13901E+02    -0.89294E-03    -0.85211E-02     0.10713E-02
     0.13954E+02    -0.87693E-03    -0.89653E-02     0.89505E-04
     0.14007E+02    -0.84589E-03    -0.94117E-02    -0.94275E-03
     0.14060E+02    -0.80212E-03    -0.98998E-02    -0.19401E-02
     0.14113E+02    -0.75155E-03    -0.10436E-01    -0.28518E-02
     0.14153E+02    -0.70684E-03    -0.10824E-01    -0.34139E-02
     0.14206E+02    -0.63188E-03    -0.11286E-01    -0.38968E-02
     0.14259E+02    -0.54375E-03    -0.11842E-01    -0.40987E-02
     0.14312E+02    -0.44438E-03    -0.12535E-01    -0.40464E-02
     0.14352E+02    -0.36757E-03    -0.13138E-01    -0.39061E-02
     0.14405E+02    -0.26409E-03    -0.14040E-01    -0.36797E-02
     0.14459E+02    -0.15486E-03    -0.15022E-01    -0.34831E-02
     0.14512E+02    -0.38185E-04    -0.16070E-01    -0.33815E-02
     0.14552E+02     0.52723E-04    -0.16905E-01    -0.34126E-02
     0.14605E+02     0.17593E-03    -0.18071E-01    -0.38289E-02
     0.14659E+02     0.30409E-03    -0.19220E-01    -0.46095E-02
     0.14712E+02     0.44121E-03    -0.20397E-01    -0.56268E-02
     0.14752E+02     0.55126E-03    -0.21360E-01    -0.64149E-02
     0.14806E+02     0.70767E-03    -0.22750E-01    -0.73739E-02
     0.14859E+02     0.87388E-03    -0.24218E-01    -0.81089E-02
     0.14912E+02     0.10474E-02    -0.25722E-01    -0.85365E-02
     0.14952E+02     0.11805E-02    -0.26896E-01    -0.86312E-02
     0.15006E+02     0.13628E-02    -0.28522E-01    -0.85823E-02
     0.15059E+02     0.15530E-02    -0.30227E-01    -0.84745E-02
     0.15113E+02     0.17538E-02    -0.32072E-01    -0.83568E-02
     0.15153E+02     0.19143E-02    -0.33591E-01    -0.82888E-02
     0.15207E+02     0.21436E-02    -0.35831E-01    -0.81929E-02
     0.15261E+02     0.23870E-02    -0.38301E-01    -0.80773E-02
     0.15301E+02     0.25718E-02    -0.40237E-01    -0.79749E-02
     0.15355E+02     0.28100E-02    -0.42780E-01    -0.77677E-02
     0.15408E+02     0.30292E-02    -0.45152E-01    -0.73310E-02
     0.15462E+02     0.32250E-02    -0.47322E-01    -0.66159E-02
     0.15502E+02     0.33586E-02    -0.48863E-01    -0.58551E-02
     0.15555E+02     0.35226E-02    -0.50822E-01    -0.45683E-02
     0.15609E+02     0.36567E-02    -0.52660E-01    -0.30725E-02
     0.15662E+02     0.37657E-02    -0.54412E-01    -0.15232E-02
     0.15702E+02     0.38426E-02    -0.55698E-01    -0.40159E-03
     0.15755E+02     0.39271E-02    -0.57433E-01     0.89912E-03
     0.15809E+02     0.39821E-02    -0.59115E-01     0.22909E-02
     0.15862E+02     0.40145E-02    -0.60612E-01     0.38698E-02
     0.15902E+02     0.40218E-02    -0.61564E-01     0.52203E-02
     0.15955E+02     0.39978E-02    -0.62087E-01     0.72494E-02
     0.16008E+02     0.39332E-02    -0.62038E-01     0.96949E-02
     0.16061E+02     0.38424E-02    -0.61671E-01     0.12600E-01
     0.16101E+02     0.37604E-02    -0.61111E-01     0.15045E-01
     0.16154E+02     0.36240E-02    -0.60332E-01     0.18321E-01
     0.16207E+02     0.34356E-02    -0.59182E-01     0.20536E-01
     0.16260E+02     0.31712E-02    -0.57923E-01     0.21664E-01
     0.16313E+02     0.28579E-02    -0.56345E-01     0.22286E-01
     0.16353E+02     0.26021E-02    -0.54699E-01     0.22497E-01
     0.16406E+02     0.22507E-02    -0.51878E-01     0.22596E-01
     0.16459E+02     0.19023E-02    -0.48640E-01     0.22667E-01
     0.16512E+02     0.15458E-02    -0.44959E-01     0.22736E-01
     0.16552E+02     0.12726E-02    -0.41946E-01     0.22798E-01
     0.16605E+02     0.90555E-03    -0.37657E-01     0.22926E-01
     0.16658E+02     0.53110E-03    -0.33163E-01     0.23153E-01
     0.16711E+02     0.14601E-03    -0.28648E-01     0.23545E-01
     0.16751E+02    -0.14545E-03    -0.25351E-01     0.23917E-01
     0.16804E+02    -0.53349E-03    -0.21151E-01     0.24480E-01
     0.16857E+02    -0.92264E-03    -0.17112E-01     0.25026E-01
     0.16910E+02    -0.13084E-02    -0.13310E-01     0.25456E-01
     0.16963E+02    -0.16854E-02    -0.97897E-02     0.25621E-01
     0.17003E+02    -0.19626E-02    -0.71669E-02     0.25594E-01
     0.17056E+02    -0.23201E-02    -0.37464E-02     0.25105E-01
     0.17109E+02    -0.26487E-02    -0.67517E-03     0.23932E-01
     0.17162E+02    -0.29394E-02     0.19954E-02     0.22118E-01
     0.17202E+02    -0.31307E-02     0.38445E-02     0.20356E-01
     0.17255E+02    -0.33475E-02     0.61539E-02     0.17520E-01
     0.17308E+02    -0.35185E-02     0.81853E-02     0.14248E-01
     0.17361E+02    -0.36459E-02     0.98656E-02     0.10660E-01
     0.17401E+02    -0.37175E-02     0.10835E-01     0.78809E-02
     0.17454E+02    -0.37668E-02     0.11710E-01     0.42707E-02
     0.17508E+02    -0.37761E-02     0.12094E-01     0.93762E-03
     0.17561E+02    -0.37612E-02     0.12093E-01    -0.22005E-02
     0.17601E+02    -0.37366E-02     0.11777E-01    -0.44371E-02
     0.17654E+02    -0.36718E-02     0.10947E-01    -0.73682E-02
     0.17707E+02    -0.35710E-02     0.99005E-02    -0.10343E-01
     0.17760E+02    -0.34376E-02     0.87311E-02    -0.13098E-01
     0.17813E+02    -0.32705E-02     0.73729E-02    -0.15598E-01
     0.17853E+02    -0.31210E-02     0.62130E-02    -0.17318E-01
     0.17906E+02    -0.28884E-02     0.44461E-02    -0.19420E-01
     0.17959E+02    -0.26190E-02     0.23498E-02    -0.21311E-01
     0.18013E+02    -0.23138E-02    -0.69003E-04    -0.22927E-01
     0.18053E+02    -0.20645E-02    -0.21143E-02    -0.23899E-01
     0.18106E+02    -0.17097E-02    -0.50738E-02    -0.24778E-01
     0.18159E+02    -0.13337E-02    -0.82778E-02    -0.25065E-01
     0.18212E+02    -0.94353E-03    -0.11692E-01    -0.24756E-01
     0.18252E+02    -0.65061E-03    -0.14295E-01    -0.24278E-01
     0.18305E+02    -0.25961E-03    -0.17788E-01    -0.23344E-01
     0.18358E+02     0.13437E-03    -0.21090E-01    -0.22026E-01
     0.18411E+02     0.53454E-03    -0.24224E-01    -0.20326E-01
     0.18451E+02     0.83799E-03    -0.26634E-01    -0.19015E-01
     0.18504E+02     0.12368E-02    -0.29903E-01    -0.17436E-01
     0.18558E+02     0.16066E-02    -0.33102E-01    -0.16489E-01
     0.18611E+02     0.19480E-02    -0.36260E-01    -0.15759E-01
     0.18651E+02     0.21925E-02    -0.38655E-01    -0.15112E-01
     0.18704E+02     0.25007E-02    -0.41769E-01    -0.13674E-01
     0.18757E+02     0.27745E-02    -0.44508E-01    -0.11595E-01
     0.18810E+02     0.30020E-02    -0.46528E-01    -0.87362E-02
     0.18863E+02     0.31823E-02    -0.47567E-01    -0.50993E-02
     0.18903E+02     0.32670E-02    -0.47838E-01    -0.22522E-02
     0.18956E+02     0.33090E-02    -0.47922E-01     0.12922E-02
     0.19009E+02     0.33122E-02    -0.47639E-01     0.44615E-02
     0.19062E+02     0.32837E-02    -0.47341E-01     0.71983E-02
     0.19102E+02     0.32439E-02    -0.47240E-01     0.90971E-02
     0.19155E+02     0.31715E-02    -0.47209E-01     0.11245E-01
     0.19208E+02     0.30605E-02    -0.47213E-01     0.12599E-01
     0.19261E+02     0.28946E-02    -0.46879E-01     0.13389E-01
     0.19301E+02     0.27428E-02    -0.46302E-01     0.13849E-01
     0.19354E+02     0.25169E-02    -0.45122E-01     0.14519E-01
     0.19407E+02     0.22673E-02    -0.43491E-01     0.15544E-01
     0.19460E+02     0.19871E-02    -0.41471E-01     0.16825E-01
     0.19500E+02     0.17566E-02    -0.39664E-01     0.17896E-01
     0.19553E+02     0.14184E-02    -0.36858E-01     0.19391E-01
     0.19606E+02     0.10600E-02    -0.33924E-01     0.20929E-01
     0.19659E+02     0.69170E-03    -0.31061E-01     0.22411E-01
     0.19712E+02     0.31584E-03    -0.28362E-01     0.23663E-01
     0.19752E+02     0.32529E-04    -0.26330E-01     0.24184E-01
     0.19805E+02    -0.34393E-03    -0.23593E-01     0.24015E-01
     0.19858E+02    -0.70742E-03    -0.20828E-01     0.23045E-01
     0.19911E+02    -0.10358E-02    -0.18018E-01     0.21323E-01
     0.19951E+02    -0.12497E-02    -0.15881E-01     0.19542E-01
     0.20004E+02    -0.14866E-02    -0.13051E-01     0.16580E-01
     0.20057E+02    -0.16640E-02    -0.10322E-01     0.12965E-01
     0.20110E+02    -0.17769E-02    -0.79201E-02     0.88213E-02
     0.20163E+02    -0.18209E-02    -0.59457E-02     0.44269E-02
     0.20202E+02    -0.18164E-02    -0.47766E-02     0.12504E-02
     0.20255E+02    -0.17685E-02    -0.36784E-02    -0.28755E-02
     0.20308E+02    -0.16638E-02    -0.33617E-02    -0.68983E-02
     0.20361E+02    -0.15152E-02    -0.36260E-02    -0.10941E-01
     0.20401E+02    -0.13781E-02    -0.42742E-02    -0.13923E-01
     0.20454E+02    -0.11508E-02    -0.58128E-02    -0.17450E-01
     0.20507E+02    -0.87136E-03    -0.82763E-02    -0.20415E-01
     0.20560E+02    -0.53993E-03    -0.11625E-01    -0.22798E-01
     0.20613E+02    -0.15918E-03    -0.15781E-01    -0.24587E-01
     0.20652E+02     0.15549E-03    -0.19365E-01    -0.25507E-01
     0.20705E+02     0.60574E-03    -0.24584E-01    -0.26120E-01
     0.20758E+02     0.10792E-02    -0.30024E-01    -0.26129E-01
     0.20811E+02     0.15585E-02    -0.35392E-01    -0.25932E-01
     0.20851E+02     0.19200E-02    -0.39232E-01    -0.25748E-01
     0.20904E+02     0.24085E-02    -0.44005E-01    -0.25343E-01
     0.20957E+02     0.29028E-02    -0.48424E-01    -0.25030E-01
     0.21010E+02     0.33966E-02    -0.52465E-01    -0.25311E-01
     0.21063E+02     0.38988E-02    -0.56157E-01    -0.26354E-01
     0.21102E+02     0.42916E-02    -0.58784E-01    -0.27631E-01
     0.21155E+02     0.48511E-02    -0.62251E-01    -0.29852E-01
     0.21208E+02     0.54743E-02    -0.65859E-01    -0.32220E-01
     0.21261E+02     0.61128E-02    -0.69506E-01    -0.34916E-01
     0.21301E+02     0.65895E-02    -0.72098E-01    -0.36894E-01
     0.21354E+02     0.72302E-02    -0.75332E-01    -0.39441E-01
     0.21407E+02     0.78937E-02    -0.78864E-01    -0.41481E-01
     0.21459E+02     0.85867E-02    -0.82704E-01    -0.42711E-01
     0.21512E+02     0.92987E-02    -0.86620E-01    -0.43434E-01
     0.21552E+02     0.98405E-02    -0.89561E-01    -0.43660E-01
     0.21605E+02     0.10571E-01    -0.93645E-01    -0.43493E-01
     0.21658E+02     0.11304E-01    -0.98158E-01    -0.42721E-01
     0.21710E+02     0.12035E-01    -0.10318E+00    -0.41652E-01
     0.21763E+02     0.12757E-01    -0.10867E+00    -0.40432E-01
     0.21803E+02     0.13281E-01    -0.11311E+00    -0.39314E-01
     0.21856E+02     0.13959E-01    -0.11917E+00    -0.37521E-01
     0.21908E+02     0.14641E-01    -0.12547E+00    -0.35409E-01
     0.21961E+02     0.15334E-01    -0.13179E+00    -0.32916E-01
     0.22001E+02     0.15840E-01    -0.13632E+00    -0.30838E-01
     0.22054E+02     0.16468E-01    -0.14169E+00    -0.28030E-01
     0.22106E+02     0.17018E-01    -0.14631E+00    -0.25556E-01
     0.22159E+02     0.17528E-01    -0.15091E+00    -0.23270E-01
     0.22212E+02     0.18021E-01    -0.15581E+00    -0.20733E-01
     0.22252E+02     0.18371E-01    -0.15946E+00    -0.18682E-01
     0.22304E+02     0.18786E-01    -0.16379E+00    -0.15543E-01
     0.22357E+02     0.19153E-01    -0.16732E+00    -0.11263E-01
     0.22410E+02     0.19506E-01    -0.17038E+00    -0.57745E-02
     0.22463E+02     0.19827E-01    -0.17287E+00     0.10234E-02
     0.22503E+02     0.19997E-01    -0.17412E+00     0.65577E-02
     0.22555E+02     0.20110E-01    -0.17499E+00     0.13950E-01
     0.22608E+02     0.20108E-01    -0.17515E+00     0.21326E-01
     0.22661E+02     0.19978E-01    -0.17402E+00     0.28559E-01
     0.22701E+02     0.19780E-01    -0.17235E+00     0.33731E-01
     0.22754E+02     0.19387E-01    -0.16950E+00     0.40333E-01
     0.22806E+02     0.18889E-01    -0.16609E+00     0.46749E-01
     0.22859E+02     0.18278E-01    -0.16217E+00     0.52912E-01
     0.22912E+02     0.17538E-01    -0.15797E+00     0.58707E-01
     0.22952E+02     0.16917E-01    -0.15479E+00     0.62932E-01
     0.23005E+02     0.16013E-01    -0.15069E+00     0.68312E-01
     0.23058E+02     0.15022E-01    -0.14652E+00     0.73543E-01
     0.23111E+02     0.13963E-01    -0.14235E+00     0.78429E-01
     0.23150E+02     0.13144E-01    -0.13907E+00     0.81872E-01
     0.23203E+02     0.12053E-01    -0.13372E+00     0.85685E-01
     0.23256E+02     0.10960E-01    -0.12622E+00     0.88065E-01
     0.23309E+02     0.98379E-02    -0.11739E+00     0.88362E-01
     0.23362E+02     0.87328E-02    -0.10801E+00     0.87543E-01
     0.23402E+02     0.79370E-02    -0.10081E+00     0.86088E-01
     0.23455E+02     0.69228E-02    -0.91211E-01     0.82257E-01
     0.23508E+02     0.59947E-02    -0.81534E-01     0.77693E-01
     0.23561E+02     0.51658E-02    -0.71780E-01     0.73189E-01
     0.23601E+02     0.46061E-02    -0.64476E-01     0.70100E-01
     0.23654E+02     0.38874E-02    -0.55108E-01     0.66376E-01
     0.23707E+02     0.30730E-02    -0.46791E-01     0.60835E-01
     0.23760E+02     0.22201E-02    -0.38672E-01     0.52921E-01
     0.23813E+02     0.14483E-02    -0.30881E-01     0.45091E-01
     0.23853E+02     0.92557E-03    -0.25184E-01     0.39081E-01
     0.23906E+02     0.32230E-03    -0.18595E-01     0.31504E-01
     0.23959E+02    -0.16829E-03    -0.13030E-01     0.24834E-01
     0.24013E+02    -0.53915E-03    -0.81238E-02     0.19175E-01
     0.24052E+02    -0.74488E-03    -0.48825E-02     0.15649E-01
     0.24106E+02    -0.93448E-03    -0.11050E-02     0.11783E-01
     0.24159E+02    -0.10535E-02     0.20064E-02     0.86138E-02
     0.24212E+02    -0.11249E-02     0.44868E-02     0.59663E-02
     0.24252E+02    -0.11724E-02     0.56678E-02     0.42539E-02
     0.24305E+02    -0.12553E-02     0.60738E-02     0.27418E-02
     0.24358E+02    -0.13637E-02     0.58983E-02     0.23101E-02
     0.24411E+02    -0.14947E-02     0.51670E-02     0.25023E-02
     0.24451E+02    -0.15999E-02     0.40111E-02     0.29085E-02
     0.24504E+02    -0.17756E-02     0.21606E-02     0.41502E-02
     0.24557E+02    -0.19849E-02     0.20702E-03     0.59729E-02
     0.24610E+02    -0.21880E-02    -0.20481E-02     0.82296E-02
     0.24650E+02    -0.23341E-02    -0.37184E-02     0.10075E-01
     0.24703E+02    -0.25045E-02    -0.55893E-02     0.12522E-01
     0.24757E+02    -0.26579E-02    -0.71518E-02     0.14545E-01
     0.24810E+02    -0.28092E-02    -0.81720E-02     0.15433E-01
     0.24863E+02    -0.29777E-02    -0.84303E-02     0.15441E-01
     0.24903E+02    -0.31132E-02    -0.81933E-02     0.15187E-01
     0.24956E+02    -0.32854E-02    -0.75408E-02     0.14597E-01
     0.25009E+02    -0.34461E-02    -0.60171E-02     0.13858E-01
