     0.13235E-01     0.58640E-02     0.00000E+00     0.00000E+00
     0.52978E-01     0.58640E-02     0.00000E+00     0.00000E+00
     0.10597E+00     0.58640E-02     0.00000E+00     0.00000E+00
     0.15896E+00     0.58640E-02     0.00000E+00     0.00000E+00
     0.21194E+00     0.58640E-02     0.00000E+00     0.00000E+00
     0.25168E+00     0.58640E-02     0.00000E+00     0.00000E+00
     0.30466E+00     0.58640E-02     0.00000E+00     0.00000E+00
     0.35764E+00     0.58640E-02     0.00000E+00     0.00000E+00
     0.41062E+00     0.58640E-02     0.00000E+00     0.00000E+00
     0.45035E+00     0.58640E-02     0.00000E+00     0.00000E+00
     0.50333E+00     0.58640E-02     0.00000E+00     0.00000E+00
     0.55631E+00     0.58640E-02     0.00000E+00     0.00000E+00
     0.60928E+00     0.58640E-02     0.00000E+00     0.00000E+00
     0.66226E+00     0.58640E-02     0.00000E+00     0.00000E+00
     0.70199E+00     0.58640E-02     0.00000E+00     0.00000E+00
     0.75497E+00     0.58640E-02     0.00000E+00     0.00000E+00
     0.80795E+00     0.58640E-02     0.00000E+00     0.00000E+00
     0.86092E+00     0.58640E-02     0.00000E+00     0.00000E+00
     0.90066E+00     0.58640E-02     0.00000E+00     0.00000E+00
     0.95364E+00     0.58640E-02     0.00000E+00     0.00000E+00
     0.10066E+01     0.58640E-02     0.00000E+00     0.00000E+00
     0.10596E+01     0.58640E-02     0.00000E+00     0.00000E+00
     0.11126E+01     0.58640E-02     0.00000E+00     0.00000E+00
     0.11523E+01     0.58640E-02     0.00000E+00     0.00000E+00
     0.12053E+01     0.58640E-02     0.00000E+00     0.00000E+00
     0.12583E+01     0.58640E-02     0.00000E+00     0.00000E+00
     0.13113E+01     0.58640E-02     0.00000E+00     0.00000E+00
     0.13510E+01     0.58640E-02     0.00000E+00     0.00000E+00
     0.14040E+01     0.58640E-02     0.00000E+00     0.00000E+00
     0.14570E+01     0.58640E-02     0.00000E+00     0.00000E+00
     0.15099E+01     0.58640E-02     0.00000E+00     0.00000E+00
     0.15629E+01     0.58640E-02     0.00000E+00     0.00000E+00
     0.16027E+01     0.58640E-02     0.00000E+00     0.00000E+00
     0.16556E+01     0.58640E-02     0.00000E+00     0.00000E+00
     0.17086E+01     0.58640E-02     0.00000E+00     0.00000E+00
     0.17616E+01     0.58640E-02     0.00000E+00     0.00000E+00
     0.18013E+01     0.58640E-02     0.00000E+00     0.00000E+00
     0.18543E+01     0.58640E-02     0.00000E+00     0.00000E+00
     0.19073E+01     0.58640E-02     0.00000E+00     0.00000E+00
     0.19603E+01     0.58640E-02     0.00000E+00     0.00000E+00
     0.20000E+01     0.58640E-02     0.00000E+00     0.00000E+00
     0.20530E+01     0.58640E-02     0.00000E+00     0.00000E+00
     0.21060E+01     0.58640E-02     0.00000E+00     0.00000E+00
     0.21590E+01     0.58640E-02     0.00000E+00     0.00000E+00
     0.22120E+01     0.58640E-02     0.00000E+00     0.00000E+00
     0.22517E+01     0.58640E-02     0.00000E+00     0.00000E+00
     0.23047E+01     0.58640E-02     0.00000E+00     0.00000E+00
     0.23577E+01     0.58640E-02     0.00000E+00     0.00000E+00
     0.24107E+01     0.58640E-02     0.00000E+00     0.00000E+00
     0.24504E+01     0.58640E-02     0.00000E+00     0.00000E+00
     0.25034E+01     0.58640E-02     0.00000E+00     0.00000E+00
     0.25564E+01     0.58640E-02     0.00000E+00     0.00000E+00
     0.26093E+01     0.58640E-02     0.00000E+00     0.00000E+00
     0.26623E+01     0.58640E-02     0.00000E+00     0.00000E+00
     0.27021E+01     0.58640E-02     0.00000E+00     0.00000E+00
     0.27551E+01     0.58640E-02     0.00000E+00     0.00000E+00
     0.28080E+01     0.58640E-02     0.00000E+00     0.00000E+00
     0.28610E+01     0.58640E-02     0.00000E+00     0.00000E+00
     0.29008E+01     0.58640E-02     0.00000E+00     0.00000E+00
     0.29538E+01     0.58640E-02     0.00000E+00     0.00000E+00
     0.30067E+01     0.58640E-02     0.00000E+00     0.00000E+00
     0.30597E+01     0.58640E-02     0.00000E+00     0.00000E+00
     0.31127E+01     0.58640E-02     0.00000E+00     0.00000E+00
     0.31524E+01     0.58640E-02     0.00000E+00     0.00000E+00
     0.32054E+01     0.58640E-02     0.00000E+00     0.00000E+00
     0.32584E+01     0.58640E-02     0.00000E+00     0.00000E+00
     0.33114E+01     0.58640E-02     0.00000E+00     0.00000E+00
     0.33511E+01     0.58640E-02     0.00000E+00     0.00000E+00
     0.34041E+01     0.58640E-02     0.00000E+00     0.00000E+00
     0.34571E+01     0.58640E-02     0.00000E+00     0.00000E+00
     0.35101E+01     0.58640E-02     0.00000E+00     0.00000E+00
     0.35631E+01     0.58640E-02     0.00000E+00     0.00000E+00
     0.36028E+01     0.58640E-02     0.00000E+00     0.00000E+00
     0.36558E+01     0.58640E-02     0.00000E+00     0.00000E+00
     0.37088E+01     0.58640E-02     0.00000E+00     0.00000E+00
     0.37618E+01     0.58640E-02     0.00000E+00     0.00000E+00
     0.38015E+01     0.58640E-02     0.00000E+00     0.00000E+00
     0.38545E+01     0.58640E-02     0.00000E+00     0.00000E+00
     0.39075E+01     0.58640E-02     0.00000E+00     0.00000E+00
     0.39605E+01     0.58640E-02     0.00000E+00     0.00000E+00
     0.40002E+01     0.58640E-02     0.00000E+00     0.00000E+00
     0.40532E+01     0.58640E-02     0.00000E+00     0.00000E+00
     0.41062E+01     0.58640E-02     0.00000E+00     0.00000E+00
     0.41592E+01     0.58640E-02     0.00000E+00     0.00000E+00
     0.42122E+01     0.58640E-02     0.00000E+00     0.00000E+00
     0.42519E+01     0.58640E-02     0.00000E+00     0.00000E+00
     0.43049E+01     0.58640E-02     0.00000E+00     0.00000E+00
     0.43579E+01     0.58640E-02     0.00000E+00     0.00000E+00
     0.44109E+01     0.58640E-02     0.00000E+00     0.00000E+00
     0.44506E+01     0.58640E-02     0.00000E+00     0.00000E+00
     0.45036E+01     0.58640E-02     0.00000E+00     0.00000E+00
     0.45566E+01     0.58640E-02     0.00000E+00     0.00000E+00
     0.46096E+01     0.58640E-02     0.00000E+00     0.00000E+00
     0.46626E+01     0.58640E-02     0.00000E+00     0.00000E+00
     0.47023E+01     0.58640E-02     0.00000E+00     0.00000E+00
     0.47553E+01     0.58640E-02     0.00000E+00     0.00000E+00
     0.48083E+01     0.58640E-02     0.00000E+00     0.00000E+00
     0.48613E+01     0.58640E-02     0.00000E+00     0.00000E+00
     0.49010E+01     0.58640E-02     0.00000E+00     0.00000E+00
     0.49540E+01     0.58640E-02     0.00000E+00     0.00000E+00
     0.50070E+01     0.58640E-02     0.00000E+00     0.00000E+00
     0.50600E+01     0.58640E-02     0.00000E+00     0.00000E+00
     0.51130E+01     0.58640E-02     0.00000E+00     0.00000E+00
     0.51527E+01     0.58640E-02     0.00000E+00     0.00000E+00
     0.52057E+01     0.58640E-02     0.00000E+00     0.00000E+00
     0.52587E+01     0.58640E-02     0.00000E+00     0.00000E+00
     0.53117E+01     0.58640E-02     0.00000E+00     0.00000E+00
     0.53515E+01     0.58640E-02     0.00000E+00     0.00000E+00
     0.54044E+01     0.58640E-02     0.00000E+00     0.00000E+00
     0.54574E+01     0.58640E-02     0.00000E+00     0.00000E+00
     0.55104E+01     0.58640E-02     0.00000E+00     0.00000E+00
     0.55502E+01     0.58640E-02     0.00000E+00     0.00000E+00
     0.56032E+01     0.58640E-02     0.00000E+00     0.00000E+00
     0.56561E+01     0.58640E-02     0.00000E+00     0.00000E+00
     0.57091E+01     0.58640E-02     0.00000E+00     0.00000E+00
     0.57621E+01     0.58640E-02     0.00000E+00     0.00000E+00
     0.58019E+01     0.58640E-02     0.00000E+00     0.00000E+00
     0.58549E+01     0.58640E-02     0.00000E+00     0.00000E+00
     0.59078E+01     0.58640E-02     0.00000E+00     0.00000E+00
     0.59608E+01     0.59005E-02     0.10697E-01     0.18965E-02
     0.60006E+01     0.59985E-02     0.29990E-01     0.54590E-02
     0.60536E+01     0.62272E-02     0.56560E-01     0.11084E-01
     0.61066E+01     0.65882E-02     0.77447E-01     0.16451E-01
     0.61596E+01     0.70833E-02     0.92951E-01     0.19761E-01
     0.62125E+01     0.77135E-02     0.10449E+00     0.21140E-01
     0.62523E+01     0.82774E-02     0.11076E+00     0.21293E-01
     0.63053E+01     0.91685E-02     0.11642E+00     0.19992E-01
     0.63583E+01     0.10247E-01     0.11922E+00     0.14855E-01
     0.64113E+01     0.11510E-01     0.11937E+00     0.73367E-02
     0.64510E+01     0.12585E-01     0.11787E+00     0.77815E-03
     0.65040E+01     0.14229E-01     0.11232E+00    -0.76178E-02
     0.65570E+01     0.16096E-01     0.96727E-01    -0.15233E-01
     0.66099E+01     0.18053E-01     0.81161E-01    -0.19917E-01
     0.66629E+01     0.19641E-01     0.76272E-01    -0.16885E-01
     0.67026E+01     0.20597E-01     0.77824E-01    -0.12849E-01
     0.67556E+01     0.21763E-01     0.87756E-01    -0.74388E-02
     0.68085E+01     0.22858E-01     0.10034E+00    -0.17318E-02
     0.68614E+01     0.23871E-01     0.10757E+00     0.33015E-02
     0.69011E+01     0.24592E-01     0.10866E+00     0.64349E-02
     0.69540E+01     0.25540E-01     0.10710E+00     0.99781E-02
     0.70068E+01     0.26500E-01     0.10429E+00     0.13146E-01
     0.70596E+01     0.27548E-01     0.90740E-01     0.15104E-01
     0.71124E+01     0.28661E-01     0.73030E-01     0.15011E-01
     0.71519E+01     0.29500E-01     0.58938E-01     0.12946E-01
     0.72047E+01     0.30502E-01     0.41969E-01     0.82166E-02
     0.72574E+01     0.31192E-01     0.30375E-01     0.34282E-02
     0.73101E+01     0.31557E-01     0.24025E-01    -0.29676E-03
     0.73628E+01     0.31689E-01     0.19240E-01    -0.19855E-02
     0.74023E+01     0.31672E-01     0.13890E-01    -0.17465E-02
     0.74549E+01     0.31460E-01     0.63567E-02     0.31778E-03
     0.75075E+01     0.31003E-01    -0.31246E-02     0.30690E-02
     0.75601E+01     0.30371E-01    -0.15970E-01     0.59003E-02
     0.76127E+01     0.29658E-01    -0.33151E-01     0.70581E-02
     0.76521E+01     0.29092E-01    -0.48576E-01     0.58831E-02
     0.77046E+01     0.28292E-01    -0.71855E-01     0.22868E-02
     0.77572E+01     0.27466E-01    -0.97088E-01    -0.13435E-02
     0.78097E+01     0.26593E-01    -0.12228E+00    -0.31196E-02
     0.78622E+01     0.25507E-01    -0.14570E+00    -0.14719E-02
     0.79016E+01     0.24333E-01    -0.16017E+00     0.21530E-02
     0.79540E+01     0.22236E-01    -0.16772E+00     0.67410E-02
     0.80065E+01     0.19899E-01    -0.17382E+00     0.90333E-02
     0.80590E+01     0.17532E-01    -0.18586E+00     0.92289E-02
     0.81114E+01     0.15250E-01    -0.21509E+00     0.61617E-02
     0.81508E+01     0.13609E-01    -0.24291E+00     0.37335E-02
     0.82032E+01     0.10717E-01    -0.25320E+00     0.62725E-03
     0.82556E+01     0.84106E-02    -0.26619E+00     0.47450E-03
     0.83081E+01     0.66325E-02    -0.33333E+00     0.50664E-03
     0.83605E+01     0.54046E-02    -0.38596E+00     0.22032E-03
     0.84129E+01     0.48460E-02     0.00000E+00     0.00000E+00
     0.84522E+01     0.48460E-02     0.00000E+00     0.00000E+00
     0.85047E+01     0.48460E-02     0.00000E+00     0.00000E+00
     0.85571E+01     0.48460E-02     0.00000E+00     0.00000E+00
     0.86095E+01     0.48460E-02     0.00000E+00     0.00000E+00
     0.86620E+01     0.48460E-02     0.00000E+00     0.00000E+00
     0.87013E+01     0.48460E-02     0.00000E+00     0.00000E+00
     0.87537E+01     0.48460E-02     0.00000E+00     0.00000E+00
     0.88062E+01     0.48460E-02     0.00000E+00     0.00000E+00
     0.88587E+01     0.48460E-02     0.00000E+00     0.00000E+00
     0.89111E+01     0.48460E-02     0.00000E+00     0.00000E+00
     0.89505E+01     0.48460E-02     0.00000E+00     0.00000E+00
     0.90030E+01     0.48460E-02     0.00000E+00     0.00000E+00
     0.90555E+01     0.48460E-02     0.00000E+00     0.00000E+00
     0.91081E+01     0.48460E-02     0.00000E+00     0.00000E+00
     0.91606E+01     0.48460E-02     0.00000E+00     0.00000E+00
     0.92000E+01     0.48460E-02     0.00000E+00     0.00000E+00
     0.92526E+01     0.48460E-02     0.00000E+00     0.00000E+00
     0.93052E+01     0.48460E-02     0.00000E+00     0.00000E+00
     0.93579E+01     0.48460E-02     0.00000E+00     0.00000E+00
     0.94105E+01     0.48460E-02     0.00000E+00     0.00000E+00
     0.94500E+01     0.48460E-02     0.00000E+00     0.00000E+00
     0.95027E+01     0.48460E-02     0.00000E+00     0.00000E+00
     0.95554E+01     0.48460E-02     0.00000E+00     0.00000E+00
     0.96081E+01     0.48460E-02     0.00000E+00     0.00000E+00
     0.96609E+01     0.48460E-02     0.00000E+00     0.00000E+00
     0.97005E+01     0.48460E-02     0.00000E+00     0.00000E+00
     0.97533E+01     0.48460E-02     0.00000E+00     0.00000E+00
     0.98061E+01     0.48460E-02     0.00000E+00     0.00000E+00
     0.98590E+01     0.48460E-02     0.00000E+00     0.00000E+00
     0.99119E+01     0.48460E-02     0.00000E+00     0.00000E+00
     0.99515E+01     0.48460E-02     0.00000E+00     0.00000E+00
     0.10004E+02     0.48460E-02     0.00000E+00     0.00000E+00
     0.10057E+02     0.48460E-02     0.00000E+00     0.00000E+00
     0.10110E+02     0.48460E-02     0.00000E+00     0.00000E+00
     0.10150E+02     0.48460E-02     0.00000E+00     0.00000E+00
     0.10203E+02     0.48460E-02     0.00000E+00     0.00000E+00
     0.10256E+02     0.48460E-02     0.00000E+00     0.00000E+00
     0.10309E+02     0.48460E-02     0.00000E+00     0.00000E+00
     0.10362E+02     0.48460E-02     0.00000E+00     0.00000E+00
     0.10402E+02     0.48460E-02     0.00000E+00     0.00000E+00
     0.10455E+02     0.48460E-02     0.00000E+00     0.00000E+00
     0.10508E+02     0.48460E-02     0.00000E+00     0.00000E+00
     0.10561E+02     0.48460E-02     0.00000E+00     0.00000E+00
     0.10601E+02     0.48460E-02     0.00000E+00     0.00000E+00
     0.10654E+02     0.48460E-02     0.00000E+00     0.00000E+00
     0.10707E+02     0.48460E-02     0.00000E+00     0.00000E+00
     0.10760E+02     0.48460E-02     0.00000E+00     0.00000E+00
     0.10813E+02     0.48460E-02     0.00000E+00     0.00000E+00
     0.10852E+02     0.48460E-02     0.00000E+00     0.00000E+00
     0.10905E+02     0.48460E-02     0.00000E+00     0.00000E+00
     0.10958E+02     0.48460E-02     0.00000E+00     0.00000E+00
     0.11011E+02     0.48460E-02     0.00000E+00     0.00000E+00
     0.11051E+02     0.48460E-02     0.00000E+00     0.00000E+00
     0.11104E+02     0.48460E-02     0.00000E+00     0.00000E+00
     0.11157E+02     0.48460E-02     0.00000E+00     0.00000E+00
     0.11210E+02     0.48460E-02     0.00000E+00     0.00000E+00
     0.11263E+02     0.48460E-02     0.00000E+00     0.00000E+00
     0.11303E+02     0.48460E-02     0.00000E+00     0.00000E+00
     0.11356E+02     0.48460E-02     0.00000E+00     0.00000E+00
     0.11409E+02     0.48460E-02     0.00000E+00     0.00000E+00
     0.11462E+02     0.48460E-02     0.00000E+00     0.00000E+00
     0.11502E+02     0.48460E-02     0.00000E+00     0.00000E+00
     0.11555E+02     0.48460E-02     0.00000E+00     0.00000E+00
     0.11608E+02     0.48460E-02     0.00000E+00     0.00000E+00
     0.11661E+02     0.48460E-02     0.00000E+00     0.00000E+00
     0.11701E+02     0.48460E-02     0.00000E+00     0.00000E+00
     0.11754E+02     0.48460E-02     0.00000E+00     0.00000E+00
     0.11807E+02     0.48460E-02     0.00000E+00     0.00000E+00
     0.11860E+02     0.48460E-02     0.00000E+00     0.00000E+00
     0.11913E+02     0.48460E-02     0.00000E+00     0.00000E+00
     0.11952E+02     0.48460E-02     0.00000E+00     0.00000E+00
     0.12005E+02     0.48460E-02     0.00000E+00     0.00000E+00
     0.12058E+02     0.48460E-02     0.00000E+00     0.00000E+00
     0.12111E+02     0.48460E-02     0.00000E+00     0.00000E+00
     0.12151E+02     0.48460E-02     0.00000E+00     0.00000E+00
     0.12204E+02     0.48460E-02     0.00000E+00     0.00000E+00
     0.12257E+02     0.48460E-02     0.00000E+00     0.00000E+00
     0.12310E+02     0.48460E-02     0.00000E+00     0.00000E+00
     0.12363E+02     0.48460E-02     0.00000E+00     0.00000E+00
     0.12403E+02     0.48460E-02     0.00000E+00     0.00000E+00
     0.12456E+02     0.48460E-02     0.00000E+00     0.00000E+00
     0.12509E+02     0.48460E-02     0.00000E+00     0.00000E+00
     0.12562E+02     0.48460E-02     0.00000E+00     0.00000E+00
     0.12602E+02     0.48460E-02     0.00000E+00     0.00000E+00
     0.12655E+02     0.48460E-02     0.00000E+00     0.00000E+00
     0.12708E+02     0.48460E-02     0.00000E+00     0.00000E+00
     0.12761E+02     0.48460E-02     0.00000E+00     0.00000E+00
     0.12800E+02     0.48460E-02     0.00000E+00     0.00000E+00
     0.12853E+02     0.48460E-02     0.00000E+00     0.00000E+00
     0.12906E+02     0.48460E-02     0.00000E+00     0.00000E+00
     0.12959E+02     0.48460E-02     0.00000E+00     0.00000E+00
     0.13012E+02     0.48460E-02     0.00000E+00     0.00000E+00
     0.13052E+02     0.48460E-02     0.00000E+00     0.00000E+00
     0.13105E+02     0.48460E-02     0.00000E+00     0.00000E+00
     0.13158E+02     0.48460E-02     0.00000E+00     0.00000E+00
     0.13211E+02     0.48460E-02     0.00000E+00     0.00000E+00
     0.13251E+02     0.48460E-02     0.00000E+00     0.00000E+00
     0.13304E+02     0.48460E-02     0.00000E+00     0.00000E+00
     0.13357E+02     0.48460E-02     0.00000E+00     0.00000E+00
     0.13410E+02     0.48460E-02     0.00000E+00     0.00000E+00
     0.13463E+02     0.48460E-02     0.00000E+00     0.00000E+00
     0.13503E+02     0.48460E-02     0.00000E+00     0.00000E+00
     0.13556E+02     0.48460E-02     0.00000E+00     0.00000E+00
     0.13609E+02     0.48460E-02     0.00000E+00     0.00000E+00
     0.13662E+02     0.48460E-02     0.00000E+00     0.00000E+00
     0.13702E+02     0.48460E-02     0.00000E+00     0.00000E+00
     0.13755E+02     0.48460E-02     0.00000E+00     0.00000E+00
     0.13808E+02     0.48460E-02     0.00000E+00     0.00000E+00
     0.13861E+02     0.48460E-02     0.00000E+00     0.00000E+00
     0.13901E+02     0.48460E-02     0.00000E+00     0.00000E+00
     0.13954E+02     0.48460E-02     0.00000E+00     0.00000E+00
     0.14007E+02     0.48460E-02     0.00000E+00     0.00000E+00
     0.14060E+02     0.48460E-02     0.00000E+00     0.00000E+00
     0.14113E+02     0.48460E-02     0.00000E+00     0.00000E+00
     0.14153E+02     0.48460E-02     0.00000E+00     0.00000E+00
     0.14206E+02     0.48460E-02     0.00000E+00     0.00000E+00
     0.14259E+02     0.48460E-02     0.00000E+00     0.00000E+00
     0.14312E+02     0.48460E-02     0.00000E+00     0.00000E+00
     0.14352E+02     0.48460E-02     0.00000E+00     0.00000E+00
     0.14405E+02     0.48460E-02     0.00000E+00     0.00000E+00
     0.14459E+02     0.48460E-02     0.00000E+00     0.00000E+00
     0.14512E+02     0.48460E-02     0.00000E+00     0.00000E+00
     0.14552E+02     0.48460E-02     0.00000E+00     0.00000E+00
     0.14605E+02     0.48460E-02     0.00000E+00     0.00000E+00
     0.14659E+02     0.48460E-02     0.00000E+00     0.00000E+00
     0.14712E+02     0.48460E-02     0.00000E+00     0.00000E+00
     0.14752E+02     0.48460E-02     0.00000E+00     0.00000E+00
     0.14806E+02     0.48460E-02     0.00000E+00     0.00000E+00
     0.14859E+02     0.48460E-02     0.00000E+00     0.00000E+00
     0.14912E+02     0.48460E-02     0.00000E+00     0.00000E+00
     0.14952E+02     0.48460E-02     0.00000E+00     0.00000E+00
     0.15006E+02     0.48460E-02     0.00000E+00     0.00000E+00
     0.15059E+02     0.48460E-02     0.00000E+00     0.00000E+00
     0.15113E+02     0.48460E-02     0.00000E+00     0.00000E+00
     0.15153E+02     0.48460E-02     0.00000E+00     0.00000E+00
     0.15207E+02     0.48460E-02     0.00000E+00     0.00000E+00
     0.15261E+02     0.48460E-02     0.00000E+00     0.00000E+00
     0.15301E+02     0.48460E-02     0.00000E+00     0.00000E+00
     0.15355E+02     0.48460E-02     0.00000E+00     0.00000E+00
     0.15408E+02     0.48460E-02     0.00000E+00     0.00000E+00
     0.15462E+02     0.48460E-02     0.00000E+00     0.00000E+00
     0.15502E+02     0.48460E-02     0.00000E+00     0.00000E+00
     0.15555E+02     0.48460E-02     0.00000E+00     0.00000E+00
     0.15609E+02     0.48460E-02     0.00000E+00     0.00000E+00
     0.15662E+02     0.48460E-02     0.00000E+00     0.00000E+00
     0.15702E+02     0.48460E-02     0.00000E+00     0.00000E+00
     0.15755E+02     0.48460E-02     0.00000E+00     0.00000E+00
     0.15809E+02     0.48460E-02     0.00000E+00     0.00000E+00
     0.15862E+02     0.48460E-02     0.00000E+00     0.00000E+00
     0.15902E+02     0.48460E-02     0.00000E+00     0.00000E+00
     0.15955E+02     0.48460E-02     0.00000E+00     0.00000E+00
     0.16008E+02     0.48460E-02     0.00000E+00     0.00000E+00
     0.16061E+02     0.48460E-02     0.00000E+00     0.00000E+00
     0.16101E+02     0.48460E-02     0.00000E+00     0.00000E+00
     0.16154E+02     0.48460E-02     0.00000E+00     0.00000E+00
     0.16207E+02     0.48460E-02     0.00000E+00     0.00000E+00
     0.16260E+02     0.48460E-02     0.00000E+00     0.00000E+00
     0.16313E+02     0.48460E-02     0.00000E+00     0.00000E+00
     0.16353E+02     0.48460E-02     0.00000E+00     0.00000E+00
     0.16406E+02     0.48460E-02     0.00000E+00     0.00000E+00
     0.16459E+02     0.48460E-02     0.00000E+00     0.00000E+00
     0.16512E+02     0.48460E-02     0.00000E+00     0.00000E+00
     0.16552E+02     0.48460E-02     0.00000E+00     0.00000E+00
     0.16605E+02     0.48460E-02     0.00000E+00     0.00000E+00
     0.16658E+02     0.48460E-02     0.00000E+00     0.00000E+00
     0.16711E+02     0.48460E-02     0.00000E+00     0.00000E+00
     0.16751E+02     0.48460E-02     0.00000E+00     0.00000E+00
     0.16804E+02     0.48460E-02     0.00000E+00     0.00000E+00
     0.16857E+02     0.48460E-02     0.00000E+00     0.00000E+00
     0.16910E+02     0.48460E-02     0.00000E+00     0.00000E+00
     0.16963E+02     0.48460E-02     0.00000E+00     0.00000E+00
     0.17003E+02     0.48460E-02     0.00000E+00     0.00000E+00
     0.17056E+02     0.48460E-02     0.00000E+00     0.00000E+00
     0.17109E+02     0.48460E-02     0.00000E+00     0.00000E+00
     0.17162E+02     0.48460E-02     0.00000E+00     0.00000E+00
     0.17202E+02     0.48460E-02     0.00000E+00     0.00000E+00
     0.17255E+02     0.48460E-02     0.00000E+00     0.00000E+00
     0.17308E+02     0.48460E-02     0.00000E+00     0.00000E+00
     0.17361E+02     0.48460E-02     0.00000E+00     0.00000E+00
     0.17401E+02     0.48460E-02     0.00000E+00     0.00000E+00
     0.17454E+02     0.48460E-02     0.00000E+00     0.00000E+00
     0.17508E+02     0.48460E-02     0.00000E+00     0.00000E+00
     0.17561E+02     0.48460E-02     0.00000E+00     0.00000E+00
     0.17601E+02     0.48460E-02     0.00000E+00     0.00000E+00
     0.17654E+02     0.48460E-02     0.00000E+00     0.00000E+00
     0.17707E+02     0.48460E-02     0.00000E+00     0.00000E+00
     0.17760E+02     0.48460E-02     0.00000E+00     0.00000E+00
     0.17813E+02     0.48460E-02     0.00000E+00     0.00000E+00
     0.17853E+02     0.48460E-02     0.00000E+00     0.00000E+00
     0.17906E+02     0.48460E-02     0.00000E+00     0.00000E+00
     0.17959E+02     0.48460E-02     0.00000E+00     0.00000E+00
     0.18013E+02     0.48460E-02     0.00000E+00     0.00000E+00
     0.18053E+02     0.48460E-02     0.00000E+00     0.00000E+00
     0.18106E+02     0.48460E-02     0.00000E+00     0.00000E+00
     0.18159E+02     0.48460E-02     0.00000E+00     0.00000E+00
     0.18212E+02     0.48460E-02     0.00000E+00     0.00000E+00
     0.18252E+02     0.48460E-02     0.00000E+00     0.00000E+00
     0.18305E+02     0.48460E-02     0.00000E+00     0.00000E+00
     0.18358E+02     0.48460E-02     0.00000E+00     0.00000E+00
     0.18411E+02     0.48460E-02     0.00000E+00     0.00000E+00
     0.18451E+02     0.48460E-02     0.00000E+00     0.00000E+00
     0.18504E+02     0.48460E-02     0.00000E+00     0.00000E+00
     0.18558E+02     0.48460E-02     0.00000E+00     0.00000E+00
     0.18611E+02     0.48460E-02     0.00000E+00     0.00000E+00
     0.18651E+02     0.48460E-02     0.00000E+00     0.00000E+00
     0.18704E+02     0.48460E-02     0.00000E+00     0.00000E+00
     0.18757E+02     0.48460E-02     0.00000E+00     0.00000E+00
     0.18810E+02     0.48460E-02     0.00000E+00     0.00000E+00
     0.18863E+02     0.48460E-02     0.00000E+00     0.00000E+00
     0.18903E+02     0.48460E-02     0.00000E+00     0.00000E+00
     0.18956E+02     0.48460E-02     0.00000E+00     0.00000E+00
     0.19009E+02     0.48460E-02     0.00000E+00     0.00000E+00
     0.19062E+02     0.48460E-02     0.00000E+00     0.00000E+00
     0.19102E+02     0.48460E-02     0.00000E+00     0.00000E+00
     0.19155E+02     0.48460E-02     0.00000E+00     0.00000E+00
     0.19208E+02     0.48460E-02     0.00000E+00     0.00000E+00
     0.19261E+02     0.48460E-02     0.00000E+00     0.00000E+00
     0.19301E+02     0.48460E-02     0.00000E+00     0.00000E+00
     0.19354E+02     0.48460E-02     0.00000E+00     0.00000E+00
     0.19407E+02     0.48460E-02     0.00000E+00     0.00000E+00
     0.19460E+02     0.48460E-02     0.00000E+00     0.00000E+00
     0.19500E+02     0.48460E-02     0.00000E+00     0.00000E+00
     0.19553E+02     0.48460E-02     0.00000E+00     0.00000E+00
     0.19606E+02     0.48460E-02     0.00000E+00     0.00000E+00
     0.19659E+02     0.48460E-02     0.00000E+00     0.00000E+00
     0.19712E+02     0.48460E-02     0.00000E+00     0.00000E+00
     0.19752E+02     0.48460E-02     0.00000E+00     0.00000E+00
     0.19805E+02     0.48460E-02     0.00000E+00     0.00000E+00
     0.19858E+02     0.48460E-02     0.00000E+00     0.00000E+00
     0.19911E+02     0.48460E-02     0.00000E+00     0.00000E+00
     0.19951E+02     0.48460E-02     0.00000E+00     0.00000E+00
     0.20004E+02     0.48460E-02     0.00000E+00     0.00000E+00
     0.20057E+02     0.48460E-02     0.00000E+00     0.00000E+00
     0.20110E+02     0.48460E-02     0.00000E+00     0.00000E+00
     0.20163E+02     0.48460E-02     0.00000E+00     0.00000E+00
     0.20202E+02     0.48460E-02     0.00000E+00     0.00000E+00
     0.20255E+02     0.48460E-02     0.00000E+00     0.00000E+00
     0.20308E+02     0.48460E-02     0.00000E+00     0.00000E+00
     0.20361E+02     0.48460E-02     0.00000E+00     0.00000E+00
     0.20401E+02     0.48460E-02     0.00000E+00     0.00000E+00
     0.20454E+02     0.48460E-02     0.00000E+00     0.00000E+00
     0.20507E+02     0.48460E-02     0.00000E+00     0.00000E+00
     0.20560E+02     0.48460E-02     0.00000E+00     0.00000E+00
     0.20613E+02     0.48460E-02     0.00000E+00     0.00000E+00
     0.20652E+02     0.48460E-02     0.00000E+00     0.00000E+00
     0.20705E+02     0.48460E-02     0.00000E+00     0.00000E+00
     0.20758E+02     0.48460E-02     0.00000E+00     0.00000E+00
     0.20811E+02     0.48460E-02     0.00000E+00     0.00000E+00
     0.20851E+02     0.48460E-02     0.00000E+00     0.00000E+00
     0.20904E+02     0.48460E-02     0.00000E+00     0.00000E+00
     0.20957E+02     0.48460E-02     0.00000E+00     0.00000E+00
     0.21010E+02     0.48460E-02     0.00000E+00     0.00000E+00
     0.21063E+02     0.48460E-02     0.00000E+00     0.00000E+00
     0.21102E+02     0.48460E-02     0.00000E+00     0.00000E+00
     0.21155E+02     0.48460E-02     0.00000E+00     0.00000E+00
     0.21208E+02     0.48460E-02     0.00000E+00     0.00000E+00
     0.21261E+02     0.48460E-02     0.00000E+00     0.00000E+00
     0.21301E+02     0.48460E-02     0.00000E+00     0.00000E+00
     0.21354E+02     0.48460E-02     0.00000E+00     0.00000E+00
     0.21407E+02     0.48460E-02     0.00000E+00     0.00000E+00
     0.21459E+02     0.48460E-02     0.00000E+00     0.00000E+00
     0.21512E+02     0.48460E-02     0.00000E+00     0.00000E+00
     0.21552E+02     0.48460E-02     0.00000E+00     0.00000E+00
     0.21605E+02     0.48460E-02     0.00000E+00     0.00000E+00
     0.21658E+02     0.48460E-02     0.00000E+00     0.00000E+00
     0.21710E+02     0.48460E-02     0.00000E+00     0.00000E+00
     0.21763E+02     0.48460E-02     0.00000E+00     0.00000E+00
     0.21803E+02     0.48460E-02     0.00000E+00     0.00000E+00
     0.21856E+02     0.48460E-02     0.00000E+00     0.00000E+00
     0.21908E+02     0.48460E-02     0.00000E+00     0.00000E+00
     0.21961E+02     0.48460E-02     0.00000E+00     0.00000E+00
     0.22001E+02     0.48460E-02     0.00000E+00     0.00000E+00
     0.22054E+02     0.48460E-02     0.00000E+00     0.00000E+00
     0.22106E+02     0.48460E-02     0.00000E+00     0.00000E+00
     0.22159E+02     0.48460E-02     0.00000E+00     0.00000E+00
     0.22212E+02     0.48460E-02     0.00000E+00     0.00000E+00
     0.22252E+02     0.48460E-02     0.00000E+00     0.00000E+00
     0.22304E+02     0.48460E-02     0.00000E+00     0.00000E+00
     0.22357E+02     0.48460E-02     0.00000E+00     0.00000E+00
     0.22410E+02     0.48460E-02     0.00000E+00     0.00000E+00
     0.22463E+02     0.48460E-02     0.00000E+00     0.00000E+00
     0.22503E+02     0.48460E-02     0.00000E+00     0.00000E+00
     0.22555E+02     0.48460E-02     0.00000E+00     0.00000E+00
     0.22608E+02     0.48460E-02     0.00000E+00     0.00000E+00
     0.22661E+02     0.48460E-02     0.00000E+00     0.00000E+00
     0.22701E+02     0.50323E-02     0.32078E-02     0.35114E-02
     0.22754E+02     0.51085E-02     0.21338E-01     0.16735E-01
     0.22806E+02     0.52328E-02     0.40144E-01     0.30810E-01
     0.22859E+02     0.53666E-02     0.56612E-01     0.47192E-01
     0.22912E+02     0.55033E-02     0.69167E-01     0.68626E-01
     0.22952E+02     0.56142E-02     0.75328E-01     0.90527E-01
     0.23005E+02     0.57644E-02     0.77909E-01     0.13359E+00
     0.23058E+02     0.59098E-02     0.66158E-01     0.17602E+00
     0.23111E+02     0.60109E-02     0.46182E-01     0.17401E+00
     0.23150E+02     0.60531E-02     0.36315E-01     0.16459E+00
     0.23203E+02     0.60669E-02     0.28344E-01     0.15330E+00
     0.23256E+02     0.60575E-02     0.24735E-01     0.14493E+00
     0.23309E+02     0.60647E-02     0.20900E-01     0.13524E+00
     0.23362E+02     0.60854E-02     0.94925E-02     0.12203E+00
     0.23402E+02     0.60849E-02    -0.86586E-02     0.10812E+00
     0.23455E+02     0.60290E-02    -0.45223E-01     0.81894E-01
     0.23508E+02     0.59100E-02    -0.95772E-01     0.49382E-01
     0.23561E+02     0.57220E-02    -0.14791E+00     0.21620E-01
     0.23601E+02     0.55295E-02    -0.18047E+00     0.13211E-01
     0.23654E+02     0.52026E-02    -0.21357E+00     0.54440E-02
     0.23707E+02     0.48100E-02    -0.23629E+00     0.22806E-02
     0.23760E+02     0.49857E-02     0.00000E+00     0.00000E+00
     0.23813E+02     0.49857E-02     0.00000E+00     0.00000E+00
     0.23853E+02     0.49857E-02     0.00000E+00     0.00000E+00
     0.23906E+02     0.49857E-02     0.00000E+00     0.00000E+00
     0.23959E+02     0.49857E-02     0.00000E+00     0.00000E+00
     0.24013E+02     0.49857E-02     0.00000E+00     0.00000E+00
     0.24052E+02     0.49857E-02     0.00000E+00     0.00000E+00
     0.24106E+02     0.49857E-02     0.00000E+00     0.00000E+00
     0.24159E+02     0.49857E-02     0.00000E+00     0.00000E+00
     0.24212E+02     0.49857E-02     0.00000E+00     0.00000E+00
     0.24252E+02     0.49857E-02     0.00000E+00     0.00000E+00
     0.24305E+02     0.49857E-02     0.00000E+00     0.00000E+00
     0.24358E+02     0.49857E-02     0.00000E+00     0.00000E+00
     0.24411E+02     0.49857E-02     0.00000E+00     0.00000E+00
     0.24451E+02     0.49857E-02     0.00000E+00     0.00000E+00
     0.24504E+02     0.49857E-02     0.00000E+00     0.00000E+00
     0.24557E+02     0.49857E-02     0.00000E+00     0.00000E+00
     0.24610E+02     0.49857E-02     0.00000E+00     0.00000E+00
     0.24650E+02     0.49857E-02     0.00000E+00     0.00000E+00
     0.24703E+02     0.49857E-02     0.00000E+00     0.00000E+00
     0.24757E+02     0.49857E-02     0.00000E+00     0.00000E+00
     0.24810E+02     0.49857E-02     0.00000E+00     0.00000E+00
     0.24863E+02     0.49857E-02     0.00000E+00     0.00000E+00
     0.24903E+02     0.49857E-02     0.00000E+00     0.00000E+00
     0.24956E+02     0.51180E-02     0.35075E-01    -0.46678E-01
     0.25009E+02     0.56182E-02     0.13213E+00    -0.18945E+00
