     0.13235E-01     0.13134E-09     0.76270E-09    -0.22046E-12
     0.52978E-01     0.12608E-09     0.81474E-09    -0.31128E-12
     0.10597E+00     0.11855E-09     0.87481E-09    -0.57872E-12
     0.15896E+00     0.11050E-09     0.92343E-09    -0.10398E-11
     0.21194E+00     0.10197E-09     0.95983E-09    -0.16994E-11
     0.25168E+00     0.95304E-10     0.97883E-09    -0.23427E-11
     0.30466E+00     0.86195E-10     0.99343E-09    -0.34052E-11
     0.35764E+00     0.76893E-10     0.99527E-09    -0.45129E-11
     0.41062E+00     0.67458E-10     0.98401E-09    -0.53106E-11
     0.45035E+00     0.60289E-10     0.96668E-09    -0.55086E-11
     0.50333E+00     0.50604E-10     0.93137E-09    -0.52800E-11
     0.55631E+00     0.40817E-10     0.88229E-09    -0.49807E-11
     0.60928E+00     0.31115E-10     0.82066E-09    -0.54539E-11
     0.66226E+00     0.21803E-10     0.74883E-09    -0.75946E-11
     0.70199E+00     0.15330E-10     0.69014E-09    -0.10808E-10
     0.75497E+00     0.77512E-11     0.60826E-09    -0.17448E-10
     0.80795E+00     0.17041E-11     0.52493E-09    -0.26281E-10
     0.86092E+00    -0.26421E-11     0.44207E-09    -0.35931E-10
     0.90066E+00    -0.48148E-11     0.38064E-09    -0.42629E-10
     0.95364E+00    -0.64805E-11     0.29937E-09    -0.49403E-10
     0.10066E+01    -0.71057E-11     0.21804E-09    -0.52654E-10
     0.10596E+01    -0.70957E-11     0.13597E-09    -0.52245E-10
     0.11126E+01    -0.66836E-11     0.53372E-10    -0.49635E-10
     0.11523E+01    -0.61335E-11    -0.82190E-11    -0.47483E-10
     0.12053E+01    -0.48372E-11    -0.87021E-10    -0.45855E-10
     0.12583E+01    -0.23471E-11    -0.15949E-09    -0.46375E-10
     0.13113E+01     0.10791E-11    -0.22573E-09    -0.48881E-10
     0.13510E+01     0.39700E-11    -0.27199E-09    -0.51883E-10
     0.14040E+01     0.85059E-11    -0.33025E-09    -0.56399E-10
     0.14570E+01     0.14070E-10    -0.38569E-09    -0.60674E-10
     0.15099E+01     0.20320E-10    -0.43710E-09    -0.65065E-10
     0.15629E+01     0.27346E-10    -0.48454E-09    -0.69397E-10
     0.16027E+01     0.33206E-10    -0.51754E-09    -0.72530E-10
     0.16556E+01     0.41790E-10    -0.55776E-09    -0.76865E-10
     0.17086E+01     0.51240E-10    -0.59315E-09    -0.81743E-10
     0.17616E+01     0.61517E-10    -0.62307E-09    -0.87499E-10
     0.18013E+01     0.69760E-10    -0.64182E-09    -0.92446E-10
     0.18543E+01     0.81544E-10    -0.66268E-09    -0.99671E-10
     0.19073E+01     0.94332E-10    -0.68009E-09    -0.10732E-09
     0.19603E+01     0.10813E-09    -0.69591E-09    -0.11509E-09
     0.20000E+01     0.11910E-09    -0.70790E-09    -0.12101E-09
     0.20530E+01     0.13451E-09    -0.72580E-09    -0.12936E-09
     0.21060E+01     0.15088E-09    -0.74757E-09    -0.13886E-09
     0.21590E+01     0.16833E-09    -0.77432E-09    -0.15016E-09
     0.22120E+01     0.18701E-09    -0.80631E-09    -0.16368E-09
     0.22517E+01     0.20190E-09    -0.83372E-09    -0.17528E-09
     0.23047E+01     0.22303E-09    -0.87496E-09    -0.19243E-09
     0.23577E+01     0.24569E-09    -0.92231E-09    -0.21111E-09
     0.24107E+01     0.27000E-09    -0.97718E-09    -0.23110E-09
     0.24504E+01     0.28941E-09    -0.10243E-08    -0.24712E-09
     0.25034E+01     0.31707E-09    -0.10968E-08    -0.27042E-09
     0.25564E+01     0.34708E-09    -0.11817E-08    -0.29672E-09
     0.26093E+01     0.37984E-09    -0.12807E-08    -0.32671E-09
     0.26623E+01     0.41577E-09    -0.13949E-08    -0.36063E-09
     0.27021E+01     0.44503E-09    -0.14908E-08    -0.38858E-09
     0.27551E+01     0.48739E-09    -0.16335E-08    -0.42903E-09
     0.28080E+01     0.53391E-09    -0.17941E-08    -0.47317E-09
     0.28610E+01     0.58501E-09    -0.19749E-08    -0.52146E-09
     0.29008E+01     0.62667E-09    -0.21251E-08    -0.56087E-09
     0.29538E+01     0.68719E-09    -0.23471E-08    -0.61836E-09
     0.30067E+01     0.75406E-09    -0.25968E-08    -0.68223E-09
     0.30597E+01     0.82808E-09    -0.28769E-08    -0.75329E-09
     0.31127E+01     0.91010E-09    -0.31908E-08    -0.83242E-09
     0.31524E+01     0.97742E-09    -0.34505E-08    -0.89767E-09
     0.32054E+01     0.10757E-08    -0.38325E-08    -0.99339E-09
     0.32584E+01     0.11848E-08    -0.42597E-08    -0.11001E-08
     0.33114E+01     0.13060E-08    -0.47375E-08    -0.12191E-08
     0.33511E+01     0.14056E-08    -0.51328E-08    -0.13171E-08
     0.34041E+01     0.15513E-08    -0.57144E-08    -0.14609E-08
     0.34571E+01     0.17134E-08    -0.63646E-08    -0.16211E-08
     0.35101E+01     0.18936E-08    -0.70912E-08    -0.17998E-08
     0.35631E+01     0.20941E-08    -0.79026E-08    -0.19990E-08
     0.36028E+01     0.22592E-08    -0.85725E-08    -0.21632E-08
     0.36558E+01     0.25010E-08    -0.95561E-08    -0.24040E-08
     0.37088E+01     0.27701E-08    -0.10653E-07    -0.26720E-08
     0.37618E+01     0.30697E-08    -0.11877E-07    -0.29705E-08
     0.38015E+01     0.33165E-08    -0.12887E-07    -0.32166E-08
     0.38545E+01     0.36781E-08    -0.14369E-07    -0.35777E-08
     0.39075E+01     0.40808E-08    -0.16021E-07    -0.39809E-08
     0.39605E+01     0.45294E-08    -0.17864E-07    -0.44314E-08
     0.40002E+01     0.48992E-08    -0.19384E-07    -0.48037E-08
     0.40532E+01     0.54416E-08    -0.21615E-07    -0.53507E-08
     0.41062E+01     0.60462E-08    -0.24105E-07    -0.59610E-08
     0.41592E+01     0.67203E-08    -0.26881E-07    -0.66415E-08
     0.42122E+01     0.74717E-08    -0.29978E-07    -0.73995E-08
     0.42519E+01     0.80913E-08    -0.32532E-07    -0.80239E-08
     0.43049E+01     0.89998E-08    -0.36278E-07    -0.89389E-08
     0.43579E+01     0.10012E-07    -0.40455E-07    -0.99582E-08
     0.44109E+01     0.11141E-07    -0.45111E-07    -0.11094E-07
     0.44506E+01     0.12071E-07    -0.48951E-07    -0.12031E-07
     0.45036E+01     0.13435E-07    -0.54582E-07    -0.13404E-07
     0.45566E+01     0.14956E-07    -0.60858E-07    -0.14936E-07
     0.46096E+01     0.16651E-07    -0.67853E-07    -0.16644E-07
     0.46626E+01     0.18540E-07    -0.75649E-07    -0.18549E-07
     0.47023E+01     0.20097E-07    -0.82076E-07    -0.20119E-07
     0.47553E+01     0.22381E-07    -0.91498E-07    -0.22421E-07
     0.48083E+01     0.24927E-07    -0.10200E-06    -0.24987E-07
     0.48613E+01     0.27763E-07    -0.11369E-06    -0.27845E-07
     0.49010E+01     0.30102E-07    -0.12333E-06    -0.30200E-07
     0.49540E+01     0.33530E-07    -0.13746E-06    -0.33650E-07
     0.50070E+01     0.37351E-07    -0.15319E-06    -0.37493E-07
     0.50600E+01     0.41607E-07    -0.17072E-06    -0.41774E-07
     0.51130E+01     0.46350E-07    -0.19023E-06    -0.46542E-07
     0.51527E+01     0.50259E-07    -0.20632E-06    -0.50471E-07
     0.52057E+01     0.55988E-07    -0.22988E-06    -0.56230E-07
     0.52587E+01     0.62371E-07    -0.25612E-06    -0.62644E-07
     0.53117E+01     0.69482E-07    -0.28533E-06    -0.69789E-07
     0.53515E+01     0.75341E-07    -0.30940E-06    -0.75675E-07
     0.54044E+01     0.83929E-07    -0.34466E-06    -0.84299E-07
     0.54574E+01     0.93495E-07    -0.38392E-06    -0.93902E-07
     0.55104E+01     0.10415E-06    -0.42762E-06    -0.10459E-06
     0.55502E+01     0.11293E-06    -0.46362E-06    -0.11340E-06
     0.56032E+01     0.12579E-06    -0.51635E-06    -0.12630E-06
     0.56561E+01     0.14012E-06    -0.57505E-06    -0.14066E-06
     0.57091E+01     0.15607E-06    -0.64039E-06    -0.15665E-06
     0.57621E+01     0.17384E-06    -0.71312E-06    -0.17445E-06
     0.58019E+01     0.18847E-06    -0.77302E-06    -0.18911E-06
     0.58549E+01     0.20991E-06    -0.86075E-06    -0.21058E-06
     0.59078E+01     0.23379E-06    -0.95841E-06    -0.23449E-06
     0.59608E+01     0.26037E-06    -0.10671E-05    -0.26111E-06
     0.60006E+01     0.28227E-06    -0.11566E-05    -0.28303E-06
     0.60536E+01     0.31435E-06    -0.12877E-05    -0.31513E-06
     0.61066E+01     0.35006E-06    -0.14337E-05    -0.35087E-06
     0.61596E+01     0.38982E-06    -0.15961E-05    -0.39066E-06
     0.62125E+01     0.43409E-06    -0.17769E-05    -0.43494E-06
     0.62523E+01     0.47055E-06    -0.19258E-05    -0.47141E-06
     0.63053E+01     0.52396E-06    -0.21439E-05    -0.52483E-06
     0.63583E+01     0.58342E-06    -0.23866E-05    -0.58429E-06
     0.64113E+01     0.64961E-06    -0.26567E-05    -0.65048E-06
     0.64510E+01     0.70412E-06    -0.28792E-05    -0.70498E-06
     0.65040E+01     0.78397E-06    -0.32050E-05    -0.78481E-06
     0.65570E+01     0.87285E-06    -0.35676E-05    -0.87367E-06
     0.66099E+01     0.97177E-06    -0.39712E-05    -0.97257E-06
     0.66629E+01     0.10819E-05    -0.44204E-05    -0.10826E-05
     0.67026E+01     0.11725E-05    -0.47902E-05    -0.11733E-05
     0.67556E+01     0.13053E-05    -0.53318E-05    -0.13060E-05
     0.68085E+01     0.14530E-05    -0.59343E-05    -0.14536E-05
     0.68614E+01     0.16174E-05    -0.66045E-05    -0.16179E-05
     0.69011E+01     0.17527E-05    -0.71562E-05    -0.17531E-05
     0.69540E+01     0.19506E-05    -0.79636E-05    -0.19510E-05
     0.70068E+01     0.21709E-05    -0.88616E-05    -0.21710E-05
     0.70596E+01     0.24158E-05    -0.98604E-05    -0.24158E-05
     0.71124E+01     0.26882E-05    -0.10971E-04    -0.26881E-05
     0.71519E+01     0.29124E-05    -0.11885E-04    -0.29121E-05
     0.72047E+01     0.32405E-05    -0.13223E-04    -0.32400E-05
     0.72574E+01     0.36053E-05    -0.14710E-04    -0.36045E-05
     0.73101E+01     0.40110E-05    -0.16364E-04    -0.40099E-05
     0.73628E+01     0.44621E-05    -0.18203E-04    -0.44607E-05
     0.74023E+01     0.48333E-05    -0.19716E-04    -0.48316E-05
     0.74549E+01     0.53764E-05    -0.21930E-04    -0.53743E-05
     0.75075E+01     0.59802E-05    -0.24392E-04    -0.59777E-05
     0.75601E+01     0.66516E-05    -0.27129E-04    -0.66486E-05
     0.76127E+01     0.73981E-05    -0.30171E-04    -0.73945E-05
     0.76521E+01     0.80122E-05    -0.32674E-04    -0.80081E-05
     0.77046E+01     0.89107E-05    -0.36336E-04    -0.89058E-05
     0.77572E+01     0.99096E-05    -0.40407E-04    -0.99038E-05
     0.78097E+01     0.11020E-04    -0.44932E-04    -0.11013E-04
     0.78622E+01     0.12255E-04    -0.49962E-04    -0.12247E-04
     0.79016E+01     0.13270E-04    -0.54099E-04    -0.13261E-04
     0.79540E+01     0.14756E-04    -0.60152E-04    -0.14745E-04
     0.80065E+01     0.16408E-04    -0.66880E-04    -0.16395E-04
     0.80590E+01     0.18244E-04    -0.74357E-04    -0.18229E-04
     0.81114E+01     0.20285E-04    -0.82668E-04    -0.20267E-04
     0.81508E+01     0.21963E-04    -0.89504E-04    -0.21944E-04
     0.82032E+01     0.24420E-04    -0.99503E-04    -0.24397E-04
     0.82556E+01     0.27150E-04    -0.11062E-03    -0.27123E-04
     0.83081E+01     0.30185E-04    -0.12297E-03    -0.30153E-04
     0.83605E+01     0.33559E-04    -0.13669E-03    -0.33521E-04
     0.84129E+01     0.37309E-04    -0.15194E-03    -0.37264E-04
     0.84522E+01     0.40394E-04    -0.16448E-03    -0.40343E-04
     0.85047E+01     0.44907E-04    -0.18283E-03    -0.44846E-04
     0.85571E+01     0.49923E-04    -0.20321E-03    -0.49850E-04
     0.86095E+01     0.55499E-04    -0.22586E-03    -0.55413E-04
     0.86620E+01     0.61697E-04    -0.25102E-03    -0.61594E-04
     0.87013E+01     0.66796E-04    -0.27171E-03    -0.66678E-04
     0.87537E+01     0.74255E-04    -0.30197E-03    -0.74115E-04
     0.88062E+01     0.82547E-04    -0.33558E-03    -0.82379E-04
     0.88587E+01     0.91764E-04    -0.37292E-03    -0.91563E-04
     0.89111E+01     0.10201E-03    -0.41440E-03    -0.10177E-03
     0.89505E+01     0.11044E-03    -0.44850E-03    -0.11016E-03
     0.90030E+01     0.12277E-03    -0.49834E-03    -0.12244E-03
     0.90555E+01     0.13647E-03    -0.55370E-03    -0.13608E-03
     0.91081E+01     0.15171E-03    -0.61516E-03    -0.15123E-03
     0.91606E+01     0.16864E-03    -0.68341E-03    -0.16807E-03
     0.92000E+01     0.18256E-03    -0.73949E-03    -0.18191E-03
     0.92526E+01     0.20294E-03    -0.82142E-03    -0.20215E-03
     0.93052E+01     0.22558E-03    -0.91236E-03    -0.22464E-03
     0.93579E+01     0.25075E-03    -0.10133E-02    -0.24961E-03
     0.94105E+01     0.27871E-03    -0.11252E-02    -0.27735E-03
     0.94500E+01     0.30171E-03    -0.12171E-02    -0.30014E-03
     0.95027E+01     0.33534E-03    -0.13513E-02    -0.33345E-03
     0.95554E+01     0.37271E-03    -0.15000E-02    -0.37043E-03
     0.96081E+01     0.41423E-03    -0.16648E-02    -0.41147E-03
     0.96609E+01     0.46034E-03    -0.18474E-02    -0.45699E-03
     0.97005E+01     0.49825E-03    -0.19970E-02    -0.49436E-03
     0.97533E+01     0.55366E-03    -0.22151E-02    -0.54893E-03
     0.98061E+01     0.61518E-03    -0.24564E-02    -0.60943E-03
     0.98590E+01     0.68349E-03    -0.27232E-02    -0.67648E-03
     0.99119E+01     0.75931E-03    -0.30179E-02    -0.75073E-03
     0.99515E+01     0.82158E-03    -0.32589E-02    -0.81161E-03
     0.10004E+02     0.91254E-03    -0.36091E-02    -0.90036E-03
     0.10057E+02     0.10134E-02    -0.39951E-02    -0.99858E-03
     0.10110E+02     0.11253E-02    -0.44201E-02    -0.11072E-02
     0.10150E+02     0.12170E-02    -0.47663E-02    -0.11960E-02
     0.10203E+02     0.13507E-02    -0.52673E-02    -0.13251E-02
     0.10256E+02     0.14987E-02    -0.58163E-02    -0.14674E-02
     0.10309E+02     0.16623E-02    -0.64170E-02    -0.16241E-02
     0.10362E+02     0.18432E-02    -0.70730E-02    -0.17965E-02
     0.10402E+02     0.19910E-02    -0.76035E-02    -0.19370E-02
     0.10455E+02     0.22059E-02    -0.83648E-02    -0.21403E-02
     0.10508E+02     0.24429E-02    -0.91910E-02    -0.23627E-02
     0.10561E+02     0.27038E-02    -0.10085E-01    -0.26052E-02
     0.10601E+02     0.29165E-02    -0.10801E-01    -0.28006E-02
     0.10654E+02     0.32241E-02    -0.11818E-01    -0.30795E-02
     0.10707E+02     0.35612E-02    -0.12910E-01    -0.33795E-02
     0.10760E+02     0.39298E-02    -0.14081E-01    -0.37002E-02
     0.10813E+02     0.43317E-02    -0.15330E-01    -0.40420E-02
     0.10852E+02     0.46562E-02    -0.16314E-01    -0.43136E-02
     0.10905E+02     0.51214E-02    -0.17680E-01    -0.46993E-02
     0.10958E+02     0.56260E-02    -0.19090E-01    -0.51146E-02
     0.11011E+02     0.61727E-02    -0.20526E-01    -0.55590E-02
     0.11051E+02     0.66117E-02    -0.21611E-01    -0.59066E-02
     0.11104E+02     0.72363E-02    -0.23055E-01    -0.63770E-02
     0.11157E+02     0.79065E-02    -0.24484E-01    -0.68418E-02
     0.11210E+02     0.86187E-02    -0.25868E-01    -0.72842E-02
     0.11263E+02     0.93647E-02    -0.27155E-01    -0.76990E-02
     0.11303E+02     0.99438E-02    -0.28049E-01    -0.79958E-02
     0.11356E+02     0.10741E-01    -0.29173E-01    -0.83737E-02
     0.11409E+02     0.11549E-01    -0.30268E-01    -0.87241E-02
     0.11462E+02     0.12360E-01    -0.31401E-01    -0.91051E-02
     0.11502E+02     0.12968E-01    -0.32224E-01    -0.94142E-02
     0.11555E+02     0.13737E-01    -0.33268E-01    -0.98498E-02
     0.11608E+02     0.14486E-01    -0.33997E-01    -0.10256E-01
     0.11661E+02     0.15230E-01    -0.34145E-01    -0.10550E-01
     0.11701E+02     0.15801E-01    -0.33737E-01    -0.10648E-01
     0.11754E+02     0.16569E-01    -0.32311E-01    -0.10626E-01
     0.11807E+02     0.17325E-01    -0.29863E-01    -0.10386E-01
     0.11860E+02     0.18051E-01    -0.26411E-01    -0.99097E-02
     0.11913E+02     0.18724E-01    -0.21938E-01    -0.91889E-02
     0.11952E+02     0.19193E-01    -0.17905E-01    -0.85004E-02
     0.12005E+02     0.19764E-01    -0.11700E-01    -0.74008E-02
     0.12058E+02     0.20252E-01    -0.48103E-02    -0.60683E-02
     0.12111E+02     0.20589E-01     0.22019E-02    -0.46095E-02
     0.12151E+02     0.20695E-01     0.71841E-02    -0.35566E-02
     0.12204E+02     0.20594E-01     0.13036E-01    -0.23505E-02
     0.12257E+02     0.20215E-01     0.17852E-01    -0.14252E-02
     0.12310E+02     0.19618E-01     0.21939E-01    -0.58088E-03
     0.12363E+02     0.18905E-01     0.25996E-01     0.32849E-03
     0.12403E+02     0.18356E-01     0.29499E-01     0.11013E-02
     0.12456E+02     0.17653E-01     0.35206E-01     0.23310E-02
     0.12509E+02     0.16974E-01     0.42149E-01     0.37151E-02
     0.12562E+02     0.16296E-01     0.50179E-01     0.52514E-02
     0.12602E+02     0.15770E-01     0.56667E-01     0.64208E-02
     0.12655E+02     0.15002E-01     0.65321E-01     0.78925E-02
     0.12708E+02     0.14074E-01     0.73029E-01     0.91387E-02
     0.12761E+02     0.12933E-01     0.78950E-01     0.99817E-02
     0.12800E+02     0.11946E-01     0.82038E-01     0.10344E-01
     0.12853E+02     0.10515E-01     0.84501E-01     0.10519E-01
     0.12906E+02     0.90635E-02     0.85701E-01     0.10472E-01
     0.12959E+02     0.76655E-02     0.86365E-01     0.10325E-01
     0.13012E+02     0.63709E-02     0.86983E-01     0.10173E-01
     0.13052E+02     0.55035E-02     0.87598E-01     0.10078E-01
     0.13105E+02     0.44716E-02     0.88454E-01     0.10006E-01
     0.13158E+02     0.34575E-02     0.88676E-01     0.99780E-02
     0.13211E+02     0.23557E-02     0.87044E-01     0.99088E-02
     0.13251E+02     0.14306E-02     0.84169E-01     0.97786E-02
     0.13304E+02     0.99964E-04     0.78270E-01     0.93917E-02
     0.13357E+02    -0.12365E-02     0.70621E-01     0.86750E-02
     0.13410E+02    -0.24911E-02     0.61886E-01     0.76667E-02
     0.13463E+02    -0.36077E-02     0.52638E-01     0.64675E-02
     0.13503E+02    -0.43414E-02     0.45605E-01     0.55168E-02
     0.13556E+02    -0.51826E-02     0.36303E-01     0.42708E-02
     0.13609E+02    -0.58681E-02     0.27267E-01     0.31260E-02
     0.13662E+02    -0.64074E-02     0.18639E-01     0.21192E-02
     0.13702E+02    -0.67238E-02     0.12529E-01     0.14430E-02
     0.13755E+02    -0.70358E-02     0.49573E-02     0.61183E-03
     0.13808E+02    -0.72136E-02    -0.17859E-02    -0.17754E-03
     0.13861E+02    -0.72465E-02    -0.75654E-02    -0.91048E-03
     0.13901E+02    -0.71960E-02    -0.11365E-01    -0.14087E-02
     0.13954E+02    -0.70623E-02    -0.15969E-01    -0.19803E-02
     0.14007E+02    -0.68604E-02    -0.20122E-01    -0.24103E-02
     0.14060E+02    -0.66208E-02    -0.23765E-01    -0.27660E-02
     0.14113E+02    -0.63325E-02    -0.26962E-01    -0.30724E-02
     0.14153E+02    -0.60735E-02    -0.28959E-01    -0.32660E-02
     0.14206E+02    -0.56532E-02    -0.30907E-01    -0.34751E-02
     0.14259E+02    -0.51462E-02    -0.31938E-01    -0.35966E-02
     0.14312E+02    -0.45826E-02    -0.32282E-01    -0.36004E-02
     0.14352E+02    -0.41510E-02    -0.32286E-01    -0.35240E-02
     0.14405E+02    -0.35929E-02    -0.32202E-01    -0.33152E-02
     0.14459E+02    -0.30833E-02    -0.32223E-01    -0.30549E-02
     0.14512E+02    -0.26509E-02    -0.32412E-01    -0.28302E-02
     0.14552E+02    -0.23662E-02    -0.32764E-01    -0.27319E-02
     0.14605E+02    -0.20247E-02    -0.33319E-01    -0.27416E-02
     0.14659E+02    -0.16949E-02    -0.33535E-01    -0.28837E-02
     0.14712E+02    -0.13210E-02    -0.33204E-01    -0.30550E-02
     0.14752E+02    -0.10199E-02    -0.32486E-01    -0.31188E-02
     0.14806E+02    -0.57971E-03    -0.30821E-01    -0.30993E-02
     0.14859E+02    -0.10505E-03    -0.28399E-01    -0.29687E-02
     0.14912E+02     0.38829E-03    -0.25307E-01    -0.27626E-02
     0.14952E+02     0.76619E-03    -0.22607E-01    -0.25856E-02
     0.15006E+02     0.12661E-02    -0.18654E-01    -0.23252E-02
     0.15059E+02     0.17293E-02    -0.14605E-01    -0.19563E-02
     0.15113E+02     0.21076E-02    -0.10867E-01    -0.13802E-02
     0.15153E+02     0.23094E-02    -0.84650E-02    -0.81032E-03
     0.15207E+02     0.24581E-02    -0.59118E-02     0.49488E-04
     0.15261E+02     0.24844E-02    -0.40051E-02     0.88243E-03
     0.15301E+02     0.24570E-02    -0.28204E-02     0.13839E-02
     0.15355E+02     0.23999E-02    -0.13174E-02     0.18171E-02
     0.15408E+02     0.23387E-02     0.17137E-03     0.20709E-02
     0.15462E+02     0.22685E-02     0.15493E-02     0.21715E-02
     0.15502E+02     0.21990E-02     0.24535E-02     0.21712E-02
     0.15555E+02     0.20784E-02     0.33735E-02     0.20804E-02
     0.15609E+02     0.19350E-02     0.39705E-02     0.18525E-02
     0.15662E+02     0.17953E-02     0.44316E-02     0.15109E-02
     0.15702E+02     0.17102E-02     0.47534E-02     0.12066E-02
     0.15755E+02     0.16302E-02     0.52641E-02     0.78899E-03
     0.15809E+02     0.15810E-02     0.58561E-02     0.41910E-03
     0.15862E+02     0.15555E-02     0.64612E-02     0.16163E-03
     0.15902E+02     0.15349E-02     0.68757E-02     0.72776E-04
     0.15955E+02     0.14869E-02     0.72861E-02     0.97935E-04
     0.16008E+02     0.14030E-02     0.75016E-02     0.26633E-03
     0.16061E+02     0.12902E-02     0.76112E-02     0.53887E-03
     0.16101E+02     0.11918E-02     0.76595E-02     0.74315E-03
     0.16154E+02     0.10502E-02     0.77190E-02     0.93514E-03
     0.16207E+02     0.91263E-03     0.78158E-02     0.98198E-03
     0.16260E+02     0.78638E-03     0.79893E-02     0.89057E-03
     0.16313E+02     0.67930E-03     0.81736E-02     0.71855E-03
     0.16353E+02     0.60956E-03     0.82749E-02     0.60085E-03
     0.16406E+02     0.51917E-03     0.83075E-02     0.52200E-03
     0.16459E+02     0.42484E-03     0.82054E-02     0.56547E-03
     0.16512E+02     0.31858E-03     0.79356E-02     0.74383E-03
     0.16552E+02     0.22751E-03     0.76402E-02     0.93174E-03
     0.16605E+02     0.94745E-04     0.71700E-02     0.11650E-02
     0.16658E+02    -0.44529E-04     0.66632E-02     0.13247E-02
     0.16711E+02    -0.18316E-03     0.61501E-02     0.13821E-02
     0.16751E+02    -0.28215E-03     0.57680E-02     0.13588E-02
     0.16804E+02    -0.40438E-03     0.52536E-02     0.12700E-02
     0.16857E+02    -0.51246E-03     0.47152E-02     0.11448E-02
     0.16910E+02    -0.60452E-03     0.41363E-02     0.10116E-02
     0.16963E+02    -0.67954E-03     0.35073E-02     0.88991E-03
     0.17003E+02    -0.72336E-03     0.30070E-02     0.80706E-03
     0.17056E+02    -0.76691E-03     0.23000E-02     0.70108E-03
     0.17109E+02    -0.79273E-03     0.15658E-02     0.60399E-03
     0.17162E+02    -0.80555E-03     0.80552E-03     0.53764E-03
     0.17202E+02    -0.81021E-03     0.22194E-03     0.52069E-03
     0.17255E+02    -0.81529E-03    -0.56684E-03     0.55394E-03
     0.17308E+02    -0.82268E-03    -0.13676E-02     0.63282E-03
     0.17361E+02    -0.83354E-03    -0.21756E-02     0.69475E-03
     0.17401E+02    -0.83943E-03    -0.27751E-02     0.68486E-03
     0.17454E+02    -0.84159E-03    -0.35478E-02     0.58004E-03
     0.17508E+02    -0.82668E-03    -0.42682E-02     0.34130E-03
     0.17561E+02    -0.78868E-03    -0.49110E-02     0.27978E-05
     0.17601E+02    -0.74408E-03    -0.53331E-02    -0.26690E-03
     0.17654E+02    -0.65907E-03    -0.58186E-02    -0.61777E-03
     0.17707E+02    -0.54901E-03    -0.62212E-02    -0.90368E-03
     0.17760E+02    -0.42284E-03    -0.65414E-02    -0.10801E-02
     0.17813E+02    -0.29124E-03    -0.67717E-02    -0.11243E-02
     0.17853E+02    -0.19462E-03    -0.68766E-02    -0.10718E-02
     0.17906E+02    -0.73205E-04    -0.69121E-02    -0.91565E-03
     0.17959E+02     0.37807E-04    -0.68151E-02    -0.70699E-03
     0.18013E+02     0.13977E-03    -0.65953E-02    -0.49648E-03
     0.18053E+02     0.21164E-03    -0.63649E-02    -0.36428E-03
     0.18106E+02     0.30433E-03    -0.60075E-02    -0.24350E-03
     0.18159E+02     0.39453E-03    -0.56374E-02    -0.16547E-03
     0.18212E+02     0.48229E-03    -0.53004E-02    -0.78211E-04
     0.18252E+02     0.54518E-03    -0.50867E-02     0.16318E-04
     0.18305E+02     0.62401E-03    -0.48530E-02     0.18226E-03
     0.18358E+02     0.69943E-03    -0.46607E-02     0.38934E-03
     0.18411E+02     0.77393E-03    -0.45013E-02     0.62388E-03
     0.18451E+02     0.82782E-03    -0.43978E-02     0.79822E-03
     0.18504E+02     0.89637E-03    -0.43151E-02     0.10052E-02
     0.18558E+02     0.95764E-03    -0.43724E-02     0.11584E-02
     0.18611E+02     0.10109E-02    -0.46305E-02     0.12279E-02
     0.18651E+02     0.10493E-02    -0.49780E-02     0.12070E-02
     0.18704E+02     0.11057E-02    -0.56455E-02     0.10932E-02
     0.18757E+02     0.11772E-02    -0.65127E-02     0.91678E-03
     0.18810E+02     0.12719E-02    -0.75268E-02     0.72252E-03
     0.18863E+02     0.13938E-02    -0.86457E-02     0.53547E-03
     0.18903E+02     0.15035E-02    -0.95432E-02     0.41212E-03
     0.18956E+02     0.16726E-02    -0.10823E-01     0.27775E-03
     0.19009E+02     0.18652E-02    -0.12214E-01     0.17637E-03
     0.19062E+02     0.20785E-02    -0.13733E-01     0.95050E-04
     0.19102E+02     0.22509E-02    -0.14960E-01     0.42373E-04
     0.19155E+02     0.24980E-02    -0.16707E-01    -0.25868E-04
     0.19208E+02     0.27675E-02    -0.18561E-01    -0.86195E-04
     0.19261E+02     0.30636E-02    -0.20488E-01    -0.13620E-03
     0.19301E+02     0.33058E-02    -0.21963E-01    -0.16848E-03
     0.19354E+02     0.36590E-02    -0.23959E-01    -0.20945E-03
     0.19407E+02     0.40494E-02    -0.25991E-01    -0.24657E-03
     0.19460E+02     0.44780E-02    -0.28076E-01    -0.26968E-03
     0.19500E+02     0.48240E-02    -0.29691E-01    -0.27159E-03
     0.19553E+02     0.53171E-02    -0.31931E-01    -0.24833E-03
     0.19606E+02     0.58462E-02    -0.34280E-01    -0.19486E-03
     0.19659E+02     0.64107E-02    -0.36748E-01    -0.10216E-03
     0.19712E+02     0.70087E-02    -0.39333E-01     0.41227E-04
     0.19752E+02     0.74781E-02    -0.41349E-01     0.18427E-03
     0.19805E+02     0.81301E-02    -0.44139E-01     0.41552E-03
     0.19858E+02     0.88095E-02    -0.47064E-01     0.68076E-03
     0.19911E+02     0.95098E-02    -0.50169E-01     0.95893E-03
     0.19951E+02     0.10042E-01    -0.52663E-01     0.11569E-02
     0.20004E+02     0.10755E-01    -0.56259E-01     0.13624E-02
     0.20057E+02     0.11468E-01    -0.60174E-01     0.14470E-02
     0.20110E+02     0.12191E-01    -0.64338E-01     0.13569E-02
     0.20163E+02     0.12939E-01    -0.68592E-01     0.11335E-02
     0.20202E+02     0.13527E-01    -0.71707E-01     0.91605E-03
     0.20255E+02     0.14357E-01    -0.75562E-01     0.60641E-03
     0.20308E+02     0.15242E-01    -0.78883E-01     0.34100E-03
     0.20361E+02     0.16173E-01    -0.81519E-01     0.15903E-03
     0.20401E+02     0.16891E-01    -0.82987E-01     0.84506E-04
     0.20454E+02     0.17859E-01    -0.84201E-01     0.33172E-04
     0.20507E+02     0.18816E-01    -0.84500E-01     0.44605E-04
     0.20560E+02     0.19752E-01    -0.83791E-01     0.13218E-03
     0.20613E+02     0.20658E-01    -0.81999E-01     0.31191E-03
     0.20652E+02     0.21305E-01    -0.79910E-01     0.51903E-03
     0.20705E+02     0.22114E-01    -0.76124E-01     0.92099E-03
     0.20758E+02     0.22841E-01    -0.71302E-01     0.14873E-02
     0.20811E+02     0.23442E-01    -0.65742E-01     0.21716E-02
     0.20851E+02     0.23776E-01    -0.61360E-01     0.27441E-02
     0.20904E+02     0.24015E-01    -0.55589E-01     0.34764E-02
     0.20957E+02     0.24014E-01    -0.50122E-01     0.39903E-02
     0.21010E+02     0.23807E-01    -0.44903E-01     0.40863E-02
     0.21063E+02     0.23488E-01    -0.39427E-01     0.37807E-02
     0.21102E+02     0.23254E-01    -0.34743E-01     0.33158E-02
     0.21155E+02     0.22994E-01    -0.27335E-01     0.25718E-02
     0.21208E+02     0.22808E-01    -0.18174E-01     0.19251E-02
     0.21261E+02     0.22702E-01    -0.69487E-02     0.16111E-02
     0.21301E+02     0.22680E-01     0.28953E-02     0.16858E-02
     0.21354E+02     0.22775E-01     0.17383E-01     0.23320E-02
     0.21407E+02     0.22774E-01     0.32383E-01     0.36845E-02
     0.21459E+02     0.22469E-01     0.46132E-01     0.53627E-02
     0.21512E+02     0.21686E-01     0.57476E-01     0.70016E-02
     0.21552E+02     0.20813E-01     0.64060E-01     0.77380E-02
     0.21605E+02     0.19425E-01     0.70995E-01     0.78976E-02
     0.21658E+02     0.18041E-01     0.77160E-01     0.73226E-02
     0.21710E+02     0.16857E-01     0.83798E-01     0.62879E-02
     0.21763E+02     0.15906E-01     0.91332E-01     0.52967E-02
     0.21803E+02     0.15302E-01     0.97427E-01     0.48090E-02
     0.21856E+02     0.14556E-01     0.10566E+00     0.46140E-02
     0.21908E+02     0.13793E-01     0.11336E+00     0.49441E-02
     0.21961E+02     0.12933E-01     0.11976E+00     0.56956E-02
     0.22001E+02     0.12176E-01     0.12325E+00     0.64189E-02
     0.22054E+02     0.10965E-01     0.12564E+00     0.73952E-02
     0.22106E+02     0.95340E-02     0.12539E+00     0.81187E-02
     0.22159E+02     0.79750E-02     0.12295E+00     0.83975E-02
     0.22212E+02     0.64517E-02     0.11913E+00     0.82780E-02
     0.22252E+02     0.53844E-02     0.11576E+00     0.79845E-02
     0.22304E+02     0.40771E-02     0.11077E+00     0.74386E-02
     0.22357E+02     0.28733E-02     0.10510E+00     0.69765E-02
     0.22410E+02     0.17092E-02     0.98452E-01     0.67971E-02
     0.22463E+02     0.55901E-03     0.90686E-01     0.68536E-02
     0.22503E+02    -0.29250E-03     0.84173E-01     0.70359E-02
     0.22555E+02    -0.14086E-02     0.74737E-01     0.73264E-02
     0.22608E+02    -0.24882E-02     0.64744E-01     0.75231E-02
     0.22661E+02    -0.35082E-02     0.54572E-01     0.75486E-02
     0.22701E+02    -0.42164E-02     0.47080E-01     0.74973E-02
     0.22754E+02    -0.50588E-02     0.37599E-01     0.73766E-02
     0.22806E+02    -0.57570E-02     0.28965E-01     0.72508E-02
     0.22859E+02    -0.63125E-02     0.21328E-01     0.71807E-02
     0.22912E+02    -0.67420E-02     0.14678E-01     0.72303E-02
     0.22952E+02    -0.69974E-02     0.10288E-01     0.73230E-02
     0.23005E+02    -0.72654E-02     0.51592E-02     0.75279E-02
     0.23058E+02    -0.74658E-02     0.77730E-03     0.78110E-02
     0.23111E+02    -0.76171E-02    -0.29109E-02     0.81424E-02
     0.23150E+02    -0.76960E-02    -0.52045E-02     0.83836E-02
     0.23203E+02    -0.77578E-02    -0.76274E-02     0.86836E-02
     0.23256E+02    -0.77860E-02    -0.94376E-02     0.89434E-02
     0.23309E+02    -0.78007E-02    -0.10685E-01     0.91344E-02
     0.23362E+02    -0.78054E-02    -0.11339E-01     0.92626E-02
     0.23402E+02    -0.77768E-02    -0.11443E-01     0.93288E-02
     0.23455E+02    -0.77131E-02    -0.11103E-01     0.93852E-02
     0.23508E+02    -0.76132E-02    -0.10175E-01     0.94158E-02
     0.23561E+02    -0.74759E-02    -0.89279E-02     0.94539E-02
     0.23601E+02    -0.73673E-02    -0.79403E-02     0.94876E-02
     0.23654E+02    -0.72378E-02    -0.67660E-02     0.95151E-02
     0.23707E+02    -0.71393E-02    -0.59369E-02     0.94809E-02
     0.23760E+02    -0.70716E-02    -0.55401E-02     0.93134E-02
     0.23813E+02    -0.70167E-02    -0.54375E-02     0.89388E-02
     0.23853E+02    -0.69648E-02    -0.54641E-02     0.85178E-02
     0.23906E+02    -0.68617E-02    -0.55080E-02     0.78599E-02
     0.23959E+02    -0.67124E-02    -0.55319E-02     0.71673E-02
     0.24013E+02    -0.65102E-02    -0.54887E-02     0.64622E-02
     0.24052E+02    -0.63282E-02    -0.53698E-02     0.59303E-02
     0.24106E+02    -0.60528E-02    -0.51580E-02     0.51809E-02
     0.24159E+02    -0.57696E-02    -0.49990E-02     0.43789E-02
     0.24212E+02    -0.55130E-02    -0.50467E-02     0.35705E-02
     0.24252E+02    -0.53517E-02    -0.52633E-02     0.29728E-02
     0.24305E+02    -0.51877E-02    -0.58774E-02     0.21958E-02
     0.24358E+02    -0.50830E-02    -0.67717E-02     0.14113E-02
     0.24411E+02    -0.50129E-02    -0.78027E-02     0.57290E-03
     0.24451E+02    -0.49685E-02    -0.85986E-02    -0.14198E-03
     0.24504E+02    -0.49052E-02    -0.95982E-02    -0.12337E-02
     0.24557E+02    -0.48288E-02    -0.10455E-01    -0.24895E-02
     0.24610E+02    -0.47356E-02    -0.11155E-01    -0.39238E-02
     0.24650E+02    -0.46548E-02    -0.11591E-01    -0.50709E-02
     0.24703E+02    -0.45347E-02    -0.12051E-01    -0.66441E-02
     0.24757E+02    -0.44110E-02    -0.12382E-01    -0.82188E-02
     0.24810E+02    -0.42915E-02    -0.12585E-01    -0.97638E-02
     0.24863E+02    -0.41788E-02    -0.12627E-01    -0.11276E-01
     0.24903E+02    -0.41003E-02    -0.12530E-01    -0.12394E-01
     0.24956E+02    -0.40003E-02    -0.12211E-01    -0.13882E-01
     0.25009E+02    -0.39050E-02    -0.11671E-01    -0.15386E-01
