     0.13235E-01     0.14654E-09     0.85794E-09    -0.17177E-12
     0.52978E-01     0.13960E-09     0.91565E-09    -0.28009E-12
     0.10597E+00     0.12957E-09     0.97962E-09    -0.63122E-12
     0.15896E+00     0.11880E-09     0.10284E-08    -0.13884E-11
     0.21194E+00     0.10771E-09     0.10649E-08    -0.25046E-11
     0.25168E+00     0.99231E-10     0.10831E-08    -0.32036E-11
     0.30466E+00     0.87408E-10     0.10917E-08    -0.30969E-11
     0.35764E+00     0.75134E-10     0.10841E-08    -0.15964E-11
     0.41062E+00     0.62623E-10     0.10578E-08     0.11898E-11
     0.45035E+00     0.53109E-10     0.10267E-08     0.38004E-11
     0.50333E+00     0.40424E-10     0.97209E-09     0.68560E-11
     0.55631E+00     0.28135E-10     0.90566E-09     0.73219E-11
     0.60928E+00     0.16601E-10     0.83128E-09     0.44888E-11
     0.66226E+00     0.60765E-11     0.75192E-09    -0.15511E-11
     0.70199E+00    -0.76612E-12     0.68965E-09    -0.86775E-11
     0.75497E+00    -0.84256E-11     0.60459E-09    -0.22213E-10
     0.80795E+00    -0.14397E-10     0.51774E-09    -0.38281E-10
     0.86092E+00    -0.18760E-10     0.42863E-09    -0.53671E-10
     0.90066E+00    -0.21110E-10     0.36016E-09    -0.62775E-10
     0.95364E+00    -0.23237E-10     0.26612E-09    -0.70011E-10
     0.10066E+01    -0.24435E-10     0.16953E-09    -0.71648E-10
     0.10596E+01    -0.24569E-10     0.75006E-10    -0.68169E-10
     0.11126E+01    -0.23532E-10    -0.13502E-10    -0.61219E-10
     0.11523E+01    -0.21904E-10    -0.74522E-10    -0.55339E-10
     0.12053E+01    -0.19436E-10    -0.15263E-09    -0.48158E-10
     0.12583E+01    -0.16205E-10    -0.23032E-09    -0.44174E-10
     0.13113E+01    -0.12223E-10    -0.30563E-09    -0.44532E-10
     0.13510E+01    -0.86724E-11    -0.36061E-09    -0.47139E-10
     0.14040E+01    -0.31419E-11    -0.43065E-09    -0.52369E-10
     0.14570E+01     0.32165E-11    -0.49473E-09    -0.58188E-10
     0.15099E+01     0.10436E-10    -0.55162E-09    -0.63493E-10
     0.15629E+01     0.18534E-10    -0.60079E-09    -0.68280E-10
     0.16027E+01     0.25178E-10    -0.63266E-09    -0.72024E-10
     0.16556E+01     0.34816E-10    -0.66878E-09    -0.77796E-10
     0.17086E+01     0.45351E-10    -0.69854E-09    -0.84787E-10
     0.17616E+01     0.56765E-10    -0.72312E-09    -0.92796E-10
     0.18013E+01     0.65862E-10    -0.73887E-09    -0.99090E-10
     0.18543E+01     0.78603E-10    -0.75732E-09    -0.10723E-09
     0.19073E+01     0.91905E-10    -0.77381E-09    -0.11451E-09
     0.19603E+01     0.10568E-09    -0.78926E-09    -0.12073E-09
     0.20000E+01     0.11634E-09    -0.80078E-09    -0.12505E-09
     0.20530E+01     0.13106E-09    -0.81705E-09    -0.13148E-09
     0.21060E+01     0.14650E-09    -0.83617E-09    -0.13994E-09
     0.21590E+01     0.16285E-09    -0.86024E-09    -0.15107E-09
     0.22120E+01     0.18028E-09    -0.89133E-09    -0.16481E-09
     0.22517E+01     0.19414E-09    -0.92040E-09    -0.17648E-09
     0.23047E+01     0.21375E-09    -0.96802E-09    -0.19339E-09
     0.23577E+01     0.23474E-09    -0.10265E-08    -0.21158E-09
     0.24107E+01     0.25721E-09    -0.10962E-08    -0.23137E-09
     0.24504E+01     0.27514E-09    -0.11558E-08    -0.24765E-09
     0.25034E+01     0.30063E-09    -0.12453E-08    -0.27190E-09
     0.25564E+01     0.32817E-09    -0.13470E-08    -0.29957E-09
     0.26093E+01     0.35809E-09    -0.14626E-08    -0.33098E-09
     0.26623E+01     0.39077E-09    -0.15943E-08    -0.36622E-09
     0.27021E+01     0.41735E-09    -0.17050E-08    -0.39516E-09
     0.27551E+01     0.45588E-09    -0.18704E-08    -0.43707E-09
     0.28080E+01     0.49837E-09    -0.20578E-08    -0.48282E-09
     0.28610E+01     0.54523E-09    -0.22689E-08    -0.53259E-09
     0.29008E+01     0.58351E-09    -0.24434E-08    -0.57280E-09
     0.29538E+01     0.63909E-09    -0.26994E-08    -0.63084E-09
     0.30067E+01     0.70038E-09    -0.29841E-08    -0.69484E-09
     0.30597E+01     0.76804E-09    -0.33013E-08    -0.76587E-09
     0.31127E+01     0.84285E-09    -0.36553E-08    -0.84500E-09
     0.31524E+01     0.90419E-09    -0.39481E-08    -0.91022E-09
     0.32054E+01     0.99371E-09    -0.43792E-08    -0.10057E-08
     0.32584E+01     0.10930E-08    -0.48620E-08    -0.11120E-08
     0.33114E+01     0.12033E-08    -0.54023E-08    -0.12302E-08
     0.33511E+01     0.12940E-08    -0.58492E-08    -0.13277E-08
     0.34041E+01     0.14266E-08    -0.65061E-08    -0.14708E-08
     0.34571E+01     0.15740E-08    -0.72403E-08    -0.16307E-08
     0.35101E+01     0.17379E-08    -0.80607E-08    -0.18095E-08
     0.35631E+01     0.19202E-08    -0.89772E-08    -0.20092E-08
     0.36028E+01     0.20704E-08    -0.97342E-08    -0.21740E-08
     0.36558E+01     0.22903E-08    -0.10846E-07    -0.24156E-08
     0.37088E+01     0.25351E-08    -0.12087E-07    -0.26845E-08
     0.37618E+01     0.28076E-08    -0.13471E-07    -0.29837E-08
     0.38015E+01     0.30320E-08    -0.14613E-07    -0.32302E-08
     0.38545E+01     0.33609E-08    -0.16287E-07    -0.35914E-08
     0.39075E+01     0.37272E-08    -0.18154E-07    -0.39942E-08
     0.39605E+01     0.41352E-08    -0.20235E-07    -0.44436E-08
     0.40002E+01     0.44715E-08    -0.21951E-07    -0.48147E-08
     0.40532E+01     0.49645E-08    -0.24469E-07    -0.53598E-08
     0.41062E+01     0.55140E-08    -0.27277E-07    -0.59682E-08
     0.41592E+01     0.61265E-08    -0.30409E-07    -0.66472E-08
     0.42122E+01     0.68093E-08    -0.33904E-07    -0.74045E-08
     0.42519E+01     0.73724E-08    -0.36787E-07    -0.80288E-08
     0.43049E+01     0.81982E-08    -0.41018E-07    -0.89439E-08
     0.43579E+01     0.91187E-08    -0.45737E-07    -0.99632E-08
     0.44109E+01     0.10145E-07    -0.50998E-07    -0.11099E-07
     0.44506E+01     0.10990E-07    -0.55336E-07    -0.12035E-07
     0.45036E+01     0.12231E-07    -0.61699E-07    -0.13409E-07
     0.45566E+01     0.13613E-07    -0.68791E-07    -0.14940E-07
     0.46096E+01     0.15154E-07    -0.76696E-07    -0.16649E-07
     0.46626E+01     0.16872E-07    -0.85507E-07    -0.18555E-07
     0.47023E+01     0.18288E-07    -0.92771E-07    -0.20126E-07
     0.47553E+01     0.20365E-07    -0.10342E-06    -0.22430E-07
     0.48083E+01     0.22681E-07    -0.11529E-06    -0.24998E-07
     0.48613E+01     0.25261E-07    -0.12851E-06    -0.27859E-07
     0.49010E+01     0.27388E-07    -0.13941E-06    -0.30216E-07
     0.49540E+01     0.30508E-07    -0.15539E-06    -0.33671E-07
     0.50070E+01     0.33984E-07    -0.17318E-06    -0.37520E-07
     0.50600E+01     0.37857E-07    -0.19301E-06    -0.41806E-07
     0.51130E+01     0.42173E-07    -0.21509E-06    -0.46581E-07
     0.51527E+01     0.45731E-07    -0.23328E-06    -0.50517E-07
     0.52057E+01     0.50946E-07    -0.25994E-06    -0.56285E-07
     0.52587E+01     0.56756E-07    -0.28962E-06    -0.62710E-07
     0.53117E+01     0.63229E-07    -0.32268E-06    -0.69867E-07
     0.53515E+01     0.68564E-07    -0.34991E-06    -0.75764E-07
     0.54044E+01     0.76384E-07    -0.38981E-06    -0.84406E-07
     0.54574E+01     0.85094E-07    -0.43424E-06    -0.94029E-07
     0.55104E+01     0.94796E-07    -0.48370E-06    -0.10474E-06
     0.55502E+01     0.10279E-06    -0.52444E-06    -0.11357E-06
     0.56032E+01     0.11451E-06    -0.58413E-06    -0.12650E-06
     0.56561E+01     0.12756E-06    -0.65057E-06    -0.14089E-06
     0.57091E+01     0.14209E-06    -0.72454E-06    -0.15692E-06
     0.57621E+01     0.15827E-06    -0.80687E-06    -0.17476E-06
     0.58019E+01     0.17160E-06    -0.87468E-06    -0.18945E-06
     0.58549E+01     0.19113E-06    -0.97400E-06    -0.21098E-06
     0.59078E+01     0.21288E-06    -0.10845E-05    -0.23494E-06
     0.59608E+01     0.23710E-06    -0.12076E-05    -0.26162E-06
     0.60006E+01     0.25705E-06    -0.13089E-05    -0.28359E-06
     0.60536E+01     0.28628E-06    -0.14574E-05    -0.31577E-06
     0.61066E+01     0.31882E-06    -0.16226E-05    -0.35159E-06
     0.61596E+01     0.35506E-06    -0.18065E-05    -0.39147E-06
     0.62125E+01     0.39539E-06    -0.20112E-05    -0.43585E-06
     0.62523E+01     0.42862E-06    -0.21797E-05    -0.47241E-06
     0.63053E+01     0.47729E-06    -0.24266E-05    -0.52595E-06
     0.63583E+01     0.53147E-06    -0.27014E-05    -0.58554E-06
     0.64113E+01     0.59178E-06    -0.30072E-05    -0.65188E-06
     0.64510E+01     0.64146E-06    -0.32591E-05    -0.70651E-06
     0.65040E+01     0.71422E-06    -0.36280E-05    -0.78652E-06
     0.65570E+01     0.79521E-06    -0.40385E-05    -0.87558E-06
     0.66099E+01     0.88536E-06    -0.44955E-05    -0.97470E-06
     0.66629E+01     0.98570E-06    -0.50040E-05    -0.10850E-05
     0.67026E+01     0.10683E-05    -0.54227E-05    -0.11759E-05
     0.67556E+01     0.11893E-05    -0.60358E-05    -0.13089E-05
     0.68085E+01     0.13239E-05    -0.67179E-05    -0.14569E-05
     0.68614E+01     0.14737E-05    -0.74768E-05    -0.16215E-05
     0.69011E+01     0.15970E-05    -0.81013E-05    -0.17570E-05
     0.69540E+01     0.17774E-05    -0.90154E-05    -0.19553E-05
     0.70068E+01     0.19781E-05    -0.10032E-04    -0.21759E-05
     0.70596E+01     0.22013E-05    -0.11163E-04    -0.24212E-05
     0.71124E+01     0.24496E-05    -0.12420E-04    -0.26941E-05
     0.71519E+01     0.26539E-05    -0.13455E-04    -0.29186E-05
     0.72047E+01     0.29528E-05    -0.14970E-04    -0.32472E-05
     0.72574E+01     0.32853E-05    -0.16654E-04    -0.36126E-05
     0.73101E+01     0.36550E-05    -0.18526E-04    -0.40190E-05
     0.73628E+01     0.40661E-05    -0.20608E-04    -0.44708E-05
     0.74023E+01     0.44044E-05    -0.22322E-04    -0.48425E-05
     0.74549E+01     0.48994E-05    -0.24828E-04    -0.53865E-05
     0.75075E+01     0.54497E-05    -0.27615E-04    -0.59913E-05
     0.75601E+01     0.60616E-05    -0.30714E-04    -0.66638E-05
     0.76127E+01     0.67419E-05    -0.34159E-04    -0.74114E-05
     0.76521E+01     0.73016E-05    -0.36993E-04    -0.80265E-05
     0.77046E+01     0.81205E-05    -0.41139E-04    -0.89264E-05
     0.77572E+01     0.90309E-05    -0.45749E-04    -0.99268E-05
     0.78097E+01     0.10043E-04    -0.50873E-04    -0.11039E-04
     0.78622E+01     0.11168E-04    -0.56569E-04    -0.12275E-04
     0.79016E+01     0.12094E-04    -0.61254E-04    -0.13293E-04
     0.79540E+01     0.13448E-04    -0.68108E-04    -0.14781E-04
     0.80065E+01     0.14954E-04    -0.75727E-04    -0.16435E-04
     0.80590E+01     0.16627E-04    -0.84196E-04    -0.18274E-04
     0.81114E+01     0.18488E-04    -0.93608E-04    -0.20317E-04
     0.81508E+01     0.20018E-04    -0.10135E-03    -0.21999E-04
     0.82032E+01     0.22257E-04    -0.11268E-03    -0.24459E-04
     0.82556E+01     0.24747E-04    -0.12526E-03    -0.27193E-04
     0.83081E+01     0.27514E-04    -0.13925E-03    -0.30232E-04
     0.83605E+01     0.30590E-04    -0.15480E-03    -0.33610E-04
     0.84129E+01     0.34009E-04    -0.17208E-03    -0.37366E-04
     0.84522E+01     0.36822E-04    -0.18629E-03    -0.40454E-04
     0.85047E+01     0.40938E-04    -0.20707E-03    -0.44973E-04
     0.85571E+01     0.45513E-04    -0.23017E-03    -0.49996E-04
     0.86095E+01     0.50599E-04    -0.25583E-03    -0.55578E-04
     0.86620E+01     0.56253E-04    -0.28435E-03    -0.61784E-04
     0.87013E+01     0.60904E-04    -0.30780E-03    -0.66888E-04
     0.87537E+01     0.67710E-04    -0.34210E-03    -0.74355E-04
     0.88062E+01     0.75276E-04    -0.38021E-03    -0.82655E-04
     0.88587E+01     0.83688E-04    -0.42255E-03    -0.91881E-04
     0.89111E+01     0.93040E-04    -0.46959E-03    -0.10214E-03
     0.89505E+01     0.10073E-03    -0.50826E-03    -0.11057E-03
     0.90030E+01     0.11199E-03    -0.56480E-03    -0.12291E-03
     0.90555E+01     0.12450E-03    -0.62760E-03    -0.13662E-03
     0.91081E+01     0.13842E-03    -0.69736E-03    -0.15187E-03
     0.91606E+01     0.15389E-03    -0.77482E-03    -0.16881E-03
     0.92000E+01     0.16661E-03    -0.83848E-03    -0.18274E-03
     0.92526E+01     0.18523E-03    -0.93152E-03    -0.20312E-03
     0.93052E+01     0.20594E-03    -0.10348E-02    -0.22577E-03
     0.93579E+01     0.22895E-03    -0.11495E-02    -0.25094E-03
     0.94105E+01     0.25453E-03    -0.12767E-02    -0.27891E-03
     0.94500E+01     0.27558E-03    -0.13812E-02    -0.30190E-03
     0.95027E+01     0.30637E-03    -0.15337E-02    -0.33553E-03
     0.95554E+01     0.34060E-03    -0.17030E-02    -0.37288E-03
     0.96081E+01     0.37865E-03    -0.18905E-02    -0.41437E-03
     0.96609E+01     0.42093E-03    -0.20985E-02    -0.46045E-03
     0.97005E+01     0.45571E-03    -0.22690E-02    -0.49832E-03
     0.97533E+01     0.50657E-03    -0.25176E-02    -0.55366E-03
     0.98061E+01     0.56309E-03    -0.27929E-02    -0.61511E-03
     0.98590E+01     0.62589E-03    -0.30974E-02    -0.68332E-03
     0.99119E+01     0.69565E-03    -0.34341E-02    -0.75903E-03
     0.99515E+01     0.75300E-03    -0.37097E-02    -0.82122E-03
     0.10004E+02     0.83684E-03    -0.41105E-02    -0.91205E-03
     0.10057E+02     0.92994E-03    -0.45528E-02    -0.10128E-02
     0.10110E+02     0.10333E-02    -0.50405E-02    -0.11245E-02
     0.10150E+02     0.11182E-02    -0.54382E-02    -0.12160E-02
     0.10203E+02     0.12421E-02    -0.60145E-02    -0.13495E-02
     0.10256E+02     0.13795E-02    -0.66473E-02    -0.14972E-02
     0.10309E+02     0.15317E-02    -0.73409E-02    -0.16605E-02
     0.10362E+02     0.17002E-02    -0.81000E-02    -0.18408E-02
     0.10402E+02     0.18384E-02    -0.87148E-02    -0.19882E-02
     0.10455E+02     0.20397E-02    -0.95985E-02    -0.22021E-02
     0.10508E+02     0.22623E-02    -0.10559E-01    -0.24368E-02
     0.10561E+02     0.25081E-02    -0.11601E-01    -0.26916E-02
     0.10601E+02     0.27088E-02    -0.12439E-01    -0.28944E-02
     0.10654E+02     0.29997E-02    -0.13636E-01    -0.31782E-02
     0.10707E+02     0.33190E-02    -0.14927E-01    -0.34773E-02
     0.10760E+02     0.36692E-02    -0.16315E-01    -0.37966E-02
     0.10813E+02     0.40529E-02    -0.17797E-01    -0.41462E-02
     0.10852E+02     0.43649E-02    -0.18967E-01    -0.44356E-02
     0.10905E+02     0.48159E-02    -0.20597E-01    -0.48632E-02
     0.10958E+02     0.53096E-02    -0.22298E-01    -0.53334E-02
     0.11011E+02     0.58479E-02    -0.24060E-01    -0.58302E-02
     0.11051E+02     0.62816E-02    -0.25412E-01    -0.62076E-02
     0.11104E+02     0.68997E-02    -0.27251E-01    -0.67032E-02
     0.11157E+02     0.75659E-02    -0.29101E-01    -0.71840E-02
     0.11210E+02     0.82832E-02    -0.30945E-01    -0.76266E-02
     0.11263E+02     0.90404E-02    -0.32886E-01    -0.79901E-02
     0.11303E+02     0.96190E-02    -0.34528E-01    -0.82233E-02
     0.11356E+02     0.10380E-01    -0.37127E-01    -0.86102E-02
     0.11409E+02     0.11127E-01    -0.40132E-01    -0.92777E-02
     0.11462E+02     0.11887E-01    -0.43367E-01    -0.10282E-01
     0.11502E+02     0.12485E-01    -0.45681E-01    -0.11179E-01
     0.11555E+02     0.13313E-01    -0.48150E-01    -0.12419E-01
     0.11608E+02     0.14188E-01    -0.49683E-01    -0.13571E-01
     0.11661E+02     0.15140E-01    -0.50040E-01    -0.14451E-01
     0.11701E+02     0.15885E-01    -0.49474E-01    -0.14815E-01
     0.11754E+02     0.16891E-01    -0.47613E-01    -0.14822E-01
     0.11807E+02     0.17890E-01    -0.44178E-01    -0.14354E-01
     0.11860E+02     0.18869E-01    -0.39001E-01    -0.13490E-01
     0.11913E+02     0.19834E-01    -0.32129E-01    -0.12175E-01
     0.11952E+02     0.20525E-01    -0.26257E-01    -0.10744E-01
     0.12005E+02     0.21287E-01    -0.18287E-01    -0.84273E-02
     0.12058E+02     0.21729E-01    -0.11250E-01    -0.61399E-02
     0.12111E+02     0.21800E-01    -0.56496E-02    -0.44915E-02
     0.12151E+02     0.21654E-01    -0.23686E-02    -0.38986E-02
     0.12204E+02     0.21301E-01     0.13926E-02    -0.35865E-02
     0.12257E+02     0.20896E-01     0.55075E-02    -0.33289E-02
     0.12310E+02     0.20510E-01     0.11027E-01    -0.28062E-02
     0.12363E+02     0.20142E-01     0.18551E-01    -0.15544E-02
     0.12403E+02     0.19868E-01     0.25604E-01    -0.64165E-04
     0.12456E+02     0.19493E-01     0.36745E-01     0.22474E-02
     0.12509E+02     0.19045E-01     0.49301E-01     0.48706E-02
     0.12562E+02     0.18421E-01     0.61998E-01     0.74784E-02
     0.12602E+02     0.17769E-01     0.70664E-01     0.92604E-02
     0.12655E+02     0.16621E-01     0.80154E-01     0.11255E-01
     0.12708E+02     0.15202E-01     0.87207E-01     0.12720E-01
     0.12761E+02     0.13627E-01     0.92517E-01     0.13705E-01
     0.12800E+02     0.12411E-01     0.95866E-01     0.14136E-01
     0.12853E+02     0.10818E-01     0.10004E+00     0.14448E-01
     0.12906E+02     0.92984E-02     0.10430E+00     0.14580E-01
     0.12959E+02     0.79323E-02     0.10914E+00     0.14593E-01
     0.13012E+02     0.67363E-02     0.11432E+00     0.14627E-01
     0.13052E+02     0.57902E-02     0.11702E+00     0.14739E-01
     0.13105E+02     0.43427E-02     0.11779E+00     0.14940E-01
     0.13158E+02     0.27209E-02     0.11418E+00     0.15044E-01
     0.13211E+02     0.10237E-02     0.10771E+00     0.14851E-01
     0.13251E+02    -0.21860E-03     0.10164E+00     0.14390E-01
     0.13304E+02    -0.17961E-02     0.92384E-01     0.13282E-01
     0.13357E+02    -0.32584E-02     0.82084E-01     0.11732E-01
     0.13410E+02    -0.45895E-02     0.70794E-01     0.97974E-02
     0.13463E+02    -0.57471E-02     0.59139E-01     0.77474E-02
     0.13503E+02    -0.64599E-02     0.50717E-01     0.63008E-02
     0.13556E+02    -0.72008E-02     0.39869E-01     0.45160E-02
     0.13609E+02    -0.77942E-02     0.28913E-01     0.28674E-02
     0.13662E+02    -0.82047E-02     0.18563E-01     0.12868E-02
     0.13702E+02    -0.83825E-02     0.11502E-01     0.15208E-03
     0.13755E+02    -0.84872E-02     0.29516E-02    -0.11975E-02
     0.13808E+02    -0.84554E-02    -0.48359E-02    -0.22826E-02
     0.13861E+02    -0.83480E-02    -0.11922E-01    -0.30024E-02
     0.13901E+02    -0.82188E-02    -0.16754E-01    -0.33752E-02
     0.13954E+02    -0.80143E-02    -0.22483E-01    -0.37326E-02
     0.14007E+02    -0.77340E-02    -0.27166E-01    -0.40152E-02
     0.14060E+02    -0.73378E-02    -0.30459E-01    -0.42257E-02
     0.14113E+02    -0.68237E-02    -0.32159E-01    -0.42831E-02
     0.14153E+02    -0.63864E-02    -0.32825E-01    -0.42657E-02
     0.14206E+02    -0.57735E-02    -0.33412E-01    -0.41250E-02
     0.14259E+02    -0.51547E-02    -0.34085E-01    -0.37842E-02
     0.14312E+02    -0.45900E-02    -0.35083E-01    -0.32317E-02
     0.14352E+02    -0.42135E-02    -0.36262E-01    -0.27658E-02
     0.14405E+02    -0.37744E-02    -0.38395E-01    -0.22553E-02
     0.14459E+02    -0.33921E-02    -0.40574E-01    -0.20776E-02
     0.14512E+02    -0.29946E-02    -0.42381E-01    -0.23810E-02
     0.14552E+02    -0.26540E-02    -0.42995E-01    -0.28304E-02
     0.14605E+02    -0.21505E-02    -0.42931E-01    -0.34252E-02
     0.14659E+02    -0.16126E-02    -0.42009E-01    -0.37781E-02
     0.14712E+02    -0.10426E-02    -0.39996E-01    -0.37753E-02
     0.14752E+02    -0.59540E-03    -0.37784E-01    -0.36503E-02
     0.14806E+02     0.35779E-04    -0.33879E-01    -0.34893E-02
     0.14859E+02     0.68724E-03    -0.29095E-01    -0.34385E-02
     0.14912E+02     0.13065E-02    -0.24052E-01    -0.33555E-02
     0.14952E+02     0.17168E-02    -0.20407E-01    -0.31585E-02
     0.15006E+02     0.21603E-02    -0.16034E-01    -0.24657E-02
     0.15059E+02     0.24699E-02    -0.12382E-01    -0.12021E-02
     0.15113E+02     0.26630E-02    -0.92948E-02     0.39976E-03
     0.15153E+02     0.27532E-02    -0.71505E-02     0.16065E-02
     0.15207E+02     0.28307E-02    -0.42781E-02     0.28605E-02
     0.15261E+02     0.28706E-02    -0.13307E-02     0.35812E-02
     0.15301E+02     0.28650E-02     0.67147E-03     0.39373E-02
     0.15355E+02     0.27776E-02     0.26304E-02     0.43351E-02
     0.15408E+02     0.26232E-02     0.38568E-02     0.45091E-02
     0.15462E+02     0.24451E-02     0.46896E-02     0.43859E-02
     0.15502E+02     0.23076E-02     0.51520E-02     0.41315E-02
     0.15555E+02     0.21391E-02     0.57139E-02     0.36016E-02
     0.15609E+02     0.19980E-02     0.62991E-02     0.29188E-02
     0.15662E+02     0.18909E-02     0.68992E-02     0.21579E-02
     0.15702E+02     0.18288E-02     0.73265E-02     0.15800E-02
     0.15755E+02     0.17533E-02     0.77547E-02     0.83637E-03
     0.15809E+02     0.16809E-02     0.80073E-02     0.20253E-03
     0.15862E+02     0.16184E-02     0.81415E-02    -0.19683E-03
     0.15902E+02     0.15683E-02     0.81974E-02    -0.32477E-03
     0.15955E+02     0.14939E-02     0.82531E-02    -0.29597E-03
     0.16008E+02     0.14090E-02     0.83580E-02    -0.97069E-04
     0.16061E+02     0.13076E-02     0.85767E-02     0.19120E-03
     0.16101E+02     0.12245E-02     0.88095E-02     0.42025E-03
     0.16154E+02     0.11081E-02     0.91962E-02     0.66251E-03
     0.16207E+02     0.98321E-03     0.96145E-02     0.81308E-03
     0.16260E+02     0.85343E-03     0.99746E-02     0.89150E-03
     0.16313E+02     0.72151E-03     0.10225E-01     0.95266E-03
     0.16353E+02     0.62394E-03     0.10325E-01     0.10126E-02
     0.16406E+02     0.49655E-03     0.10323E-01     0.11305E-02
     0.16459E+02     0.36535E-03     0.10103E-01     0.12989E-02
     0.16512E+02     0.23311E-03     0.97135E-02     0.14569E-02
     0.16552E+02     0.13095E-03     0.93310E-02     0.15323E-02
     0.16605E+02    -0.88894E-05     0.87525E-02     0.15666E-02
     0.16658E+02    -0.14806E-03     0.81488E-02     0.15059E-02
     0.16711E+02    -0.28279E-03     0.75712E-02     0.13848E-02
     0.16751E+02    -0.37943E-03     0.71695E-02     0.12974E-02
     0.16804E+02    -0.50058E-03     0.66862E-02     0.12134E-02
     0.16857E+02    -0.61094E-03     0.62475E-02     0.11749E-02
     0.16910E+02    -0.71010E-03     0.58006E-02     0.11693E-02
     0.16963E+02    -0.79740E-03     0.53071E-02     0.11653E-02
     0.17003E+02    -0.84902E-03     0.48727E-02     0.11485E-02
     0.17056E+02    -0.90275E-03     0.42005E-02     0.10983E-02
     0.17109E+02    -0.94761E-03     0.34095E-02     0.10262E-02
     0.17162E+02    -0.97614E-03     0.25283E-02     0.99207E-03
     0.17202E+02    -0.99058E-03     0.17912E-02     0.99502E-03
     0.17255E+02    -0.10047E-02     0.69769E-03     0.10189E-02
     0.17308E+02    -0.10160E-02    -0.49058E-03     0.10262E-02
     0.17361E+02    -0.10217E-02    -0.16655E-02     0.99684E-03
     0.17401E+02    -0.10209E-02    -0.25032E-02     0.92032E-03
     0.17454E+02    -0.10076E-02    -0.35320E-02     0.69430E-03
     0.17508E+02    -0.97281E-03    -0.44457E-02     0.29389E-03
     0.17561E+02    -0.91486E-03    -0.52691E-02    -0.19008E-03
     0.17601E+02    -0.85663E-03    -0.58418E-02    -0.56019E-03
     0.17654E+02    -0.75817E-03    -0.65542E-02    -0.10486E-02
     0.17707E+02    -0.63749E-03    -0.71924E-02    -0.14834E-02
     0.17760E+02    -0.49736E-03    -0.77238E-02    -0.18313E-02
     0.17813E+02    -0.34272E-03    -0.80968E-02    -0.20431E-02
     0.17853E+02    -0.22228E-03    -0.82446E-02    -0.20830E-02
     0.17906E+02    -0.63236E-04    -0.82440E-02    -0.19734E-02
     0.17959E+02     0.87077E-04    -0.80225E-02    -0.17073E-02
     0.18013E+02     0.22188E-03    -0.76028E-02    -0.13405E-02
     0.18053E+02     0.31077E-03    -0.71849E-02    -0.10399E-02
     0.18106E+02     0.41325E-03    -0.65364E-02    -0.67150E-03
     0.18159E+02     0.50061E-03    -0.58342E-02    -0.35756E-03
     0.18212E+02     0.57873E-03    -0.50912E-02    -0.11074E-03
     0.18252E+02     0.63736E-03    -0.44986E-02     0.62470E-04
     0.18305E+02     0.71901E-03    -0.36677E-02     0.34633E-03
     0.18358E+02     0.79748E-03    -0.28579E-02     0.74201E-03
     0.18411E+02     0.86041E-03    -0.21896E-02     0.12076E-02
     0.18451E+02     0.89258E-03    -0.18658E-02     0.15379E-02
     0.18504E+02     0.91157E-03    -0.17434E-02     0.18694E-02
     0.18558E+02     0.91583E-03    -0.19178E-02     0.20125E-02
     0.18611E+02     0.91762E-03    -0.23538E-02     0.19589E-02
     0.18651E+02     0.92311E-03    -0.28083E-02     0.18263E-02
     0.18704E+02     0.94527E-03    -0.35452E-02     0.15630E-02
     0.18757E+02     0.99186E-03    -0.44104E-02     0.12499E-02
     0.18810E+02     0.10666E-02    -0.54097E-02     0.94223E-03
     0.18863E+02     0.11688E-02    -0.65723E-02     0.68789E-03
     0.18903E+02     0.12609E-02    -0.75682E-02     0.53995E-03
     0.18956E+02     0.14018E-02    -0.90690E-02     0.38021E-03
     0.19009E+02     0.15625E-02    -0.10753E-01     0.22076E-03
     0.19062E+02     0.17455E-02    -0.12577E-01     0.40184E-04
     0.19102E+02     0.19000E-02    -0.14003E-01    -0.11007E-03
     0.19155E+02     0.21319E-02    -0.15938E-01    -0.30140E-03
     0.19208E+02     0.23959E-02    -0.17879E-01    -0.47275E-03
     0.19261E+02     0.26935E-02    -0.19806E-01    -0.61602E-03
     0.19301E+02     0.29387E-02    -0.21236E-01    -0.70134E-03
     0.19354E+02     0.32939E-02    -0.23136E-01    -0.77763E-03
     0.19407E+02     0.36804E-02    -0.25034E-01    -0.80291E-03
     0.19460E+02     0.40975E-02    -0.26941E-01    -0.77702E-03
     0.19500E+02     0.44318E-02    -0.28380E-01    -0.72347E-03
     0.19553E+02     0.49070E-02    -0.30331E-01    -0.61044E-03
     0.19606E+02     0.54172E-02    -0.32343E-01    -0.45131E-03
     0.19659E+02     0.59619E-02    -0.34447E-01    -0.23536E-03
     0.19712E+02     0.65416E-02    -0.36656E-01     0.69180E-04
     0.19752E+02     0.69964E-02    -0.38424E-01     0.37388E-03
     0.19805E+02     0.76172E-02    -0.41056E-01     0.88300E-03
     0.19858E+02     0.82346E-02    -0.44188E-01     0.14796E-02
     0.19911E+02     0.88367E-02    -0.47967E-01     0.19920E-02
     0.19951E+02     0.92821E-02    -0.51225E-01     0.22226E-02
     0.20004E+02     0.98845E-02    -0.56026E-01     0.23004E-02
     0.20057E+02     0.10525E-01    -0.61089E-01     0.21150E-02
     0.20110E+02     0.11233E-01    -0.66128E-01     0.17574E-02
     0.20163E+02     0.12022E-01    -0.70898E-01     0.12952E-02
     0.20202E+02     0.12672E-01    -0.74213E-01     0.93588E-03
     0.20255E+02     0.13610E-01    -0.78228E-01     0.47389E-03
     0.20308E+02     0.14618E-01    -0.81717E-01     0.34460E-04
     0.20361E+02     0.15685E-01    -0.84549E-01    -0.36313E-03
     0.20401E+02     0.16514E-01    -0.86127E-01    -0.58595E-03
     0.20454E+02     0.17646E-01    -0.87385E-01    -0.76754E-03
     0.20507E+02     0.18814E-01    -0.87501E-01    -0.80594E-03
     0.20560E+02     0.19986E-01    -0.86375E-01    -0.64626E-03
     0.20613E+02     0.21141E-01    -0.83982E-01    -0.21406E-03
     0.20652E+02     0.21977E-01    -0.81464E-01     0.32292E-03
     0.20705E+02     0.22986E-01    -0.77553E-01     0.12916E-02
     0.20758E+02     0.23803E-01    -0.73444E-01     0.25124E-02
     0.20811E+02     0.24338E-01    -0.69759E-01     0.39147E-02
     0.20851E+02     0.24559E-01    -0.67388E-01     0.48233E-02
     0.20904E+02     0.24660E-01    -0.64510E-01     0.55112E-02
     0.20957E+02     0.24646E-01    -0.61244E-01     0.54572E-02
     0.21010E+02     0.24617E-01    -0.56784E-01     0.46816E-02
     0.21063E+02     0.24642E-01    -0.50541E-01     0.33773E-02
     0.21102E+02     0.24722E-01    -0.44343E-01     0.22626E-02
     0.21155E+02     0.24920E-01    -0.33642E-01     0.81597E-03
     0.21208E+02     0.25268E-01    -0.19633E-01    -0.10860E-03
     0.21261E+02     0.25739E-01    -0.29859E-02     0.17225E-04
     0.21301E+02     0.26050E-01     0.10048E-01     0.93997E-03
     0.21354E+02     0.26021E-01     0.25867E-01     0.32073E-02
     0.21407E+02     0.25469E-01     0.39245E-01     0.61521E-02
     0.21459E+02     0.24426E-01     0.49916E-01     0.86038E-02
     0.21512E+02     0.23133E-01     0.58793E-01     0.98619E-02
     0.21552E+02     0.22120E-01     0.65171E-01     0.99598E-02
     0.21605E+02     0.20834E-01     0.74192E-01     0.89268E-02
     0.21658E+02     0.19691E-01     0.84170E-01     0.70756E-02
     0.21710E+02     0.18686E-01     0.94958E-01     0.51790E-02
     0.21763E+02     0.17777E-01     0.10616E+00     0.39635E-02
     0.21803E+02     0.17115E-01     0.11453E+00     0.36589E-02
     0.21856E+02     0.16185E-01     0.12500E+00     0.40823E-02
     0.21908E+02     0.15081E-01     0.13361E+00     0.54146E-02
     0.21961E+02     0.13693E-01     0.13926E+00     0.71454E-02
     0.22001E+02     0.12454E-01     0.14131E+00     0.83406E-02
     0.22054E+02     0.10654E-01     0.14183E+00     0.93669E-02
     0.22106E+02     0.88564E-02     0.14088E+00     0.95382E-02
     0.22159E+02     0.71413E-02     0.13897E+00     0.90856E-02
     0.22212E+02     0.55088E-02     0.13592E+00     0.82625E-02
     0.22252E+02     0.43268E-02     0.13261E+00     0.76788E-02
     0.22304E+02     0.27931E-02     0.12665E+00     0.72285E-02
     0.22357E+02     0.13229E-02     0.11914E+00     0.71251E-02
     0.22410E+02    -0.73728E-04     0.11018E+00     0.73549E-02
     0.22463E+02    -0.14283E-02     0.99685E-01     0.77211E-02
     0.22503E+02    -0.24197E-02     0.90839E-01     0.79347E-02
     0.22555E+02    -0.36797E-02     0.78088E-01     0.79538E-02
     0.22608E+02    -0.48160E-02     0.65181E-01     0.77122E-02
     0.22661E+02    -0.57535E-02     0.53140E-01     0.72964E-02
     0.22701E+02    -0.63034E-02     0.45079E-01     0.69750E-02
     0.22754E+02    -0.68849E-02     0.35163E-01     0.65361E-02
     0.22806E+02    -0.73667E-02     0.25716E-01     0.61748E-02
     0.22859E+02    -0.77220E-02     0.17294E-01     0.60168E-02
     0.22912E+02    -0.79762E-02     0.98258E-02     0.60257E-02
     0.22952E+02    -0.81118E-02     0.48692E-02     0.62237E-02
     0.23005E+02    -0.82236E-02    -0.84684E-03     0.66657E-02
     0.23058E+02    -0.82652E-02    -0.55476E-02     0.72364E-02
     0.23111E+02    -0.82556E-02    -0.92962E-02     0.78253E-02
     0.23150E+02    -0.82221E-02    -0.11537E-01     0.82449E-02
     0.23203E+02    -0.81480E-02    -0.13865E-01     0.87561E-02
     0.23256E+02    -0.80232E-02    -0.15007E-01     0.92139E-02
     0.23309E+02    -0.78642E-02    -0.15044E-01     0.95507E-02
     0.23362E+02    -0.76978E-02    -0.13765E-01     0.98145E-02
     0.23402E+02    -0.75564E-02    -0.12329E-01     0.10007E-01
     0.23455E+02    -0.73757E-02    -0.10240E-01     0.10344E-01
     0.23508E+02    -0.72364E-02    -0.83558E-02     0.10754E-01
     0.23561E+02    -0.71527E-02    -0.69426E-02     0.11145E-01
     0.23601E+02    -0.71216E-02    -0.62058E-02     0.11310E-01
     0.23654E+02    -0.71076E-02    -0.55527E-02     0.11229E-01
     0.23707E+02    -0.70944E-02    -0.51033E-02     0.10809E-01
     0.23760E+02    -0.70605E-02    -0.46772E-02     0.10147E-01
     0.23813E+02    -0.69957E-02    -0.41689E-02     0.94136E-02
     0.23853E+02    -0.69266E-02    -0.37567E-02     0.88978E-02
     0.23906E+02    -0.68002E-02    -0.32188E-02     0.82909E-02
     0.23959E+02    -0.66282E-02    -0.27357E-02     0.77080E-02
     0.24013E+02    -0.64220E-02    -0.23217E-02     0.67614E-02
     0.24052E+02    -0.62582E-02    -0.21507E-02     0.57889E-02
     0.24106E+02    -0.60271E-02    -0.21808E-02     0.44504E-02
     0.24159E+02    -0.58036E-02    -0.25696E-02     0.32427E-02
     0.24212E+02    -0.56328E-02    -0.33777E-02     0.24321E-02
     0.24252E+02    -0.55395E-02    -0.42263E-02     0.21077E-02
     0.24305E+02    -0.54401E-02    -0.55289E-02     0.17953E-02
     0.24358E+02    -0.53523E-02    -0.69385E-02     0.14049E-02
     0.24411E+02    -0.52768E-02    -0.83703E-02     0.62083E-03
     0.24451E+02    -0.52173E-02    -0.93798E-02    -0.17967E-03
     0.24504E+02    -0.51242E-02    -0.10609E-01    -0.14504E-02
     0.24557E+02    -0.50098E-02    -0.11695E-01    -0.29307E-02
     0.24610E+02    -0.48717E-02    -0.12560E-01    -0.45432E-02
     0.24650E+02    -0.47599E-02    -0.13050E-01    -0.58227E-02
     0.24703E+02    -0.46074E-02    -0.13541E-01    -0.75634E-02
     0.24757E+02    -0.44553E-02    -0.13872E-01    -0.92976E-02
     0.24810E+02    -0.43061E-02    -0.14031E-01    -0.11021E-01
     0.24863E+02    -0.41603E-02    -0.13995E-01    -0.12756E-01
     0.24903E+02    -0.40507E-02    -0.13817E-01    -0.14081E-01
     0.24956E+02    -0.39057E-02    -0.13355E-01    -0.15859E-01
     0.25009E+02    -0.37634E-02    -0.12608E-01    -0.17657E-01
