     0.13235E-01     0.11772E-09     0.67850E-09    -0.24942E-12
     0.52978E-01     0.11385E-09     0.72515E-09    -0.33086E-12
     0.10597E+00     0.10830E-09     0.77971E-09    -0.56314E-12
     0.15896E+00     0.10233E-09     0.82496E-09    -0.94840E-12
     0.21194E+00     0.96004E-10     0.86039E-09    -0.14946E-11
     0.25168E+00     0.91060E-10     0.88026E-09    -0.20165E-11
     0.30466E+00     0.84240E-10     0.89756E-09    -0.28614E-11
     0.35764E+00     0.77206E-10     0.90415E-09    -0.38629E-11
     0.41062E+00     0.70028E-10     0.89990E-09    -0.50175E-11
     0.45035E+00     0.64601E-10     0.88955E-09    -0.59492E-11
     0.50333E+00     0.57352E-10     0.86612E-09    -0.71854E-11
     0.55631E+00     0.50116E-10     0.83156E-09    -0.83177E-11
     0.60928E+00     0.42908E-10     0.78589E-09    -0.93971E-11
     0.66226E+00     0.35772E-10     0.72953E-09    -0.10722E-10
     0.70199E+00     0.30540E-10     0.68092E-09    -0.12156E-10
     0.75497E+00     0.23914E-10     0.60925E-09    -0.15062E-10
     0.80795E+00     0.18007E-10     0.53234E-09    -0.19367E-10
     0.86092E+00     0.13191E-10     0.45339E-09    -0.25021E-10
     0.90066E+00     0.10466E-10     0.39456E-09    -0.29695E-10
     0.95364E+00     0.81095E-11     0.31827E-09    -0.35850E-10
     0.10066E+01     0.71367E-11     0.24517E-09    -0.40917E-10
     0.10596E+01     0.72615E-11     0.17493E-09    -0.44196E-10
     0.11126E+01     0.80358E-11     0.10649E-09    -0.45408E-10
     0.11523E+01     0.88026E-11     0.55765E-10    -0.45371E-10
     0.12053E+01     0.99217E-11    -0.11237E-10    -0.44980E-10
     0.12583E+01     0.11197E-10    -0.77366E-10    -0.45425E-10
     0.13113E+01     0.12926E-10    -0.14115E-09    -0.47447E-10
     0.13510E+01     0.14840E-10    -0.18618E-09    -0.49955E-10
     0.14040E+01     0.18426E-10    -0.24137E-09    -0.54277E-10
     0.14570E+01     0.23454E-10    -0.29087E-09    -0.58769E-10
     0.15099E+01     0.29473E-10    -0.33623E-09    -0.63014E-10
     0.15629E+01     0.35971E-10    -0.37879E-09    -0.67311E-10
     0.16027E+01     0.41212E-10    -0.40887E-09    -0.70460E-10
     0.16556E+01     0.48704E-10    -0.44638E-09    -0.74869E-10
     0.17086E+01     0.56917E-10    -0.48048E-09    -0.79855E-10
     0.17616E+01     0.66247E-10    -0.51102E-09    -0.85284E-10
     0.18013E+01     0.74051E-10    -0.53159E-09    -0.89609E-10
     0.18543E+01     0.85394E-10    -0.55611E-09    -0.95954E-10
     0.19073E+01     0.97699E-10    -0.57755E-09    -0.10305E-09
     0.19603E+01     0.11120E-09    -0.59764E-09    -0.11091E-09
     0.20000E+01     0.12221E-09    -0.61272E-09    -0.11727E-09
     0.20530E+01     0.13807E-09    -0.63328E-09    -0.12650E-09
     0.21060E+01     0.15517E-09    -0.65472E-09    -0.13673E-09
     0.21590E+01     0.17343E-09    -0.67767E-09    -0.14820E-09
     0.22120E+01     0.19291E-09    -0.70304E-09    -0.16118E-09
     0.22517E+01     0.20840E-09    -0.72428E-09    -0.17204E-09
     0.23047E+01     0.23037E-09    -0.75640E-09    -0.18815E-09
     0.23577E+01     0.25407E-09    -0.79396E-09    -0.20625E-09
     0.24107E+01     0.27980E-09    -0.83828E-09    -0.22633E-09
     0.24504E+01     0.30059E-09    -0.87675E-09    -0.24265E-09
     0.25034E+01     0.33047E-09    -0.93601E-09    -0.26620E-09
     0.25564E+01     0.36307E-09    -0.10055E-08    -0.29210E-09
     0.26093E+01     0.39856E-09    -0.10861E-08    -0.32077E-09
     0.26623E+01     0.43720E-09    -0.11786E-08    -0.35281E-09
     0.27021E+01     0.46849E-09    -0.12566E-08    -0.37941E-09
     0.27551E+01     0.51370E-09    -0.13734E-08    -0.41858E-09
     0.28080E+01     0.56345E-09    -0.15065E-08    -0.46215E-09
     0.28610E+01     0.61831E-09    -0.16576E-08    -0.51035E-09
     0.29008E+01     0.66317E-09    -0.17839E-08    -0.54975E-09
     0.29538E+01     0.72843E-09    -0.19712E-08    -0.60711E-09
     0.30067E+01     0.80052E-09    -0.21821E-08    -0.67079E-09
     0.30597E+01     0.88023E-09    -0.24192E-08    -0.74179E-09
     0.31127E+01     0.96850E-09    -0.26855E-08    -0.82108E-09
     0.31524E+01     0.10409E-08    -0.29063E-08    -0.88653E-09
     0.32054E+01     0.11468E-08    -0.32317E-08    -0.98251E-09
     0.32584E+01     0.12644E-08    -0.35962E-08    -0.10893E-08
     0.33114E+01     0.13950E-08    -0.40041E-08    -0.12082E-08
     0.33511E+01     0.15025E-08    -0.43414E-08    -0.13060E-08
     0.34041E+01     0.16597E-08    -0.48376E-08    -0.14493E-08
     0.34571E+01     0.18345E-08    -0.53926E-08    -0.16086E-08
     0.35101E+01     0.20289E-08    -0.60130E-08    -0.17860E-08
     0.35631E+01     0.22453E-08    -0.67064E-08    -0.19834E-08
     0.36028E+01     0.24234E-08    -0.72791E-08    -0.21459E-08
     0.36558E+01     0.26842E-08    -0.81199E-08    -0.23839E-08
     0.37088E+01     0.29745E-08    -0.90579E-08    -0.26488E-08
     0.37618E+01     0.32976E-08    -0.10104E-07    -0.29440E-08
     0.38015E+01     0.35637E-08    -0.10967E-07    -0.31875E-08
     0.38545E+01     0.39538E-08    -0.12234E-07    -0.35450E-08
     0.39075E+01     0.43883E-08    -0.13648E-07    -0.39442E-08
     0.39605E+01     0.48724E-08    -0.15225E-07    -0.43901E-08
     0.40002E+01     0.52717E-08    -0.16526E-07    -0.47582E-08
     0.40532E+01     0.58571E-08    -0.18437E-07    -0.52986E-08
     0.41062E+01     0.65097E-08    -0.20567E-07    -0.59011E-08
     0.41592E+01     0.72371E-08    -0.22944E-07    -0.65727E-08
     0.42122E+01     0.80479E-08    -0.25594E-07    -0.73210E-08
     0.42519E+01     0.87164E-08    -0.27779E-07    -0.79376E-08
     0.43049E+01     0.96968E-08    -0.30985E-07    -0.88412E-08
     0.43579E+01     0.10789E-07    -0.34559E-07    -0.98479E-08
     0.44109E+01     0.12007E-07    -0.38544E-07    -0.10970E-07
     0.44506E+01     0.13011E-07    -0.41830E-07    -0.11894E-07
     0.45036E+01     0.14483E-07    -0.46648E-07    -0.13250E-07
     0.45566E+01     0.16124E-07    -0.52017E-07    -0.14762E-07
     0.46096E+01     0.17952E-07    -0.58001E-07    -0.16447E-07
     0.46626E+01     0.19990E-07    -0.64670E-07    -0.18326E-07
     0.47023E+01     0.21670E-07    -0.70166E-07    -0.19876E-07
     0.47553E+01     0.24133E-07    -0.78223E-07    -0.22147E-07
     0.48083E+01     0.26879E-07    -0.87199E-07    -0.24677E-07
     0.48613E+01     0.29938E-07    -0.97199E-07    -0.27496E-07
     0.49010E+01     0.32460E-07    -0.10544E-06    -0.29818E-07
     0.49540E+01     0.36157E-07    -0.11752E-06    -0.33221E-07
     0.50070E+01     0.40276E-07    -0.13097E-06    -0.37011E-07
     0.50600E+01     0.44866E-07    -0.14595E-06    -0.41232E-07
     0.51130E+01     0.49979E-07    -0.16263E-06    -0.45934E-07
     0.51527E+01     0.54192E-07    -0.17637E-06    -0.49809E-07
     0.52057E+01     0.60368E-07    -0.19650E-06    -0.55487E-07
     0.52587E+01     0.67248E-07    -0.21892E-06    -0.61811E-07
     0.53117E+01     0.74912E-07    -0.24389E-06    -0.68854E-07
     0.53515E+01     0.81228E-07    -0.26445E-06    -0.74657E-07
     0.54044E+01     0.90483E-07    -0.29457E-06    -0.83158E-07
     0.54574E+01     0.10079E-06    -0.32810E-06    -0.92622E-07
     0.55104E+01     0.11227E-06    -0.36543E-06    -0.10316E-06
     0.55502E+01     0.12173E-06    -0.39618E-06    -0.11184E-06
     0.56032E+01     0.13559E-06    -0.44121E-06    -0.12455E-06
     0.56561E+01     0.15103E-06    -0.49134E-06    -0.13871E-06
     0.57091E+01     0.16821E-06    -0.54714E-06    -0.15447E-06
     0.57621E+01     0.18735E-06    -0.60925E-06    -0.17201E-06
     0.58019E+01     0.20312E-06    -0.66040E-06    -0.18646E-06
     0.58549E+01     0.22622E-06    -0.73531E-06    -0.20763E-06
     0.59078E+01     0.25193E-06    -0.81870E-06    -0.23119E-06
     0.59608E+01     0.28057E-06    -0.91151E-06    -0.25742E-06
     0.60006E+01     0.30415E-06    -0.98794E-06    -0.27902E-06
     0.60536E+01     0.33871E-06    -0.10999E-05    -0.31067E-06
     0.61066E+01     0.37718E-06    -0.12245E-05    -0.34589E-06
     0.61596E+01     0.42001E-06    -0.13632E-05    -0.38510E-06
     0.62125E+01     0.46769E-06    -0.15175E-05    -0.42875E-06
     0.62523E+01     0.50696E-06    -0.16446E-05    -0.46470E-06
     0.63053E+01     0.56448E-06    -0.18308E-05    -0.51734E-06
     0.63583E+01     0.62852E-06    -0.20380E-05    -0.57595E-06
     0.64113E+01     0.69981E-06    -0.22687E-05    -0.64118E-06
     0.64510E+01     0.75852E-06    -0.24586E-05    -0.69490E-06
     0.65040E+01     0.84452E-06    -0.27368E-05    -0.77358E-06
     0.65570E+01     0.94024E-06    -0.30464E-05    -0.86116E-06
     0.66099E+01     0.10468E-05    -0.33909E-05    -0.95863E-06
     0.66629E+01     0.11654E-05    -0.37744E-05    -0.10671E-05
     0.67026E+01     0.12630E-05    -0.40901E-05    -0.11564E-05
     0.67556E+01     0.14060E-05    -0.45524E-05    -0.12872E-05
     0.68085E+01     0.15651E-05    -0.50668E-05    -0.14328E-05
     0.68614E+01     0.17421E-05    -0.56389E-05    -0.15947E-05
     0.69011E+01     0.18878E-05    -0.61099E-05    -0.17279E-05
     0.69540E+01     0.21010E-05    -0.67991E-05    -0.19230E-05
     0.70068E+01     0.23382E-05    -0.75658E-05    -0.21399E-05
     0.70596E+01     0.26020E-05    -0.84184E-05    -0.23812E-05
     0.71124E+01     0.28954E-05    -0.93666E-05    -0.26495E-05
     0.71519E+01     0.31368E-05    -0.10147E-04    -0.28703E-05
     0.72047E+01     0.34901E-05    -0.11289E-04    -0.31934E-05
     0.72574E+01     0.38830E-05    -0.12558E-04    -0.35528E-05
     0.73101E+01     0.43200E-05    -0.13970E-04    -0.39523E-05
     0.73628E+01     0.48058E-05    -0.15540E-04    -0.43966E-05
     0.74023E+01     0.52055E-05    -0.16832E-04    -0.47622E-05
     0.74549E+01     0.57904E-05    -0.18722E-04    -0.52970E-05
     0.75075E+01     0.64407E-05    -0.20823E-04    -0.58917E-05
     0.75601E+01     0.71638E-05    -0.23159E-04    -0.65529E-05
     0.76127E+01     0.79677E-05    -0.25756E-04    -0.72880E-05
     0.76521E+01     0.86290E-05    -0.27892E-04    -0.78926E-05
     0.77046E+01     0.95966E-05    -0.31018E-04    -0.87774E-05
     0.77572E+01     0.10672E-04    -0.34492E-04    -0.97608E-05
     0.78097E+01     0.11868E-04    -0.38354E-04    -0.10854E-04
     0.78622E+01     0.13197E-04    -0.42647E-04    -0.12069E-04
     0.79016E+01     0.14291E-04    -0.46178E-04    -0.13069E-04
     0.79540E+01     0.15891E-04    -0.51343E-04    -0.14531E-04
     0.80065E+01     0.17669E-04    -0.57083E-04    -0.16157E-04
     0.80590E+01     0.19646E-04    -0.63464E-04    -0.17964E-04
     0.81114E+01     0.21844E-04    -0.70555E-04    -0.19972E-04
     0.81508E+01     0.23651E-04    -0.76387E-04    -0.21623E-04
     0.82032E+01     0.26296E-04    -0.84917E-04    -0.24040E-04
     0.82556E+01     0.29235E-04    -0.94397E-04    -0.26725E-04
     0.83081E+01     0.32503E-04    -0.10493E-03    -0.29710E-04
     0.83605E+01     0.36134E-04    -0.11664E-03    -0.33026E-04
     0.84129E+01     0.40171E-04    -0.12964E-03    -0.36713E-04
     0.84522E+01     0.43492E-04    -0.14034E-03    -0.39744E-04
     0.85047E+01     0.48349E-04    -0.15598E-03    -0.44178E-04
     0.85571E+01     0.53748E-04    -0.17336E-03    -0.49105E-04
     0.86095E+01     0.59748E-04    -0.19266E-03    -0.54581E-04
     0.86620E+01     0.66418E-04    -0.21411E-03    -0.60665E-04
     0.87013E+01     0.71904E-04    -0.23174E-03    -0.65668E-04
     0.87537E+01     0.79930E-04    -0.25752E-03    -0.72986E-04
     0.88062E+01     0.88849E-04    -0.28615E-03    -0.81116E-04
     0.88587E+01     0.98764E-04    -0.31796E-03    -0.90150E-04
     0.89111E+01     0.10978E-03    -0.35328E-03    -0.10019E-03
     0.89505E+01     0.11885E-03    -0.38230E-03    -0.10844E-03
     0.90030E+01     0.13210E-03    -0.42472E-03    -0.12051E-03
     0.90555E+01     0.14684E-03    -0.47182E-03    -0.13391E-03
     0.91081E+01     0.16321E-03    -0.52410E-03    -0.14880E-03
     0.91606E+01     0.18141E-03    -0.58213E-03    -0.16533E-03
     0.92000E+01     0.19637E-03    -0.62978E-03    -0.17893E-03
     0.92526E+01     0.21825E-03    -0.69940E-03    -0.19879E-03
     0.93052E+01     0.24257E-03    -0.77662E-03    -0.22085E-03
     0.93579E+01     0.26959E-03    -0.86226E-03    -0.24534E-03
     0.94105E+01     0.29960E-03    -0.95723E-03    -0.27253E-03
     0.94500E+01     0.32428E-03    -0.10351E-02    -0.29486E-03
     0.95027E+01     0.36035E-03    -0.11488E-02    -0.32748E-03
     0.95554E+01     0.40042E-03    -0.12748E-02    -0.36368E-03
     0.96081E+01     0.44492E-03    -0.14142E-02    -0.40383E-03
     0.96609E+01     0.49432E-03    -0.15686E-02    -0.44836E-03
     0.97005E+01     0.53491E-03    -0.16950E-02    -0.48490E-03
     0.97533E+01     0.59420E-03    -0.18792E-02    -0.53822E-03
     0.98061E+01     0.66000E-03    -0.20826E-02    -0.59730E-03
     0.98590E+01     0.73300E-03    -0.23073E-02    -0.66274E-03
     0.99119E+01     0.81396E-03    -0.25552E-02    -0.73519E-03
     0.99515E+01     0.88041E-03    -0.27576E-02    -0.79455E-03
     0.10004E+02     0.97738E-03    -0.30513E-02    -0.88094E-03
     0.10057E+02     0.10848E-02    -0.33745E-02    -0.97635E-03
     0.10110E+02     0.12038E-02    -0.37297E-02    -0.10816E-02
     0.10150E+02     0.13013E-02    -0.40185E-02    -0.11675E-02
     0.10203E+02     0.14432E-02    -0.44358E-02    -0.12923E-02
     0.10256E+02     0.15999E-02    -0.48921E-02    -0.14295E-02
     0.10309E+02     0.17728E-02    -0.53904E-02    -0.15804E-02
     0.10362E+02     0.19636E-02    -0.59336E-02    -0.17458E-02
     0.10402E+02     0.21193E-02    -0.63720E-02    -0.18800E-02
     0.10455E+02     0.23452E-02    -0.69994E-02    -0.20731E-02
     0.10508E+02     0.25935E-02    -0.76775E-02    -0.22833E-02
     0.10561E+02     0.28661E-02    -0.84077E-02    -0.25111E-02
     0.10601E+02     0.30875E-02    -0.89899E-02    -0.26937E-02
     0.10654E+02     0.34068E-02    -0.98124E-02    -0.29528E-02
     0.10707E+02     0.37549E-02    -0.10687E-01    -0.32292E-02
     0.10760E+02     0.41330E-02    -0.11612E-01    -0.35258E-02
     0.10813E+02     0.45434E-02    -0.12584E-01    -0.38460E-02
     0.10852E+02     0.48739E-02    -0.13341E-01    -0.41025E-02
     0.10905E+02     0.53472E-02    -0.14384E-01    -0.44692E-02
     0.10958E+02     0.58627E-02    -0.15456E-01    -0.48582E-02
     0.11011E+02     0.64202E-02    -0.16537E-01    -0.52565E-02
     0.11051E+02     0.68650E-02    -0.17340E-01    -0.55576E-02
     0.11104E+02     0.74924E-02    -0.18382E-01    -0.59597E-02
     0.11157E+02     0.81599E-02    -0.19374E-01    -0.63584E-02
     0.11210E+02     0.88639E-02    -0.20301E-01    -0.67340E-02
     0.11263E+02     0.95902E-02    -0.21148E-01    -0.70666E-02
     0.11303E+02     0.10146E-01    -0.21711E-01    -0.72977E-02
     0.11356E+02     0.10905E-01    -0.22322E-01    -0.75945E-02
     0.11409E+02     0.11688E-01    -0.22727E-01    -0.78733E-02
     0.11462E+02     0.12487E-01    -0.22886E-01    -0.81007E-02
     0.11502E+02     0.13082E-01    -0.22871E-01    -0.82210E-02
     0.11555E+02     0.13853E-01    -0.22708E-01    -0.83137E-02
     0.11608E+02     0.14582E-01    -0.22389E-01    -0.83538E-02
     0.11661E+02     0.15258E-01    -0.21871E-01    -0.83545E-02
     0.11701E+02     0.15733E-01    -0.21265E-01    -0.83237E-02
     0.11754E+02     0.16326E-01    -0.20029E-01    -0.82064E-02
     0.11807E+02     0.16880E-01    -0.18188E-01    -0.79775E-02
     0.11860E+02     0.17403E-01    -0.15634E-01    -0.76235E-02
     0.11913E+02     0.17896E-01    -0.12326E-01    -0.71476E-02
     0.11952E+02     0.18238E-01    -0.93586E-02    -0.67082E-02
     0.12005E+02     0.18643E-01    -0.47928E-02    -0.60024E-02
     0.12058E+02     0.18976E-01     0.40378E-03    -0.51762E-02
     0.12111E+02     0.19226E-01     0.61009E-02    -0.42323E-02
     0.12151E+02     0.19349E-01     0.10580E-01    -0.34532E-02
     0.12204E+02     0.19400E-01     0.16584E-01    -0.23390E-02
     0.12257E+02     0.19277E-01     0.22265E-01    -0.11943E-02
     0.12310E+02     0.18924E-01     0.27252E-01    -0.92442E-04
     0.12363E+02     0.18331E-01     0.31379E-01     0.92811E-03
     0.12403E+02     0.17737E-01     0.33976E-01     0.16585E-02
     0.12456E+02     0.16815E-01     0.37118E-01     0.25902E-02
     0.12509E+02     0.15855E-01     0.40457E-01     0.34586E-02
     0.12562E+02     0.14956E-01     0.44455E-01     0.43099E-02
     0.12602E+02     0.14330E-01     0.47969E-01     0.49441E-02
     0.12655E+02     0.13540E-01     0.53244E-01     0.57803E-02
     0.12708E+02     0.12771E-01     0.58848E-01     0.65809E-02
     0.12761E+02     0.11974E-01     0.64217E-01     0.72964E-02
     0.12800E+02     0.11325E-01     0.67676E-01     0.77543E-02
     0.12853E+02     0.10317E-01     0.71132E-01     0.81678E-02
     0.12906E+02     0.91534E-02     0.73001E-01     0.82812E-02
     0.12959E+02     0.79023E-02     0.73339E-01     0.82206E-02
     0.13012E+02     0.66216E-02     0.72630E-01     0.80888E-02
     0.13052E+02     0.56939E-02     0.71757E-01     0.79726E-02
     0.13105E+02     0.45447E-02     0.70535E-01     0.78189E-02
     0.13158E+02     0.35442E-02     0.69478E-01     0.76764E-02
     0.13211E+02     0.26686E-02     0.68470E-01     0.75156E-02
     0.13251E+02     0.20578E-02     0.67439E-01     0.73569E-02
     0.13304E+02     0.12121E-02     0.65111E-01     0.70640E-02
     0.13357E+02     0.26133E-03     0.61226E-01     0.66514E-02
     0.13410E+02    -0.76851E-03     0.55680E-01     0.60986E-02
     0.13463E+02    -0.18238E-02     0.48841E-01     0.53999E-02
     0.13503E+02    -0.25818E-02     0.43182E-01     0.48050E-02
     0.13556E+02    -0.35001E-02     0.35370E-01     0.39696E-02
     0.13609E+02    -0.42776E-02     0.27643E-01     0.31325E-02
     0.13662E+02    -0.49091E-02     0.20257E-01     0.23343E-02
     0.13702E+02    -0.52929E-02     0.15021E-01     0.17736E-02
     0.13755E+02    -0.57004E-02     0.84685E-02     0.10748E-02
     0.13808E+02    -0.60017E-02     0.24094E-02     0.42302E-03
     0.13861E+02    -0.62023E-02    -0.31046E-02    -0.19836E-03
     0.13901E+02    -0.62873E-02    -0.68615E-02    -0.64456E-03
     0.13954E+02    -0.63056E-02    -0.11307E-01    -0.12108E-02
     0.14007E+02    -0.62050E-02    -0.15088E-01    -0.17114E-02
     0.14060E+02    -0.60245E-02    -0.18320E-01    -0.21172E-02
     0.14113E+02    -0.57712E-02    -0.21105E-01    -0.24303E-02
     0.14153E+02    -0.55555E-02    -0.22909E-01    -0.26190E-02
     0.14206E+02    -0.52386E-02    -0.24974E-01    -0.28120E-02
     0.14259E+02    -0.48925E-02    -0.26634E-01    -0.29527E-02
     0.14312E+02    -0.45075E-02    -0.27794E-01    -0.30502E-02
     0.14352E+02    -0.41808E-02    -0.28264E-01    -0.30836E-02
     0.14405E+02    -0.36991E-02    -0.28399E-01    -0.30652E-02
     0.14459E+02    -0.31991E-02    -0.28103E-01    -0.29836E-02
     0.14512E+02    -0.26938E-02    -0.27567E-01    -0.28323E-02
     0.14552E+02    -0.23465E-02    -0.27143E-01    -0.26919E-02
     0.14605E+02    -0.19404E-02    -0.26705E-01    -0.25114E-02
     0.14659E+02    -0.15921E-02    -0.26419E-01    -0.23813E-02
     0.14712E+02    -0.12969E-02    -0.26191E-01    -0.23143E-02
     0.14752E+02    -0.10863E-02    -0.25970E-01    -0.23019E-02
     0.14806E+02    -0.80575E-03    -0.25435E-01    -0.23076E-02
     0.14859E+02    -0.49893E-03    -0.24445E-01    -0.23070E-02
     0.14912E+02    -0.14759E-03    -0.22887E-01    -0.22594E-02
     0.14952E+02     0.13995E-03    -0.21339E-01    -0.21802E-02
     0.15006E+02     0.54256E-03    -0.18819E-01    -0.20162E-02
     0.15059E+02     0.95329E-03    -0.15878E-01    -0.17747E-02
     0.15113E+02     0.13545E-02    -0.12682E-01    -0.14619E-02
     0.15153E+02     0.16336E-02    -0.10254E-01    -0.11782E-02
     0.15207E+02     0.19503E-02    -0.72014E-02    -0.73481E-03
     0.15261E+02     0.21691E-02    -0.45995E-02    -0.23594E-03
     0.15301E+02     0.22534E-02    -0.30483E-02     0.14297E-03
     0.15355E+02     0.22598E-02    -0.15245E-02     0.60729E-03
     0.15408E+02     0.21732E-02    -0.48377E-03     0.96093E-03
     0.15462E+02     0.20435E-02     0.32179E-03     0.11680E-02
     0.15502E+02     0.19496E-02     0.91270E-03     0.12220E-02
     0.15555E+02     0.18434E-02     0.17680E-02     0.11830E-02
     0.15609E+02     0.17785E-02     0.26375E-02     0.10620E-02
     0.15662E+02     0.17161E-02     0.34467E-02     0.89697E-03
     0.15702E+02     0.16598E-02     0.39379E-02     0.74886E-03
     0.15755E+02     0.15837E-02     0.44269E-02     0.53746E-03
     0.15809E+02     0.15008E-02     0.48366E-02     0.33868E-03
     0.15862E+02     0.14348E-02     0.52198E-02     0.19150E-03
     0.15902E+02     0.14006E-02     0.55430E-02     0.12653E-03
     0.15955E+02     0.13645E-02     0.60352E-02     0.11377E-03
     0.16008E+02     0.13362E-02     0.65175E-02     0.18922E-03
     0.16061E+02     0.12809E-02     0.69048E-02     0.34538E-03
     0.16101E+02     0.12078E-02     0.70541E-02     0.48747E-03
     0.16154E+02     0.10781E-02     0.71093E-02     0.64967E-03
     0.16207E+02     0.92696E-03     0.70376E-02     0.73952E-03
     0.16260E+02     0.77669E-03     0.69338E-02     0.71942E-03
     0.16313E+02     0.64798E-03     0.68814E-02     0.60356E-03
     0.16353E+02     0.56974E-03     0.68768E-02     0.47865E-03
     0.16406E+02     0.48945E-03     0.69212E-02     0.32374E-03
     0.16459E+02     0.42933E-03     0.69590E-02     0.25217E-03
     0.16512E+02     0.36555E-03     0.69092E-02     0.29321E-03
     0.16552E+02     0.30788E-03     0.67878E-02     0.38837E-03
     0.16605E+02     0.20974E-03     0.64670E-02     0.57758E-03
     0.16658E+02     0.80511E-04     0.59847E-02     0.78836E-03
     0.16711E+02    -0.65791E-04     0.53931E-02     0.94289E-03
     0.16751E+02    -0.17568E-03     0.49207E-02     0.98861E-03
     0.16804E+02    -0.30908E-03     0.42982E-02     0.94640E-03
     0.16857E+02    -0.41849E-03     0.37093E-02     0.81710E-03
     0.16910E+02    -0.49998E-03     0.31486E-02     0.64896E-03
     0.16963E+02    -0.55882E-03     0.25902E-02     0.48512E-03
     0.17003E+02    -0.59211E-03     0.21557E-02     0.37904E-03
     0.17056E+02    -0.62585E-03     0.15409E-02     0.27048E-03
     0.17109E+02    -0.65124E-03     0.89338E-03     0.20130E-03
     0.17162E+02    -0.66919E-03     0.22970E-03     0.15879E-03
     0.17202E+02    -0.67754E-03    -0.26537E-03     0.14709E-03
     0.17255E+02    -0.68221E-03    -0.91567E-03     0.16630E-03
     0.17308E+02    -0.68430E-03    -0.15525E-02     0.21533E-03
     0.17361E+02    -0.69065E-03    -0.21735E-02     0.27266E-03
     0.17401E+02    -0.69842E-03    -0.26334E-02     0.29363E-03
     0.17454E+02    -0.70531E-03    -0.32382E-02     0.25891E-03
     0.17508E+02    -0.70244E-03    -0.38222E-02     0.13190E-03
     0.17561E+02    -0.68362E-03    -0.43588E-02    -0.72354E-04
     0.17601E+02    -0.65193E-03    -0.47226E-02    -0.25486E-03
     0.17654E+02    -0.58491E-03    -0.51389E-02    -0.50511E-03
     0.17707E+02    -0.49174E-03    -0.54676E-02    -0.71156E-03
     0.17760E+02    -0.38055E-03    -0.57103E-02    -0.82683E-03
     0.17813E+02    -0.26224E-03    -0.58743E-02    -0.82827E-03
     0.17853E+02    -0.17561E-03    -0.59514E-02    -0.76199E-03
     0.17906E+02    -0.70131E-04    -0.59991E-02    -0.61213E-03
     0.17959E+02     0.21234E-04    -0.59884E-02    -0.44405E-03
     0.18013E+02     0.10225E-03    -0.59252E-02    -0.31521E-03
     0.18053E+02     0.16141E-03    -0.58484E-02    -0.26257E-03
     0.18106E+02     0.24480E-03    -0.57184E-02    -0.24442E-03
     0.18159E+02     0.33752E-03    -0.55778E-02    -0.25248E-03
     0.18212E+02     0.43606E-03    -0.54509E-02    -0.23940E-03
     0.18252E+02     0.51163E-03    -0.53807E-02    -0.19487E-03
     0.18305E+02     0.60953E-03    -0.53376E-02    -0.79814E-04
     0.18358E+02     0.69775E-03    -0.53610E-02     0.90843E-04
     0.18411E+02     0.77449E-03    -0.54489E-02     0.27669E-03
     0.18451E+02     0.82716E-03    -0.55523E-02     0.40207E-03
     0.18504E+02     0.89751E-03    -0.57350E-02     0.52298E-03
     0.18558E+02     0.97509E-03    -0.59747E-02     0.57888E-03
     0.18611E+02     0.10657E-02    -0.62946E-02     0.58083E-03
     0.18651E+02     0.11402E-02    -0.66103E-02     0.56274E-03
     0.18704E+02     0.12460E-02    -0.71640E-02     0.52225E-03
     0.18757E+02     0.13592E-02    -0.78929E-02     0.46542E-03
     0.18810E+02     0.14821E-02    -0.88026E-02     0.39093E-03
     0.18863E+02     0.16206E-02    -0.98726E-02     0.29765E-03
     0.18903E+02     0.17387E-02    -0.10760E-01     0.22141E-03
     0.18956E+02     0.19191E-02    -0.12030E-01     0.12531E-03
     0.19009E+02     0.21270E-02    -0.13381E-01     0.47331E-04
     0.19062E+02     0.23618E-02    -0.14810E-01    -0.82296E-05
     0.19102E+02     0.25542E-02    -0.15940E-01    -0.34328E-04
     0.19155E+02     0.28294E-02    -0.17539E-01    -0.56496E-04
     0.19208E+02     0.31247E-02    -0.19259E-01    -0.70012E-04
     0.19261E+02     0.34411E-02    -0.21111E-01    -0.84270E-04
     0.19301E+02     0.36942E-02    -0.22586E-01    -0.96963E-04
     0.19354E+02     0.40576E-02    -0.24654E-01    -0.11413E-03
     0.19407E+02     0.44555E-02    -0.26822E-01    -0.13271E-03
     0.19460E+02     0.48930E-02    -0.29076E-01    -0.15452E-03
     0.19500E+02     0.52491E-02    -0.30818E-01    -0.16921E-03
     0.19553E+02     0.57618E-02    -0.33212E-01    -0.17677E-03
     0.19606E+02     0.63155E-02    -0.35697E-01    -0.15504E-03
     0.19659E+02     0.69062E-02    -0.38285E-01    -0.97644E-04
     0.19712E+02     0.75289E-02    -0.40980E-01    -0.53955E-05
     0.19752E+02     0.80147E-02    -0.43070E-01     0.84064E-04
     0.19805E+02     0.86851E-02    -0.45945E-01     0.22566E-03
     0.19858E+02     0.93806E-02    -0.48909E-01     0.37944E-03
     0.19911E+02     0.10100E-01    -0.51949E-01     0.53566E-03
     0.19951E+02     0.10653E-01    -0.54274E-01     0.64843E-03
     0.20004E+02     0.11408E-01    -0.57432E-01     0.78201E-03
     0.20057E+02     0.12176E-01    -0.60653E-01     0.87918E-03
     0.20110E+02     0.12951E-01    -0.63928E-01     0.91844E-03
     0.20163E+02     0.13727E-01    -0.67217E-01     0.88723E-03
     0.20202E+02     0.14308E-01    -0.69648E-01     0.81176E-03
     0.20255E+02     0.15083E-01    -0.72742E-01     0.67464E-03
     0.20308E+02     0.15862E-01    -0.75519E-01     0.52552E-03
     0.20361E+02     0.16649E-01    -0.77798E-01     0.40725E-03
     0.20401E+02     0.17243E-01    -0.79073E-01     0.35485E-03
     0.20454E+02     0.18035E-01    -0.80077E-01     0.33736E-03
     0.20507E+02     0.18815E-01    -0.80191E-01     0.37858E-03
     0.20560E+02     0.19569E-01    -0.79357E-01     0.47538E-03
     0.20613E+02     0.20275E-01    -0.77549E-01     0.62136E-03
     0.20652E+02     0.20763E-01    -0.75545E-01     0.76229E-03
     0.20705E+02     0.21351E-01    -0.72014E-01     0.99470E-03
     0.20758E+02     0.21859E-01    -0.67523E-01     0.12795E-02
     0.20811E+02     0.22279E-01    -0.62138E-01     0.16284E-02
     0.20851E+02     0.22530E-01    -0.57588E-01     0.19330E-02
     0.20904E+02     0.22763E-01    -0.51017E-01     0.23664E-02
     0.20957E+02     0.22849E-01    -0.44143E-01     0.27897E-02
     0.21010E+02     0.22757E-01    -0.37269E-01     0.31503E-02
     0.21063E+02     0.22477E-01    -0.30599E-01     0.33362E-02
     0.21102E+02     0.22158E-01    -0.25719E-01     0.33332E-02
     0.21155E+02     0.21643E-01    -0.19146E-01     0.31412E-02
     0.21208E+02     0.21112E-01    -0.12088E-01     0.28008E-02
     0.21261E+02     0.20650E-01    -0.40721E-02     0.24852E-02
     0.21301E+02     0.20365E-01     0.27574E-02     0.23752E-02
     0.21354E+02     0.20090E-01     0.13098E-01     0.24866E-02
     0.21407E+02     0.19895E-01     0.24654E-01     0.29240E-02
     0.21459E+02     0.19716E-01     0.36885E-01     0.36882E-02
     0.21512E+02     0.19444E-01     0.48882E-01     0.46331E-02
     0.21552E+02     0.19135E-01     0.57100E-01     0.53604E-02
     0.21605E+02     0.18393E-01     0.66278E-01     0.62166E-02
     0.21658E+02     0.17312E-01     0.73019E-01     0.65534E-02
     0.21710E+02     0.16020E-01     0.77859E-01     0.64245E-02
     0.21763E+02     0.14758E-01     0.81940E-01     0.59128E-02
     0.21803E+02     0.13958E-01     0.85183E-01     0.54474E-02
     0.21856E+02     0.13133E-01     0.90137E-01     0.49487E-02
     0.21908E+02     0.12518E-01     0.95717E-01     0.48138E-02
     0.21961E+02     0.11967E-01     0.10124E+00     0.50568E-02
     0.22001E+02     0.11517E-01     0.10485E+00     0.54178E-02
     0.22054E+02     0.10789E-01     0.10838E+00     0.60238E-02
     0.22106E+02     0.98770E-02     0.10997E+00     0.66542E-02
     0.22159E+02     0.87801E-02     0.10946E+00     0.71655E-02
     0.22212E+02     0.75237E-02     0.10697E+00     0.74510E-02
     0.22252E+02     0.65366E-02     0.10407E+00     0.75065E-02
     0.22304E+02     0.52372E-02     0.99282E-01     0.74155E-02
     0.22357E+02     0.40292E-02     0.93937E-01     0.71732E-02
     0.22410E+02     0.29449E-02     0.88354E-01     0.68866E-02
     0.22463E+02     0.19670E-02     0.82543E-01     0.66997E-02
     0.22503E+02     0.12596E-02     0.77912E-01     0.66636E-02
     0.22555E+02     0.30983E-03     0.71202E-01     0.67526E-02
     0.22608E+02    -0.66588E-03     0.63824E-01     0.69694E-02
     0.22661E+02    -0.16620E-02     0.55899E-01     0.71981E-02
     0.22701E+02    -0.24013E-02     0.49748E-01     0.73149E-02
     0.22754E+02    -0.33380E-02     0.41559E-01     0.73690E-02
     0.22806E+02    -0.41901E-02     0.33699E-01     0.73586E-02
     0.22859E+02    -0.49361E-02     0.26425E-01     0.73261E-02
     0.22912E+02    -0.55610E-02     0.19892E-01     0.73110E-02
     0.22952E+02    -0.59496E-02     0.15520E-01     0.73276E-02
     0.23005E+02    -0.63733E-02     0.10393E-01     0.74039E-02
     0.23058E+02    -0.67062E-02     0.60206E-02     0.75458E-02
     0.23111E+02    -0.69738E-02     0.23261E-02     0.77404E-02
     0.23150E+02    -0.71419E-02    -0.47130E-04     0.78972E-02
     0.23203E+02    -0.73303E-02    -0.27171E-02     0.80928E-02
     0.23256E+02    -0.74801E-02    -0.48575E-02     0.82511E-02
     0.23309E+02    -0.75916E-02    -0.65139E-02     0.83626E-02
     0.23362E+02    -0.76733E-02    -0.77544E-02     0.84322E-02
     0.23402E+02    -0.77121E-02    -0.84240E-02     0.84575E-02
     0.23455E+02    -0.77344E-02    -0.89846E-02     0.84613E-02
     0.23508E+02    -0.77211E-02    -0.91952E-02     0.84388E-02
     0.23561E+02    -0.76696E-02    -0.91089E-02     0.83842E-02
     0.23601E+02    -0.76070E-02    -0.88422E-02     0.83226E-02
     0.23654E+02    -0.74842E-02    -0.82959E-02     0.82127E-02
     0.23707E+02    -0.73250E-02    -0.76460E-02     0.80735E-02
     0.23760E+02    -0.71565E-02    -0.70444E-02     0.78887E-02
     0.23813E+02    -0.70007E-02    -0.66479E-02     0.76256E-02
     0.23853E+02    -0.69034E-02    -0.65511E-02     0.73453E-02
     0.23906E+02    -0.67786E-02    -0.66476E-02     0.68359E-02
     0.23959E+02    -0.66508E-02    -0.69293E-02     0.61941E-02
     0.24013E+02    -0.64917E-02    -0.72706E-02     0.54552E-02
     0.24052E+02    -0.63378E-02    -0.74827E-02     0.48729E-02
     0.24106E+02    -0.60933E-02    -0.76418E-02     0.41061E-02
     0.24159E+02    -0.58207E-02    -0.76929E-02     0.33609E-02
     0.24212E+02    -0.55407E-02    -0.76591E-02     0.26301E-02
     0.24252E+02    -0.53401E-02    -0.76341E-02     0.20768E-02
     0.24305E+02    -0.51102E-02    -0.76889E-02     0.12950E-02
     0.24358E+02    -0.49360E-02    -0.78784E-02     0.45569E-03
     0.24411E+02    -0.48184E-02    -0.82685E-02    -0.46523E-03
     0.24451E+02    -0.47636E-02    -0.86697E-02    -0.12194E-02
     0.24504E+02    -0.47191E-02    -0.93001E-02    -0.22992E-02
     0.24557E+02    -0.46819E-02    -0.99537E-02    -0.34639E-02
     0.24610E+02    -0.46293E-02    -0.10545E-01    -0.47151E-02
     0.24650E+02    -0.45744E-02    -0.10907E-01    -0.57021E-02
     0.24703E+02    -0.44823E-02    -0.11261E-01    -0.70715E-02
     0.24757E+02    -0.43754E-02    -0.11473E-01    -0.84824E-02
     0.24810E+02    -0.42695E-02    -0.11569E-01    -0.99086E-02
     0.24863E+02    -0.41758E-02    -0.11581E-01    -0.11322E-01
     0.24903E+02    -0.41169E-02    -0.11527E-01    -0.12365E-01
     0.24956E+02    -0.40545E-02    -0.11347E-01    -0.13725E-01
     0.25009E+02    -0.40059E-02    -0.11010E-01    -0.15060E-01
