     0.13235E-01     0.18361E-01     0.00000E+00     0.00000E+00
     0.52978E-01     0.18361E-01     0.00000E+00     0.00000E+00
     0.10597E+00     0.18361E-01     0.00000E+00     0.00000E+00
     0.15896E+00     0.18361E-01     0.00000E+00     0.00000E+00
     0.21194E+00     0.18361E-01     0.00000E+00     0.00000E+00
     0.25168E+00     0.18361E-01     0.00000E+00     0.00000E+00
     0.30466E+00     0.18361E-01     0.00000E+00     0.00000E+00
     0.35764E+00     0.18361E-01     0.00000E+00     0.00000E+00
     0.41062E+00     0.18361E-01     0.00000E+00     0.00000E+00
     0.45035E+00     0.18361E-01     0.00000E+00     0.00000E+00
     0.50333E+00     0.18361E-01     0.00000E+00     0.00000E+00
     0.55631E+00     0.18361E-01     0.00000E+00     0.00000E+00
     0.60928E+00     0.18361E-01     0.00000E+00     0.00000E+00
     0.66226E+00     0.18361E-01     0.00000E+00     0.00000E+00
     0.70199E+00     0.18361E-01     0.00000E+00     0.00000E+00
     0.75497E+00     0.18361E-01     0.00000E+00     0.00000E+00
     0.80795E+00     0.18361E-01     0.00000E+00     0.00000E+00
     0.86092E+00     0.18361E-01     0.00000E+00     0.00000E+00
     0.90066E+00     0.18361E-01     0.00000E+00     0.00000E+00
     0.95364E+00     0.18361E-01     0.00000E+00     0.00000E+00
     0.10066E+01     0.18361E-01     0.00000E+00     0.00000E+00
     0.10596E+01     0.18361E-01     0.00000E+00     0.00000E+00
     0.11126E+01     0.18361E-01     0.00000E+00     0.00000E+00
     0.11523E+01     0.18361E-01     0.00000E+00     0.00000E+00
     0.12053E+01     0.18361E-01     0.00000E+00     0.00000E+00
     0.12583E+01     0.18361E-01     0.00000E+00     0.00000E+00
     0.13113E+01     0.18361E-01     0.00000E+00     0.00000E+00
     0.13510E+01     0.18361E-01     0.00000E+00     0.00000E+00
     0.14040E+01     0.18361E-01     0.00000E+00     0.00000E+00
     0.14570E+01     0.18361E-01     0.00000E+00     0.00000E+00
     0.15099E+01     0.18361E-01     0.00000E+00     0.00000E+00
     0.15629E+01     0.18361E-01     0.00000E+00     0.00000E+00
     0.16027E+01     0.18361E-01     0.00000E+00     0.00000E+00
     0.16556E+01     0.18361E-01     0.00000E+00     0.00000E+00
     0.17086E+01     0.18361E-01     0.00000E+00     0.00000E+00
     0.17616E+01     0.18361E-01     0.00000E+00     0.00000E+00
     0.18013E+01     0.18361E-01     0.00000E+00     0.00000E+00
     0.18543E+01     0.18361E-01     0.00000E+00     0.00000E+00
     0.19073E+01     0.18361E-01     0.00000E+00     0.00000E+00
     0.19603E+01     0.18361E-01     0.00000E+00     0.00000E+00
     0.20000E+01     0.18361E-01     0.00000E+00     0.00000E+00
     0.20530E+01     0.18361E-01     0.00000E+00     0.00000E+00
     0.21060E+01     0.18361E-01     0.00000E+00     0.00000E+00
     0.21590E+01     0.18361E-01     0.00000E+00     0.00000E+00
     0.22120E+01     0.18361E-01     0.00000E+00     0.00000E+00
     0.22517E+01     0.18361E-01     0.00000E+00     0.00000E+00
     0.23047E+01     0.18361E-01     0.00000E+00     0.00000E+00
     0.23577E+01     0.18361E-01     0.00000E+00     0.00000E+00
     0.24107E+01     0.18361E-01     0.00000E+00     0.00000E+00
     0.24504E+01     0.18361E-01     0.00000E+00     0.00000E+00
     0.25034E+01     0.18361E-01     0.00000E+00     0.00000E+00
     0.25564E+01     0.18361E-01     0.00000E+00     0.00000E+00
     0.26093E+01     0.18361E-01     0.00000E+00     0.00000E+00
     0.26623E+01     0.18361E-01     0.00000E+00     0.00000E+00
     0.27021E+01     0.18361E-01     0.00000E+00     0.00000E+00
     0.27551E+01     0.18361E-01     0.00000E+00     0.00000E+00
     0.28080E+01     0.18361E-01     0.00000E+00     0.00000E+00
     0.28610E+01     0.18361E-01     0.00000E+00     0.00000E+00
     0.29008E+01     0.18361E-01     0.00000E+00     0.00000E+00
     0.29538E+01     0.18361E-01     0.00000E+00     0.00000E+00
     0.30067E+01     0.18361E-01     0.00000E+00     0.00000E+00
     0.30597E+01     0.18361E-01     0.00000E+00     0.00000E+00
     0.31127E+01     0.18361E-01     0.00000E+00     0.00000E+00
     0.31524E+01     0.18361E-01     0.00000E+00     0.00000E+00
     0.32054E+01     0.18361E-01     0.00000E+00     0.00000E+00
     0.32584E+01     0.18361E-01     0.00000E+00     0.00000E+00
     0.33114E+01     0.18361E-01     0.00000E+00     0.00000E+00
     0.33511E+01     0.18361E-01     0.00000E+00     0.00000E+00
     0.34041E+01     0.18361E-01     0.00000E+00     0.00000E+00
     0.34571E+01     0.18361E-01     0.00000E+00     0.00000E+00
     0.35101E+01     0.18361E-01     0.00000E+00     0.00000E+00
     0.35631E+01     0.18361E-01     0.00000E+00     0.00000E+00
     0.36028E+01     0.18361E-01     0.00000E+00     0.00000E+00
     0.36558E+01     0.18361E-01     0.00000E+00     0.00000E+00
     0.37088E+01     0.18361E-01     0.00000E+00     0.00000E+00
     0.37618E+01     0.18361E-01     0.00000E+00     0.00000E+00
     0.38015E+01     0.18361E-01     0.00000E+00     0.00000E+00
     0.38545E+01     0.18361E-01     0.00000E+00     0.00000E+00
     0.39075E+01     0.18361E-01     0.00000E+00     0.00000E+00
     0.39605E+01     0.18361E-01     0.00000E+00     0.00000E+00
     0.40002E+01     0.18361E-01     0.00000E+00     0.00000E+00
     0.40532E+01     0.18361E-01     0.00000E+00     0.00000E+00
     0.41062E+01     0.18361E-01     0.00000E+00     0.00000E+00
     0.41592E+01     0.18361E-01     0.00000E+00     0.00000E+00
     0.42122E+01     0.18361E-01     0.00000E+00     0.00000E+00
     0.42519E+01     0.18361E-01     0.00000E+00     0.00000E+00
     0.43049E+01     0.18361E-01     0.00000E+00     0.00000E+00
     0.43579E+01     0.18361E-01     0.00000E+00     0.00000E+00
     0.44109E+01     0.18361E-01     0.00000E+00     0.00000E+00
     0.44506E+01     0.18361E-01     0.00000E+00     0.00000E+00
     0.45036E+01     0.18361E-01     0.00000E+00     0.00000E+00
     0.45566E+01     0.18361E-01     0.00000E+00     0.00000E+00
     0.46096E+01     0.18361E-01     0.00000E+00     0.00000E+00
     0.46626E+01     0.18361E-01     0.00000E+00     0.00000E+00
     0.47023E+01     0.18361E-01     0.00000E+00     0.00000E+00
     0.47553E+01     0.18361E-01     0.00000E+00     0.00000E+00
     0.48083E+01     0.18361E-01     0.00000E+00     0.00000E+00
     0.48613E+01     0.18361E-01     0.00000E+00     0.00000E+00
     0.49010E+01     0.18361E-01     0.00000E+00     0.00000E+00
     0.49540E+01     0.18361E-01     0.00000E+00     0.00000E+00
     0.50070E+01     0.18361E-01     0.00000E+00     0.00000E+00
     0.50600E+01     0.18361E-01     0.00000E+00     0.00000E+00
     0.51130E+01     0.18361E-01     0.00000E+00     0.00000E+00
     0.51527E+01     0.18361E-01     0.00000E+00     0.00000E+00
     0.52057E+01     0.18361E-01     0.00000E+00     0.00000E+00
     0.52587E+01     0.18361E-01     0.00000E+00     0.00000E+00
     0.53117E+01     0.18361E-01     0.00000E+00     0.00000E+00
     0.53515E+01     0.18361E-01     0.00000E+00     0.00000E+00
     0.54044E+01     0.18361E-01     0.00000E+00     0.00000E+00
     0.54574E+01     0.18361E-01     0.00000E+00     0.00000E+00
     0.55104E+01     0.18361E-01     0.00000E+00     0.00000E+00
     0.55502E+01     0.18361E-01     0.00000E+00     0.00000E+00
     0.56032E+01     0.18361E-01     0.00000E+00     0.00000E+00
     0.56561E+01     0.18361E-01     0.00000E+00     0.00000E+00
     0.57091E+01     0.18361E-01     0.00000E+00     0.00000E+00
     0.57621E+01     0.18361E-01     0.00000E+00     0.00000E+00
     0.58019E+01     0.18361E-01     0.00000E+00     0.00000E+00
     0.58549E+01     0.18361E-01     0.00000E+00     0.00000E+00
     0.59078E+01     0.18361E-01     0.00000E+00     0.00000E+00
     0.59608E+01     0.18361E-01     0.00000E+00     0.00000E+00
     0.60006E+01     0.18361E-01     0.00000E+00     0.00000E+00
     0.60536E+01     0.18361E-01     0.00000E+00     0.00000E+00
     0.61066E+01     0.18361E-01     0.00000E+00     0.00000E+00
     0.61596E+01     0.18361E-01     0.00000E+00     0.00000E+00
     0.62125E+01     0.18361E-01     0.00000E+00     0.00000E+00
     0.62523E+01     0.18361E-01     0.00000E+00     0.00000E+00
     0.63053E+01     0.18361E-01     0.00000E+00     0.00000E+00
     0.63583E+01     0.18361E-01     0.00000E+00     0.00000E+00
     0.64113E+01     0.18361E-01     0.00000E+00     0.00000E+00
     0.64510E+01     0.18361E-01     0.00000E+00     0.00000E+00
     0.65040E+01     0.18361E-01     0.00000E+00     0.00000E+00
     0.65570E+01     0.18361E-01     0.00000E+00     0.00000E+00
     0.66099E+01     0.18361E-01     0.00000E+00     0.00000E+00
     0.66629E+01     0.18734E-01     0.79877E-01    -0.26914E-01
     0.67026E+01     0.19343E-01     0.12369E+00    -0.31696E-01
     0.67556E+01     0.20396E-01     0.14365E+00    -0.26893E-01
     0.68085E+01     0.21724E-01     0.15298E+00    -0.17208E-01
     0.68614E+01     0.23317E-01     0.15695E+00    -0.48437E-02
     0.69011E+01     0.24599E-01     0.15393E+00     0.39334E-02
     0.69540E+01     0.26331E-01     0.13143E+00     0.12746E-01
     0.70068E+01     0.27919E-01     0.92304E-01     0.19552E-01
     0.70596E+01     0.29267E-01     0.65160E-01     0.23499E-01
     0.71124E+01     0.30267E-01     0.44560E-01     0.23815E-01
     0.71519E+01     0.30798E-01     0.35117E-01     0.21979E-01
     0.72047E+01     0.31203E-01     0.29866E-01     0.15972E-01
     0.72574E+01     0.31472E-01     0.28545E-01     0.88915E-02
     0.73101E+01     0.31678E-01     0.28772E-01     0.21916E-02
     0.73628E+01     0.31871E-01     0.28795E-01    -0.22724E-02
     0.74023E+01     0.31943E-01     0.27479E-01    -0.33935E-02
     0.74549E+01     0.31959E-01     0.22398E-01    -0.26286E-02
     0.75075E+01     0.31876E-01     0.12784E-01    -0.60021E-03
     0.75601E+01     0.31686E-01    -0.24008E-02     0.56676E-03
     0.76127E+01     0.31334E-01    -0.23120E-01    -0.45683E-03
     0.76521E+01     0.30960E-01    -0.42383E-01    -0.18015E-02
     0.77046E+01     0.30308E-01    -0.73895E-01    -0.23357E-02
     0.77572E+01     0.29418E-01    -0.11364E+00    -0.81232E-04
     0.78097E+01     0.28162E-01    -0.16262E+00     0.36716E-02
     0.78622E+01     0.26336E-01    -0.20210E+00     0.81473E-02
     0.79016E+01     0.24456E-01    -0.21216E+00     0.10614E-01
     0.79540E+01     0.22233E-01    -0.21489E+00     0.10113E-01
     0.80065E+01     0.20474E-01    -0.23257E+00     0.69078E-02
     0.80590E+01     0.19074E-01    -0.31598E+00     0.80325E-03
     0.81114E+01     0.17929E-01    -0.38991E+00    -0.62034E-04
     0.81508E+01     0.17171E-01    -0.38816E+00     0.29527E-04
     0.82032E+01     0.17369E-01     0.00000E+00     0.00000E+00
     0.82556E+01     0.17369E-01     0.00000E+00     0.00000E+00
     0.83081E+01     0.17369E-01     0.00000E+00     0.00000E+00
     0.83605E+01     0.17369E-01     0.00000E+00     0.00000E+00
     0.84129E+01     0.17369E-01     0.00000E+00     0.00000E+00
     0.84522E+01     0.17369E-01     0.00000E+00     0.00000E+00
     0.85047E+01     0.17369E-01     0.00000E+00     0.00000E+00
     0.85571E+01     0.17369E-01     0.00000E+00     0.00000E+00
     0.86095E+01     0.17369E-01     0.00000E+00     0.00000E+00
     0.86620E+01     0.17369E-01     0.00000E+00     0.00000E+00
     0.87013E+01     0.17369E-01     0.00000E+00     0.00000E+00
     0.87537E+01     0.17369E-01     0.00000E+00     0.00000E+00
     0.88062E+01     0.17369E-01     0.00000E+00     0.00000E+00
     0.88587E+01     0.17369E-01     0.00000E+00     0.00000E+00
     0.89111E+01     0.17369E-01     0.00000E+00     0.00000E+00
     0.89505E+01     0.17369E-01     0.00000E+00     0.00000E+00
     0.90030E+01     0.17369E-01     0.00000E+00     0.00000E+00
     0.90555E+01     0.17369E-01     0.00000E+00     0.00000E+00
     0.91081E+01     0.17369E-01     0.00000E+00     0.00000E+00
     0.91606E+01     0.17369E-01     0.00000E+00     0.00000E+00
     0.92000E+01     0.17369E-01     0.00000E+00     0.00000E+00
     0.92526E+01     0.17369E-01     0.00000E+00     0.00000E+00
     0.93052E+01     0.17369E-01     0.00000E+00     0.00000E+00
     0.93579E+01     0.17369E-01     0.00000E+00     0.00000E+00
     0.94105E+01     0.17369E-01     0.00000E+00     0.00000E+00
     0.94500E+01     0.17369E-01     0.00000E+00     0.00000E+00
     0.95027E+01     0.17369E-01     0.00000E+00     0.00000E+00
     0.95554E+01     0.17369E-01     0.00000E+00     0.00000E+00
     0.96081E+01     0.17369E-01     0.00000E+00     0.00000E+00
     0.96609E+01     0.17369E-01     0.00000E+00     0.00000E+00
     0.97005E+01     0.17369E-01     0.00000E+00     0.00000E+00
     0.97533E+01     0.17369E-01     0.00000E+00     0.00000E+00
     0.98061E+01     0.17369E-01     0.00000E+00     0.00000E+00
     0.98590E+01     0.17369E-01     0.00000E+00     0.00000E+00
     0.99119E+01     0.17369E-01     0.00000E+00     0.00000E+00
     0.99515E+01     0.17369E-01     0.00000E+00     0.00000E+00
     0.10004E+02     0.17369E-01     0.00000E+00     0.00000E+00
     0.10057E+02     0.17369E-01     0.00000E+00     0.00000E+00
     0.10110E+02     0.17369E-01     0.00000E+00     0.00000E+00
     0.10150E+02     0.17369E-01     0.00000E+00     0.00000E+00
     0.10203E+02     0.17369E-01     0.00000E+00     0.00000E+00
     0.10256E+02     0.17369E-01     0.00000E+00     0.00000E+00
     0.10309E+02     0.17369E-01     0.00000E+00     0.00000E+00
     0.10362E+02     0.17369E-01     0.00000E+00     0.00000E+00
     0.10402E+02     0.17369E-01     0.00000E+00     0.00000E+00
     0.10455E+02     0.17369E-01     0.00000E+00     0.00000E+00
     0.10508E+02     0.17369E-01     0.00000E+00     0.00000E+00
     0.10561E+02     0.17369E-01     0.00000E+00     0.00000E+00
     0.10601E+02     0.17369E-01     0.00000E+00     0.00000E+00
     0.10654E+02     0.17369E-01     0.00000E+00     0.00000E+00
     0.10707E+02     0.17369E-01     0.00000E+00     0.00000E+00
     0.10760E+02     0.17369E-01     0.00000E+00     0.00000E+00
     0.10813E+02     0.17369E-01     0.00000E+00     0.00000E+00
     0.10852E+02     0.17369E-01     0.00000E+00     0.00000E+00
     0.10905E+02     0.17369E-01     0.00000E+00     0.00000E+00
     0.10958E+02     0.17369E-01     0.00000E+00     0.00000E+00
     0.11011E+02     0.17369E-01     0.00000E+00     0.00000E+00
     0.11051E+02     0.17369E-01     0.00000E+00     0.00000E+00
     0.11104E+02     0.17369E-01     0.00000E+00     0.00000E+00
     0.11157E+02     0.17369E-01     0.00000E+00     0.00000E+00
     0.11210E+02     0.17369E-01     0.00000E+00     0.00000E+00
     0.11263E+02     0.17369E-01     0.00000E+00     0.00000E+00
     0.11303E+02     0.17369E-01     0.00000E+00     0.00000E+00
     0.11356E+02     0.17369E-01     0.00000E+00     0.00000E+00
     0.11409E+02     0.17369E-01     0.00000E+00     0.00000E+00
     0.11462E+02     0.17369E-01     0.00000E+00     0.00000E+00
     0.11502E+02     0.17369E-01     0.00000E+00     0.00000E+00
     0.11555E+02     0.17369E-01     0.00000E+00     0.00000E+00
     0.11608E+02     0.17369E-01     0.00000E+00     0.00000E+00
     0.11661E+02     0.17369E-01     0.00000E+00     0.00000E+00
     0.11701E+02     0.17369E-01     0.00000E+00     0.00000E+00
     0.11754E+02     0.17369E-01     0.00000E+00     0.00000E+00
     0.11807E+02     0.17369E-01     0.00000E+00     0.00000E+00
     0.11860E+02     0.17369E-01     0.00000E+00     0.00000E+00
     0.11913E+02     0.17369E-01     0.00000E+00     0.00000E+00
     0.11952E+02     0.17369E-01     0.00000E+00     0.00000E+00
     0.12005E+02     0.17369E-01     0.00000E+00     0.00000E+00
     0.12058E+02     0.17369E-01     0.00000E+00     0.00000E+00
     0.12111E+02     0.17369E-01     0.00000E+00     0.00000E+00
     0.12151E+02     0.17369E-01     0.00000E+00     0.00000E+00
     0.12204E+02     0.17369E-01     0.00000E+00     0.00000E+00
     0.12257E+02     0.17369E-01     0.00000E+00     0.00000E+00
     0.12310E+02     0.17369E-01     0.00000E+00     0.00000E+00
     0.12363E+02     0.17369E-01     0.00000E+00     0.00000E+00
     0.12403E+02     0.17369E-01     0.00000E+00     0.00000E+00
     0.12456E+02     0.17369E-01     0.00000E+00     0.00000E+00
     0.12509E+02     0.17369E-01     0.00000E+00     0.00000E+00
     0.12562E+02     0.17369E-01     0.00000E+00     0.00000E+00
     0.12602E+02     0.17369E-01     0.00000E+00     0.00000E+00
     0.12655E+02     0.17369E-01     0.00000E+00     0.00000E+00
     0.12708E+02     0.17369E-01     0.00000E+00     0.00000E+00
     0.12761E+02     0.17369E-01     0.00000E+00     0.00000E+00
     0.12800E+02     0.17369E-01     0.00000E+00     0.00000E+00
     0.12853E+02     0.17369E-01     0.00000E+00     0.00000E+00
     0.12906E+02     0.17369E-01     0.00000E+00     0.00000E+00
     0.12959E+02     0.17369E-01     0.00000E+00     0.00000E+00
     0.13012E+02     0.17369E-01     0.00000E+00     0.00000E+00
     0.13052E+02     0.17369E-01     0.00000E+00     0.00000E+00
     0.13105E+02     0.17369E-01     0.00000E+00     0.00000E+00
     0.13158E+02     0.17369E-01     0.00000E+00     0.00000E+00
     0.13211E+02     0.17369E-01     0.00000E+00     0.00000E+00
     0.13251E+02     0.17369E-01     0.00000E+00     0.00000E+00
     0.13304E+02     0.17369E-01     0.00000E+00     0.00000E+00
     0.13357E+02     0.17369E-01     0.00000E+00     0.00000E+00
     0.13410E+02     0.17369E-01     0.00000E+00     0.00000E+00
     0.13463E+02     0.17369E-01     0.00000E+00     0.00000E+00
     0.13503E+02     0.17369E-01     0.00000E+00     0.00000E+00
     0.13556E+02     0.17369E-01     0.00000E+00     0.00000E+00
     0.13609E+02     0.17369E-01     0.00000E+00     0.00000E+00
     0.13662E+02     0.17369E-01     0.00000E+00     0.00000E+00
     0.13702E+02     0.17369E-01     0.00000E+00     0.00000E+00
     0.13755E+02     0.17369E-01     0.00000E+00     0.00000E+00
     0.13808E+02     0.17369E-01     0.00000E+00     0.00000E+00
     0.13861E+02     0.17369E-01     0.00000E+00     0.00000E+00
     0.13901E+02     0.17369E-01     0.00000E+00     0.00000E+00
     0.13954E+02     0.17369E-01     0.00000E+00     0.00000E+00
     0.14007E+02     0.17369E-01     0.00000E+00     0.00000E+00
     0.14060E+02     0.17369E-01     0.00000E+00     0.00000E+00
     0.14113E+02     0.17369E-01     0.00000E+00     0.00000E+00
     0.14153E+02     0.17369E-01     0.00000E+00     0.00000E+00
     0.14206E+02     0.17369E-01     0.00000E+00     0.00000E+00
     0.14259E+02     0.17369E-01     0.00000E+00     0.00000E+00
     0.14312E+02     0.17369E-01     0.00000E+00     0.00000E+00
     0.14352E+02     0.17369E-01     0.00000E+00     0.00000E+00
     0.14405E+02     0.17369E-01     0.00000E+00     0.00000E+00
     0.14459E+02     0.17369E-01     0.00000E+00     0.00000E+00
     0.14512E+02     0.17369E-01     0.00000E+00     0.00000E+00
     0.14552E+02     0.17369E-01     0.00000E+00     0.00000E+00
     0.14605E+02     0.17369E-01     0.00000E+00     0.00000E+00
     0.14659E+02     0.17369E-01     0.00000E+00     0.00000E+00
     0.14712E+02     0.17369E-01     0.00000E+00     0.00000E+00
     0.14752E+02     0.17369E-01     0.00000E+00     0.00000E+00
     0.14806E+02     0.17369E-01     0.00000E+00     0.00000E+00
     0.14859E+02     0.17369E-01     0.00000E+00     0.00000E+00
     0.14912E+02     0.17369E-01     0.00000E+00     0.00000E+00
     0.14952E+02     0.17369E-01     0.00000E+00     0.00000E+00
     0.15006E+02     0.17369E-01     0.00000E+00     0.00000E+00
     0.15059E+02     0.17369E-01     0.00000E+00     0.00000E+00
     0.15113E+02     0.17369E-01     0.00000E+00     0.00000E+00
     0.15153E+02     0.17369E-01     0.00000E+00     0.00000E+00
     0.15207E+02     0.17369E-01     0.00000E+00     0.00000E+00
     0.15261E+02     0.17369E-01     0.00000E+00     0.00000E+00
     0.15301E+02     0.17369E-01     0.00000E+00     0.00000E+00
     0.15355E+02     0.17369E-01     0.00000E+00     0.00000E+00
     0.15408E+02     0.17369E-01     0.00000E+00     0.00000E+00
     0.15462E+02     0.17369E-01     0.00000E+00     0.00000E+00
     0.15502E+02     0.17369E-01     0.00000E+00     0.00000E+00
     0.15555E+02     0.17369E-01     0.00000E+00     0.00000E+00
     0.15609E+02     0.17369E-01     0.00000E+00     0.00000E+00
     0.15662E+02     0.17369E-01     0.00000E+00     0.00000E+00
     0.15702E+02     0.17369E-01     0.00000E+00     0.00000E+00
     0.15755E+02     0.17369E-01     0.00000E+00     0.00000E+00
     0.15809E+02     0.17369E-01     0.00000E+00     0.00000E+00
     0.15862E+02     0.17369E-01     0.00000E+00     0.00000E+00
     0.15902E+02     0.17369E-01     0.00000E+00     0.00000E+00
     0.15955E+02     0.17369E-01     0.00000E+00     0.00000E+00
     0.16008E+02     0.17369E-01     0.00000E+00     0.00000E+00
     0.16061E+02     0.17369E-01     0.00000E+00     0.00000E+00
     0.16101E+02     0.17369E-01     0.00000E+00     0.00000E+00
     0.16154E+02     0.17369E-01     0.00000E+00     0.00000E+00
     0.16207E+02     0.17369E-01     0.00000E+00     0.00000E+00
     0.16260E+02     0.17369E-01     0.00000E+00     0.00000E+00
     0.16313E+02     0.17369E-01     0.00000E+00     0.00000E+00
     0.16353E+02     0.17369E-01     0.00000E+00     0.00000E+00
     0.16406E+02     0.17369E-01     0.00000E+00     0.00000E+00
     0.16459E+02     0.17369E-01     0.00000E+00     0.00000E+00
     0.16512E+02     0.17369E-01     0.00000E+00     0.00000E+00
     0.16552E+02     0.17369E-01     0.00000E+00     0.00000E+00
     0.16605E+02     0.17369E-01     0.00000E+00     0.00000E+00
     0.16658E+02     0.17369E-01     0.00000E+00     0.00000E+00
     0.16711E+02     0.17369E-01     0.00000E+00     0.00000E+00
     0.16751E+02     0.17369E-01     0.00000E+00     0.00000E+00
     0.16804E+02     0.17369E-01     0.00000E+00     0.00000E+00
     0.16857E+02     0.17369E-01     0.00000E+00     0.00000E+00
     0.16910E+02     0.17369E-01     0.00000E+00     0.00000E+00
     0.16963E+02     0.17369E-01     0.00000E+00     0.00000E+00
     0.17003E+02     0.17369E-01     0.00000E+00     0.00000E+00
     0.17056E+02     0.17369E-01     0.00000E+00     0.00000E+00
     0.17109E+02     0.17369E-01     0.00000E+00     0.00000E+00
     0.17162E+02     0.17369E-01     0.00000E+00     0.00000E+00
     0.17202E+02     0.17369E-01     0.00000E+00     0.00000E+00
     0.17255E+02     0.17369E-01     0.00000E+00     0.00000E+00
     0.17308E+02     0.17369E-01     0.00000E+00     0.00000E+00
     0.17361E+02     0.17369E-01     0.00000E+00     0.00000E+00
     0.17401E+02     0.17369E-01     0.00000E+00     0.00000E+00
     0.17454E+02     0.17369E-01     0.00000E+00     0.00000E+00
     0.17508E+02     0.17369E-01     0.00000E+00     0.00000E+00
     0.17561E+02     0.17369E-01     0.00000E+00     0.00000E+00
     0.17601E+02     0.17369E-01     0.00000E+00     0.00000E+00
     0.17654E+02     0.17369E-01     0.00000E+00     0.00000E+00
     0.17707E+02     0.17369E-01     0.00000E+00     0.00000E+00
     0.17760E+02     0.17369E-01     0.00000E+00     0.00000E+00
     0.17813E+02     0.17369E-01     0.00000E+00     0.00000E+00
     0.17853E+02     0.17369E-01     0.00000E+00     0.00000E+00
     0.17906E+02     0.17369E-01     0.00000E+00     0.00000E+00
     0.17959E+02     0.17369E-01     0.00000E+00     0.00000E+00
     0.18013E+02     0.17369E-01     0.00000E+00     0.00000E+00
     0.18053E+02     0.17369E-01     0.00000E+00     0.00000E+00
     0.18106E+02     0.17369E-01     0.00000E+00     0.00000E+00
     0.18159E+02     0.17369E-01     0.00000E+00     0.00000E+00
     0.18212E+02     0.17369E-01     0.00000E+00     0.00000E+00
     0.18252E+02     0.17369E-01     0.00000E+00     0.00000E+00
     0.18305E+02     0.17369E-01     0.00000E+00     0.00000E+00
     0.18358E+02     0.17369E-01     0.00000E+00     0.00000E+00
     0.18411E+02     0.17369E-01     0.00000E+00     0.00000E+00
     0.18451E+02     0.17369E-01     0.00000E+00     0.00000E+00
     0.18504E+02     0.17369E-01     0.00000E+00     0.00000E+00
     0.18558E+02     0.17369E-01     0.00000E+00     0.00000E+00
     0.18611E+02     0.17369E-01     0.00000E+00     0.00000E+00
     0.18651E+02     0.17369E-01     0.00000E+00     0.00000E+00
     0.18704E+02     0.17369E-01     0.00000E+00     0.00000E+00
     0.18757E+02     0.17369E-01     0.00000E+00     0.00000E+00
     0.18810E+02     0.17369E-01     0.00000E+00     0.00000E+00
     0.18863E+02     0.17369E-01     0.00000E+00     0.00000E+00
     0.18903E+02     0.17369E-01     0.00000E+00     0.00000E+00
     0.18956E+02     0.17369E-01     0.00000E+00     0.00000E+00
     0.19009E+02     0.17369E-01     0.00000E+00     0.00000E+00
     0.19062E+02     0.17369E-01     0.00000E+00     0.00000E+00
     0.19102E+02     0.17369E-01     0.00000E+00     0.00000E+00
     0.19155E+02     0.17369E-01     0.00000E+00     0.00000E+00
     0.19208E+02     0.17369E-01     0.00000E+00     0.00000E+00
     0.19261E+02     0.17369E-01     0.00000E+00     0.00000E+00
     0.19301E+02     0.17369E-01     0.00000E+00     0.00000E+00
     0.19354E+02     0.17369E-01     0.00000E+00     0.00000E+00
     0.19407E+02     0.17369E-01     0.00000E+00     0.00000E+00
     0.19460E+02     0.17369E-01     0.00000E+00     0.00000E+00
     0.19500E+02     0.17369E-01     0.00000E+00     0.00000E+00
     0.19553E+02     0.17369E-01     0.00000E+00     0.00000E+00
     0.19606E+02     0.17369E-01     0.00000E+00     0.00000E+00
     0.19659E+02     0.17369E-01     0.00000E+00     0.00000E+00
     0.19712E+02     0.17369E-01     0.00000E+00     0.00000E+00
     0.19752E+02     0.17369E-01     0.00000E+00     0.00000E+00
     0.19805E+02     0.17369E-01     0.00000E+00     0.00000E+00
     0.19858E+02     0.17369E-01     0.00000E+00     0.00000E+00
     0.19911E+02     0.17369E-01     0.00000E+00     0.00000E+00
     0.19951E+02     0.17369E-01     0.00000E+00     0.00000E+00
     0.20004E+02     0.17369E-01     0.00000E+00     0.00000E+00
     0.20057E+02     0.17369E-01     0.00000E+00     0.00000E+00
     0.20110E+02     0.17369E-01     0.00000E+00     0.00000E+00
     0.20163E+02     0.17369E-01     0.00000E+00     0.00000E+00
     0.20202E+02     0.17369E-01     0.00000E+00     0.00000E+00
     0.20255E+02     0.17369E-01     0.00000E+00     0.00000E+00
     0.20308E+02     0.17369E-01     0.00000E+00     0.00000E+00
     0.20361E+02     0.17369E-01     0.00000E+00     0.00000E+00
     0.20401E+02     0.17369E-01     0.00000E+00     0.00000E+00
     0.20454E+02     0.17369E-01     0.00000E+00     0.00000E+00
     0.20507E+02     0.17369E-01     0.00000E+00     0.00000E+00
     0.20560E+02     0.17369E-01     0.00000E+00     0.00000E+00
     0.20613E+02     0.17369E-01     0.00000E+00     0.00000E+00
     0.20652E+02     0.17369E-01     0.00000E+00     0.00000E+00
     0.20705E+02     0.17369E-01     0.00000E+00     0.00000E+00
     0.20758E+02     0.17369E-01     0.00000E+00     0.00000E+00
     0.20811E+02     0.17369E-01     0.00000E+00     0.00000E+00
     0.20851E+02     0.17369E-01     0.00000E+00     0.00000E+00
     0.20904E+02     0.17369E-01     0.00000E+00     0.00000E+00
     0.20957E+02     0.17369E-01     0.00000E+00     0.00000E+00
     0.21010E+02     0.17369E-01     0.00000E+00     0.00000E+00
     0.21063E+02     0.17369E-01     0.00000E+00     0.00000E+00
     0.21102E+02     0.17369E-01     0.00000E+00     0.00000E+00
     0.21155E+02     0.17369E-01     0.00000E+00     0.00000E+00
     0.21208E+02     0.17369E-01     0.00000E+00     0.00000E+00
     0.21261E+02     0.17369E-01     0.00000E+00     0.00000E+00
     0.21301E+02     0.17369E-01     0.00000E+00     0.00000E+00
     0.21354E+02     0.17369E-01     0.00000E+00     0.00000E+00
     0.21407E+02     0.17369E-01     0.00000E+00     0.00000E+00
     0.21459E+02     0.17369E-01     0.00000E+00     0.00000E+00
     0.21512E+02     0.17369E-01     0.00000E+00     0.00000E+00
     0.21552E+02     0.17369E-01     0.00000E+00     0.00000E+00
     0.21605E+02     0.17369E-01     0.00000E+00     0.00000E+00
     0.21658E+02     0.17369E-01     0.00000E+00     0.00000E+00
     0.21710E+02     0.17369E-01     0.00000E+00     0.00000E+00
     0.21763E+02     0.17369E-01     0.00000E+00     0.00000E+00
     0.21803E+02     0.17369E-01     0.00000E+00     0.00000E+00
     0.21856E+02     0.17369E-01     0.00000E+00     0.00000E+00
     0.21908E+02     0.17369E-01     0.00000E+00     0.00000E+00
     0.21961E+02     0.17369E-01     0.00000E+00     0.00000E+00
     0.22001E+02     0.17369E-01     0.00000E+00     0.00000E+00
     0.22054E+02     0.17369E-01     0.00000E+00     0.00000E+00
     0.22106E+02     0.17369E-01     0.00000E+00     0.00000E+00
     0.22159E+02     0.17369E-01     0.00000E+00     0.00000E+00
     0.22212E+02     0.17369E-01     0.00000E+00     0.00000E+00
     0.22252E+02     0.17369E-01     0.00000E+00     0.00000E+00
     0.22304E+02     0.17369E-01     0.00000E+00     0.00000E+00
     0.22357E+02     0.17369E-01     0.00000E+00     0.00000E+00
     0.22410E+02     0.17369E-01     0.00000E+00     0.00000E+00
     0.22463E+02     0.17369E-01     0.00000E+00     0.00000E+00
     0.22503E+02     0.17369E-01     0.00000E+00     0.00000E+00
     0.22555E+02     0.17369E-01     0.00000E+00     0.00000E+00
     0.22608E+02     0.17369E-01     0.00000E+00     0.00000E+00
     0.22661E+02     0.17369E-01     0.00000E+00     0.00000E+00
     0.22701E+02     0.17369E-01     0.00000E+00     0.00000E+00
     0.22754E+02     0.17369E-01     0.00000E+00     0.00000E+00
     0.22806E+02     0.17369E-01     0.00000E+00     0.00000E+00
     0.22859E+02     0.17369E-01     0.00000E+00     0.00000E+00
     0.22912E+02     0.17369E-01     0.00000E+00     0.00000E+00
     0.22952E+02     0.17369E-01     0.00000E+00     0.00000E+00
     0.23005E+02     0.17369E-01     0.00000E+00     0.00000E+00
     0.23058E+02     0.17369E-01     0.00000E+00     0.00000E+00
     0.23111E+02     0.17369E-01     0.00000E+00     0.00000E+00
     0.23150E+02     0.17369E-01     0.00000E+00     0.00000E+00
     0.23203E+02     0.17369E-01     0.00000E+00     0.00000E+00
     0.23256E+02     0.17369E-01     0.00000E+00     0.00000E+00
     0.23309E+02     0.17369E-01     0.00000E+00     0.00000E+00
     0.23362E+02     0.17369E-01     0.00000E+00     0.00000E+00
     0.23402E+02     0.17369E-01     0.00000E+00     0.00000E+00
     0.23455E+02     0.17369E-01     0.00000E+00     0.00000E+00
     0.23508E+02     0.17369E-01     0.00000E+00     0.00000E+00
     0.23561E+02     0.17369E-01     0.00000E+00     0.00000E+00
     0.23601E+02     0.17369E-01     0.00000E+00     0.00000E+00
     0.23654E+02     0.17369E-01     0.00000E+00     0.00000E+00
     0.23707E+02     0.17369E-01     0.00000E+00     0.00000E+00
     0.23760E+02     0.17369E-01     0.00000E+00     0.00000E+00
     0.23813E+02     0.17369E-01     0.00000E+00     0.00000E+00
     0.23853E+02     0.17369E-01     0.00000E+00     0.00000E+00
     0.23906E+02     0.17369E-01     0.00000E+00     0.00000E+00
     0.23959E+02     0.17369E-01     0.00000E+00     0.00000E+00
     0.24013E+02     0.17369E-01     0.00000E+00     0.00000E+00
     0.24052E+02     0.17369E-01     0.00000E+00     0.00000E+00
     0.24106E+02     0.17369E-01     0.00000E+00     0.00000E+00
     0.24159E+02     0.17369E-01     0.00000E+00     0.00000E+00
     0.24212E+02     0.17369E-01     0.00000E+00     0.00000E+00
     0.24252E+02     0.17369E-01     0.00000E+00     0.00000E+00
     0.24305E+02     0.17369E-01     0.00000E+00     0.00000E+00
     0.24358E+02     0.17369E-01     0.00000E+00     0.00000E+00
     0.24411E+02     0.17369E-01     0.00000E+00     0.00000E+00
     0.24451E+02     0.17369E-01     0.00000E+00     0.00000E+00
     0.24504E+02     0.17369E-01     0.00000E+00     0.00000E+00
     0.24557E+02     0.17369E-01     0.00000E+00     0.00000E+00
     0.24610E+02     0.17369E-01     0.00000E+00     0.00000E+00
     0.24650E+02     0.17369E-01     0.00000E+00     0.00000E+00
     0.24703E+02     0.17369E-01     0.00000E+00     0.00000E+00
     0.24757E+02     0.17369E-01     0.00000E+00     0.00000E+00
     0.24810E+02     0.17369E-01     0.00000E+00     0.00000E+00
     0.24863E+02     0.17369E-01     0.00000E+00     0.00000E+00
     0.24903E+02     0.17369E-01     0.00000E+00     0.00000E+00
     0.24956E+02     0.17369E-01     0.00000E+00     0.00000E+00
     0.25009E+02     0.17369E-01     0.00000E+00     0.00000E+00
