     0.13235E-01     0.34315E-07     0.19443E-06    -0.20609E-10
     0.52978E-01     0.36682E-07     0.20387E-06    -0.30771E-09
     0.10597E+00     0.40088E-07     0.21725E-06    -0.11362E-08
     0.15896E+00     0.43828E-07     0.23249E-06    -0.24433E-08
     0.21194E+00     0.47971E-07     0.25063E-06    -0.41841E-08
     0.25168E+00     0.51391E-07     0.26675E-06    -0.57892E-08
     0.30466E+00     0.56448E-07     0.29242E-06    -0.83678E-08
     0.35764E+00     0.62180E-07     0.32378E-06    -0.11531E-07
     0.41062E+00     0.68717E-07     0.36184E-06    -0.15328E-07
     0.45035E+00     0.74235E-07     0.39545E-06    -0.18531E-07
     0.50333E+00     0.82543E-07     0.44799E-06    -0.22859E-07
     0.55631E+00     0.92112E-07     0.51061E-06    -0.27052E-07
     0.60928E+00     0.10315E-06     0.58484E-06    -0.30572E-07
     0.66226E+00     0.11589E-06     0.67239E-06    -0.32808E-07
     0.70199E+00     0.12671E-06     0.74789E-06    -0.33691E-07
     0.75497E+00     0.14308E-06     0.86324E-06    -0.34147E-07
     0.80795E+00     0.16195E-06     0.99712E-06    -0.34730E-07
     0.86092E+00     0.18365E-06     0.11513E-05    -0.36685E-07
     0.90066E+00     0.20200E-06     0.12811E-05    -0.39588E-07
     0.95364E+00     0.22950E-06     0.14741E-05    -0.45593E-07
     0.10066E+01     0.26077E-06     0.16903E-05    -0.54232E-07
     0.10596E+01     0.29614E-06     0.19299E-05    -0.65551E-07
     0.11126E+01     0.33590E-06     0.21923E-05    -0.79251E-07
     0.11523E+01     0.36877E-06     0.24034E-05    -0.90695E-07
     0.12053E+01     0.41687E-06     0.27028E-05    -0.10685E-06
     0.12583E+01     0.47007E-06     0.30216E-05    -0.12313E-06
     0.13113E+01     0.52860E-06     0.33588E-05    -0.13874E-06
     0.13510E+01     0.57618E-06     0.36237E-05    -0.14966E-06
     0.14040E+01     0.64479E-06     0.39941E-05    -0.16289E-06
     0.14570E+01     0.71974E-06     0.43869E-05    -0.17417E-06
     0.15099E+01     0.80162E-06     0.48068E-05    -0.18376E-06
     0.15629E+01     0.89118E-06     0.52610E-05    -0.19203E-06
     0.16027E+01     0.96396E-06     0.56299E-05    -0.19764E-06
     0.16556E+01     0.10694E-05     0.61688E-05    -0.20473E-06
     0.17086E+01     0.11856E-05     0.67734E-05    -0.21099E-06
     0.17616E+01     0.13142E-05     0.74574E-05    -0.21769E-06
     0.18013E+01     0.14197E-05     0.80306E-05    -0.22495E-06
     0.18543E+01     0.15742E-05     0.88852E-05    -0.23925E-06
     0.19073E+01     0.17461E-05     0.98540E-05    -0.25977E-06
     0.19603E+01     0.19378E-05     0.10949E-04    -0.28741E-06
     0.20000E+01     0.20958E-05     0.11859E-04    -0.31335E-06
     0.20530E+01     0.23277E-05     0.13202E-04    -0.35557E-06
     0.21060E+01     0.25864E-05     0.14706E-04    -0.40689E-06
     0.21590E+01     0.28751E-05     0.16390E-04    -0.46723E-06
     0.22120E+01     0.31971E-05     0.18272E-04    -0.53621E-06
     0.22517E+01     0.34630E-05     0.19829E-04    -0.59324E-06
     0.23047E+01     0.38533E-05     0.22118E-04    -0.67578E-06
     0.23577E+01     0.42888E-05     0.24675E-04    -0.76521E-06
     0.24107E+01     0.47746E-05     0.27525E-04    -0.86118E-06
     0.24504E+01     0.51750E-05     0.29872E-04    -0.93745E-06
     0.25034E+01     0.57619E-05     0.33303E-04    -0.10452E-05
     0.25564E+01     0.64152E-05     0.37107E-04    -0.11609E-05
     0.26093E+01     0.71422E-05     0.41323E-04    -0.12863E-05
     0.26623E+01     0.79509E-05     0.45997E-04    -0.14233E-05
     0.27021E+01     0.86166E-05     0.49838E-04    -0.15349E-05
     0.27551E+01     0.95914E-05     0.55457E-04    -0.16975E-05
     0.28080E+01     0.10676E-04     0.61711E-04    -0.18782E-05
     0.28610E+01     0.11884E-04     0.68679E-04    -0.20800E-05
     0.29008E+01     0.12879E-04     0.74422E-04    -0.22469E-05
     0.29538E+01     0.14336E-04     0.82839E-04    -0.24927E-05
     0.30067E+01     0.15958E-04     0.92208E-04    -0.27683E-05
     0.30597E+01     0.17764E-04     0.10263E-03    -0.30775E-05
     0.31127E+01     0.19774E-04     0.11423E-03    -0.34241E-05
     0.31524E+01     0.21430E-04     0.12378E-03    -0.37114E-05
     0.32054E+01     0.23855E-04     0.13775E-03    -0.41346E-05
     0.32584E+01     0.26554E-04     0.15330E-03    -0.46080E-05
     0.33114E+01     0.29560E-04     0.17061E-03    -0.51363E-05
     0.33511E+01     0.32035E-04     0.18485E-03    -0.55716E-05
     0.34041E+01     0.35661E-04     0.20572E-03    -0.62082E-05
     0.34571E+01     0.39698E-04     0.22894E-03    -0.69142E-05
     0.35101E+01     0.44191E-04     0.25476E-03    -0.76964E-05
     0.35631E+01     0.49194E-04     0.28348E-03    -0.85626E-05
     0.36028E+01     0.53314E-04     0.30712E-03    -0.92729E-05
     0.36558E+01     0.59349E-04     0.34171E-03    -0.10309E-04
     0.37088E+01     0.66068E-04     0.38016E-03    -0.11459E-04
     0.37618E+01     0.73547E-04     0.42292E-03    -0.12736E-04
     0.38015E+01     0.79706E-04     0.45809E-03    -0.13785E-04
     0.38545E+01     0.88729E-04     0.50954E-03    -0.15320E-04
     0.39075E+01     0.98773E-04     0.56672E-03    -0.17025E-04
     0.39605E+01     0.10995E-03     0.63026E-03    -0.18918E-04
     0.40002E+01     0.11916E-03     0.68249E-03    -0.20473E-04
     0.40532E+01     0.13265E-03     0.75886E-03    -0.22744E-04
     0.41062E+01     0.14767E-03     0.84366E-03    -0.25265E-04
     0.41592E+01     0.16439E-03     0.93780E-03    -0.28062E-04
     0.42122E+01     0.18300E-03     0.10423E-02    -0.31163E-04
     0.42519E+01     0.19832E-03     0.11281E-02    -0.33704E-04
     0.43049E+01     0.22078E-03     0.12534E-02    -0.37405E-04
     0.43579E+01     0.24577E-03     0.13923E-02    -0.41500E-04
     0.44109E+01     0.27360E-03     0.15462E-02    -0.46029E-04
     0.44506E+01     0.29651E-03     0.16724E-02    -0.49738E-04
     0.45036E+01     0.33009E-03     0.18564E-02    -0.55133E-04
     0.45566E+01     0.36746E-03     0.20601E-02    -0.61082E-04
     0.46096E+01     0.40907E-03     0.22852E-02    -0.67628E-04
     0.46626E+01     0.45539E-03     0.25340E-02    -0.74816E-04
     0.47023E+01     0.49354E-03     0.27375E-02    -0.80661E-04
     0.47553E+01     0.54943E-03     0.30332E-02    -0.89114E-04
     0.48083E+01     0.61164E-03     0.33592E-02    -0.98387E-04
     0.48613E+01     0.68091E-03     0.37183E-02    -0.10855E-03
     0.49010E+01     0.73796E-03     0.40109E-02    -0.11679E-03
     0.49540E+01     0.82153E-03     0.44347E-02    -0.12865E-03
     0.50070E+01     0.91456E-03     0.48999E-02    -0.14154E-03
     0.50600E+01     0.10181E-02     0.54096E-02    -0.15551E-03
     0.51130E+01     0.11334E-02     0.59672E-02    -0.17058E-03
     0.51527E+01     0.12284E-02     0.64187E-02    -0.18269E-03
     0.52057E+01     0.13675E-02     0.70680E-02    -0.20124E-03
     0.52587E+01     0.15225E-02     0.77738E-02    -0.22449E-03
     0.53117E+01     0.16949E-02     0.85393E-02    -0.24825E-03
     0.53515E+01     0.18368E-02     0.91545E-02    -0.26562E-03
     0.54044E+01     0.20445E-02     0.10032E-01    -0.28624E-03
     0.54574E+01     0.22753E-02     0.10976E-01    -0.29899E-03
     0.55104E+01     0.25315E-02     0.11988E-01    -0.30195E-03
     0.55502E+01     0.27420E-02     0.12793E-01    -0.29148E-03
     0.56032E+01     0.30486E-02     0.13926E-01    -0.24567E-03
     0.56561E+01     0.33889E-02     0.15130E-01    -0.17757E-03
     0.57091E+01     0.37668E-02     0.16399E-01    -0.10008E-03
     0.57621E+01     0.41855E-02     0.17722E-01    -0.12880E-04
     0.58019E+01     0.45280E-02     0.18748E-01     0.46336E-04
     0.58549E+01     0.50257E-02     0.20160E-01     0.12236E-03
     0.59078E+01     0.55742E-02     0.21615E-01     0.23749E-03
     0.59608E+01     0.61245E-02     0.23626E-01     0.79102E-03
     0.60006E+01     0.64893E-02     0.26476E-01     0.15980E-02
     0.60536E+01     0.69512E-02     0.34181E-01     0.27980E-02
     0.61066E+01     0.74099E-02     0.44252E-01     0.40092E-02
     0.61596E+01     0.79177E-02     0.54898E-01     0.47484E-02
     0.62125E+01     0.85101E-02     0.64814E-01     0.48098E-02
     0.62523E+01     0.90246E-02     0.71667E-01     0.43751E-02
     0.63053E+01     0.98177E-02     0.79878E-01     0.32054E-02
     0.63583E+01     0.10733E-01     0.87093E-01     0.16692E-02
     0.64113E+01     0.11784E-01     0.92875E-01    -0.28918E-03
     0.64510E+01     0.12693E-01     0.95900E-01    -0.21338E-02
     0.65040E+01     0.14070E-01     0.97680E-01    -0.50197E-02
     0.65570E+01     0.15595E-01     0.99147E-01    -0.78858E-02
     0.66099E+01     0.17342E-01     0.98536E-01    -0.10455E-01
     0.66629E+01     0.19236E-01     0.93433E-01    -0.11363E-01
     0.67026E+01     0.20570E-01     0.91095E-01    -0.10406E-01
     0.67556E+01     0.22135E-01     0.90129E-01    -0.71212E-02
     0.68085E+01     0.23399E-01     0.89950E-01    -0.26905E-02
     0.68614E+01     0.24395E-01     0.91604E-01     0.15726E-02
     0.69011E+01     0.25032E-01     0.93971E-01     0.41568E-02
     0.69540E+01     0.25739E-01     0.96239E-01     0.73222E-02
     0.70068E+01     0.26332E-01     0.94965E-01     0.97843E-02
     0.70596E+01     0.26848E-01     0.91346E-01     0.11325E-01
     0.71124E+01     0.27523E-01     0.83586E-01     0.11000E-01
     0.71519E+01     0.28138E-01     0.74470E-01     0.93249E-02
     0.72047E+01     0.29069E-01     0.58867E-01     0.55640E-02
     0.72574E+01     0.29996E-01     0.41603E-01     0.11498E-02
     0.73101E+01     0.30719E-01     0.25325E-01    -0.15826E-02
     0.73628E+01     0.31005E-01     0.12644E-01    -0.18878E-02
     0.74023E+01     0.30984E-01     0.53877E-02    -0.10198E-02
     0.74549E+01     0.30679E-01    -0.43724E-02     0.11406E-02
     0.75075E+01     0.30057E-01    -0.14416E-01     0.45892E-02
     0.75601E+01     0.29206E-01    -0.25654E-01     0.83374E-02
     0.76127E+01     0.28227E-01    -0.39044E-01     0.10597E-01
     0.76521E+01     0.27485E-01    -0.50907E-01     0.10528E-01
     0.77046E+01     0.26507E-01    -0.69158E-01     0.78175E-02
     0.77572E+01     0.25599E-01    -0.89578E-01     0.26557E-02
     0.78097E+01     0.24723E-01    -0.11115E+00    -0.21127E-02
     0.78622E+01     0.23761E-01    -0.13274E+00    -0.38775E-02
     0.79016E+01     0.22949E-01    -0.14816E+00    -0.28388E-02
     0.79540E+01     0.21534E-01    -0.16489E+00     0.16691E-02
     0.80065E+01     0.19487E-01    -0.17275E+00     0.71717E-02
     0.80590E+01     0.17102E-01    -0.17681E+00     0.11134E-01
     0.81114E+01     0.14693E-01    -0.18113E+00     0.13015E-01
     0.81508E+01     0.12964E-01    -0.18652E+00     0.12536E-01
     0.82032E+01     0.10589E-01    -0.20043E+00     0.96554E-02
     0.82556E+01     0.79843E-02    -0.21018E+00     0.64229E-02
     0.83081E+01     0.53132E-02    -0.22203E+00     0.49540E-02
     0.83605E+01     0.25941E-02    -0.24409E+00     0.47978E-02
     0.84129E+01    -0.76872E-04    -0.26131E+00     0.46229E-02
     0.84522E+01    -0.21859E-02    -0.25664E+00     0.43777E-02
     0.85047E+01    -0.43385E-02    -0.25203E+00     0.43999E-02
     0.85571E+01    -0.58866E-02    -0.25044E+00     0.43772E-02
     0.86095E+01    -0.67908E-02    -0.24896E+00     0.23598E-02
     0.86620E+01    -0.74279E-02    -0.23894E+00     0.54601E-03
     0.87013E+01    -0.75630E-02     0.00000E+00     0.00000E+00
     0.87537E+01    -0.75630E-02     0.00000E+00     0.00000E+00
     0.88062E+01    -0.75630E-02     0.00000E+00     0.00000E+00
     0.88587E+01    -0.75630E-02     0.00000E+00     0.00000E+00
     0.89111E+01    -0.75630E-02     0.00000E+00     0.00000E+00
     0.89505E+01    -0.75630E-02     0.00000E+00     0.00000E+00
     0.90030E+01    -0.75630E-02     0.00000E+00     0.00000E+00
     0.90555E+01    -0.75630E-02     0.00000E+00     0.00000E+00
     0.91081E+01    -0.75630E-02     0.00000E+00     0.00000E+00
     0.91606E+01    -0.75630E-02     0.00000E+00     0.00000E+00
     0.92000E+01    -0.75630E-02     0.00000E+00     0.00000E+00
     0.92526E+01    -0.75630E-02     0.00000E+00     0.00000E+00
     0.93052E+01    -0.75630E-02     0.00000E+00     0.00000E+00
     0.93579E+01    -0.75630E-02     0.00000E+00     0.00000E+00
     0.94105E+01    -0.75630E-02     0.00000E+00     0.00000E+00
     0.94500E+01    -0.75630E-02     0.00000E+00     0.00000E+00
     0.95027E+01    -0.75630E-02     0.00000E+00     0.00000E+00
     0.95554E+01    -0.75630E-02     0.00000E+00     0.00000E+00
     0.96081E+01    -0.75630E-02     0.00000E+00     0.00000E+00
     0.96609E+01    -0.75630E-02     0.00000E+00     0.00000E+00
     0.97005E+01    -0.75630E-02     0.00000E+00     0.00000E+00
     0.97533E+01    -0.74980E-02     0.17250E-01    -0.61462E-02
     0.98061E+01    -0.73191E-02     0.50624E-01    -0.10068E-01
     0.98590E+01    -0.70358E-02     0.92781E-01    -0.13298E-01
     0.99119E+01    -0.66511E-02     0.14723E+00    -0.13257E-01
     0.99515E+01    -0.63216E-02     0.14494E+00    -0.44420E-02
     0.10004E+02    -0.58621E-02     0.13659E+00     0.61747E-02
     0.10057E+02    -0.53879E-02     0.12707E+00     0.12684E-01
     0.10110E+02    -0.49022E-02     0.11693E+00     0.16338E-01
     0.10150E+02    -0.45304E-02     0.10862E+00     0.17175E-01
     0.10203E+02    -0.40166E-02     0.93648E-01     0.16024E-01
     0.10256E+02    -0.34940E-02     0.75264E-01     0.10875E-01
     0.10309E+02    -0.29554E-02     0.55824E-01     0.24431E-02
     0.10362E+02    -0.24009E-02     0.38091E-01    -0.73608E-02
     0.10402E+02    -0.19709E-02     0.27230E-01    -0.14907E-01
     0.10455E+02    -0.14234E-02     0.17922E-01    -0.24796E-01
     0.10508E+02    -0.94170E-03     0.14823E-01    -0.30623E-01
     0.10561E+02    -0.53603E-03     0.14930E-01    -0.30676E-01
     0.10601E+02    -0.25030E-03     0.15309E-01    -0.27010E-01
     0.10654E+02     0.12773E-03     0.13501E-01    -0.19317E-01
     0.10707E+02     0.44968E-03     0.58709E-02    -0.10128E-01
     0.10760E+02     0.62139E-03    -0.62156E-02    -0.99681E-04
     0.10813E+02     0.60947E-03    -0.19154E-01     0.79227E-02
     0.10852E+02     0.50357E-03    -0.27187E-01     0.12058E-01
     0.10905E+02     0.24695E-03    -0.34505E-01     0.14436E-01
     0.10958E+02    -0.12478E-03    -0.37547E-01     0.15307E-01
     0.11011E+02    -0.53456E-03    -0.36706E-01     0.14814E-01
     0.11051E+02    -0.82294E-03    -0.34633E-01     0.13197E-01
     0.11104E+02    -0.11546E-02    -0.31509E-01     0.94218E-02
     0.11157E+02    -0.14266E-02    -0.28658E-01     0.38435E-02
     0.11210E+02    -0.16422E-02    -0.26198E-01    -0.19354E-02
     0.11263E+02    -0.17999E-02    -0.23700E-01    -0.69661E-02
     0.11303E+02    -0.18804E-02    -0.21599E-01    -0.10150E-01
     0.11356E+02    -0.19430E-02    -0.18480E-01    -0.13389E-01
     0.11409E+02    -0.19635E-02    -0.15204E-01    -0.15187E-01
     0.11462E+02    -0.19513E-02    -0.11974E-01    -0.15415E-01
     0.11502E+02    -0.19323E-02    -0.96528E-02    -0.14440E-01
     0.11555E+02    -0.18920E-02    -0.65363E-02    -0.12113E-01
     0.11608E+02    -0.18505E-02    -0.40555E-02    -0.91655E-02
     0.11661E+02    -0.18300E-02    -0.28669E-02    -0.58671E-02
     0.11701E+02    -0.18303E-02    -0.27645E-02    -0.34199E-02
     0.11754E+02    -0.18454E-02    -0.42608E-02    -0.64403E-03
     0.11807E+02    -0.18856E-02    -0.72061E-02     0.12014E-02
     0.11860E+02    -0.19489E-02    -0.99589E-02     0.22016E-02
     0.11913E+02    -0.20298E-02    -0.11204E-01     0.22592E-02
     0.11952E+02    -0.20932E-02    -0.10980E-01     0.19276E-02
     0.12005E+02    -0.21663E-02    -0.10252E-01     0.96592E-03
     0.12058E+02    -0.22234E-02    -0.90760E-02    -0.22735E-03
     0.12111E+02    -0.22549E-02    -0.76271E-02    -0.14865E-02
     0.12151E+02    -0.22633E-02    -0.64149E-02    -0.24482E-02
     0.12204E+02    -0.22560E-02    -0.46522E-02    -0.36221E-02
     0.12257E+02    -0.22362E-02    -0.30863E-02    -0.44526E-02
     0.12310E+02    -0.22151E-02    -0.20708E-02    -0.48814E-02
     0.12363E+02    -0.21952E-02    -0.13987E-02    -0.49795E-02
     0.12403E+02    -0.21808E-02    -0.11416E-02    -0.49121E-02
     0.12456E+02    -0.21598E-02    -0.85336E-03    -0.46472E-02
     0.12509E+02    -0.21337E-02    -0.40727E-03    -0.44051E-02
     0.12562E+02    -0.21000E-02     0.25873E-03    -0.43404E-02
     0.12602E+02    -0.20670E-02     0.81057E-03    -0.44172E-02
     0.12655E+02    -0.20132E-02     0.15539E-02    -0.44714E-02
     0.12708E+02    -0.19509E-02     0.22978E-02    -0.44602E-02
     0.12761E+02    -0.18840E-02     0.29399E-02    -0.44194E-02
     0.12800E+02    -0.18332E-02     0.33274E-02    -0.43201E-02
     0.12853E+02    -0.17694E-02     0.35246E-02    -0.40450E-02
     0.12906E+02    -0.17110E-02     0.29419E-02    -0.35995E-02
     0.12959E+02    -0.16616E-02     0.17530E-02    -0.30020E-02
     0.13012E+02    -0.16252E-02     0.61521E-03    -0.23542E-02
     0.13052E+02    -0.16068E-02     0.32542E-03    -0.19152E-02
     0.13105E+02    -0.15863E-02     0.62327E-03    -0.14739E-02
     0.13158E+02    -0.15581E-02     0.10601E-02    -0.13051E-02
     0.13211E+02    -0.15243E-02     0.14945E-02    -0.13406E-02
     0.13251E+02    -0.14951E-02     0.18177E-02    -0.15325E-02
     0.13304E+02    -0.14499E-02     0.21841E-02    -0.20019E-02
     0.13357E+02    -0.13990E-02     0.24221E-02    -0.26536E-02
     0.13410E+02    -0.13430E-02     0.25960E-02    -0.34075E-02
     0.13463E+02    -0.12815E-02     0.27467E-02    -0.42556E-02
     0.13503E+02    -0.12309E-02     0.28654E-02    -0.48916E-02
     0.13556E+02    -0.11581E-02     0.30157E-02    -0.57345E-02
     0.13609E+02    -0.10800E-02     0.31026E-02    -0.65399E-02
     0.13662E+02    -0.10016E-02     0.29743E-02    -0.70285E-02
     0.13702E+02    -0.94439E-03     0.26236E-02    -0.70600E-02
     0.13755E+02    -0.87376E-03     0.16352E-02    -0.66379E-02
     0.13808E+02    -0.81727E-03    -0.92829E-05    -0.56511E-02
     0.13861E+02    -0.78203E-03    -0.20196E-02    -0.42645E-02
     0.13901E+02    -0.77106E-03    -0.36923E-02    -0.30677E-02
     0.13954E+02    -0.77913E-03    -0.57958E-02    -0.14177E-02
     0.14007E+02    -0.81322E-03    -0.74884E-02     0.72147E-04
     0.14060E+02    -0.86817E-03    -0.83643E-02     0.10138E-02
     0.14113E+02    -0.93779E-03    -0.82719E-02     0.14086E-02
     0.14153E+02    -0.98909E-03    -0.78562E-02     0.13791E-02
     0.14206E+02    -0.10508E-02    -0.70969E-02     0.94541E-03
     0.14259E+02    -0.11059E-02    -0.63480E-02     0.17350E-03
     0.14312E+02    -0.11487E-02    -0.55047E-02    -0.83034E-03
     0.14352E+02    -0.11667E-02    -0.48023E-02    -0.17347E-02
     0.14405E+02    -0.11721E-02    -0.39299E-02    -0.30156E-02
     0.14459E+02    -0.11582E-02    -0.31021E-02    -0.42991E-02
     0.14512E+02    -0.11258E-02    -0.20177E-02    -0.54662E-02
     0.14552E+02    -0.10907E-02    -0.10861E-02    -0.61849E-02
     0.14605E+02    -0.10347E-02     0.23265E-04    -0.68555E-02
     0.14659E+02    -0.97426E-03     0.79138E-03    -0.71239E-02
     0.14712E+02    -0.91495E-03     0.12429E-02    -0.69383E-02
     0.14752E+02    -0.87397E-03     0.13610E-02    -0.65684E-02
     0.14806E+02    -0.82489E-03     0.94956E-03    -0.58006E-02
     0.14859E+02    -0.78661E-03    -0.59985E-03    -0.46884E-02
     0.14912E+02    -0.76916E-03    -0.28864E-02    -0.33143E-02
     0.14952E+02    -0.77155E-03    -0.47329E-02    -0.22406E-02
     0.15006E+02    -0.79609E-03    -0.69769E-02    -0.88313E-03
     0.15059E+02    -0.84500E-03    -0.85707E-02     0.18438E-03
     0.15113E+02    -0.91505E-03    -0.88210E-02     0.70476E-03
     0.15153E+02    -0.96987E-03    -0.84693E-02     0.74491E-03
     0.15207E+02    -0.10363E-02    -0.77473E-02     0.43065E-03
     0.15261E+02    -0.10972E-02    -0.70554E-02    -0.88448E-04
     0.15301E+02    -0.11351E-02    -0.65084E-02    -0.60008E-03
     0.15355E+02    -0.11715E-02    -0.56821E-02    -0.14385E-02
     0.15408E+02    -0.11891E-02    -0.48588E-02    -0.23110E-02
     0.15462E+02    -0.11882E-02    -0.38560E-02    -0.31219E-02
     0.15502E+02    -0.11766E-02    -0.29439E-02    -0.36431E-02
     0.15555E+02    -0.11494E-02    -0.16845E-02    -0.41766E-02
     0.15609E+02    -0.11114E-02    -0.48443E-03    -0.45061E-02
     0.15662E+02    -0.10653E-02     0.50284E-03    -0.46074E-02
     0.15702E+02    -0.10269E-02     0.10036E-02    -0.45579E-02
     0.15755E+02    -0.97481E-03     0.14916E-02    -0.43389E-02
     0.15809E+02    -0.92394E-03     0.17887E-02    -0.40012E-02
     0.15862E+02    -0.87703E-03     0.18191E-02    -0.35756E-02
     0.15902E+02    -0.84408E-03     0.17561E-02    -0.32240E-02
     0.15955E+02    -0.80227E-03     0.16911E-02    -0.28277E-02
     0.16008E+02    -0.76054E-03     0.17173E-02    -0.25635E-02
     0.16061E+02    -0.71611E-03     0.18446E-02    -0.24552E-02
     0.16101E+02    -0.67934E-03     0.20068E-02    -0.25092E-02
     0.16154E+02    -0.62472E-03     0.22961E-02    -0.26884E-02
     0.16207E+02    -0.56368E-03     0.26375E-02    -0.29209E-02
     0.16260E+02    -0.49677E-03     0.29992E-02    -0.31873E-02
     0.16313E+02    -0.42477E-03     0.33278E-02    -0.34734E-02
     0.16353E+02    -0.37013E-03     0.34449E-02    -0.36866E-02
     0.16406E+02    -0.29580E-03     0.31736E-02    -0.39501E-02
     0.16459E+02    -0.22400E-03     0.21607E-02    -0.41306E-02
     0.16512E+02    -0.16090E-03     0.57017E-03    -0.41388E-02
     0.16552E+02    -0.12447E-03    -0.69722E-03    -0.40021E-02
     0.16605E+02    -0.90745E-04    -0.24948E-02    -0.36543E-02
     0.16658E+02    -0.76543E-04    -0.42321E-02    -0.31891E-02
     0.16711E+02    -0.82516E-04    -0.55555E-02    -0.26708E-02
     0.16751E+02    -0.99342E-04    -0.61168E-02    -0.22594E-02
     0.16804E+02    -0.13657E-03    -0.60826E-02    -0.16881E-02
     0.16857E+02    -0.17746E-03    -0.56283E-02    -0.11771E-02
     0.16910E+02    -0.21775E-03    -0.51274E-02    -0.80419E-03
     0.16963E+02    -0.25670E-03    -0.47268E-02    -0.63179E-03
     0.17003E+02    -0.28144E-03    -0.43857E-02    -0.65349E-03
     0.17056E+02    -0.30620E-03    -0.38533E-02    -0.87780E-03
     0.17109E+02    -0.32055E-03    -0.32610E-02    -0.12802E-02
     0.17162E+02    -0.32516E-03    -0.26611E-02    -0.17850E-02
     0.17202E+02    -0.32194E-03    -0.21503E-02    -0.21775E-02
     0.17255E+02    -0.31420E-03    -0.16718E-02    -0.26581E-02
     0.17308E+02    -0.30538E-03    -0.14084E-02    -0.30477E-02
     0.17361E+02    -0.29700E-03    -0.13245E-02    -0.33217E-02
     0.17401E+02    -0.29070E-03    -0.14321E-02    -0.34408E-02
     0.17454E+02    -0.28415E-03    -0.18099E-02    -0.34757E-02
     0.17508E+02    -0.28137E-03    -0.22805E-02    -0.34064E-02
     0.17561E+02    -0.28333E-03    -0.25428E-02    -0.33423E-02
     0.17601E+02    -0.28585E-03    -0.24787E-02    -0.33164E-02
     0.17654E+02    -0.28513E-03    -0.22838E-02    -0.33710E-02
     0.17707E+02    -0.27853E-03    -0.20411E-02    -0.35612E-02
     0.17760E+02    -0.26515E-03    -0.17450E-02    -0.38578E-02
     0.17813E+02    -0.24589E-03    -0.14233E-02    -0.41769E-02
     0.17853E+02    -0.22965E-03    -0.11943E-02    -0.43076E-02
     0.17906E+02    -0.20618E-03    -0.91393E-03    -0.43578E-02
     0.17959E+02    -0.18306E-03    -0.70705E-03    -0.42432E-02
     0.18013E+02    -0.16256E-03    -0.61058E-03    -0.39448E-02
     0.18053E+02    -0.14932E-03    -0.59479E-03    -0.36169E-02
     0.18106E+02    -0.13412E-03    -0.64220E-03    -0.31244E-02
     0.18159E+02    -0.12112E-03    -0.68106E-03    -0.26632E-02
     0.18212E+02    -0.10513E-03    -0.61032E-03    -0.23889E-02
     0.18252E+02    -0.88503E-04    -0.42655E-03    -0.23535E-02
     0.18305E+02    -0.58963E-04     0.61030E-04    -0.24772E-02
     0.18358E+02    -0.14881E-04     0.72291E-03    -0.28179E-02
     0.18411E+02     0.47548E-04     0.14595E-02    -0.33131E-02
     0.18451E+02     0.10648E-03     0.20773E-02    -0.37427E-02
     0.18504E+02     0.20094E-03     0.29625E-02    -0.43602E-02
     0.18558E+02     0.31225E-03     0.38607E-02    -0.49129E-02
     0.18611E+02     0.43801E-03     0.47132E-02    -0.52849E-02
     0.18651E+02     0.54012E-03     0.52953E-02    -0.54225E-02
     0.18704E+02     0.68437E-03     0.59748E-02    -0.54414E-02
     0.18757E+02     0.83560E-03     0.65380E-02    -0.52851E-02
     0.18810E+02     0.99189E-03     0.69959E-02    -0.49953E-02
     0.18863E+02     0.11521E-02     0.73695E-02    -0.46324E-02
     0.18903E+02     0.12745E-02     0.76045E-02    -0.43541E-02
     0.18956E+02     0.14404E-02     0.78666E-02    -0.40273E-02
     0.19009E+02     0.16089E-02     0.80756E-02    -0.37869E-02
     0.19062E+02     0.17792E-02     0.81921E-02    -0.36406E-02
     0.19102E+02     0.19079E-02     0.80444E-02    -0.35933E-02
     0.19155E+02     0.20788E-02     0.74315E-02    -0.35853E-02
     0.19208E+02     0.22457E-02     0.64142E-02    -0.36331E-02
     0.19261E+02     0.24040E-02     0.51939E-02    -0.36935E-02
     0.19301E+02     0.25157E-02     0.43039E-02    -0.37453E-02
     0.19354E+02     0.26542E-02     0.33052E-02    -0.38183E-02
     0.19407E+02     0.27801E-02     0.25663E-02    -0.38891E-02
     0.19460E+02     0.28932E-02     0.20133E-02    -0.39485E-02
     0.19500E+02     0.29694E-02     0.15929E-02    -0.39932E-02
     0.19553E+02     0.30629E-02     0.84910E-03    -0.40128E-02
     0.19606E+02     0.31324E-02    -0.59332E-03    -0.38277E-02
     0.19659E+02     0.31707E-02    -0.24787E-02    -0.34345E-02
     0.19712E+02     0.31754E-02    -0.43507E-02    -0.29089E-02
     0.19752E+02     0.31575E-02    -0.55547E-02    -0.24727E-02
     0.19805E+02     0.31057E-02    -0.71396E-02    -0.19047E-02
     0.19858E+02     0.30233E-02    -0.86816E-02    -0.14117E-02
     0.19911E+02     0.29118E-02    -0.10096E-01    -0.10790E-02
     0.19951E+02     0.28102E-02    -0.11023E-01    -0.93841E-03
     0.20004E+02     0.26541E-02    -0.12042E-01    -0.88854E-03
     0.20057E+02     0.24802E-02    -0.12900E-01    -0.96488E-03
     0.20110E+02     0.22898E-02    -0.13693E-01    -0.10422E-02
     0.20163E+02     0.20853E-02    -0.14520E-01    -0.10952E-02
     0.20202E+02     0.19204E-02    -0.15176E-01    -0.92698E-03
     0.20255E+02     0.16840E-02    -0.16036E-01    -0.37483E-03
     0.20308E+02     0.14353E-02    -0.16947E-01     0.34796E-03
     0.20361E+02     0.11748E-02    -0.18136E-01     0.10179E-02
     0.20401E+02     0.97036E-03    -0.19160E-01     0.15160E-02
     0.20454E+02     0.68669E-03    -0.20550E-01     0.21060E-02
     0.20507E+02     0.39245E-03    -0.21689E-01     0.25452E-02
     0.20560E+02     0.90024E-04    -0.22384E-01     0.27966E-02
     0.20613E+02    -0.21395E-03    -0.22588E-01     0.28572E-02
     0.20652E+02    -0.43633E-03    -0.22616E-01     0.28491E-02
     0.20705E+02    -0.72558E-03    -0.22695E-01     0.28167E-02
     0.20758E+02    -0.10044E-02    -0.22801E-01     0.27623E-02
     0.20811E+02    -0.12716E-02    -0.22919E-01     0.27155E-02
     0.20851E+02    -0.14633E-02    -0.22968E-01     0.26791E-02
     0.20904E+02    -0.17053E-02    -0.22903E-01     0.26476E-02
     0.20957E+02    -0.19299E-02    -0.22633E-01     0.26528E-02
     0.21010E+02    -0.21355E-02    -0.22121E-01     0.27292E-02
     0.21063E+02    -0.23215E-02    -0.21361E-01     0.28916E-02
     0.21102E+02    -0.24478E-02    -0.20634E-01     0.30527E-02
     0.21155E+02    -0.25985E-02    -0.19467E-01     0.32991E-02
     0.21208E+02    -0.27283E-02    -0.18086E-01     0.35474E-02
     0.21261E+02    -0.28364E-02    -0.16482E-01     0.37238E-02
     0.21301E+02    -0.29035E-02    -0.15157E-01     0.37996E-02
     0.21354E+02    -0.29746E-02    -0.13270E-01     0.38720E-02
     0.21407E+02    -0.30203E-02    -0.11533E-01     0.38879E-02
     0.21459E+02    -0.30402E-02    -0.89497E-02     0.38716E-02
     0.21512E+02    -0.30346E-02    -0.55857E-02     0.38212E-02
     0.21552E+02    -0.30103E-02    -0.24481E-02     0.37900E-02
     0.21605E+02    -0.29455E-02     0.23008E-02     0.37440E-02
     0.21658E+02    -0.28307E-02     0.64884E-02     0.36588E-02
     0.21710E+02    -0.26695E-02     0.10192E-01     0.35411E-02
     0.21763E+02    -0.24649E-02     0.13828E-01     0.33962E-02
     0.21803E+02    -0.22816E-02     0.16490E-01     0.32634E-02
     0.21856E+02    -0.19955E-02     0.19896E-01     0.30413E-02
     0.21908E+02    -0.16609E-02     0.23041E-01     0.27498E-02
     0.21961E+02    -0.12784E-02     0.25829E-01     0.23965E-02
     0.22001E+02    -0.96205E-03     0.27600E-01     0.21058E-02
     0.22054E+02    -0.50500E-03     0.29445E-01     0.17316E-02
     0.22106E+02    -0.14099E-04     0.30632E-01     0.14172E-02
     0.22159E+02     0.50089E-03     0.31136E-01     0.13673E-02
     0.22212E+02     0.10360E-02     0.29603E-01     0.17495E-02
     0.22252E+02     0.14419E-02     0.26972E-01     0.23371E-02
     0.22304E+02     0.19829E-02     0.22503E-01     0.35115E-02
     0.22357E+02     0.25004E-02     0.17625E-01     0.48688E-02
     0.22410E+02     0.29760E-02     0.13615E-01     0.61685E-02
     0.22463E+02     0.34099E-02     0.11500E-01     0.72364E-02
     0.22503E+02     0.37115E-02     0.11218E-01     0.77919E-02
     0.22555E+02     0.40969E-02     0.11799E-01     0.83243E-02
     0.22608E+02     0.44799E-02     0.12342E-01     0.88734E-02
     0.22661E+02     0.48573E-02     0.12179E-01     0.97918E-02
     0.22701E+02     0.50970E-02     0.11532E-01     0.10675E-01
     0.22754E+02     0.53124E-02     0.11834E-01     0.12192E-01
     0.22806E+02     0.54420E-02     0.12732E-01     0.13698E-01
     0.22859E+02     0.55402E-02     0.13681E-01     0.14416E-01
     0.22912E+02     0.56225E-02     0.14161E-01     0.13837E-01
     0.22952E+02     0.56870E-02     0.14226E-01     0.12272E-01
     0.23005E+02     0.57675E-02     0.13663E-01     0.94586E-02
     0.23058E+02     0.58400E-02     0.11994E-01     0.66641E-02
     0.23111E+02     0.59125E-02     0.91434E-02     0.56214E-02
     0.23150E+02     0.59815E-02     0.66592E-02     0.60077E-02
     0.23203E+02     0.60656E-02     0.33897E-02     0.70144E-02
     0.23256E+02     0.61110E-02     0.64161E-03     0.80441E-02
     0.23309E+02     0.60754E-02    -0.26529E-02     0.86347E-02
     0.23362E+02     0.59801E-02    -0.69184E-02     0.89151E-02
     0.23402E+02     0.58695E-02    -0.11000E-01     0.94087E-02
     0.23455E+02     0.56770E-02    -0.17492E-01     0.10513E-01
     0.23508E+02     0.54192E-02    -0.24890E-01     0.12423E-01
     0.23561E+02     0.50837E-02    -0.33237E-01     0.13882E-01
     0.23601E+02     0.47874E-02    -0.39890E-01     0.13944E-01
     0.23654E+02     0.43395E-02    -0.49033E-01     0.13750E-01
     0.23707E+02     0.38020E-02    -0.58522E-01     0.13402E-01
     0.23760E+02     0.27807E-02    -0.57237E-01     0.12816E-01
     0.23813E+02     0.18886E-02    -0.52506E-01     0.12980E-01
     0.23853E+02     0.12920E-02    -0.49622E-01     0.13543E-01
     0.23906E+02     0.60161E-03    -0.46057E-01     0.13906E-01
     0.23959E+02     0.24561E-04    -0.42786E-01     0.13778E-01
     0.24013E+02    -0.45360E-03    -0.39846E-01     0.13292E-01
     0.24052E+02    -0.75538E-03    -0.37862E-01     0.12555E-01
     0.24106E+02    -0.10957E-02    -0.35234E-01     0.10044E-01
     0.24159E+02    -0.13720E-02    -0.32250E-01     0.67297E-02
     0.24212E+02    -0.15773E-02    -0.28547E-01     0.29790E-02
     0.24252E+02    -0.16726E-02    -0.25312E-01     0.86090E-04
     0.24305E+02    -0.17216E-02    -0.20712E-01    -0.31850E-02
     0.24358E+02    -0.17008E-02    -0.13801E-01    -0.64347E-02
     0.24411E+02    -0.16197E-02    -0.59989E-02    -0.99527E-02
     0.24451E+02    -0.15113E-02     0.61172E-03    -0.12782E-01
     0.24504E+02    -0.12668E-02     0.89370E-02    -0.16831E-01
     0.24557E+02    -0.90055E-03     0.15891E-01    -0.21089E-01
     0.24610E+02    -0.41981E-03     0.22487E-01    -0.25626E-01
     0.24650E+02     0.22186E-04     0.27124E-01    -0.29275E-01
     0.24703E+02     0.72812E-03     0.32668E-01    -0.34472E-01
     0.24757E+02     0.15699E-02     0.37306E-01    -0.40004E-01
     0.24810E+02     0.25449E-02     0.40846E-01    -0.45789E-01
     0.24863E+02     0.36420E-02     0.43145E-01    -0.51601E-01
     0.24903E+02     0.45388E-02     0.43990E-01    -0.56007E-01
     0.24956E+02     0.56090E-02     0.44550E-01    -0.56000E-01
     0.25009E+02     0.63848E-02     0.51159E-01    -0.49975E-01
