     0.13235E-01     0.24423E-08     0.14274E-07    -0.13465E-09
     0.52978E-01     0.24832E-08     0.15371E-07    -0.20155E-09
     0.10597E+00     0.25446E-08     0.16904E-07    -0.40669E-09
     0.15896E+00     0.26159E-08     0.18523E-07    -0.75836E-09
     0.21194E+00     0.26999E-08     0.20241E-07    -0.12743E-08
     0.25168E+00     0.27730E-08     0.21604E-07    -0.17810E-08
     0.30466E+00     0.28868E-08     0.23532E-07    -0.26335E-08
     0.35764E+00     0.30225E-08     0.25605E-07    -0.37089E-08
     0.41062E+00     0.31847E-08     0.27844E-07    -0.50304E-08
     0.45035E+00     0.33266E-08     0.29649E-07    -0.61977E-08
     0.50333E+00     0.35470E-08     0.32244E-07    -0.80096E-08
     0.55631E+00     0.38083E-08     0.35087E-07    -0.10139E-07
     0.60928E+00     0.41165E-08     0.38214E-07    -0.12614E-07
     0.66226E+00     0.44781E-08     0.41669E-07    -0.15465E-07
     0.70199E+00     0.47882E-08     0.44503E-07    -0.17870E-07
     0.75497E+00     0.52595E-08     0.48650E-07    -0.21456E-07
     0.80795E+00     0.58036E-08     0.53272E-07    -0.25508E-07
     0.86092E+00     0.64284E-08     0.58435E-07    -0.30057E-07
     0.90066E+00     0.69552E-08     0.62706E-07    -0.33816E-07
     0.95364E+00     0.77423E-08     0.68991E-07    -0.39317E-07
     0.10066E+01     0.86353E-08     0.76029E-07    -0.45411E-07
     0.10596E+01     0.96452E-08     0.83908E-07    -0.52138E-07
     0.11126E+01     0.10784E-07     0.92727E-07    -0.59545E-07
     0.11523E+01     0.11730E-07     0.10003E-06    -0.65578E-07
     0.12053E+01     0.13128E-07     0.11077E-06    -0.74309E-07
     0.12583E+01     0.14697E-07     0.12280E-06    -0.83892E-07
     0.13113E+01     0.16457E-07     0.13627E-06    -0.94410E-07
     0.13510E+01     0.17914E-07     0.14742E-06    -0.10297E-06
     0.14040E+01     0.20058E-07     0.16383E-06    -0.11538E-06
     0.14570E+01     0.22458E-07     0.18221E-06    -0.12903E-06
     0.15099E+01     0.25139E-07     0.20276E-06    -0.14407E-06
     0.15629E+01     0.28135E-07     0.22576E-06    -0.16067E-06
     0.16027E+01     0.30608E-07     0.24477E-06    -0.17425E-06
     0.16556E+01     0.34239E-07     0.27272E-06    -0.19404E-06
     0.17086E+01     0.38289E-07     0.30396E-06    -0.21594E-06
     0.17616E+01     0.42804E-07     0.33886E-06    -0.24022E-06
     0.18013E+01     0.46526E-07     0.36769E-06    -0.26017E-06
     0.18543E+01     0.51983E-07     0.41004E-06    -0.28934E-06
     0.19073E+01     0.58062E-07     0.45732E-06    -0.32177E-06
     0.19603E+01     0.64833E-07     0.51008E-06    -0.35786E-06
     0.20000E+01     0.70411E-07     0.55361E-06    -0.38759E-06
     0.20530E+01     0.78584E-07     0.61750E-06    -0.43115E-06
     0.21060E+01     0.87684E-07     0.68874E-06    -0.47967E-06
     0.21590E+01     0.97815E-07     0.76819E-06    -0.53372E-06
     0.22120E+01     0.10910E-06     0.85675E-06    -0.59391E-06
     0.22517E+01     0.11839E-06     0.92978E-06    -0.64351E-06
     0.23047E+01     0.13200E-06     0.10369E-05    -0.71617E-06
     0.23577E+01     0.14715E-06     0.11562E-05    -0.79708E-06
     0.24107E+01     0.16402E-06     0.12891E-05    -0.88716E-06
     0.24504E+01     0.17791E-06     0.13987E-05    -0.96137E-06
     0.25034E+01     0.19826E-06     0.15592E-05    -0.10701E-05
     0.25564E+01     0.22091E-06     0.17380E-05    -0.11911E-05
     0.26093E+01     0.24614E-06     0.19372E-05    -0.13258E-05
     0.26623E+01     0.27422E-06     0.21589E-05    -0.14758E-05
     0.27021E+01     0.29734E-06     0.23416E-05    -0.15993E-05
     0.27551E+01     0.33122E-06     0.26093E-05    -0.17802E-05
     0.28080E+01     0.36893E-06     0.29073E-05    -0.19815E-05
     0.28610E+01     0.41091E-06     0.32390E-05    -0.22056E-05
     0.29008E+01     0.44548E-06     0.35123E-05    -0.23902E-05
     0.29538E+01     0.49613E-06     0.39126E-05    -0.26604E-05
     0.30067E+01     0.55250E-06     0.43583E-05    -0.29612E-05
     0.30597E+01     0.61525E-06     0.48544E-05    -0.32960E-05
     0.31127E+01     0.68510E-06     0.54066E-05    -0.36687E-05
     0.31524E+01     0.74262E-06     0.58614E-05    -0.39756E-05
     0.32054E+01     0.82687E-06     0.65275E-05    -0.44251E-05
     0.32584E+01     0.92065E-06     0.72690E-05    -0.49254E-05
     0.33114E+01     0.10250E-05     0.80944E-05    -0.54823E-05
     0.33511E+01     0.11110E-05     0.87741E-05    -0.59409E-05
     0.34041E+01     0.12369E-05     0.97696E-05    -0.66126E-05
     0.34571E+01     0.13771E-05     0.10878E-04    -0.73603E-05
     0.35101E+01     0.15331E-05     0.12111E-04    -0.81925E-05
     0.35631E+01     0.17067E-05     0.13484E-04    -0.91188E-05
     0.36028E+01     0.18497E-05     0.14615E-04    -0.98817E-05
     0.36558E+01     0.20592E-05     0.16271E-04    -0.10999E-04
     0.37088E+01     0.22923E-05     0.18115E-04    -0.12243E-04
     0.37618E+01     0.25519E-05     0.20167E-04    -0.13628E-04
     0.38015E+01     0.27656E-05     0.21856E-04    -0.14768E-04
     0.38545E+01     0.30786E-05     0.24332E-04    -0.16438E-04
     0.39075E+01     0.34271E-05     0.27087E-04    -0.18297E-04
     0.39605E+01     0.38150E-05     0.30153E-04    -0.20367E-04
     0.40002E+01     0.41344E-05     0.32679E-04    -0.22071E-04
     0.40532E+01     0.46023E-05     0.36378E-04    -0.24568E-04
     0.41062E+01     0.51231E-05     0.40496E-04    -0.27347E-04
     0.41592E+01     0.57029E-05     0.45080E-04    -0.30440E-04
     0.42122E+01     0.63482E-05     0.50182E-04    -0.33883E-04
     0.42519E+01     0.68796E-05     0.54383E-04    -0.36718E-04
     0.43049E+01     0.76580E-05     0.60538E-04    -0.40872E-04
     0.43579E+01     0.85245E-05     0.67388E-04    -0.45495E-04
     0.44109E+01     0.94890E-05     0.75014E-04    -0.50640E-04
     0.44506E+01     0.10283E-04     0.81294E-04    -0.54878E-04
     0.45036E+01     0.11447E-04     0.90492E-04    -0.61084E-04
     0.45566E+01     0.12742E-04     0.10073E-03    -0.67993E-04
     0.46096E+01     0.14183E-04     0.11213E-03    -0.75682E-04
     0.46626E+01     0.15788E-04     0.12482E-03    -0.84240E-04
     0.47023E+01     0.17109E-04     0.13526E-03    -0.91287E-04
     0.47553E+01     0.19045E-04     0.15057E-03    -0.10161E-03
     0.48083E+01     0.21199E-04     0.16760E-03    -0.11310E-03
     0.48613E+01     0.23597E-04     0.18656E-03    -0.12588E-03
     0.49010E+01     0.25572E-04     0.20217E-03    -0.13641E-03
     0.49540E+01     0.28464E-04     0.22504E-03    -0.15182E-03
     0.50070E+01     0.31683E-04     0.25050E-03    -0.16898E-03
     0.50600E+01     0.35267E-04     0.27883E-03    -0.18807E-03
     0.51130E+01     0.39255E-04     0.31037E-03    -0.20931E-03
     0.51527E+01     0.42539E-04     0.33634E-03    -0.22680E-03
     0.52057E+01     0.47348E-04     0.37437E-03    -0.25241E-03
     0.52587E+01     0.52701E-04     0.41670E-03    -0.28090E-03
     0.53117E+01     0.58658E-04     0.46381E-03    -0.31259E-03
     0.53515E+01     0.63564E-04     0.50261E-03    -0.33869E-03
     0.54044E+01     0.70747E-04     0.55942E-03    -0.37688E-03
     0.54574E+01     0.78741E-04     0.62265E-03    -0.41937E-03
     0.55104E+01     0.87637E-04     0.69302E-03    -0.46662E-03
     0.55502E+01     0.94961E-04     0.75096E-03    -0.50551E-03
     0.56032E+01     0.10569E-03     0.83580E-03    -0.56241E-03
     0.56561E+01     0.11762E-03     0.93021E-03    -0.62569E-03
     0.57091E+01     0.13090E-03     0.10353E-02    -0.69605E-03
     0.57621E+01     0.14567E-03     0.11521E-02    -0.77425E-03
     0.58019E+01     0.15783E-03     0.12484E-02    -0.83858E-03
     0.58549E+01     0.17563E-03     0.13892E-02    -0.93267E-03
     0.59078E+01     0.19543E-03     0.15460E-02    -0.10372E-02
     0.59608E+01     0.21745E-03     0.17203E-02    -0.11534E-02
     0.60006E+01     0.23558E-03     0.18638E-02    -0.12488E-02
     0.60536E+01     0.26210E-03     0.20739E-02    -0.13884E-02
     0.61066E+01     0.29160E-03     0.23076E-02    -0.15433E-02
     0.61596E+01     0.32441E-03     0.25674E-02    -0.17153E-02
     0.62125E+01     0.36087E-03     0.28563E-02    -0.19061E-02
     0.62523E+01     0.39087E-03     0.30941E-02    -0.20627E-02
     0.63053E+01     0.43475E-03     0.34419E-02    -0.22914E-02
     0.63583E+01     0.48352E-03     0.38286E-02    -0.25448E-02
     0.64113E+01     0.53771E-03     0.42584E-02    -0.28256E-02
     0.64510E+01     0.58226E-03     0.46119E-02    -0.30558E-02
     0.65040E+01     0.64739E-03     0.51288E-02    -0.33913E-02
     0.65570E+01     0.71972E-03     0.57031E-02    -0.37624E-02
     0.66099E+01     0.80001E-03     0.63409E-02    -0.41726E-02
     0.66629E+01     0.88913E-03     0.70491E-02    -0.46256E-02
     0.67026E+01     0.96231E-03     0.76310E-02    -0.49959E-02
     0.67556E+01     0.10692E-02     0.84809E-02    -0.55337E-02
     0.68085E+01     0.11876E-02     0.94238E-02    -0.61259E-02
     0.68614E+01     0.13188E-02     0.10469E-01    -0.67772E-02
     0.69011E+01     0.14264E-02     0.11326E-01    -0.73074E-02
     0.69540E+01     0.15832E-02     0.12577E-01    -0.80740E-02
     0.70068E+01     0.17566E-02     0.13961E-01    -0.89135E-02
     0.70596E+01     0.19483E-02     0.15492E-01    -0.98312E-02
     0.71124E+01     0.21599E-02     0.17184E-01    -0.10832E-01
     0.71519E+01     0.23329E-02     0.18566E-01    -0.11642E-01
     0.72047E+01     0.25838E-02     0.20572E-01    -0.12803E-01
     0.72574E+01     0.28596E-02     0.22776E-01    -0.14063E-01
     0.73101E+01     0.31623E-02     0.25196E-01    -0.15429E-01
     0.73628E+01     0.34942E-02     0.27850E-01    -0.16901E-01
     0.74023E+01     0.37640E-02     0.30010E-01    -0.18075E-01
     0.74549E+01     0.41541E-02     0.33136E-01    -0.19730E-01
     0.75075E+01     0.45818E-02     0.36566E-01    -0.21483E-01
     0.75601E+01     0.50493E-02     0.40321E-01    -0.23326E-01
     0.76127E+01     0.55580E-02     0.44411E-01    -0.25253E-01
     0.76521E+01     0.59666E-02     0.47700E-01    -0.26748E-01
     0.77046E+01     0.65478E-02     0.52383E-01    -0.28800E-01
     0.77572E+01     0.71704E-02     0.57409E-01    -0.30903E-01
     0.78097E+01     0.78340E-02     0.62783E-01    -0.33033E-01
     0.78622E+01     0.85388E-02     0.68510E-01    -0.35153E-01
     0.79016E+01     0.90945E-02     0.73032E-01    -0.36716E-01
     0.79540E+01     0.98668E-02     0.79333E-01    -0.38768E-01
     0.80065E+01     0.10664E-01     0.85906E-01    -0.40811E-01
     0.80590E+01     0.11474E-01     0.92741E-01    -0.42865E-01
     0.81114E+01     0.12285E-01     0.99879E-01    -0.44863E-01
     0.81508E+01     0.12891E-01     0.10547E+00    -0.46192E-01
     0.82032E+01     0.13697E-01     0.11324E+00    -0.47686E-01
     0.82556E+01     0.14493E-01     0.12127E+00    -0.48607E-01
     0.83081E+01     0.15279E-01     0.12938E+00    -0.48757E-01
     0.83605E+01     0.16061E-01     0.13731E+00    -0.47893E-01
     0.84129E+01     0.16819E-01     0.14474E+00    -0.45965E-01
     0.84522E+01     0.17366E-01     0.14985E+00    -0.43822E-01
     0.85047E+01     0.18054E-01     0.15587E+00    -0.40040E-01
     0.85571E+01     0.18676E-01     0.16092E+00    -0.35249E-01
     0.86095E+01     0.19209E-01     0.16497E+00    -0.29596E-01
     0.86620E+01     0.19637E-01     0.16805E+00    -0.23288E-01
     0.87013E+01     0.19887E-01     0.16976E+00    -0.18228E-01
     0.87537E+01     0.20122E-01     0.17131E+00    -0.11130E-01
     0.88062E+01     0.20242E-01     0.17210E+00    -0.37067E-02
     0.88587E+01     0.20240E-01     0.17214E+00     0.40311E-02
     0.89111E+01     0.20115E-01     0.17147E+00     0.12016E-01
     0.89505E+01     0.19946E-01     0.17067E+00     0.18089E-01
     0.90030E+01     0.19611E-01     0.16923E+00     0.26221E-01
     0.90555E+01     0.19152E-01     0.16745E+00     0.34226E-01
     0.91081E+01     0.18549E-01     0.16523E+00     0.41847E-01
     0.91606E+01     0.17781E-01     0.16240E+00     0.48803E-01
     0.92000E+01     0.17107E-01     0.15980E+00     0.53476E-01
     0.92526E+01     0.16108E-01     0.15565E+00     0.59059E-01
     0.93052E+01     0.15030E-01     0.15070E+00     0.64049E-01
     0.93579E+01     0.13907E-01     0.14487E+00     0.68547E-01
     0.94105E+01     0.12768E-01     0.13810E+00     0.72573E-01
     0.94500E+01     0.11919E-01     0.13241E+00     0.75283E-01
     0.95027E+01     0.10817E-01     0.12408E+00     0.78548E-01
     0.95554E+01     0.97865E-02     0.11510E+00     0.81582E-01
     0.96081E+01     0.88355E-02     0.10573E+00     0.84325E-01
     0.96609E+01     0.78311E-02     0.96320E-01     0.85815E-01
     0.97005E+01     0.69854E-02     0.89441E-01     0.85801E-01
     0.97533E+01     0.57248E-02     0.80722E-01     0.83652E-01
     0.98061E+01     0.43383E-02     0.72765E-01     0.79658E-01
     0.98590E+01     0.29535E-02     0.65624E-01     0.74666E-01
     0.99119E+01     0.16816E-02     0.59142E-01     0.69600E-01
     0.99515E+01     0.83518E-03     0.54553E-01     0.66084E-01
     0.10004E+02    -0.16762E-03     0.48569E-01     0.61693E-01
     0.10057E+02    -0.10896E-02     0.42565E-01     0.57166E-01
     0.10110E+02    -0.19764E-02     0.36485E-01     0.52041E-01
     0.10150E+02    -0.26185E-02     0.31885E-01     0.47728E-01
     0.10203E+02    -0.34161E-02     0.25708E-01     0.41567E-01
     0.10256E+02    -0.40970E-02     0.19526E-01     0.35386E-01
     0.10309E+02    -0.46222E-02     0.13477E-01     0.29645E-01
     0.10362E+02    -0.50021E-02     0.77896E-02     0.24546E-01
     0.10402E+02    -0.52211E-02     0.39663E-02     0.21103E-01
     0.10455E+02    -0.54766E-02    -0.25325E-03     0.16874E-01
     0.10508E+02    -0.57332E-02    -0.33231E-02     0.12836E-01
     0.10561E+02    -0.59985E-02    -0.52257E-02     0.88414E-02
     0.10601E+02    -0.61979E-02    -0.60440E-02     0.58781E-02
     0.10654E+02    -0.64283E-02    -0.67113E-02     0.21775E-02
     0.10707E+02    -0.65717E-02    -0.71223E-02    -0.12363E-02
     0.10760E+02    -0.66113E-02    -0.75385E-02    -0.43634E-02
     0.10813E+02    -0.65601E-02    -0.81377E-02    -0.72474E-02
     0.10852E+02    -0.64777E-02    -0.87685E-02    -0.92564E-02
     0.10905E+02    -0.63338E-02    -0.95609E-02    -0.11796E-01
     0.10958E+02    -0.61572E-02    -0.10069E-01    -0.14160E-01
     0.11011E+02    -0.59653E-02    -0.10181E-01    -0.16271E-01
     0.11051E+02    -0.58149E-02    -0.10031E-01    -0.17619E-01
     0.11104E+02    -0.56101E-02    -0.95447E-02    -0.19024E-01
     0.11157E+02    -0.54058E-02    -0.87812E-02    -0.20021E-01
     0.11210E+02    -0.52062E-02    -0.77824E-02    -0.20737E-01
     0.11263E+02    -0.50089E-02    -0.66113E-02    -0.21275E-01
     0.11303E+02    -0.48655E-02    -0.56782E-02    -0.21602E-01
     0.11356E+02    -0.46626E-02    -0.44194E-02    -0.21933E-01
     0.11409E+02    -0.44392E-02    -0.31716E-02    -0.22104E-01
     0.11462E+02    -0.41871E-02    -0.19496E-02    -0.22095E-01
     0.11502E+02    -0.39792E-02    -0.10286E-02    -0.21979E-01
     0.11555E+02    -0.36797E-02     0.28036E-03    -0.21624E-01
     0.11608E+02    -0.33649E-02     0.17716E-02    -0.20957E-01
     0.11661E+02    -0.30409E-02     0.34962E-02    -0.20014E-01
     0.11701E+02    -0.27950E-02     0.49175E-02    -0.19130E-01
     0.11754E+02    -0.24706E-02     0.68994E-02    -0.17700E-01
     0.11807E+02    -0.21606E-02     0.88079E-02    -0.15972E-01
     0.11860E+02    -0.18812E-02     0.10439E-01    -0.14036E-01
     0.11913E+02    -0.16486E-02     0.11558E-01    -0.12144E-01
     0.11952E+02    -0.15110E-02     0.11998E-01    -0.10850E-01
     0.12005E+02    -0.13631E-02     0.12262E-01    -0.92895E-02
     0.12058E+02    -0.12321E-02     0.12296E-01    -0.78241E-02
     0.12111E+02    -0.11131E-02     0.12206E-01    -0.64274E-02
     0.12151E+02    -0.10312E-02     0.12143E-01    -0.53818E-02
     0.12204E+02    -0.92949E-03     0.12147E-01    -0.40310E-02
     0.12257E+02    -0.84182E-03     0.12320E-01    -0.28135E-02
     0.12310E+02    -0.77384E-03     0.12715E-01    -0.17996E-02
     0.12363E+02    -0.72876E-03     0.13319E-01    -0.10211E-02
     0.12403E+02    -0.71044E-03     0.13850E-01    -0.57187E-03
     0.12456E+02    -0.70949E-03     0.14519E-01    -0.14205E-03
     0.12509E+02    -0.72071E-03     0.15024E-01     0.15971E-03
     0.12562E+02    -0.72355E-03     0.15280E-01     0.43737E-03
     0.12602E+02    -0.72051E-03     0.15325E-01     0.65918E-03
     0.12655E+02    -0.71637E-03     0.15245E-01     0.99499E-03
     0.12708E+02    -0.70859E-03     0.15071E-01     0.13550E-02
     0.12761E+02    -0.69579E-03     0.14853E-01     0.16840E-02
     0.12800E+02    -0.68649E-03     0.14675E-01     0.18759E-02
     0.12853E+02    -0.68146E-03     0.14424E-01     0.20154E-02
     0.12906E+02    -0.68984E-03     0.14151E-01     0.20830E-02
     0.12959E+02    -0.70512E-03     0.13876E-01     0.20701E-02
     0.13012E+02    -0.72482E-03     0.13595E-01     0.19751E-02
     0.13052E+02    -0.74328E-03     0.13352E-01     0.18833E-02
     0.13105E+02    -0.77264E-03     0.12952E-01     0.17786E-02
     0.13158E+02    -0.80623E-03     0.12436E-01     0.17303E-02
     0.13211E+02    -0.83882E-03     0.11797E-01     0.17321E-02
     0.13251E+02    -0.86131E-03     0.11241E-01     0.17412E-02
     0.13304E+02    -0.88768E-03     0.10436E-01     0.17668E-02
     0.13357E+02    -0.90885E-03     0.96258E-02     0.17977E-02
     0.13410E+02    -0.92388E-03     0.89068E-02     0.17856E-02
     0.13463E+02    -0.93421E-03     0.83068E-02     0.16860E-02
     0.13503E+02    -0.94050E-03     0.79348E-02     0.15281E-02
     0.13556E+02    -0.94601E-03     0.75213E-02     0.12502E-02
     0.13609E+02    -0.94385E-03     0.71514E-02     0.93246E-03
     0.13662E+02    -0.92874E-03     0.67544E-02     0.59029E-03
     0.13702E+02    -0.90791E-03     0.64023E-02     0.31651E-03
     0.13755E+02    -0.87525E-03     0.58525E-02    -0.75639E-04
     0.13808E+02    -0.84353E-03     0.52291E-02    -0.49660E-03
     0.13861E+02    -0.81835E-03     0.45817E-02    -0.92309E-03
     0.13901E+02    -0.80446E-03     0.41058E-02    -0.12274E-02
     0.13954E+02    -0.79253E-03     0.35057E-02    -0.16069E-02
     0.14007E+02    -0.78097E-03     0.29553E-02    -0.19527E-02
     0.14060E+02    -0.76703E-03     0.24566E-02    -0.22564E-02
     0.14113E+02    -0.74585E-03     0.19811E-02    -0.25205E-02
     0.14153E+02    -0.72484E-03     0.16372E-02    -0.26953E-02
     0.14206E+02    -0.68312E-03     0.11742E-02    -0.29062E-02
     0.14259E+02    -0.62164E-03     0.69216E-03    -0.31136E-02
     0.14312E+02    -0.53965E-03     0.19028E-03    -0.33441E-02
     0.14352E+02    -0.46643E-03    -0.20148E-03    -0.35453E-02
     0.14405E+02    -0.35701E-03    -0.76308E-03    -0.38527E-02
     0.14459E+02    -0.23723E-03    -0.13962E-02    -0.41959E-02
     0.14512E+02    -0.11158E-03    -0.21393E-02    -0.45544E-02
     0.14552E+02    -0.15986E-04    -0.27955E-02    -0.48212E-02
     0.14605E+02     0.11124E-03    -0.38397E-02    -0.51720E-02
     0.14659E+02     0.23639E-03    -0.50805E-02    -0.55220E-02
     0.14712E+02     0.35737E-03    -0.64455E-02    -0.58645E-02
     0.14752E+02     0.44714E-03    -0.74887E-02    -0.61118E-02
     0.14806E+02     0.56988E-03    -0.88583E-02    -0.64234E-02
     0.14859E+02     0.69978E-03    -0.10192E-01    -0.67000E-02
     0.14912E+02     0.83874E-03    -0.11504E-01    -0.69387E-02
     0.14952E+02     0.94873E-03    -0.12464E-01    -0.71050E-02
     0.15006E+02     0.11036E-02    -0.13736E-01    -0.73157E-02
     0.15059E+02     0.12690E-02    -0.15036E-01    -0.75007E-02
     0.15113E+02     0.14463E-02    -0.16412E-01    -0.76332E-02
     0.15153E+02     0.15866E-02    -0.17521E-01    -0.76839E-02
     0.15207E+02     0.17805E-02    -0.19118E-01    -0.76724E-02
     0.15261E+02     0.19775E-02    -0.20858E-01    -0.75635E-02
     0.15301E+02     0.21230E-02    -0.22257E-01    -0.74193E-02
     0.15355E+02     0.23106E-02    -0.24233E-01    -0.71337E-02
     0.15408E+02     0.24870E-02    -0.26300E-01    -0.67293E-02
     0.15462E+02     0.26486E-02    -0.28386E-01    -0.62073E-02
     0.15502E+02     0.27583E-02    -0.29902E-01    -0.57443E-02
     0.15555E+02     0.28865E-02    -0.31787E-01    -0.50175E-02
     0.15609E+02     0.30035E-02    -0.33468E-01    -0.41855E-02
     0.15662E+02     0.31102E-02    -0.34910E-01    -0.32704E-02
     0.15702E+02     0.31825E-02    -0.35848E-01    -0.25377E-02
     0.15755E+02     0.32762E-02    -0.36961E-01    -0.14632E-02
     0.15809E+02     0.33686E-02    -0.37974E-01    -0.24065E-03
     0.15862E+02     0.34560E-02    -0.38883E-01     0.11368E-02
     0.15902E+02     0.35090E-02    -0.39469E-01     0.22410E-02
     0.15955E+02     0.35471E-02    -0.40046E-01     0.37419E-02
     0.16008E+02     0.35283E-02    -0.40276E-01     0.52379E-02
     0.16061E+02     0.34604E-02    -0.40287E-01     0.67018E-02
     0.16101E+02     0.33806E-02    -0.40104E-01     0.77826E-02
     0.16154E+02     0.32475E-02    -0.39656E-01     0.92308E-02
     0.16207E+02     0.30901E-02    -0.38983E-01     0.10719E-01
     0.16260E+02     0.29187E-02    -0.38119E-01     0.12258E-01
     0.16313E+02     0.27366E-02    -0.37083E-01     0.13850E-01
     0.16353E+02     0.25927E-02    -0.36205E-01     0.15061E-01
     0.16406E+02     0.23868E-02    -0.34882E-01     0.16634E-01
     0.16459E+02     0.21568E-02    -0.33341E-01     0.18054E-01
     0.16512E+02     0.18955E-02    -0.31531E-01     0.19216E-01
     0.16552E+02     0.16787E-02    -0.29992E-01     0.19891E-01
     0.16605E+02     0.13664E-02    -0.27728E-01     0.20546E-01
     0.16658E+02     0.10359E-02    -0.25281E-01     0.20975E-01
     0.16711E+02     0.69755E-03    -0.22685E-01     0.21218E-01
     0.16751E+02     0.44207E-03    -0.20636E-01     0.21290E-01
     0.16804E+02     0.10179E-03    -0.17762E-01     0.21322E-01
     0.16857E+02    -0.23761E-03    -0.14727E-01     0.21157E-01
     0.16910E+02    -0.57046E-03    -0.11526E-01     0.20736E-01
     0.16963E+02    -0.89030E-03    -0.82860E-02     0.20141E-01
     0.17003E+02    -0.11177E-02    -0.59076E-02     0.19598E-01
     0.17056E+02    -0.14074E-02    -0.28694E-02     0.18750E-01
     0.17109E+02    -0.16834E-02    -0.65436E-04     0.17745E-01
     0.17162E+02    -0.19421E-02     0.24585E-02     0.16606E-01
     0.17202E+02    -0.21232E-02     0.41632E-02     0.15663E-01
     0.17255E+02    -0.23437E-02     0.61999E-02     0.14287E-01
     0.17308E+02    -0.25364E-02     0.79922E-02     0.12770E-01
     0.17361E+02    -0.26977E-02     0.95620E-02     0.11117E-01
     0.17401E+02    -0.27968E-02     0.10604E-01     0.97901E-02
     0.17454E+02    -0.28981E-02     0.11822E-01     0.79135E-02
     0.17508E+02    -0.29629E-02     0.12862E-01     0.59407E-02
     0.17561E+02    -0.29936E-02     0.13742E-01     0.39238E-02
     0.17601E+02    -0.30026E-02     0.14283E-01     0.23997E-02
     0.17654E+02    -0.30057E-02     0.14811E-01     0.36233E-03
     0.17707E+02    -0.29697E-02     0.15052E-01    -0.16186E-02
     0.17760E+02    -0.28992E-02     0.15045E-01    -0.35392E-02
     0.17813E+02    -0.28069E-02     0.14712E-01    -0.54383E-02
     0.17853E+02    -0.27214E-02     0.14244E-01    -0.68419E-02
     0.17906E+02    -0.25902E-02     0.13331E-01    -0.86563E-02
     0.17959E+02    -0.24362E-02     0.12157E-01    -0.10389E-01
     0.18013E+02    -0.22599E-02     0.10754E-01    -0.12014E-01
     0.18053E+02    -0.21112E-02     0.95579E-02    -0.13139E-01
     0.18106E+02    -0.18885E-02     0.77716E-02    -0.14479E-01
     0.18159E+02    -0.16384E-02     0.57665E-02    -0.15597E-01
     0.18212E+02    -0.13655E-02     0.35627E-02    -0.16455E-01
     0.18252E+02    -0.11511E-02     0.18017E-02    -0.16927E-01
     0.18305E+02    -0.86072E-03    -0.65444E-03    -0.17347E-01
     0.18358E+02    -0.56791E-03    -0.32056E-02    -0.17547E-01
     0.18411E+02    -0.26842E-03    -0.58631E-02    -0.17478E-01
     0.18451E+02    -0.40716E-04    -0.78843E-02    -0.17283E-01
     0.18504E+02     0.27183E-03    -0.10596E-01    -0.16834E-01
     0.18558E+02     0.59907E-03    -0.13459E-01    -0.16152E-01
     0.18611E+02     0.93760E-03    -0.16421E-01    -0.15197E-01
     0.18651E+02     0.11933E-02    -0.18680E-01    -0.14294E-01
     0.18704E+02     0.15256E-02    -0.21620E-01    -0.12834E-01
     0.18757E+02     0.18316E-02    -0.24270E-01    -0.11096E-01
     0.18810E+02     0.20889E-02    -0.26438E-01    -0.91510E-02
     0.18863E+02     0.22813E-02    -0.28049E-01    -0.71066E-02
     0.18903E+02     0.23815E-02    -0.28907E-01    -0.55603E-02
     0.18956E+02     0.24607E-02    -0.29668E-01    -0.35068E-02
     0.19009E+02     0.24920E-02    -0.30138E-01    -0.14177E-02
     0.19062E+02     0.25003E-02    -0.30497E-01     0.76563E-03
     0.19102E+02     0.25021E-02    -0.30772E-01     0.24588E-02
     0.19155E+02     0.25034E-02    -0.31168E-01     0.47365E-02
     0.19208E+02     0.24959E-02    -0.31557E-01     0.69442E-02
     0.19261E+02     0.24608E-02    -0.31862E-01     0.90027E-02
     0.19301E+02     0.24168E-02    -0.31999E-01     0.10394E-01
     0.19354E+02     0.23292E-02    -0.31995E-01     0.11980E-01
     0.19407E+02     0.21993E-02    -0.31754E-01     0.13264E-01
     0.19460E+02     0.20162E-02    -0.31078E-01     0.14224E-01
     0.19500E+02     0.18423E-02    -0.30243E-01     0.14745E-01
     0.19553E+02     0.15726E-02    -0.28712E-01     0.15244E-01
     0.19606E+02     0.12745E-02    -0.26783E-01     0.15592E-01
     0.19659E+02     0.96957E-03    -0.24578E-01     0.15847E-01
     0.19712E+02     0.67790E-03    -0.22220E-01     0.15994E-01
     0.19752E+02     0.47372E-03    -0.20416E-01     0.16030E-01
     0.19805E+02     0.22516E-03    -0.18047E-01     0.15983E-01
     0.19858E+02     0.68063E-05    -0.15802E-01     0.15737E-01
     0.19911E+02    -0.17599E-03    -0.13752E-01     0.15156E-01
     0.19951E+02    -0.28904E-03    -0.12365E-01     0.14495E-01
     0.20004E+02    -0.41450E-03    -0.10707E-01     0.13302E-01
     0.20057E+02    -0.51944E-03    -0.92099E-02     0.11788E-01
     0.20110E+02    -0.60742E-03    -0.78046E-02     0.10000E-01
     0.20163E+02    -0.67706E-03    -0.64652E-02     0.80062E-02
     0.20202E+02    -0.71835E-03    -0.55181E-02     0.64248E-02
     0.20255E+02    -0.75020E-03    -0.44528E-02     0.42456E-02
     0.20308E+02    -0.77003E-03    -0.37268E-02     0.19931E-02
     0.20361E+02    -0.76539E-03    -0.34384E-02    -0.37509E-03
     0.20401E+02    -0.73311E-03    -0.35385E-02    -0.21725E-02
     0.20454E+02    -0.64744E-03    -0.40525E-02    -0.45754E-02
     0.20507E+02    -0.50990E-03    -0.51745E-02    -0.70147E-02
     0.20560E+02    -0.32886E-03    -0.68790E-02    -0.95237E-02
     0.20613E+02    -0.11744E-03    -0.91184E-02    -0.12076E-01
     0.20652E+02     0.66770E-04    -0.11032E-01    -0.13987E-01
     0.20705E+02     0.34768E-03    -0.13826E-01    -0.16473E-01
     0.20758E+02     0.67490E-03    -0.16846E-01    -0.18819E-01
     0.20811E+02     0.10509E-02    -0.20088E-01    -0.20963E-01
     0.20851E+02     0.13638E-02    -0.22666E-01    -0.22416E-01
     0.20904E+02     0.18194E-02    -0.26290E-01    -0.24123E-01
     0.20957E+02     0.23134E-02    -0.30092E-01    -0.25568E-01
     0.21010E+02     0.28363E-02    -0.34015E-01    -0.26780E-01
     0.21063E+02     0.33833E-02    -0.38024E-01    -0.27804E-01
     0.21102E+02     0.38088E-02    -0.41089E-01    -0.28456E-01
     0.21155E+02     0.43991E-02    -0.45277E-01    -0.29185E-01
     0.21208E+02     0.50185E-02    -0.49587E-01    -0.29779E-01
     0.21261E+02     0.56629E-02    -0.53960E-01    -0.30271E-01
     0.21301E+02     0.61557E-02    -0.57223E-01    -0.30601E-01
     0.21354E+02     0.68165E-02    -0.61499E-01    -0.31007E-01
     0.21407E+02     0.74777E-02    -0.65705E-01    -0.31348E-01
     0.21459E+02     0.81351E-02    -0.69914E-01    -0.31649E-01
     0.21512E+02     0.87805E-02    -0.74215E-01    -0.32022E-01
     0.21552E+02     0.92420E-02    -0.77566E-01    -0.32440E-01
     0.21605E+02     0.98261E-02    -0.82280E-01    -0.33212E-01
     0.21658E+02     0.10384E-01    -0.87325E-01    -0.34205E-01
     0.21710E+02     0.10937E-01    -0.92717E-01    -0.35243E-01
     0.21763E+02     0.11504E-01    -0.98421E-01    -0.36138E-01
     0.21803E+02     0.11948E-01    -0.10286E+00    -0.36609E-01
     0.21856E+02     0.12568E-01    -0.10890E+00    -0.36859E-01
     0.21908E+02     0.13216E-01    -0.11490E+00    -0.36620E-01
     0.21961E+02     0.13868E-01    -0.12069E+00    -0.35941E-01
     0.22001E+02     0.14351E-01    -0.12477E+00    -0.35134E-01
     0.22054E+02     0.14974E-01    -0.12978E+00    -0.33644E-01
     0.22106E+02     0.15565E-01    -0.13421E+00    -0.31646E-01
     0.22159E+02     0.16125E-01    -0.13802E+00    -0.29104E-01
     0.22212E+02     0.16657E-01    -0.14118E+00    -0.26002E-01
     0.22252E+02     0.17034E-01    -0.14315E+00    -0.23369E-01
     0.22304E+02     0.17488E-01    -0.14531E+00    -0.19603E-01
     0.22357E+02     0.17870E-01    -0.14699E+00    -0.15664E-01
     0.22410E+02     0.18171E-01    -0.14830E+00    -0.11499E-01
     0.22463E+02     0.18393E-01    -0.14924E+00    -0.70211E-02
     0.22503E+02     0.18487E-01    -0.14972E+00    -0.34942E-02
     0.22555E+02     0.18529E-01    -0.15018E+00     0.14441E-02
     0.22608E+02     0.18503E-01    -0.15076E+00     0.66794E-02
     0.22661E+02     0.18423E-01    -0.15133E+00     0.12279E-01
     0.22701E+02     0.18312E-01    -0.15166E+00     0.16699E-01
     0.22754E+02     0.18086E-01    -0.15176E+00     0.22648E-01
     0.22806E+02     0.17764E-01    -0.15139E+00     0.28450E-01
     0.22859E+02     0.17336E-01    -0.15045E+00     0.33904E-01
     0.22912E+02     0.16807E-01    -0.14880E+00     0.38869E-01
     0.22952E+02     0.16340E-01    -0.14719E+00     0.42244E-01
     0.23005E+02     0.15650E-01    -0.14463E+00     0.46161E-01
     0.23058E+02     0.14890E-01    -0.14161E+00     0.49315E-01
     0.23111E+02     0.14070E-01    -0.13805E+00     0.51722E-01
     0.23150E+02     0.13435E-01    -0.13494E+00     0.53151E-01
     0.23203E+02     0.12605E-01    -0.13006E+00     0.54821E-01
     0.23256E+02     0.11835E-01    -0.12424E+00     0.56536E-01
     0.23309E+02     0.11177E-01    -0.11746E+00     0.58576E-01
     0.23362E+02     0.10626E-01    -0.10989E+00     0.60789E-01
     0.23402E+02     0.10191E-01    -0.10400E+00     0.62057E-01
     0.23455E+02     0.94951E-02    -0.96448E-01     0.62471E-01
     0.23508E+02     0.86478E-02    -0.89617E-01     0.61149E-01
     0.23561E+02     0.76273E-02    -0.83731E-01     0.57945E-01
     0.23601E+02     0.68010E-02    -0.79935E-01     0.54736E-01
     0.23654E+02     0.57221E-02    -0.75503E-01     0.50208E-01
     0.23707E+02     0.47572E-02    -0.71432E-01     0.46053E-01
     0.23760E+02     0.39540E-02    -0.67344E-01     0.42705E-01
     0.23813E+02     0.33093E-02    -0.63018E-01     0.40191E-01
     0.23853E+02     0.29074E-02    -0.59617E-01     0.38671E-01
     0.23906E+02     0.24270E-02    -0.54957E-01     0.36709E-01
     0.23959E+02     0.19631E-02    -0.50278E-01     0.34434E-01
     0.24013E+02     0.14977E-02    -0.45737E-01     0.31703E-01
     0.24052E+02     0.11569E-02    -0.42475E-01     0.29435E-01
     0.24106E+02     0.72611E-03    -0.38425E-01     0.26315E-01
     0.24159E+02     0.32433E-03    -0.34948E-01     0.23261E-01
     0.24212E+02    -0.74722E-04    -0.32300E-01     0.20359E-01
     0.24252E+02    -0.38428E-03    -0.30947E-01     0.18277E-01
     0.24305E+02    -0.82427E-03    -0.30089E-01     0.15657E-01
     0.24358E+02    -0.12503E-02    -0.29883E-01     0.13359E-01
     0.24411E+02    -0.16245E-02    -0.29954E-01     0.11509E-01
     0.24451E+02    -0.18587E-02    -0.29927E-01     0.10462E-01
     0.24504E+02    -0.21170E-02    -0.29716E-01     0.95293E-02
     0.24557E+02    -0.23115E-02    -0.29322E-01     0.90484E-02
     0.24610E+02    -0.24690E-02    -0.28632E-01     0.88889E-02
     0.24650E+02    -0.25737E-02    -0.27958E-01     0.88712E-02
     0.24703E+02    -0.26966E-02    -0.26999E-01     0.89835E-02
     0.24757E+02    -0.28155E-02    -0.26025E-01     0.93064E-02
     0.24810E+02    -0.29346E-02    -0.25114E-01     0.98681E-02
     0.24863E+02    -0.30528E-02    -0.24322E-01     0.10687E-01
     0.24903E+02    -0.31443E-02    -0.23841E-01     0.11448E-01
     0.24956E+02    -0.32845E-02    -0.23377E-01     0.12603E-01
     0.25009E+02    -0.34516E-02    -0.23068E-01     0.13829E-01
