     0.13235E-01     0.12435E-09     0.71931E-09    -0.23720E-12
     0.52978E-01     0.11982E-09     0.76858E-09    -0.32314E-12
     0.10597E+00     0.11332E-09     0.82584E-09    -0.57176E-12
     0.15896E+00     0.10635E-09     0.87283E-09    -0.98920E-12
     0.21194E+00     0.98994E-10     0.90898E-09    -0.15847E-11
     0.25168E+00     0.93237E-10     0.92866E-09    -0.21554E-11
     0.30466E+00     0.85293E-10     0.94484E-09    -0.30797E-11
     0.35764E+00     0.77145E-10     0.94937E-09    -0.41762E-11
     0.41062E+00     0.68880E-10     0.94212E-09    -0.53512E-11
     0.45035E+00     0.62629E-10     0.92886E-09    -0.61522E-11
     0.50333E+00     0.54249E-10     0.90047E-09    -0.69381E-11
     0.55631E+00     0.45818E-10     0.85967E-09    -0.74484E-11
     0.60928E+00     0.37375E-10     0.80670E-09    -0.80995E-11
     0.66226E+00     0.29065E-10     0.74268E-09    -0.94809E-11
     0.70199E+00     0.23096E-10     0.68863E-09    -0.11446E-10
     0.75497E+00     0.15811E-10     0.61090E-09    -0.15780E-10
     0.80795E+00     0.96931E-11     0.52974E-09    -0.22095E-10
     0.86092E+00     0.50795E-11     0.44815E-09    -0.29672E-10
     0.90066E+00     0.26845E-11     0.38792E-09    -0.35473E-10
     0.95364E+00     0.83002E-12     0.30965E-09    -0.42117E-10
     0.10066E+01     0.21347E-12     0.23342E-09    -0.46526E-10
     0.10596E+01     0.40640E-12     0.15823E-09    -0.48194E-10
     0.11126E+01     0.10338E-11     0.83156E-10    -0.47561E-10
     0.11523E+01     0.16654E-11     0.26849E-10    -0.46396E-10
     0.12053E+01     0.27042E-11    -0.47141E-10    -0.45257E-10
     0.12583E+01     0.42013E-11    -0.11842E-09    -0.45856E-10
     0.13113E+01     0.66450E-11    -0.18420E-09    -0.48423E-10
     0.13510E+01     0.93459E-11    -0.22920E-09    -0.51199E-10
     0.14040E+01     0.13929E-10    -0.28443E-09    -0.55422E-10
     0.14570E+01     0.19006E-10    -0.33564E-09    -0.60225E-10
     0.15099E+01     0.24851E-10    -0.38397E-09    -0.64634E-10
     0.15629E+01     0.31611E-10    -0.42989E-09    -0.68431E-10
     0.16027E+01     0.37176E-10    -0.46212E-09    -0.71424E-10
     0.16556E+01     0.45311E-10    -0.50154E-09    -0.75844E-10
     0.17086E+01     0.54279E-10    -0.53625E-09    -0.80806E-10
     0.17616E+01     0.64033E-10    -0.56584E-09    -0.86389E-10
     0.18013E+01     0.71921E-10    -0.58513E-09    -0.91003E-10
     0.18543E+01     0.83375E-10    -0.60815E-09    -0.97651E-10
     0.19073E+01     0.95904E-10    -0.62843E-09    -0.10494E-09
     0.19603E+01     0.10948E-09    -0.64698E-09    -0.11294E-09
     0.20000E+01     0.12042E-09    -0.66072E-09    -0.11937E-09
     0.20530E+01     0.13609E-09    -0.68008E-09    -0.12849E-09
     0.21060E+01     0.15299E-09    -0.70192E-09    -0.13843E-09
     0.21590E+01     0.17105E-09    -0.72708E-09    -0.14966E-09
     0.22120E+01     0.19026E-09    -0.75605E-09    -0.16271E-09
     0.22517E+01     0.20549E-09    -0.78053E-09    -0.17388E-09
     0.23047E+01     0.22705E-09    -0.81719E-09    -0.19058E-09
     0.23577E+01     0.25024E-09    -0.85934E-09    -0.20910E-09
     0.24107E+01     0.27528E-09    -0.90842E-09    -0.22922E-09
     0.24504E+01     0.29540E-09    -0.95087E-09    -0.24539E-09
     0.25034E+01     0.32421E-09    -0.10165E-08    -0.26873E-09
     0.25564E+01     0.35554E-09    -0.10940E-08    -0.29475E-09
     0.26093E+01     0.38972E-09    -0.11847E-08    -0.32405E-09
     0.26623E+01     0.42705E-09    -0.12892E-08    -0.35700E-09
     0.27021E+01     0.45732E-09    -0.13771E-08    -0.38423E-09
     0.27551E+01     0.50108E-09    -0.15076E-08    -0.42402E-09
     0.28080E+01     0.54917E-09    -0.16549E-08    -0.46796E-09
     0.28610E+01     0.60216E-09    -0.18209E-08    -0.51638E-09
     0.29008E+01     0.64548E-09    -0.19593E-08    -0.55591E-09
     0.29538E+01     0.70849E-09    -0.21643E-08    -0.61342E-09
     0.30067E+01     0.77812E-09    -0.23952E-08    -0.67716E-09
     0.30597E+01     0.85512E-09    -0.26547E-08    -0.74808E-09
     0.31127E+01     0.94035E-09    -0.29458E-08    -0.82719E-09
     0.31524E+01     0.10103E-08    -0.31868E-08    -0.89254E-09
     0.32054E+01     0.11124E-08    -0.35416E-08    -0.98851E-09
     0.32584E+01     0.12258E-08    -0.39387E-08    -0.10956E-08
     0.33114E+01     0.13518E-08    -0.43830E-08    -0.12149E-08
     0.33511E+01     0.14555E-08    -0.47504E-08    -0.13133E-08
     0.34041E+01     0.16071E-08    -0.52909E-08    -0.14574E-08
     0.34571E+01     0.17757E-08    -0.58950E-08    -0.16179E-08
     0.35101E+01     0.19633E-08    -0.65700E-08    -0.17966E-08
     0.35631E+01     0.21719E-08    -0.73239E-08    -0.19957E-08
     0.36028E+01     0.23437E-08    -0.79464E-08    -0.21598E-08
     0.36558E+01     0.25953E-08    -0.88602E-08    -0.24002E-08
     0.37088E+01     0.28754E-08    -0.98796E-08    -0.26678E-08
     0.37618E+01     0.31872E-08    -0.11017E-07    -0.29659E-08
     0.38015E+01     0.34440E-08    -0.11955E-07    -0.32117E-08
     0.38545E+01     0.38202E-08    -0.13331E-07    -0.35725E-08
     0.39075E+01     0.42393E-08    -0.14866E-07    -0.39754E-08
     0.39605E+01     0.47063E-08    -0.16578E-07    -0.44256E-08
     0.40002E+01     0.50913E-08    -0.17991E-07    -0.47975E-08
     0.40532E+01     0.56559E-08    -0.20065E-07    -0.53435E-08
     0.41062E+01     0.62853E-08    -0.22379E-07    -0.59525E-08
     0.41592E+01     0.69870E-08    -0.24959E-07    -0.66312E-08
     0.42122E+01     0.77691E-08    -0.27836E-07    -0.73873E-08
     0.42519E+01     0.84140E-08    -0.30209E-07    -0.80102E-08
     0.43049E+01     0.93597E-08    -0.33690E-07    -0.89230E-08
     0.43579E+01     0.10414E-07    -0.37570E-07    -0.99398E-08
     0.44109E+01     0.11588E-07    -0.41896E-07    -0.11073E-07
     0.44506E+01     0.12557E-07    -0.45463E-07    -0.12007E-07
     0.45036E+01     0.13977E-07    -0.50694E-07    -0.13377E-07
     0.45566E+01     0.15559E-07    -0.56525E-07    -0.14904E-07
     0.46096E+01     0.17323E-07    -0.63023E-07    -0.16607E-07
     0.46626E+01     0.19289E-07    -0.70264E-07    -0.18505E-07
     0.47023E+01     0.20910E-07    -0.76233E-07    -0.20070E-07
     0.47553E+01     0.23287E-07    -0.84984E-07    -0.22365E-07
     0.48083E+01     0.25936E-07    -0.94734E-07    -0.24921E-07
     0.48613E+01     0.28888E-07    -0.10560E-06    -0.27769E-07
     0.49010E+01     0.31321E-07    -0.11455E-06    -0.30116E-07
     0.49540E+01     0.34889E-07    -0.12767E-06    -0.33554E-07
     0.50070E+01     0.38864E-07    -0.14228E-06    -0.37384E-07
     0.50600E+01     0.43292E-07    -0.15855E-06    -0.41649E-07
     0.51130E+01     0.48226E-07    -0.17668E-06    -0.46400E-07
     0.51527E+01     0.52293E-07    -0.19161E-06    -0.50315E-07
     0.52057E+01     0.58253E-07    -0.21349E-06    -0.56053E-07
     0.52587E+01     0.64893E-07    -0.23785E-06    -0.62445E-07
     0.53117E+01     0.72290E-07    -0.26497E-06    -0.69563E-07
     0.53515E+01     0.78385E-07    -0.28732E-06    -0.75427E-07
     0.54044E+01     0.87318E-07    -0.32005E-06    -0.84020E-07
     0.54574E+01     0.97268E-07    -0.35650E-06    -0.93586E-07
     0.55104E+01     0.10835E-06    -0.39707E-06    -0.10424E-06
     0.55502E+01     0.11748E-06    -0.43049E-06    -0.11301E-06
     0.56032E+01     0.13086E-06    -0.47944E-06    -0.12586E-06
     0.56561E+01     0.14576E-06    -0.53392E-06    -0.14017E-06
     0.57091E+01     0.16235E-06    -0.59458E-06    -0.15610E-06
     0.57621E+01     0.18082E-06    -0.66209E-06    -0.17383E-06
     0.58019E+01     0.19604E-06    -0.71769E-06    -0.18844E-06
     0.58549E+01     0.21834E-06    -0.79913E-06    -0.20984E-06
     0.59078E+01     0.24317E-06    -0.88978E-06    -0.23366E-06
     0.59608E+01     0.27081E-06    -0.99068E-06    -0.26017E-06
     0.60006E+01     0.29358E-06    -0.10738E-05    -0.28201E-06
     0.60536E+01     0.32694E-06    -0.11955E-05    -0.31400E-06
     0.61066E+01     0.36408E-06    -0.13309E-05    -0.34961E-06
     0.61596E+01     0.40543E-06    -0.14817E-05    -0.38925E-06
     0.62125E+01     0.45146E-06    -0.16495E-05    -0.43337E-06
     0.62523E+01     0.48937E-06    -0.17877E-05    -0.46971E-06
     0.63053E+01     0.54491E-06    -0.19901E-05    -0.52293E-06
     0.63583E+01     0.60673E-06    -0.22154E-05    -0.58218E-06
     0.64113E+01     0.67556E-06    -0.24662E-05    -0.64812E-06
     0.64510E+01     0.73224E-06    -0.26726E-05    -0.70243E-06
     0.65040E+01     0.81527E-06    -0.29751E-05    -0.78197E-06
     0.65570E+01     0.90768E-06    -0.33117E-05    -0.87051E-06
     0.66099E+01     0.10105E-05    -0.36863E-05    -0.96904E-06
     0.66629E+01     0.11250E-05    -0.41032E-05    -0.10787E-05
     0.67026E+01     0.12193E-05    -0.44464E-05    -0.11690E-05
     0.67556E+01     0.13574E-05    -0.49491E-05    -0.13012E-05
     0.68085E+01     0.15110E-05    -0.55083E-05    -0.14484E-05
     0.68614E+01     0.16819E-05    -0.61304E-05    -0.16120E-05
     0.69011E+01     0.18225E-05    -0.66424E-05    -0.17467E-05
     0.69540E+01     0.20284E-05    -0.73918E-05    -0.19439E-05
     0.70068E+01     0.22574E-05    -0.82253E-05    -0.21632E-05
     0.70596E+01     0.25120E-05    -0.91524E-05    -0.24071E-05
     0.71124E+01     0.27953E-05    -0.10183E-04    -0.26784E-05
     0.71519E+01     0.30284E-05    -0.11032E-04    -0.29016E-05
     0.72047E+01     0.33695E-05    -0.12273E-04    -0.32282E-05
     0.72574E+01     0.37489E-05    -0.13654E-04    -0.35915E-05
     0.73101E+01     0.41707E-05    -0.15189E-04    -0.39954E-05
     0.73628E+01     0.46397E-05    -0.16896E-04    -0.44446E-05
     0.74023E+01     0.50256E-05    -0.18300E-04    -0.48141E-05
     0.74549E+01     0.55904E-05    -0.20355E-04    -0.53549E-05
     0.75075E+01     0.62182E-05    -0.22640E-04    -0.59561E-05
     0.75601E+01     0.69163E-05    -0.25180E-04    -0.66245E-05
     0.76127E+01     0.76925E-05    -0.28004E-04    -0.73677E-05
     0.76521E+01     0.83310E-05    -0.30327E-04    -0.79790E-05
     0.77046E+01     0.92652E-05    -0.33725E-04    -0.88734E-05
     0.77572E+01     0.10304E-04    -0.37503E-04    -0.98678E-05
     0.78097E+01     0.11458E-04    -0.41703E-04    -0.10973E-04
     0.78622E+01     0.12742E-04    -0.46371E-04    -0.12202E-04
     0.79016E+01     0.13798E-04    -0.50211E-04    -0.13213E-04
     0.79540E+01     0.15343E-04    -0.55828E-04    -0.14691E-04
     0.80065E+01     0.17060E-04    -0.62071E-04    -0.16335E-04
     0.80590E+01     0.18969E-04    -0.69011E-04    -0.18162E-04
     0.81114E+01     0.21090E-04    -0.76723E-04    -0.20192E-04
     0.81508E+01     0.22836E-04    -0.83066E-04    -0.21862E-04
     0.82032E+01     0.25389E-04    -0.92344E-04    -0.24305E-04
     0.82556E+01     0.28228E-04    -0.10266E-03    -0.27021E-04
     0.83081E+01     0.31383E-04    -0.11412E-03    -0.30039E-04
     0.83605E+01     0.34890E-04    -0.12685E-03    -0.33394E-04
     0.84129E+01     0.38788E-04    -0.14100E-03    -0.37122E-04
     0.84522E+01     0.41995E-04    -0.15264E-03    -0.40188E-04
     0.85047E+01     0.46685E-04    -0.16965E-03    -0.44672E-04
     0.85571E+01     0.51899E-04    -0.18856E-03    -0.49656E-04
     0.86095E+01     0.57695E-04    -0.20957E-03    -0.55195E-04
     0.86620E+01     0.64137E-04    -0.23291E-03    -0.61350E-04
     0.87013E+01     0.69436E-04    -0.25210E-03    -0.66412E-04
     0.87537E+01     0.77187E-04    -0.28017E-03    -0.73815E-04
     0.88062E+01     0.85803E-04    -0.31134E-03    -0.82042E-04
     0.88587E+01     0.95381E-04    -0.34597E-03    -0.91184E-04
     0.89111E+01     0.10603E-03    -0.38443E-03    -0.10134E-03
     0.89505E+01     0.11478E-03    -0.41605E-03    -0.10970E-03
     0.90030E+01     0.12759E-03    -0.46226E-03    -0.12191E-03
     0.90555E+01     0.14183E-03    -0.51357E-03    -0.13548E-03
     0.91081E+01     0.15765E-03    -0.57054E-03    -0.15056E-03
     0.91606E+01     0.17523E-03    -0.63379E-03    -0.16730E-03
     0.92000E+01     0.18970E-03    -0.68575E-03    -0.18107E-03
     0.92526E+01     0.21085E-03    -0.76166E-03    -0.20120E-03
     0.93052E+01     0.23436E-03    -0.84590E-03    -0.22355E-03
     0.93579E+01     0.26048E-03    -0.93935E-03    -0.24838E-03
     0.94105E+01     0.28950E-03    -0.10430E-02    -0.27594E-03
     0.94500E+01     0.31337E-03    -0.11281E-02    -0.29858E-03
     0.95027E+01     0.34826E-03    -0.12523E-02    -0.33167E-03
     0.95554E+01     0.38702E-03    -0.13899E-02    -0.36839E-03
     0.96081E+01     0.43007E-03    -0.15424E-02    -0.40912E-03
     0.96609E+01     0.47788E-03    -0.17112E-02    -0.45430E-03
     0.97005E+01     0.51718E-03    -0.18496E-02    -0.49138E-03
     0.97533E+01     0.57460E-03    -0.20512E-02    -0.54550E-03
     0.98061E+01     0.63833E-03    -0.22741E-02    -0.60548E-03
     0.98590E+01     0.70907E-03    -0.25205E-02    -0.67191E-03
     0.99119E+01     0.78755E-03    -0.27926E-02    -0.74547E-03
     0.99515E+01     0.85199E-03    -0.30150E-02    -0.80574E-03
     0.10004E+02     0.94606E-03    -0.33379E-02    -0.89354E-03
     0.10057E+02     0.10503E-02    -0.36935E-02    -0.99057E-03
     0.10110E+02     0.11659E-02    -0.40847E-02    -0.10977E-02
     0.10150E+02     0.12606E-02    -0.44033E-02    -0.11851E-02
     0.10203E+02     0.13986E-02    -0.48639E-02    -0.13120E-02
     0.10256E+02     0.15511E-02    -0.53681E-02    -0.14517E-02
     0.10309E+02     0.17197E-02    -0.59188E-02    -0.16051E-02
     0.10362E+02     0.19058E-02    -0.65192E-02    -0.17737E-02
     0.10402E+02     0.20579E-02    -0.70039E-02    -0.19108E-02
     0.10455E+02     0.22787E-02    -0.76983E-02    -0.21086E-02
     0.10508E+02     0.25219E-02    -0.84500E-02    -0.23247E-02
     0.10561E+02     0.27893E-02    -0.92606E-02    -0.25598E-02
     0.10601E+02     0.30070E-02    -0.99079E-02    -0.27492E-02
     0.10654E+02     0.33216E-02    -0.10824E-01    -0.30194E-02
     0.10707E+02     0.36662E-02    -0.11802E-01    -0.33103E-02
     0.10760E+02     0.40427E-02    -0.12842E-01    -0.36204E-02
     0.10813E+02     0.44524E-02    -0.13942E-01    -0.39493E-02
     0.10852E+02     0.47823E-02    -0.14803E-01    -0.42096E-02
     0.10905E+02     0.52536E-02    -0.15996E-01    -0.45765E-02
     0.10958E+02     0.57621E-02    -0.17229E-01    -0.49677E-02
     0.11011E+02     0.63108E-02    -0.18494E-01    -0.53836E-02
     0.11051E+02     0.67498E-02    -0.19451E-01    -0.57064E-02
     0.11104E+02     0.73712E-02    -0.20717E-01    -0.61398E-02
     0.11157E+02     0.80275E-02    -0.21942E-01    -0.65632E-02
     0.11210E+02     0.87154E-02    -0.23096E-01    -0.69882E-02
     0.11263E+02     0.94461E-02    -0.24152E-01    -0.74276E-02
     0.11303E+02     0.10025E-01    -0.24866E-01    -0.77483E-02
     0.11356E+02     0.10828E-01    -0.25684E-01    -0.81351E-02
     0.11409E+02     0.11659E-01    -0.26334E-01    -0.84495E-02
     0.11462E+02     0.12472E-01    -0.26814E-01    -0.86759E-02
     0.11502E+02     0.13062E-01    -0.27140E-01    -0.88298E-02
     0.11555E+02     0.13832E-01    -0.27450E-01    -0.90181E-02
     0.11608E+02     0.14562E-01    -0.27606E-01    -0.91854E-02
     0.11661E+02     0.15256E-01    -0.27457E-01    -0.93143E-02
     0.11701E+02     0.15765E-01    -0.27018E-01    -0.93646E-02
     0.11754E+02     0.16432E-01    -0.25813E-01    -0.93065E-02
     0.11807E+02     0.17086E-01    -0.23783E-01    -0.90751E-02
     0.11860E+02     0.17715E-01    -0.20856E-01    -0.86625E-02
     0.11913E+02     0.18298E-01    -0.17049E-01    -0.80809E-02
     0.11952E+02     0.18698E-01    -0.13633E-01    -0.75407E-02
     0.12005E+02     0.19174E-01    -0.83684E-02    -0.66891E-02
     0.12058E+02     0.19577E-01    -0.23735E-02    -0.56884E-02
     0.12111E+02     0.19880E-01     0.41031E-02    -0.45237E-02
     0.12151E+02     0.20015E-01     0.90436E-02    -0.35793E-02
     0.12204E+02     0.20028E-01     0.15331E-01    -0.23258E-02
     0.12257E+02     0.19795E-01     0.20861E-01    -0.11841E-02
     0.12310E+02     0.19307E-01     0.25437E-01    -0.18010E-03
     0.12363E+02     0.18598E-01     0.29263E-01     0.79324E-03
     0.12403E+02     0.17975E-01     0.31979E-01     0.15192E-02
     0.12456E+02     0.17114E-01     0.35971E-01     0.25218E-02
     0.12509E+02     0.16297E-01     0.40833E-01     0.35965E-02
     0.12562E+02     0.15523E-01     0.46683E-01     0.47159E-02
     0.12602E+02     0.14958E-01     0.51620E-01     0.55728E-02
     0.12655E+02     0.14204E-01     0.58625E-01     0.66918E-02
     0.12708E+02     0.13405E-01     0.65519E-01     0.77213E-02
     0.12761E+02     0.12481E-01     0.71483E-01     0.85665E-02
     0.12800E+02     0.11671E-01     0.74945E-01     0.89904E-02
     0.12853E+02     0.10454E-01     0.77921E-01     0.92558E-02
     0.12906E+02     0.91083E-02     0.79210E-01     0.92795E-02
     0.12959E+02     0.77403E-02     0.79334E-01     0.91772E-02
     0.13012E+02     0.64356E-02     0.78900E-01     0.89989E-02
     0.13052E+02     0.55339E-02     0.78544E-01     0.88722E-02
     0.13105E+02     0.44599E-02     0.78336E-01     0.87418E-02
     0.13158E+02     0.34950E-02     0.78133E-01     0.86394E-02
     0.13211E+02     0.25829E-02     0.77313E-01     0.85133E-02
     0.13251E+02     0.18590E-02     0.75746E-01     0.83691E-02
     0.13304E+02     0.78704E-03     0.71936E-01     0.80530E-02
     0.13357E+02    -0.38662E-03     0.66185E-01     0.75199E-02
     0.13410E+02    -0.15737E-02     0.58895E-01     0.67634E-02
     0.13463E+02    -0.26877E-02     0.50674E-01     0.58352E-02
     0.13503E+02    -0.34397E-02     0.44253E-01     0.50764E-02
     0.13556E+02    -0.43089E-02     0.35692E-01     0.40470E-02
     0.13609E+02    -0.50260E-02     0.27363E-01     0.30577E-02
     0.13662E+02    -0.56012E-02     0.19417E-01     0.21509E-02
     0.13702E+02    -0.59487E-02     0.13764E-01     0.15347E-02
     0.13755E+02    -0.63134E-02     0.66744E-02     0.78501E-03
     0.13808E+02    -0.65705E-02     0.17336E-03     0.83477E-04
     0.13861E+02    -0.67105E-02    -0.55709E-02    -0.58116E-03
     0.13901E+02    -0.67304E-02    -0.93474E-02    -0.10459E-02
     0.13954E+02    -0.66562E-02    -0.13729E-01    -0.16090E-02
     0.14007E+02    -0.65158E-02    -0.17514E-01    -0.20952E-02
     0.14060E+02    -0.62962E-02    -0.20845E-01    -0.24701E-02
     0.14113E+02    -0.60253E-02    -0.23806E-01    -0.27689E-02
     0.14153E+02    -0.57946E-02    -0.25774E-01    -0.29597E-02
     0.14206E+02    -0.54475E-02    -0.27960E-01    -0.31746E-02
     0.14259E+02    -0.50483E-02    -0.29525E-01    -0.33416E-02
     0.14312E+02    -0.45740E-02    -0.30362E-01    -0.34295E-02
     0.14352E+02    -0.41792E-02    -0.30539E-01    -0.34199E-02
     0.14405E+02    -0.36412E-02    -0.30387E-01    -0.33182E-02
     0.14459E+02    -0.31111E-02    -0.30014E-01    -0.31372E-02
     0.14512E+02    -0.26339E-02    -0.29695E-01    -0.29165E-02
     0.14552E+02    -0.23138E-02    -0.29560E-01    -0.27681E-02
     0.14605E+02    -0.19486E-02    -0.29500E-01    -0.26351E-02
     0.14659E+02    -0.16314E-02    -0.29574E-01    -0.25914E-02
     0.14712E+02    -0.13243E-02    -0.29488E-01    -0.26298E-02
     0.14752E+02    -0.10837E-02    -0.29171E-01    -0.26738E-02
     0.14806E+02    -0.73569E-03    -0.28242E-01    -0.26934E-02
     0.14859E+02    -0.34360E-03    -0.26636E-01    -0.26518E-02
     0.14912E+02     0.83298E-04    -0.24371E-01    -0.25342E-02
     0.14952E+02     0.41503E-03    -0.22281E-01    -0.24036E-02
     0.15006E+02     0.86582E-03    -0.19058E-01    -0.21658E-02
     0.15059E+02     0.13106E-02    -0.15492E-01    -0.18643E-02
     0.15113E+02     0.17206E-02    -0.11856E-01    -0.14697E-02
     0.15153E+02     0.19814E-02    -0.92878E-02    -0.10927E-02
     0.15207E+02     0.22333E-02    -0.63306E-02    -0.49411E-03
     0.15261E+02     0.23587E-02    -0.40685E-02     0.14233E-03
     0.15301E+02     0.23698E-02    -0.28164E-02     0.59734E-03
     0.15355E+02     0.23087E-02    -0.15562E-02     0.10720E-02
     0.15408E+02     0.22084E-02    -0.48829E-03     0.13756E-02
     0.15462E+02     0.21146E-02     0.59721E-03     0.15181E-02
     0.15502E+02     0.20556E-02     0.14279E-02     0.15354E-02
     0.15555E+02     0.19781E-02     0.24915E-02     0.14784E-02
     0.15609E+02     0.18849E-02     0.33818E-02     0.13328E-02
     0.15662E+02     0.17766E-02     0.40088E-02     0.11024E-02
     0.15702E+02     0.16940E-02     0.43446E-02     0.90241E-03
     0.15755E+02     0.15894E-02     0.47442E-02     0.62400E-03
     0.15809E+02     0.15220E-02     0.51570E-02     0.36334E-03
     0.15862E+02     0.14797E-02     0.56799E-02     0.16853E-03
     0.15902E+02     0.14639E-02     0.61047E-02     0.90511E-04
     0.15955E+02     0.14415E-02     0.66613E-02     0.93478E-04
     0.16008E+02     0.13898E-02     0.70918E-02     0.21484E-03
     0.16061E+02     0.12956E-02     0.73108E-02     0.43361E-03
     0.16101E+02     0.12000E-02     0.73745E-02     0.60945E-03
     0.16154E+02     0.10561E-02     0.73628E-02     0.78943E-03
     0.16207E+02     0.90660E-03     0.73436E-02     0.85065E-03
     0.16260E+02     0.76916E-03     0.73529E-02     0.78849E-03
     0.16313E+02     0.65597E-03     0.74061E-02     0.62939E-03
     0.16353E+02     0.58626E-03     0.74810E-02     0.49398E-03
     0.16406E+02     0.51165E-03     0.75647E-02     0.35995E-03
     0.16459E+02     0.43605E-03     0.75552E-02     0.34417E-03
     0.16512E+02     0.35224E-03     0.74092E-02     0.43940E-03
     0.16552E+02     0.27679E-03     0.71852E-02     0.59007E-03
     0.16605E+02     0.15244E-03     0.67559E-02     0.84547E-03
     0.16658E+02     0.10485E-04     0.62288E-02     0.10701E-02
     0.16711E+02    -0.13475E-03     0.56636E-02     0.11787E-02
     0.16751E+02    -0.23779E-03     0.52433E-02     0.11803E-02
     0.16804E+02    -0.36060E-03     0.46967E-02     0.10986E-02
     0.16857E+02    -0.46386E-03     0.41554E-02     0.95547E-03
     0.16910E+02    -0.54843E-03     0.35938E-02     0.79767E-03
     0.16963E+02    -0.61568E-03     0.29873E-02     0.65461E-03
     0.17003E+02    -0.65566E-03     0.25001E-02     0.56248E-03
     0.17056E+02    -0.69579E-03     0.18133E-02     0.45820E-03
     0.17109E+02    -0.72184E-03     0.11036E-02     0.37860E-03
     0.17162E+02    -0.73521E-03     0.39213E-03     0.32771E-03
     0.17202E+02    -0.73948E-03    -0.13564E-03     0.31418E-03
     0.17255E+02    -0.74361E-03    -0.82995E-03     0.33618E-03
     0.17308E+02    -0.74829E-03    -0.15289E-02     0.39615E-03
     0.17361E+02    -0.75654E-03    -0.22337E-02     0.46495E-03
     0.17401E+02    -0.76426E-03    -0.27588E-02     0.48543E-03
     0.17454E+02    -0.77080E-03    -0.34407E-02     0.43251E-03
     0.17508E+02    -0.76408E-03    -0.40868E-02     0.25612E-03
     0.17561E+02    -0.73652E-03    -0.46663E-02    -0.14942E-04
     0.17601E+02    -0.69878E-03    -0.50502E-02    -0.24120E-03
     0.17654E+02    -0.62199E-03    -0.54892E-02    -0.54267E-03
     0.17707E+02    -0.51916E-03    -0.58409E-02    -0.78853E-03
     0.17760E+02    -0.39988E-03    -0.61062E-02    -0.92686E-03
     0.17813E+02    -0.27545E-03    -0.62883E-02    -0.94186E-03
     0.17853E+02    -0.18474E-03    -0.63727E-02    -0.87721E-03
     0.17906E+02    -0.73232E-04    -0.64141E-02    -0.71972E-03
     0.17959E+02     0.25839E-04    -0.63700E-02    -0.53143E-03
     0.18013E+02     0.11514E-03    -0.62409E-02    -0.37139E-03
     0.18053E+02     0.17988E-03    -0.60965E-02    -0.29148E-03
     0.18106E+02     0.26806E-03    -0.58637E-02    -0.23575E-03
     0.18159E+02     0.36006E-03    -0.56187E-02    -0.20137E-03
     0.18212E+02     0.45449E-03    -0.53999E-02    -0.15578E-03
     0.18252E+02     0.52508E-03    -0.52684E-02    -0.93265E-04
     0.18305E+02     0.61316E-03    -0.51509E-02     0.51880E-04
     0.18358E+02     0.69381E-03    -0.50989E-02     0.23933E-03
     0.18411E+02     0.76756E-03    -0.50900E-02     0.44150E-03
     0.18451E+02     0.81965E-03    -0.51050E-02     0.58258E-03
     0.18504E+02     0.88936E-03    -0.51599E-02     0.73273E-03
     0.18558E+02     0.96234E-03    -0.52865E-02     0.82652E-03
     0.18611E+02     0.10384E-02    -0.55498E-02     0.85783E-03
     0.18651E+02     0.10983E-02    -0.58658E-02     0.84808E-03
     0.18704E+02     0.11816E-02    -0.64660E-02     0.79809E-03
     0.18757E+02     0.12723E-02    -0.72666E-02     0.70710E-03
     0.18810E+02     0.13770E-02    -0.82389E-02     0.57956E-03
     0.18863E+02     0.15041E-02    -0.93426E-02     0.43353E-03
     0.18903E+02     0.16175E-02    -0.10236E-01     0.32765E-03
     0.18956E+02     0.17938E-02    -0.11503E-01     0.20760E-03
     0.19009E+02     0.19968E-02    -0.12856E-01     0.11975E-03
     0.19062E+02     0.22233E-02    -0.14305E-01     0.60405E-04
     0.19102E+02     0.24069E-02    -0.15466E-01     0.22562E-04
     0.19155E+02     0.26681E-02    -0.17120E-01    -0.21575E-04
     0.19208E+02     0.29492E-02    -0.18897E-01    -0.59308E-04
     0.19261E+02     0.32523E-02    -0.20788E-01    -0.90084E-04
     0.19301E+02     0.34974E-02    -0.22270E-01    -0.11186E-03
     0.19354E+02     0.38528E-02    -0.24315E-01    -0.13965E-03
     0.19407E+02     0.42458E-02    -0.26426E-01    -0.16794E-03
     0.19460E+02     0.46794E-02    -0.28602E-01    -0.19351E-03
     0.19500E+02     0.50315E-02    -0.30281E-01    -0.20471E-03
     0.19553E+02     0.55357E-02    -0.32599E-01    -0.20018E-03
     0.19606E+02     0.60778E-02    -0.35022E-01    -0.16729E-03
     0.19659E+02     0.66553E-02    -0.37563E-01    -0.94985E-04
     0.19712E+02     0.72655E-02    -0.40225E-01     0.20806E-04
     0.19752E+02     0.77430E-02    -0.42297E-01     0.13168E-03
     0.19805E+02     0.84043E-02    -0.45154E-01     0.30735E-03
     0.19858E+02     0.90922E-02    -0.48112E-01     0.50448E-03
     0.19911E+02     0.98044E-02    -0.51176E-01     0.70928E-03
     0.19951E+02     0.10352E-01    -0.53555E-01     0.85708E-03
     0.20004E+02     0.11094E-01    -0.56865E-01     0.10269E-02
     0.20057E+02     0.11844E-01    -0.60357E-01     0.11328E-02
     0.20110E+02     0.12598E-01    -0.64017E-01     0.11399E-02
     0.20163E+02     0.13359E-01    -0.67769E-01     0.10234E-02
     0.20202E+02     0.13939E-01    -0.70559E-01     0.88112E-03
     0.20255E+02     0.14731E-01    -0.74085E-01     0.65651E-03
     0.20308E+02     0.15553E-01    -0.77199E-01     0.44534E-03
     0.20361E+02     0.16406E-01    -0.79705E-01     0.29472E-03
     0.20401E+02     0.17062E-01    -0.81095E-01     0.23206E-03
     0.20454E+02     0.17945E-01    -0.82205E-01     0.20869E-03
     0.20507E+02     0.18818E-01    -0.82402E-01     0.24457E-03
     0.20560E+02     0.19663E-01    -0.81642E-01     0.33205E-03
     0.20613E+02     0.20463E-01    -0.79882E-01     0.48508E-03
     0.20652E+02     0.21027E-01    -0.77881E-01     0.64946E-03
     0.20705E+02     0.21719E-01    -0.74284E-01     0.94154E-03
     0.20758E+02     0.22333E-01    -0.69654E-01     0.13240E-02
     0.20811E+02     0.22853E-01    -0.64115E-01     0.18143E-02
     0.20851E+02     0.23162E-01    -0.59517E-01     0.22232E-02
     0.20904E+02     0.23431E-01    -0.53102E-01     0.27910E-02
     0.20957E+02     0.23500E-01    -0.46693E-01     0.33062E-02
     0.21010E+02     0.23352E-01    -0.40510E-01     0.36232E-02
     0.21063E+02     0.23015E-01    -0.34509E-01     0.36241E-02
     0.21102E+02     0.22688E-01    -0.29911E-01     0.34299E-02
     0.21155E+02     0.22238E-01    -0.23182E-01     0.29428E-02
     0.21208E+02     0.21852E-01    -0.15294E-01     0.24070E-02
     0.21261E+02     0.21574E-01    -0.59046E-02     0.20565E-02
     0.21301E+02     0.21453E-01     0.22314E-02     0.20225E-02
     0.21354E+02     0.21325E-01     0.14456E-01     0.23417E-02
     0.21407E+02     0.21250E-01     0.27874E-01     0.31454E-02
     0.21459E+02     0.21086E-01     0.41396E-01     0.43275E-02
     0.21512E+02     0.20687E-01     0.53709E-01     0.56297E-02
     0.21552E+02     0.20098E-01     0.61482E-01     0.65218E-02
     0.21605E+02     0.18983E-01     0.69432E-01     0.71384E-02
     0.21658E+02     0.17631E-01     0.75280E-01     0.70729E-02
     0.21710E+02     0.16297E-01     0.80349E-01     0.64924E-02
     0.21763E+02     0.15190E-01     0.85825E-01     0.56848E-02
     0.21803E+02     0.14529E-01     0.90482E-01     0.51630E-02
     0.21856E+02     0.13811E-01     0.97281E-01     0.48049E-02
     0.21908E+02     0.13160E-01     0.10412E+00     0.48713E-02
     0.21961E+02     0.12468E-01     0.11022E+00     0.53339E-02
     0.22001E+02     0.11869E-01     0.11385E+00     0.58427E-02
     0.22054E+02     0.10930E-01     0.11698E+00     0.66137E-02
     0.22106E+02     0.97772E-02     0.11773E+00     0.73265E-02
     0.22159E+02     0.84362E-02     0.11619E+00     0.78011E-02
     0.22212E+02     0.70066E-02     0.11281E+00     0.79326E-02
     0.22252E+02     0.59497E-02     0.10946E+00     0.78464E-02
     0.22304E+02     0.46336E-02     0.10441E+00     0.75328E-02
     0.22357E+02     0.34499E-02     0.98978E-01     0.71109E-02
     0.22410E+02     0.23783E-02     0.93114E-01     0.67896E-02
     0.22463E+02     0.13447E-02     0.86576E-01     0.66914E-02
     0.22503E+02     0.56774E-03     0.81117E-01     0.67469E-02
     0.22555E+02    -0.47827E-03     0.73104E-01     0.69732E-02
     0.22608E+02    -0.15297E-02     0.64427E-01     0.72388E-02
     0.22661E+02    -0.25542E-02     0.55378E-01     0.74098E-02
     0.22701E+02    -0.32832E-02     0.48563E-01     0.74440E-02
     0.22754E+02    -0.41769E-02     0.39707E-01     0.74141E-02
     0.22806E+02    -0.49599E-02     0.31396E-01     0.73458E-02
     0.22859E+02    -0.56149E-02     0.23862E-01     0.72921E-02
     0.22912E+02    -0.61393E-02     0.17206E-01     0.72948E-02
     0.22952E+02    -0.64561E-02     0.12797E-01     0.73442E-02
     0.23005E+02    -0.67955E-02     0.76603E-02     0.74951E-02
     0.23058E+02    -0.70594E-02     0.32990E-02     0.77018E-02
     0.23111E+02    -0.72710E-02    -0.37478E-03     0.79473E-02
     0.23150E+02    -0.74013E-02    -0.27104E-02     0.81338E-02
     0.23203E+02    -0.75378E-02    -0.52696E-02     0.83640E-02
     0.23256E+02    -0.76327E-02    -0.72242E-02     0.85605E-02
     0.23309E+02    -0.76996E-02    -0.86417E-02     0.87087E-02
     0.23362E+02    -0.77367E-02    -0.95843E-02     0.87941E-02
     0.23402E+02    -0.77574E-02    -0.10007E-01     0.88388E-02
     0.23455E+02    -0.77522E-02    -0.10172E-01     0.88693E-02
     0.23508E+02    -0.77013E-02    -0.99597E-02     0.88681E-02
     0.23561E+02    -0.76120E-02    -0.93342E-02     0.88522E-02
     0.23601E+02    -0.75156E-02    -0.86888E-02     0.88286E-02
     0.23654E+02    -0.73661E-02    -0.77269E-02     0.87814E-02
     0.23707E+02    -0.72171E-02    -0.68518E-02     0.87062E-02
     0.23760E+02    -0.70886E-02    -0.62372E-02     0.85614E-02
     0.23813E+02    -0.69934E-02    -0.59914E-02     0.82698E-02
     0.23853E+02    -0.69291E-02    -0.59890E-02     0.79328E-02
     0.23906E+02    -0.68340E-02    -0.61666E-02     0.73315E-02
     0.23959E+02    -0.67004E-02    -0.64091E-02     0.66277E-02
     0.24013E+02    -0.65151E-02    -0.65775E-02     0.58874E-02
     0.24052E+02    -0.63446E-02    -0.66387E-02     0.53272E-02
     0.24106E+02    -0.60829E-02    -0.66304E-02     0.45901E-02
     0.24159E+02    -0.57995E-02    -0.65404E-02     0.38615E-02
     0.24212E+02    -0.55193E-02    -0.64821E-02     0.31039E-02
     0.24252E+02    -0.53326E-02    -0.65335E-02     0.25187E-02
     0.24305E+02    -0.51280E-02    -0.67762E-02     0.17318E-02
     0.24358E+02    -0.49852E-02    -0.72767E-02     0.91536E-03
     0.24411E+02    -0.49009E-02    -0.79870E-02     0.14257E-04
     0.24451E+02    -0.48578E-02    -0.86030E-02    -0.71993E-03
     0.24504E+02    -0.48126E-02    -0.94407E-02    -0.17805E-02
     0.24557E+02    -0.47601E-02    -0.10208E-01    -0.29607E-02
     0.24610E+02    -0.46853E-02    -0.10849E-01    -0.42688E-02
     0.24650E+02    -0.46128E-02    -0.11236E-01    -0.53249E-02
     0.24703E+02    -0.45019E-02    -0.11625E-01    -0.67984E-02
     0.24757E+02    -0.43862E-02    -0.11890E-01    -0.83051E-02
     0.24810E+02    -0.42764E-02    -0.12052E-01    -0.98032E-02
     0.24863E+02    -0.41796E-02    -0.12104E-01    -0.11265E-01
     0.24903E+02    -0.41144E-02    -0.12049E-01    -0.12340E-01
     0.24956E+02    -0.40359E-02    -0.11821E-01    -0.13748E-01
     0.25009E+02    -0.39631E-02    -0.11389E-01    -0.15149E-01
