     0.13235E-01     0.13873E-09     0.80885E-09    -0.19878E-12
     0.52978E-01     0.13268E-09     0.86381E-09    -0.29581E-12
     0.10597E+00     0.12401E-09     0.92664E-09    -0.58701E-12
     0.15896E+00     0.11467E-09     0.97629E-09    -0.11317E-11
     0.21194E+00     0.10477E-09     0.10126E-08    -0.19429E-11
     0.25168E+00     0.97113E-10     0.10313E-08    -0.27128E-11
     0.30466E+00     0.86806E-10     0.10447E-08    -0.38590E-11
     0.35764E+00     0.76169E-10     0.10427E-08    -0.43218E-11
     0.41062E+00     0.65306E-10     0.10259E-08    -0.38364E-11
     0.45035E+00     0.56981E-10     0.10031E-08    -0.27683E-11
     0.50333E+00     0.45720E-10     0.95929E-09    -0.10088E-11
     0.55631E+00     0.34469E-10     0.90142E-09    -0.15938E-12
     0.60928E+00     0.23624E-10     0.83236E-09    -0.12020E-11
     0.66226E+00     0.13622E-10     0.75511E-09    -0.49162E-11
     0.70199E+00     0.69182E-11     0.69366E-09    -0.10051E-10
     0.75497E+00    -0.68098E-12     0.60980E-09    -0.19940E-10
     0.80795E+00    -0.65747E-11     0.52521E-09    -0.31946E-10
     0.86092E+00    -0.10782E-10     0.44044E-09    -0.43948E-10
     0.90066E+00    -0.12944E-10     0.37649E-09    -0.51548E-10
     0.95364E+00    -0.14748E-10     0.29000E-09    -0.58306E-10
     0.10066E+01    -0.15651E-10     0.20160E-09    -0.60116E-10
     0.10596E+01    -0.15879E-10     0.11202E-09    -0.57908E-10
     0.11126E+01    -0.15438E-10     0.23355E-10    -0.53582E-10
     0.11523E+01    -0.14602E-10    -0.40847E-10    -0.50278E-10
     0.12053E+01    -0.12341E-10    -0.11995E-09    -0.47373E-10
     0.12583E+01    -0.92988E-11    -0.19348E-09    -0.46884E-10
     0.13113E+01    -0.54808E-11    -0.26424E-09    -0.48296E-10
     0.13510E+01    -0.20794E-11    -0.31531E-09    -0.50571E-10
     0.14040E+01     0.29714E-11    -0.37875E-09    -0.55024E-10
     0.14570E+01     0.86953E-11    -0.43723E-09    -0.60331E-10
     0.15099E+01     0.15296E-10    -0.49124E-09    -0.65400E-10
     0.15629E+01     0.22752E-10    -0.53988E-09    -0.69844E-10
     0.16027E+01     0.28916E-10    -0.57291E-09    -0.72937E-10
     0.16556E+01     0.37939E-10    -0.61233E-09    -0.77292E-10
     0.17086E+01     0.47917E-10    -0.64628E-09    -0.82523E-10
     0.17616E+01     0.58853E-10    -0.67465E-09    -0.88979E-10
     0.18013E+01     0.67647E-10    -0.69229E-09    -0.94489E-10
     0.18543E+01     0.80071E-10    -0.71146E-09    -0.10225E-09
     0.19073E+01     0.93207E-10    -0.72720E-09    -0.10996E-09
     0.19603E+01     0.10699E-09    -0.74179E-09    -0.11727E-09
     0.20000E+01     0.11777E-09    -0.75334E-09    -0.12258E-09
     0.20530E+01     0.13276E-09    -0.77108E-09    -0.13014E-09
     0.21060E+01     0.14861E-09    -0.79287E-09    -0.13926E-09
     0.21590E+01     0.16552E-09    -0.81977E-09    -0.15069E-09
     0.22120E+01     0.18367E-09    -0.85259E-09    -0.16457E-09
     0.22517E+01     0.19818E-09    -0.88154E-09    -0.17638E-09
     0.23047E+01     0.21875E-09    -0.92654E-09    -0.19351E-09
     0.23577E+01     0.24075E-09    -0.97963E-09    -0.21186E-09
     0.24107E+01     0.26424E-09    -0.10417E-08    -0.23150E-09
     0.24504E+01     0.28292E-09    -0.10948E-08    -0.24741E-09
     0.25034E+01     0.30946E-09    -0.11752E-08    -0.27087E-09
     0.25564E+01     0.33817E-09    -0.12680E-08    -0.29766E-09
     0.26093E+01     0.36947E-09    -0.13748E-08    -0.32829E-09
     0.26623E+01     0.40378E-09    -0.14975E-08    -0.36287E-09
     0.27021E+01     0.43173E-09    -0.16011E-08    -0.39133E-09
     0.27551E+01     0.47224E-09    -0.17559E-08    -0.43251E-09
     0.28080E+01     0.51679E-09    -0.19310E-08    -0.47742E-09
     0.28610E+01     0.56579E-09    -0.21278E-08    -0.52642E-09
     0.29008E+01     0.60575E-09    -0.22906E-08    -0.56625E-09
     0.29538E+01     0.66375E-09    -0.25297E-08    -0.62410E-09
     0.30067E+01     0.72780E-09    -0.27968E-08    -0.68821E-09
     0.30597E+01     0.79867E-09    -0.30956E-08    -0.75948E-09
     0.31127E+01     0.87718E-09    -0.34301E-08    -0.83879E-09
     0.31524E+01     0.94162E-09    -0.37070E-08    -0.90413E-09
     0.32054E+01     0.10357E-08    -0.41147E-08    -0.99990E-09
     0.32584E+01     0.11401E-08    -0.45711E-08    -0.11066E-08
     0.33114E+01     0.12559E-08    -0.50817E-08    -0.12254E-08
     0.33511E+01     0.13512E-08    -0.55039E-08    -0.13232E-08
     0.34041E+01     0.14904E-08    -0.61248E-08    -0.14667E-08
     0.34571E+01     0.16453E-08    -0.68188E-08    -0.16268E-08
     0.35101E+01     0.18176E-08    -0.75942E-08    -0.18054E-08
     0.35631E+01     0.20092E-08    -0.84603E-08    -0.20047E-08
     0.36028E+01     0.21671E-08    -0.91753E-08    -0.21689E-08
     0.36558E+01     0.23982E-08    -0.10225E-07    -0.24097E-08
     0.37088E+01     0.26555E-08    -0.11397E-07    -0.26777E-08
     0.37618E+01     0.29419E-08    -0.12703E-07    -0.29761E-08
     0.38015E+01     0.31778E-08    -0.13781E-07    -0.32220E-08
     0.38545E+01     0.35235E-08    -0.15363E-07    -0.35827E-08
     0.39075E+01     0.39084E-08    -0.17126E-07    -0.39852E-08
     0.39605E+01     0.43372E-08    -0.19092E-07    -0.44349E-08
     0.40002E+01     0.46906E-08    -0.20714E-07    -0.48063E-08
     0.40532E+01     0.52089E-08    -0.23093E-07    -0.53521E-08
     0.41062E+01     0.57867E-08    -0.25748E-07    -0.59614E-08
     0.41592E+01     0.64307E-08    -0.28709E-07    -0.66410E-08
     0.42122E+01     0.71488E-08    -0.32013E-07    -0.73985E-08
     0.42519E+01     0.77409E-08    -0.34738E-07    -0.80227E-08
     0.43049E+01     0.86092E-08    -0.38736E-07    -0.89373E-08
     0.43579E+01     0.95769E-08    -0.43193E-07    -0.99560E-08
     0.44109E+01     0.10656E-07    -0.48162E-07    -0.11091E-07
     0.44506E+01     0.11545E-07    -0.52260E-07    -0.12027E-07
     0.45036E+01     0.12849E-07    -0.58269E-07    -0.13400E-07
     0.45566E+01     0.14302E-07    -0.64967E-07    -0.14931E-07
     0.46096E+01     0.15922E-07    -0.72433E-07    -0.16638E-07
     0.46626E+01     0.17728E-07    -0.80754E-07    -0.18542E-07
     0.47023E+01     0.19217E-07    -0.87614E-07    -0.20113E-07
     0.47553E+01     0.21400E-07    -0.97671E-07    -0.22415E-07
     0.48083E+01     0.23833E-07    -0.10888E-06    -0.24981E-07
     0.48613E+01     0.26545E-07    -0.12136E-06    -0.27839E-07
     0.49010E+01     0.28781E-07    -0.13165E-06    -0.30195E-07
     0.49540E+01     0.32059E-07    -0.14674E-06    -0.33647E-07
     0.50070E+01     0.35712E-07    -0.16354E-06    -0.37491E-07
     0.50600E+01     0.39782E-07    -0.18225E-06    -0.41773E-07
     0.51130E+01     0.44317E-07    -0.20309E-06    -0.46543E-07
     0.51527E+01     0.48055E-07    -0.22027E-06    -0.50473E-07
     0.52057E+01     0.53534E-07    -0.24543E-06    -0.56235E-07
     0.52587E+01     0.59638E-07    -0.27345E-06    -0.62652E-07
     0.53117E+01     0.66439E-07    -0.30465E-06    -0.69801E-07
     0.53515E+01     0.72043E-07    -0.33036E-06    -0.75691E-07
     0.54044E+01     0.80257E-07    -0.36802E-06    -0.84321E-07
     0.54574E+01     0.89407E-07    -0.40995E-06    -0.93930E-07
     0.55104E+01     0.99598E-07    -0.45663E-06    -0.10463E-06
     0.55502E+01     0.10799E-06    -0.49508E-06    -0.11344E-06
     0.56032E+01     0.12030E-06    -0.55141E-06    -0.12635E-06
     0.56561E+01     0.13400E-06    -0.61411E-06    -0.14072E-06
     0.57091E+01     0.14927E-06    -0.68391E-06    -0.15672E-06
     0.57621E+01     0.16626E-06    -0.76160E-06    -0.17454E-06
     0.58019E+01     0.18026E-06    -0.82559E-06    -0.18921E-06
     0.58549E+01     0.20077E-06    -0.91932E-06    -0.21070E-06
     0.59078E+01     0.22361E-06    -0.10236E-05    -0.23462E-06
     0.59608E+01     0.24905E-06    -0.11398E-05    -0.26126E-06
     0.60006E+01     0.27000E-06    -0.12354E-05    -0.28319E-06
     0.60536E+01     0.30069E-06    -0.13755E-05    -0.31533E-06
     0.61066E+01     0.33486E-06    -0.15314E-05    -0.35109E-06
     0.61596E+01     0.37290E-06    -0.17049E-05    -0.39091E-06
     0.62125E+01     0.41526E-06    -0.18981E-05    -0.43522E-06
     0.62523E+01     0.45014E-06    -0.20571E-05    -0.47172E-06
     0.63053E+01     0.50124E-06    -0.22901E-05    -0.52518E-06
     0.63583E+01     0.55813E-06    -0.25494E-05    -0.58468E-06
     0.64113E+01     0.62146E-06    -0.28380E-05    -0.65092E-06
     0.64510E+01     0.67362E-06    -0.30757E-05    -0.70546E-06
     0.65040E+01     0.75002E-06    -0.34238E-05    -0.78535E-06
     0.65570E+01     0.83506E-06    -0.38112E-05    -0.87427E-06
     0.66099E+01     0.92971E-06    -0.42424E-05    -0.97324E-06
     0.66629E+01     0.10351E-05    -0.47222E-05    -0.10834E-05
     0.67026E+01     0.11218E-05    -0.51173E-05    -0.11741E-05
     0.67556E+01     0.12489E-05    -0.56959E-05    -0.13069E-05
     0.68085E+01     0.13902E-05    -0.63396E-05    -0.14546E-05
     0.68614E+01     0.15475E-05    -0.70556E-05    -0.16190E-05
     0.69011E+01     0.16769E-05    -0.76450E-05    -0.17543E-05
     0.69540E+01     0.18663E-05    -0.85076E-05    -0.19523E-05
     0.70068E+01     0.20770E-05    -0.94670E-05    -0.21726E-05
     0.70596E+01     0.23114E-05    -0.10534E-04    -0.24175E-05
     0.71124E+01     0.25721E-05    -0.11721E-04    -0.26900E-05
     0.71519E+01     0.27865E-05    -0.12697E-04    -0.29141E-05
     0.72047E+01     0.31005E-05    -0.14126E-04    -0.32422E-05
     0.72574E+01     0.34495E-05    -0.15715E-04    -0.36071E-05
     0.73101E+01     0.38377E-05    -0.17482E-04    -0.40128E-05
     0.73628E+01     0.42694E-05    -0.19447E-04    -0.44639E-05
     0.74023E+01     0.46245E-05    -0.21064E-04    -0.48351E-05
     0.74549E+01     0.51442E-05    -0.23429E-04    -0.53782E-05
     0.75075E+01     0.57220E-05    -0.26059E-04    -0.59820E-05
     0.75601E+01     0.63644E-05    -0.28983E-04    -0.66534E-05
     0.76127E+01     0.70787E-05    -0.32234E-04    -0.73999E-05
     0.76521E+01     0.76663E-05    -0.34908E-04    -0.80139E-05
     0.77046E+01     0.85261E-05    -0.38821E-04    -0.89124E-05
     0.77572E+01     0.94819E-05    -0.43170E-04    -0.99112E-05
     0.78097E+01     0.10545E-04    -0.48005E-04    -0.11022E-04
     0.78622E+01     0.11726E-04    -0.53379E-04    -0.12256E-04
     0.79016E+01     0.12698E-04    -0.57800E-04    -0.13271E-04
     0.79540E+01     0.14119E-04    -0.64268E-04    -0.14757E-04
     0.80065E+01     0.15700E-04    -0.71456E-04    -0.16408E-04
     0.80590E+01     0.17457E-04    -0.79447E-04    -0.18244E-04
     0.81114E+01     0.19410E-04    -0.88328E-04    -0.20284E-04
     0.81508E+01     0.21017E-04    -0.95632E-04    -0.21962E-04
     0.82032E+01     0.23367E-04    -0.10632E-03    -0.24417E-04
     0.82556E+01     0.25980E-04    -0.11819E-03    -0.27147E-04
     0.83081E+01     0.28885E-04    -0.13139E-03    -0.30180E-04
     0.83605E+01     0.32114E-04    -0.14606E-03    -0.33552E-04
     0.84129E+01     0.35703E-04    -0.16236E-03    -0.37299E-04
     0.84522E+01     0.38655E-04    -0.17576E-03    -0.40382E-04
     0.85047E+01     0.42975E-04    -0.19537E-03    -0.44891E-04
     0.85571E+01     0.47776E-04    -0.21716E-03    -0.49902E-04
     0.86095E+01     0.53114E-04    -0.24137E-03    -0.55473E-04
     0.86620E+01     0.59047E-04    -0.26827E-03    -0.61663E-04
     0.87013E+01     0.63928E-04    -0.29039E-03    -0.66756E-04
     0.87537E+01     0.71069E-04    -0.32274E-03    -0.74204E-04
     0.88062E+01     0.79008E-04    -0.35868E-03    -0.82483E-04
     0.88587E+01     0.87833E-04    -0.39861E-03    -0.91684E-04
     0.89111E+01     0.97644E-04    -0.44297E-03    -0.10191E-03
     0.89505E+01     0.10571E-03    -0.47944E-03    -0.11032E-03
     0.90030E+01     0.11752E-03    -0.53275E-03    -0.12262E-03
     0.90555E+01     0.13065E-03    -0.59197E-03    -0.13629E-03
     0.91081E+01     0.14524E-03    -0.65773E-03    -0.15148E-03
     0.91606E+01     0.16146E-03    -0.73076E-03    -0.16837E-03
     0.92000E+01     0.17480E-03    -0.79077E-03    -0.18225E-03
     0.92526E+01     0.19432E-03    -0.87846E-03    -0.20255E-03
     0.93052E+01     0.21602E-03    -0.97582E-03    -0.22511E-03
     0.93579E+01     0.24014E-03    -0.10839E-02    -0.25016E-03
     0.94105E+01     0.26694E-03    -0.12037E-02    -0.27800E-03
     0.94500E+01     0.28899E-03    -0.13022E-02    -0.30088E-03
     0.95027E+01     0.32124E-03    -0.14459E-02    -0.33432E-03
     0.95554E+01     0.35708E-03    -0.16053E-02    -0.37146E-03
     0.96081E+01     0.39691E-03    -0.17820E-02    -0.41269E-03
     0.96609E+01     0.44116E-03    -0.19777E-02    -0.45846E-03
     0.97005E+01     0.47755E-03    -0.21383E-02    -0.49605E-03
     0.97533E+01     0.53074E-03    -0.23723E-02    -0.55097E-03
     0.98061E+01     0.58983E-03    -0.26312E-02    -0.61192E-03
     0.98590E+01     0.65545E-03    -0.29177E-02    -0.67953E-03
     0.99119E+01     0.72832E-03    -0.32343E-02    -0.75451E-03
     0.99515E+01     0.78820E-03    -0.34934E-02    -0.81606E-03
     0.10004E+02     0.87569E-03    -0.38701E-02    -0.90587E-03
     0.10057E+02     0.97278E-03    -0.42857E-02    -0.10054E-02
     0.10110E+02     0.10805E-02    -0.47436E-02    -0.11156E-02
     0.10150E+02     0.11689E-02    -0.51169E-02    -0.12059E-02
     0.10203E+02     0.12978E-02    -0.56575E-02    -0.13373E-02
     0.10256E+02     0.14406E-02    -0.62507E-02    -0.14825E-02
     0.10309E+02     0.15987E-02    -0.69005E-02    -0.16427E-02
     0.10362E+02     0.17736E-02    -0.76110E-02    -0.18194E-02
     0.10402E+02     0.19168E-02    -0.81861E-02    -0.19635E-02
     0.10455E+02     0.21251E-02    -0.90124E-02    -0.21723E-02
     0.10508E+02     0.23551E-02    -0.99101E-02    -0.24012E-02
     0.10561E+02     0.26089E-02    -0.10883E-01    -0.26508E-02
     0.10601E+02     0.28159E-02    -0.11664E-01    -0.28513E-02
     0.10654E+02     0.31158E-02    -0.12777E-01    -0.31356E-02
     0.10707E+02     0.34446E-02    -0.13977E-01    -0.34387E-02
     0.10760E+02     0.38045E-02    -0.15265E-01    -0.37626E-02
     0.10813E+02     0.41981E-02    -0.16641E-01    -0.41123E-02
     0.10852E+02     0.45171E-02    -0.17726E-01    -0.43951E-02
     0.10905E+02     0.49766E-02    -0.19234E-01    -0.48035E-02
     0.10958E+02     0.54778E-02    -0.20797E-01    -0.52482E-02
     0.11011E+02     0.60224E-02    -0.22401E-01    -0.57215E-02
     0.11051E+02     0.64600E-02    -0.23623E-01    -0.60864E-02
     0.11104E+02     0.70825E-02    -0.25271E-01    -0.65737E-02
     0.11157E+02     0.77493E-02    -0.26936E-01    -0.70536E-02
     0.11210E+02     0.84611E-02    -0.28593E-01    -0.75157E-02
     0.11263E+02     0.92148E-02    -0.30195E-01    -0.79436E-02
     0.11303E+02     0.98015E-02    -0.31353E-01    -0.82419E-02
     0.11356E+02     0.10600E-01    -0.32940E-01    -0.86387E-02
     0.11409E+02     0.11398E-01    -0.34707E-01    -0.90985E-02
     0.11462E+02     0.12189E-01    -0.36714E-01    -0.96651E-02
     0.11502E+02     0.12760E-01    -0.38196E-01    -0.10152E-01
     0.11555E+02     0.13547E-01    -0.39963E-01    -0.10860E-01
     0.11608E+02     0.14379E-01    -0.41179E-01    -0.11529E-01
     0.11661E+02     0.15234E-01    -0.41523E-01    -0.12024E-01
     0.11701E+02     0.15892E-01    -0.41063E-01    -0.12246E-01
     0.11754E+02     0.16785E-01    -0.39495E-01    -0.12320E-01
     0.11807E+02     0.17655E-01    -0.36731E-01    -0.12087E-01
     0.11860E+02     0.18501E-01    -0.32723E-01    -0.11502E-01
     0.11913E+02     0.19313E-01    -0.27378E-01    -0.10543E-01
     0.11952E+02     0.19874E-01    -0.22515E-01    -0.95897E-02
     0.12005E+02     0.20533E-01    -0.15137E-01    -0.79563E-02
     0.12058E+02     0.21011E-01    -0.75178E-02    -0.61454E-02
     0.12111E+02     0.21253E-01    -0.51668E-03    -0.45135E-02
     0.12151E+02     0.21246E-01     0.39222E-02    -0.35800E-02
     0.12204E+02     0.20990E-01     0.86857E-02    -0.27765E-02
     0.12257E+02     0.20526E-01     0.12696E-01    -0.21909E-02
     0.12310E+02     0.19964E-01     0.16924E-01    -0.15554E-02
     0.12363E+02     0.19382E-01     0.22243E-01    -0.53696E-03
     0.12403E+02     0.18971E-01     0.27232E-01     0.45350E-03
     0.12456E+02     0.18428E-01     0.35325E-01     0.20764E-02
     0.12509E+02     0.17872E-01     0.44859E-01     0.40366E-02
     0.12562E+02     0.17267E-01     0.55361E-01     0.61218E-02
     0.12602E+02     0.16736E-01     0.63314E-01     0.76514E-02
     0.12655E+02     0.15835E-01     0.72994E-01     0.94412E-02
     0.12708E+02     0.14669E-01     0.80665E-01     0.10764E-01
     0.12761E+02     0.13272E-01     0.86071E-01     0.11607E-01
     0.12800E+02     0.12130E-01     0.88890E-01     0.11963E-01
     0.12853E+02     0.10579E-01     0.91566E-01     0.12130E-01
     0.12906E+02     0.90877E-02     0.93563E-01     0.12103E-01
     0.12959E+02     0.77031E-02     0.95453E-01     0.12005E-01
     0.13012E+02     0.64614E-02     0.97942E-01     0.11913E-01
     0.13052E+02     0.56284E-02     0.10005E+00     0.11889E-01
     0.13105E+02     0.45057E-02     0.10181E+00     0.11937E-01
     0.13158E+02     0.32691E-02     0.10115E+00     0.12004E-01
     0.13211E+02     0.18478E-02     0.97235E-01     0.11974E-01
     0.13251E+02     0.70979E-03     0.92543E-01     0.11792E-01
     0.13304E+02    -0.78871E-03     0.84651E-01     0.11208E-01
     0.13357E+02    -0.21937E-02     0.75504E-01     0.10216E-01
     0.13410E+02    -0.34575E-02     0.65539E-01     0.88944E-02
     0.13463E+02    -0.45657E-02     0.55095E-01     0.73790E-02
     0.13503E+02    -0.52900E-02     0.47174E-01     0.62172E-02
     0.13556E+02    -0.60954E-02     0.36793E-01     0.47422E-02
     0.13609E+02    -0.67240E-02     0.26746E-01     0.34390E-02
     0.13662E+02    -0.72042E-02     0.17188E-01     0.22746E-02
     0.13702E+02    -0.74645E-02     0.10569E-01     0.14446E-02
     0.13755E+02    -0.76673E-02     0.26874E-02     0.38649E-03
     0.13808E+02    -0.77304E-02    -0.41164E-02    -0.57740E-03
     0.13861E+02    -0.77023E-02    -0.10010E-01    -0.14087E-02
     0.13901E+02    -0.76394E-02    -0.14047E-01    -0.19203E-02
     0.13954E+02    -0.74801E-02    -0.19046E-01    -0.24540E-02
     0.14007E+02    -0.72582E-02    -0.23639E-01    -0.28686E-02
     0.14060E+02    -0.69725E-02    -0.27553E-01    -0.32027E-02
     0.14113E+02    -0.66183E-02    -0.30609E-01    -0.34676E-02
     0.14153E+02    -0.62759E-02    -0.32177E-01    -0.36193E-02
     0.14206E+02    -0.57348E-02    -0.33377E-01    -0.37247E-02
     0.14259E+02    -0.51384E-02    -0.33861E-01    -0.37168E-02
     0.14312E+02    -0.45453E-02    -0.34040E-01    -0.35528E-02
     0.14352E+02    -0.41198E-02    -0.34158E-01    -0.33289E-02
     0.14405E+02    -0.36081E-02    -0.34523E-01    -0.29652E-02
     0.14459E+02    -0.31615E-02    -0.35455E-01    -0.26760E-02
     0.14512E+02    -0.27703E-02    -0.36748E-01    -0.25978E-02
     0.14552E+02    -0.25093E-02    -0.37597E-01    -0.26942E-02
     0.14605E+02    -0.21267E-02    -0.38278E-01    -0.29975E-02
     0.14659E+02    -0.16857E-02    -0.38095E-01    -0.33327E-02
     0.14712E+02    -0.12237E-02    -0.37019E-01    -0.35036E-02
     0.14752E+02    -0.84950E-03    -0.35639E-01    -0.35027E-02
     0.14806E+02    -0.32379E-03    -0.33016E-01    -0.33743E-02
     0.14859E+02     0.22443E-03    -0.29551E-01    -0.31635E-02
     0.14912E+02     0.78603E-03    -0.25373E-01    -0.29673E-02
     0.14952E+02     0.12005E-02    -0.21962E-01    -0.28156E-02
     0.15006E+02     0.17084E-02    -0.17402E-01    -0.24726E-02
     0.15059E+02     0.21223E-02    -0.13271E-01    -0.18112E-02
     0.15113E+02     0.24067E-02    -0.98910E-02    -0.82384E-03
     0.15153E+02     0.25330E-02    -0.78438E-02     0.51333E-04
     0.15207E+02     0.26049E-02    -0.55679E-02     0.12358E-02
     0.15261E+02     0.26167E-02    -0.34609E-02     0.22014E-02
     0.15301E+02     0.26100E-02    -0.18425E-02     0.26443E-02
     0.15355E+02     0.25768E-02     0.21269E-03     0.30229E-02
     0.15408E+02     0.25023E-02     0.19354E-02     0.32364E-02
     0.15462E+02     0.23819E-02     0.31750E-02     0.32504E-02
     0.15502E+02     0.22706E-02     0.38058E-02     0.31444E-02
     0.15555E+02     0.21062E-02     0.43748E-02     0.28500E-02
     0.15609E+02     0.19521E-02     0.48103E-02     0.24102E-02
     0.15662E+02     0.18296E-02     0.52921E-02     0.18857E-02
     0.15702E+02     0.17581E-02     0.57277E-02     0.14564E-02
     0.15755E+02     0.16949E-02     0.63445E-02     0.90468E-03
     0.15809E+02     0.16527E-02     0.69327E-02     0.44749E-03
     0.15862E+02     0.16057E-02     0.73834E-02     0.12385E-03
     0.15902E+02     0.15653E-02     0.76001E-02     0.19202E-04
     0.15955E+02     0.14945E-02     0.77714E-02     0.61006E-04
     0.16008E+02     0.14013E-02     0.78949E-02     0.27249E-03
     0.16061E+02     0.12908E-02     0.80067E-02     0.58731E-03
     0.16101E+02     0.11982E-02     0.81173E-02     0.81392E-03
     0.16154E+02     0.10672E-02     0.83527E-02     0.10209E-02
     0.16207E+02     0.93893E-03     0.86553E-02     0.10644E-02
     0.16260E+02     0.81882E-03     0.89558E-02     0.98672E-03
     0.16313E+02     0.70243E-03     0.91851E-02     0.87869E-03
     0.16353E+02     0.61849E-03     0.92631E-02     0.81296E-03
     0.16406E+02     0.50822E-03     0.92328E-02     0.80899E-03
     0.16459E+02     0.39558E-03     0.90321E-02     0.91764E-03
     0.16512E+02     0.27371E-03     0.86946E-02     0.11117E-02
     0.16552E+02     0.17649E-03     0.83761E-02     0.12638E-02
     0.16605E+02     0.41212E-04     0.78962E-02     0.14262E-02
     0.16658E+02    -0.97064E-04     0.73872E-02     0.15055E-02
     0.16711E+02    -0.23409E-03     0.68727E-02     0.15098E-02
     0.16751E+02    -0.33318E-03     0.64873E-02     0.14673E-02
     0.16804E+02    -0.45768E-03     0.59746E-02     0.13827E-02
     0.16857E+02    -0.56871E-03     0.54537E-02     0.13066E-02
     0.16910E+02    -0.66410E-03     0.49037E-02     0.12225E-02
     0.16963E+02    -0.74111E-03     0.43013E-02     0.11270E-02
     0.17003E+02    -0.78910E-03     0.38056E-02     0.10492E-02
     0.17056E+02    -0.83715E-03     0.31086E-02     0.93322E-03
     0.17109E+02    -0.86691E-03     0.23560E-02     0.82370E-03
     0.17162E+02    -0.88565E-03     0.15191E-02     0.74984E-03
     0.17202E+02    -0.89348E-03     0.85547E-03     0.74030E-03
     0.17255E+02    -0.90052E-03    -0.64772E-04     0.78032E-03
     0.17308E+02    -0.90892E-03    -0.10184E-02     0.84541E-03
     0.17361E+02    -0.91954E-03    -0.19716E-02     0.88282E-03
     0.17401E+02    -0.92435E-03    -0.26668E-02     0.84610E-03
     0.17454E+02    -0.92224E-03    -0.35504E-02     0.69296E-03
     0.17508E+02    -0.89935E-03    -0.43566E-02     0.38532E-03
     0.17561E+02    -0.85132E-03    -0.50739E-02    -0.24457E-04
     0.17601E+02    -0.79904E-03    -0.55527E-02    -0.34044E-03
     0.17654E+02    -0.70610E-03    -0.61167E-02    -0.75013E-03
     0.17707E+02    -0.59039E-03    -0.66056E-02    -0.10990E-02
     0.17760E+02    -0.45841E-03    -0.70138E-02    -0.13467E-02
     0.17813E+02    -0.31757E-03    -0.73137E-02    -0.14588E-02
     0.17853E+02    -0.21109E-03    -0.74444E-02    -0.14487E-02
     0.17906E+02    -0.72164E-04    -0.74686E-02    -0.13110E-02
     0.17959E+02     0.57379E-04    -0.73113E-02    -0.10703E-02
     0.18013E+02     0.17507E-03    -0.69902E-02    -0.78788E-03
     0.18053E+02     0.25535E-03    -0.66668E-02    -0.58274E-03
     0.18106E+02     0.35244E-03    -0.61728E-02    -0.34639E-03
     0.18159E+02     0.44045E-03    -0.56643E-02    -0.18122E-03
     0.18212E+02     0.52075E-03    -0.51825E-02    -0.42292E-04
     0.18252E+02     0.57770E-03    -0.48429E-02     0.71075E-04
     0.18305E+02     0.65337E-03    -0.43981E-02     0.26178E-03
     0.18358E+02     0.72932E-03    -0.39490E-02     0.52527E-03
     0.18411E+02     0.80294E-03    -0.35280E-02     0.84303E-03
     0.18451E+02     0.85342E-03    -0.32792E-02     0.10953E-02
     0.18504E+02     0.90802E-03    -0.31046E-02     0.13967E-02
     0.18558E+02     0.94320E-03    -0.31869E-02     0.15717E-02
     0.18611E+02     0.96821E-03    -0.35250E-02     0.15933E-02
     0.18651E+02     0.98759E-03    -0.39351E-02     0.15253E-02
     0.18704E+02     0.10231E-02    -0.46638E-02     0.13381E-02
     0.18757E+02     0.10805E-02    -0.55593E-02     0.10896E-02
     0.18810E+02     0.11668E-02    -0.65828E-02     0.83848E-03
     0.18863E+02     0.12824E-02    -0.77167E-02     0.62095E-03
     0.18903E+02     0.13859E-02    -0.86423E-02     0.48822E-03
     0.18956E+02     0.15435E-02    -0.99901E-02     0.34402E-03
     0.19009E+02     0.17209E-02    -0.11483E-01     0.22052E-03
     0.19062E+02     0.19176E-02    -0.13125E-01     0.10215E-03
     0.19102E+02     0.20787E-02    -0.14444E-01     0.15708E-04
     0.19155E+02     0.23143E-02    -0.16290E-01    -0.93252E-04
     0.19208E+02     0.25777E-02    -0.18199E-01    -0.19381E-03
     0.19261E+02     0.28729E-02    -0.20134E-01    -0.28548E-03
     0.19301E+02     0.31165E-02    -0.21584E-01    -0.34182E-03
     0.19354E+02     0.34711E-02    -0.23521E-01    -0.39933E-03
     0.19407E+02     0.38594E-02    -0.25476E-01    -0.43408E-03
     0.19460E+02     0.42812E-02    -0.27477E-01    -0.44023E-03
     0.19500E+02     0.46198E-02    -0.29024E-01    -0.42464E-03
     0.19553E+02     0.51028E-02    -0.31164E-01    -0.37431E-03
     0.19606E+02     0.56221E-02    -0.33403E-01    -0.28442E-03
     0.19659E+02     0.61771E-02    -0.35749E-01    -0.14751E-03
     0.19712E+02     0.67654E-02    -0.38203E-01     0.55530E-04
     0.19752E+02     0.72275E-02    -0.40118E-01     0.25829E-03
     0.19805E+02     0.78689E-02    -0.42796E-01     0.58774E-03
     0.19858E+02     0.85301E-02    -0.45702E-01     0.97451E-03
     0.19911E+02     0.91971E-02    -0.48969E-01     0.13680E-02
     0.19951E+02     0.96943E-02    -0.51724E-01     0.16256E-02
     0.20004E+02     0.10354E-01    -0.55822E-01     0.18173E-02
     0.20057E+02     0.11022E-01    -0.60318E-01     0.17834E-02
     0.20110E+02     0.11721E-01    -0.65006E-01     0.15657E-02
     0.20163E+02     0.12475E-01    -0.69633E-01     0.12309E-02
     0.20202E+02     0.13087E-01    -0.72918E-01     0.94109E-03
     0.20255E+02     0.13970E-01    -0.76896E-01     0.56454E-03
     0.20308E+02     0.14921E-01    -0.80292E-01     0.24737E-03
     0.20361E+02     0.15922E-01    -0.83010E-01     0.70248E-05
     0.20401E+02     0.16695E-01    -0.84554E-01    -0.13371E-03
     0.20454E+02     0.17742E-01    -0.85876E-01    -0.24967E-03
     0.20507E+02     0.18798E-01    -0.86221E-01    -0.27777E-03
     0.20560E+02     0.19847E-01    -0.85451E-01    -0.17125E-03
     0.20613E+02     0.20873E-01    -0.83484E-01     0.95426E-04
     0.20652E+02     0.21619E-01    -0.81213E-01     0.41142E-03
     0.20705E+02     0.22550E-01    -0.77202E-01     0.10215E-02
     0.20758E+02     0.23360E-01    -0.72366E-01     0.18446E-02
     0.20811E+02     0.23979E-01    -0.67291E-01     0.28406E-02
     0.20851E+02     0.24277E-01    -0.63662E-01     0.36069E-02
     0.20904E+02     0.24444E-01    -0.59239E-01     0.44298E-02
     0.20957E+02     0.24386E-01    -0.55088E-01     0.47435E-02
     0.21010E+02     0.24201E-01    -0.50636E-01     0.44638E-02
     0.21063E+02     0.23994E-01    -0.45076E-01     0.36476E-02
     0.21102E+02     0.23858E-01    -0.39784E-01     0.28018E-02
     0.21155E+02     0.23782E-01    -0.31042E-01     0.16728E-02
     0.21208E+02     0.23855E-01    -0.20046E-01     0.85420E-03
     0.21261E+02     0.24084E-01    -0.64691E-02     0.66602E-03
     0.21301E+02     0.24305E-01     0.53643E-02     0.10914E-02
     0.21354E+02     0.24462E-01     0.21878E-01     0.25326E-02
     0.21407E+02     0.24261E-01     0.36918E-01     0.46577E-02
     0.21459E+02     0.23577E-01     0.49391E-01     0.69327E-02
     0.21512E+02     0.22426E-01     0.58894E-01     0.84395E-02
     0.21552E+02     0.21395E-01     0.64734E-01     0.88290E-02
     0.21605E+02     0.20005E-01     0.72057E-01     0.84893E-02
     0.21658E+02     0.18749E-01     0.79927E-01     0.73122E-02
     0.21710E+02     0.17693E-01     0.88725E-01     0.58684E-02
     0.21763E+02     0.16792E-01     0.98208E-01     0.47332E-02
     0.21803E+02     0.16170E-01     0.10548E+00     0.43315E-02
     0.21856E+02     0.15342E-01     0.11487E+00     0.43659E-02
     0.21908E+02     0.14444E-01     0.12326E+00     0.50983E-02
     0.21961E+02     0.13366E-01     0.12967E+00     0.62799E-02
     0.22001E+02     0.12393E-01     0.13269E+00     0.72582E-02
     0.22054E+02     0.10855E-01     0.13400E+00     0.83486E-02
     0.22106E+02     0.91773E-02     0.13286E+00     0.89008E-02
     0.22159E+02     0.75135E-02     0.13024E+00     0.88804E-02
     0.22212E+02     0.59591E-02     0.12672E+00     0.84338E-02
     0.22252E+02     0.48730E-02     0.12354E+00     0.79328E-02
     0.22304E+02     0.34997E-02     0.11839E+00     0.73293E-02
     0.22357E+02     0.21668E-02     0.11190E+00     0.70507E-02
     0.22410E+02     0.86645E-03     0.10407E+00     0.70652E-02
     0.22463E+02    -0.38847E-03     0.95019E-01     0.73294E-02
     0.22503E+02    -0.13018E-02     0.87478E-01     0.75769E-02
     0.22555E+02    -0.24796E-02     0.76593E-01     0.78009E-02
     0.22608E+02    -0.35866E-02     0.65116E-01     0.77929E-02
     0.22661E+02    -0.45848E-02     0.53632E-01     0.76324E-02
     0.22701E+02    -0.52360E-02     0.45426E-01     0.74586E-02
     0.22754E+02    -0.59488E-02     0.35395E-01     0.72122E-02
     0.22806E+02    -0.65108E-02     0.26369E-01     0.70091E-02
     0.22859E+02    -0.69444E-02     0.18424E-01     0.69746E-02
     0.22912E+02    -0.72780E-02     0.11499E-01     0.70419E-02
     0.22952E+02    -0.74752E-02     0.69298E-02     0.71883E-02
     0.23005E+02    -0.76757E-02     0.16222E-02     0.74910E-02
     0.23058E+02    -0.78143E-02    -0.28219E-02     0.78908E-02
     0.23111E+02    -0.78823E-02    -0.63891E-02     0.83266E-02
     0.23150E+02    -0.78987E-02    -0.85201E-02     0.86607E-02
     0.23203E+02    -0.79004E-02    -0.10725E-01     0.90534E-02
     0.23256E+02    -0.79115E-02    -0.12314E-01     0.93468E-02
     0.23309E+02    -0.78895E-02    -0.13060E-01     0.95570E-02
     0.23362E+02    -0.78051E-02    -0.13083E-01     0.97133E-02
     0.23402E+02    -0.77252E-02    -0.12588E-01     0.98145E-02
     0.23455E+02    -0.75870E-02    -0.11319E-01     0.99256E-02
     0.23508E+02    -0.74298E-02    -0.96640E-02     0.10040E-01
     0.23561E+02    -0.72894E-02    -0.80171E-02     0.10193E-01
     0.23601E+02    -0.72102E-02    -0.69705E-02     0.10317E-01
     0.23654E+02    -0.71447E-02    -0.59618E-02     0.10433E-01
     0.23707E+02    -0.71098E-02    -0.53835E-02     0.10351E-01
     0.23760E+02    -0.70818E-02    -0.51178E-02     0.10013E-01
     0.23813E+02    -0.70299E-02    -0.49648E-02     0.94742E-02
     0.23853E+02    -0.69679E-02    -0.48567E-02     0.89997E-02
     0.23906E+02    -0.68489E-02    -0.46583E-02     0.83589E-02
     0.23959E+02    -0.66881E-02    -0.43407E-02     0.77185E-02
     0.24013E+02    -0.64794E-02    -0.39524E-02     0.70202E-02
     0.24052E+02    -0.62902E-02    -0.36674E-02     0.64109E-02
     0.24106E+02    -0.60204E-02    -0.34165E-02     0.54493E-02
     0.24159E+02    -0.57593E-02    -0.33886E-02     0.44367E-02
     0.24212E+02    -0.55440E-02    -0.36810E-02     0.35919E-02
     0.24252E+02    -0.54210E-02    -0.42202E-02     0.31187E-02
     0.24305E+02    -0.53027E-02    -0.52475E-02     0.25575E-02
     0.24358E+02    -0.52144E-02    -0.64829E-02     0.18592E-02
     0.24411E+02    -0.51378E-02    -0.77766E-02     0.10072E-02
     0.24451E+02    -0.50859E-02    -0.87320E-02     0.23679E-03
     0.24504E+02    -0.50033E-02    -0.99142E-02    -0.99032E-03
     0.24557E+02    -0.49026E-02    -0.10940E-01    -0.24101E-02
     0.24610E+02    -0.47937E-02    -0.11771E-01    -0.39564E-02
     0.24650E+02    -0.47055E-02    -0.12258E-01    -0.51878E-02
     0.24703E+02    -0.45751E-02    -0.12738E-01    -0.68419E-02
     0.24757E+02    -0.44386E-02    -0.13062E-01    -0.84796E-02
     0.24810E+02    -0.43030E-02    -0.13224E-01    -0.10093E-01
     0.24863E+02    -0.41707E-02    -0.13206E-01    -0.11684E-01
     0.24903E+02    -0.40756E-02    -0.13060E-01    -0.12876E-01
     0.24956E+02    -0.39537E-02    -0.12670E-01    -0.14486E-01
     0.25009E+02    -0.38368E-02    -0.12036E-01    -0.16126E-01
