     0.13235E-01     0.20585E-08     0.12034E-07    -0.68321E-10
     0.52978E-01     0.20712E-08     0.12948E-07    -0.12250E-09
     0.10597E+00     0.20906E-08     0.14200E-07    -0.29663E-09
     0.15896E+00     0.21147E-08     0.15495E-07    -0.59919E-09
     0.21194E+00     0.21455E-08     0.16842E-07    -0.10408E-08
     0.25168E+00     0.21745E-08     0.17890E-07    -0.14690E-08
     0.30466E+00     0.22233E-08     0.19344E-07    -0.21776E-08
     0.35764E+00     0.22864E-08     0.20872E-07    -0.30551E-08
     0.41062E+00     0.23669E-08     0.22487E-07    -0.41182E-08
     0.45035E+00     0.24406E-08     0.23764E-07    -0.50492E-08
     0.50333E+00     0.25597E-08     0.25571E-07    -0.64873E-08
     0.55631E+00     0.27058E-08     0.27518E-07    -0.81755E-08
     0.60928E+00     0.28832E-08     0.29632E-07    -0.10144E-07
     0.66226E+00     0.30964E-08     0.31941E-07    -0.12426E-07
     0.70199E+00     0.32829E-08     0.33821E-07    -0.14362E-07
     0.75497E+00     0.35713E-08     0.36550E-07    -0.17271E-07
     0.80795E+00     0.39108E-08     0.39573E-07    -0.20585E-07
     0.86092E+00     0.43080E-08     0.42930E-07    -0.24337E-07
     0.90066E+00     0.46480E-08     0.45697E-07    -0.27458E-07
     0.95364E+00     0.51633E-08     0.49762E-07    -0.32054E-07
     0.10066E+01     0.57567E-08     0.54314E-07    -0.37177E-07
     0.10596E+01     0.64363E-08     0.59423E-07    -0.42857E-07
     0.11126E+01     0.72109E-08     0.65166E-07    -0.49129E-07
     0.11523E+01     0.78600E-08     0.69942E-07    -0.54244E-07
     0.12053E+01     0.88245E-08     0.77008E-07    -0.61645E-07
     0.12583E+01     0.99126E-08     0.84963E-07    -0.69756E-07
     0.13113E+01     0.11137E-07     0.93913E-07    -0.78634E-07
     0.13510E+01     0.12152E-07     0.10135E-06    -0.85838E-07
     0.14040E+01     0.13649E-07     0.11234E-06    -0.96239E-07
     0.14570E+01     0.15323E-07     0.12468E-06    -0.10764E-06
     0.15099E+01     0.17195E-07     0.13853E-06    -0.12017E-06
     0.15629E+01     0.19285E-07     0.15409E-06    -0.13396E-06
     0.16027E+01     0.21010E-07     0.16698E-06    -0.14523E-06
     0.16556E+01     0.23540E-07     0.18598E-06    -0.16164E-06
     0.17086E+01     0.26361E-07     0.20727E-06    -0.17982E-06
     0.17616E+01     0.29503E-07     0.23110E-06    -0.19999E-06
     0.18013E+01     0.32092E-07     0.25081E-06    -0.21657E-06
     0.18543E+01     0.35885E-07     0.27978E-06    -0.24084E-06
     0.19073E+01     0.40107E-07     0.31215E-06    -0.26785E-06
     0.19603E+01     0.44808E-07     0.34829E-06    -0.29792E-06
     0.20000E+01     0.48679E-07     0.37813E-06    -0.32270E-06
     0.20530E+01     0.54350E-07     0.42193E-06    -0.35904E-06
     0.21060E+01     0.60663E-07     0.47079E-06    -0.39954E-06
     0.21590E+01     0.67692E-07     0.52528E-06    -0.44469E-06
     0.22120E+01     0.75518E-07     0.58604E-06    -0.49502E-06
     0.22517E+01     0.81965E-07     0.63614E-06    -0.53652E-06
     0.23047E+01     0.91410E-07     0.70960E-06    -0.59736E-06
     0.23577E+01     0.10193E-06     0.79148E-06    -0.66515E-06
     0.24107E+01     0.11364E-06     0.88273E-06    -0.74066E-06
     0.24504E+01     0.12329E-06     0.95796E-06    -0.80288E-06
     0.25034E+01     0.13742E-06     0.10682E-05    -0.89404E-06
     0.25564E+01     0.15316E-06     0.11911E-05    -0.99554E-06
     0.26093E+01     0.17068E-06     0.13281E-05    -0.11085E-05
     0.26623E+01     0.19020E-06     0.14806E-05    -0.12343E-05
     0.27021E+01     0.20627E-06     0.16063E-05    -0.13379E-05
     0.27551E+01     0.22982E-06     0.17905E-05    -0.14897E-05
     0.28080E+01     0.25604E-06     0.19957E-05    -0.16586E-05
     0.28610E+01     0.28523E-06     0.22241E-05    -0.18466E-05
     0.29008E+01     0.30928E-06     0.24124E-05    -0.20014E-05
     0.29538E+01     0.34450E-06     0.26881E-05    -0.22281E-05
     0.30067E+01     0.38371E-06     0.29952E-05    -0.24804E-05
     0.30597E+01     0.42737E-06     0.33370E-05    -0.27613E-05
     0.31127E+01     0.47596E-06     0.37176E-05    -0.30738E-05
     0.31524E+01     0.51597E-06     0.40311E-05    -0.33312E-05
     0.32054E+01     0.57459E-06     0.44902E-05    -0.37082E-05
     0.32584E+01     0.63984E-06     0.50013E-05    -0.41277E-05
     0.33114E+01     0.71247E-06     0.55703E-05    -0.45948E-05
     0.33511E+01     0.77229E-06     0.60388E-05    -0.49793E-05
     0.34041E+01     0.85990E-06     0.67251E-05    -0.55426E-05
     0.34571E+01     0.95742E-06     0.74890E-05    -0.61695E-05
     0.35101E+01     0.10660E-05     0.83393E-05    -0.68674E-05
     0.35631E+01     0.11868E-05     0.92858E-05    -0.76441E-05
     0.36028E+01     0.12863E-05     0.10065E-04    -0.82837E-05
     0.36558E+01     0.14320E-05     0.11207E-04    -0.92206E-05
     0.37088E+01     0.15942E-05     0.12478E-04    -0.10263E-04
     0.37618E+01     0.17748E-05     0.13892E-04    -0.11424E-04
     0.38015E+01     0.19235E-05     0.15057E-04    -0.12380E-04
     0.38545E+01     0.21413E-05     0.16763E-04    -0.13780E-04
     0.39075E+01     0.23838E-05     0.18662E-04    -0.15339E-04
     0.39605E+01     0.26537E-05     0.20776E-04    -0.17074E-04
     0.40002E+01     0.28759E-05     0.22517E-04    -0.18503E-04
     0.40532E+01     0.32014E-05     0.25067E-04    -0.20596E-04
     0.41062E+01     0.35638E-05     0.27906E-04    -0.22925E-04
     0.41592E+01     0.39672E-05     0.31065E-04    -0.25518E-04
     0.42122E+01     0.44161E-05     0.34582E-04    -0.28405E-04
     0.42519E+01     0.47859E-05     0.37478E-04    -0.30782E-04
     0.43049E+01     0.53275E-05     0.41721E-04    -0.34264E-04
     0.43579E+01     0.59304E-05     0.46443E-04    -0.38140E-04
     0.44109E+01     0.66015E-05     0.51699E-04    -0.42454E-04
     0.44506E+01     0.71541E-05     0.56028E-04    -0.46007E-04
     0.45036E+01     0.79637E-05     0.62369E-04    -0.51210E-04
     0.45566E+01     0.88648E-05     0.69428E-04    -0.57003E-04
     0.46096E+01     0.98678E-05     0.77284E-04    -0.63450E-04
     0.46626E+01     0.10984E-04     0.86030E-04    -0.70626E-04
     0.47023E+01     0.11904E-04     0.93233E-04    -0.76536E-04
     0.47553E+01     0.13251E-04     0.10378E-03    -0.85192E-04
     0.48083E+01     0.14750E-04     0.11553E-03    -0.94826E-04
     0.48613E+01     0.16419E-04     0.12860E-03    -0.10555E-03
     0.49010E+01     0.17793E-04     0.13937E-03    -0.11438E-03
     0.49540E+01     0.19807E-04     0.15514E-03    -0.12731E-03
     0.50070E+01     0.22047E-04     0.17269E-03    -0.14170E-03
     0.50600E+01     0.24542E-04     0.19223E-03    -0.15772E-03
     0.51130E+01     0.27318E-04     0.21399E-03    -0.17555E-03
     0.51527E+01     0.29605E-04     0.23190E-03    -0.19022E-03
     0.52057E+01     0.32954E-04     0.25814E-03    -0.21172E-03
     0.52587E+01     0.36681E-04     0.28735E-03    -0.23563E-03
     0.53117E+01     0.40830E-04     0.31986E-03    -0.26225E-03
     0.53515E+01     0.44247E-04     0.34664E-03    -0.28416E-03
     0.54044E+01     0.49252E-04     0.38586E-03    -0.31624E-03
     0.54574E+01     0.54822E-04     0.42951E-03    -0.35193E-03
     0.55104E+01     0.61022E-04     0.47810E-03    -0.39164E-03
     0.55502E+01     0.66127E-04     0.51812E-03    -0.42433E-03
     0.56032E+01     0.73604E-04     0.57673E-03    -0.47217E-03
     0.56561E+01     0.81926E-04     0.64197E-03    -0.52539E-03
     0.57091E+01     0.91187E-04     0.71459E-03    -0.58459E-03
     0.57621E+01     0.10149E-03     0.79541E-03    -0.65041E-03
     0.58019E+01     0.10998E-03     0.86197E-03    -0.70458E-03
     0.58549E+01     0.12241E-03     0.95946E-03    -0.78384E-03
     0.59078E+01     0.13624E-03     0.10680E-02    -0.87195E-03
     0.59608E+01     0.15163E-03     0.11887E-02    -0.96990E-03
     0.60006E+01     0.16430E-03     0.12882E-02    -0.10505E-02
     0.60536E+01     0.18286E-03     0.14338E-02    -0.11683E-02
     0.61066E+01     0.20350E-03     0.15959E-02    -0.12992E-02
     0.61596E+01     0.22647E-03     0.17763E-02    -0.14446E-02
     0.62125E+01     0.25203E-03     0.19770E-02    -0.16061E-02
     0.62523E+01     0.27306E-03     0.21423E-02    -0.17388E-02
     0.63053E+01     0.30386E-03     0.23844E-02    -0.19328E-02
     0.63583E+01     0.33811E-03     0.26537E-02    -0.21480E-02
     0.64113E+01     0.37621E-03     0.29535E-02    -0.23867E-02
     0.64510E+01     0.40757E-03     0.32002E-02    -0.25827E-02
     0.65040E+01     0.45346E-03     0.35616E-02    -0.28687E-02
     0.65570E+01     0.50450E-03     0.39636E-02    -0.31856E-02
     0.66099E+01     0.56124E-03     0.44109E-02    -0.35365E-02
     0.66629E+01     0.62432E-03     0.49085E-02    -0.39249E-02
     0.67026E+01     0.67621E-03     0.53180E-02    -0.42430E-02
     0.67556E+01     0.75209E-03     0.59175E-02    -0.47061E-02
     0.68085E+01     0.83640E-03     0.65841E-02    -0.52175E-02
     0.68614E+01     0.93004E-03     0.73251E-02    -0.57817E-02
     0.69011E+01     0.10070E-02     0.79347E-02    -0.62424E-02
     0.69540E+01     0.11194E-02     0.88262E-02    -0.69108E-02
     0.70068E+01     0.12442E-02     0.98169E-02    -0.76460E-02
     0.70596E+01     0.13827E-02     0.10918E-01    -0.84535E-02
     0.71124E+01     0.15362E-02     0.12140E-01    -0.93391E-02
     0.71519E+01     0.16623E-02     0.13145E-01    -0.10058E-01
     0.72047E+01     0.18463E-02     0.14614E-01    -0.11095E-01
     0.72574E+01     0.20501E-02     0.16244E-01    -0.12225E-01
     0.73101E+01     0.22758E-02     0.18053E-01    -0.13454E-01
     0.73628E+01     0.25256E-02     0.20058E-01    -0.14784E-01
     0.74023E+01     0.27299E-02     0.21705E-01    -0.15851E-01
     0.74549E+01     0.30263E-02     0.24117E-01    -0.17369E-01
     0.75075E+01     0.33517E-02     0.26805E-01    -0.19010E-01
     0.75601E+01     0.37079E-02     0.29797E-01    -0.20782E-01
     0.76127E+01     0.40986E-02     0.33113E-01    -0.22685E-01
     0.76521E+01     0.44171E-02     0.35822E-01    -0.24192E-01
     0.77046E+01     0.48793E-02     0.39749E-01    -0.26285E-01
     0.77572E+01     0.53859E-02     0.44067E-01    -0.28487E-01
     0.78097E+01     0.59409E-02     0.48844E-01    -0.30749E-01
     0.78622E+01     0.65417E-02     0.54172E-01    -0.33146E-01
     0.79016E+01     0.70119E-02     0.58566E-01    -0.35146E-01
     0.79540E+01     0.76461E-02     0.64887E-01    -0.38381E-01
     0.80065E+01     0.82735E-02     0.71485E-01    -0.42381E-01
     0.80590E+01     0.88939E-02     0.77986E-01    -0.47063E-01
     0.81114E+01     0.95261E-02     0.84275E-01    -0.52120E-01
     0.81508E+01     0.10029E-01     0.88981E-01    -0.55953E-01
     0.82032E+01     0.10766E-01     0.95528E-01    -0.60771E-01
     0.82556E+01     0.11598E-01     0.10271E+00    -0.64847E-01
     0.83081E+01     0.12528E-01     0.11077E+00    -0.67836E-01
     0.83605E+01     0.13552E-01     0.11972E+00    -0.69718E-01
     0.84129E+01     0.14674E-01     0.12933E+00    -0.69871E-01
     0.84522E+01     0.15547E-01     0.13668E+00    -0.68876E-01
     0.85047E+01     0.16709E-01     0.14634E+00    -0.65755E-01
     0.85571E+01     0.17897E-01     0.15563E+00    -0.60022E-01
     0.86095E+01     0.19073E-01     0.16368E+00    -0.52070E-01
     0.86620E+01     0.20001E-01     0.16933E+00    -0.43859E-01
     0.87013E+01     0.20443E-01     0.17207E+00    -0.38543E-01
     0.87537E+01     0.20748E-01     0.17462E+00    -0.32895E-01
     0.88062E+01     0.20848E-01     0.17743E+00    -0.28321E-01
     0.88587E+01     0.20835E-01     0.18092E+00    -0.23856E-01
     0.89111E+01     0.20757E-01     0.18492E+00    -0.18750E-01
     0.89505E+01     0.20679E-01     0.18795E+00    -0.14074E-01
     0.90030E+01     0.20514E-01     0.19170E+00    -0.66529E-02
     0.90555E+01     0.20240E-01     0.19470E+00     0.18021E-02
     0.91081E+01     0.19859E-01     0.19628E+00     0.11184E-01
     0.91606E+01     0.19378E-01     0.19556E+00     0.21290E-01
     0.92000E+01     0.18970E-01     0.19344E+00     0.29146E-01
     0.92526E+01     0.18361E-01     0.18847E+00     0.39787E-01
     0.93052E+01     0.17692E-01     0.18151E+00     0.50388E-01
     0.93579E+01     0.16926E-01     0.17326E+00     0.60263E-01
     0.94105E+01     0.15988E-01     0.16452E+00     0.68408E-01
     0.94500E+01     0.15161E-01     0.15784E+00     0.73177E-01
     0.95027E+01     0.13948E-01     0.14894E+00     0.78047E-01
     0.95554E+01     0.12650E-01     0.14003E+00     0.81532E-01
     0.96081E+01     0.11297E-01     0.13104E+00     0.83848E-01
     0.96609E+01     0.98808E-02     0.12178E+00     0.85068E-01
     0.97005E+01     0.87554E-02     0.11439E+00     0.84570E-01
     0.97533E+01     0.71946E-02     0.10425E+00     0.82462E-01
     0.98061E+01     0.56642E-02     0.94102E-01     0.79940E-01
     0.98590E+01     0.42636E-02     0.84234E-01     0.78106E-01
     0.99119E+01     0.30399E-02     0.74576E-01     0.77491E-01
     0.99515E+01     0.22242E-02     0.67201E-01     0.77298E-01
     0.10004E+02     0.12335E-02     0.56452E-01     0.76931E-01
     0.10057E+02     0.27722E-03     0.44325E-01     0.75198E-01
     0.10110E+02    -0.70285E-03     0.31390E-01     0.71522E-01
     0.10150E+02    -0.14626E-02     0.21738E-01     0.67602E-01
     0.10203E+02    -0.24711E-02     0.10823E-01     0.61320E-01
     0.10256E+02    -0.34044E-02     0.34746E-02     0.54432E-01
     0.10309E+02    -0.42208E-02    -0.96549E-03     0.47451E-01
     0.10362E+02    -0.49201E-02    -0.37903E-02     0.40714E-01
     0.10402E+02    -0.53652E-02    -0.54446E-02     0.35920E-01
     0.10455E+02    -0.58542E-02    -0.74906E-02     0.29894E-01
     0.10508E+02    -0.62294E-02    -0.97180E-02     0.24318E-01
     0.10561E+02    -0.65026E-02    -0.12214E-01     0.19042E-01
     0.10601E+02    -0.66243E-02    -0.14215E-01     0.15233E-01
     0.10654E+02    -0.67323E-02    -0.16905E-01     0.10443E-01
     0.10707E+02    -0.67821E-02    -0.19589E-01     0.58579E-02
     0.10760E+02    -0.67751E-02    -0.22103E-01     0.14949E-02
     0.10813E+02    -0.67452E-02    -0.24375E-01    -0.24306E-02
     0.10852E+02    -0.67072E-02    -0.25767E-01    -0.50140E-02
     0.10905E+02    -0.66290E-02    -0.27176E-01    -0.79897E-02
     0.10958E+02    -0.65397E-02    -0.27607E-01    -0.10517E-01
     0.11011E+02    -0.64328E-02    -0.27157E-01    -0.12621E-01
     0.11051E+02    -0.63323E-02    -0.26300E-01    -0.13932E-01
     0.11104E+02    -0.61761E-02    -0.24598E-01    -0.15388E-01
     0.11157E+02    -0.59908E-02    -0.22456E-01    -0.16654E-01
     0.11210E+02    -0.57542E-02    -0.20265E-01    -0.17828E-01
     0.11263E+02    -0.54813E-02    -0.18170E-01    -0.19025E-01
     0.11303E+02    -0.52691E-02    -0.16701E-01    -0.19873E-01
     0.11356E+02    -0.49833E-02    -0.14945E-01    -0.20884E-01
     0.11409E+02    -0.46960E-02    -0.13497E-01    -0.21727E-01
     0.11462E+02    -0.44049E-02    -0.12379E-01    -0.22301E-01
     0.11502E+02    -0.41838E-02    -0.11733E-01    -0.22515E-01
     0.11555E+02    -0.38876E-02    -0.11037E-01    -0.22474E-01
     0.11608E+02    -0.35882E-02    -0.10449E-01    -0.22096E-01
     0.11661E+02    -0.32960E-02    -0.98561E-02    -0.21517E-01
     0.11701E+02    -0.30818E-02    -0.92862E-02    -0.20986E-01
     0.11754E+02    -0.27974E-02    -0.82198E-02    -0.20109E-01
     0.11807E+02    -0.24965E-02    -0.65479E-02    -0.18907E-01
     0.11860E+02    -0.21654E-02    -0.40199E-02    -0.17143E-01
     0.11913E+02    -0.17919E-02    -0.66924E-03    -0.14493E-01
     0.11952E+02    -0.14930E-02     0.21150E-02    -0.12153E-01
     0.12005E+02    -0.11648E-02     0.58148E-02    -0.93991E-02
     0.12058E+02    -0.95349E-03     0.90242E-02    -0.73165E-02
     0.12111E+02    -0.87440E-03     0.11236E-01    -0.59146E-02
     0.12151E+02    -0.84175E-03     0.12292E-01    -0.50577E-02
     0.12204E+02    -0.80783E-03     0.12987E-01    -0.39062E-02
     0.12257E+02    -0.77338E-03     0.13094E-01    -0.24314E-02
     0.12310E+02    -0.74252E-03     0.12823E-01    -0.77865E-03
     0.12363E+02    -0.71547E-03     0.12211E-01     0.68151E-03
     0.12403E+02    -0.69686E-03     0.11504E-01     0.15016E-02
     0.12456E+02    -0.69283E-03     0.10279E-01     0.20418E-02
     0.12509E+02    -0.68651E-03     0.90422E-02     0.21856E-02
     0.12562E+02    -0.66927E-03     0.79851E-02     0.20291E-02
     0.12602E+02    -0.65336E-03     0.74107E-02     0.18471E-02
     0.12655E+02    -0.62681E-03     0.69227E-02     0.16206E-02
     0.12708E+02    -0.59654E-03     0.66045E-02     0.14898E-02
     0.12761E+02    -0.58253E-03     0.65392E-02     0.14368E-02
     0.12800E+02    -0.57871E-03     0.66540E-02     0.15217E-02
     0.12853E+02    -0.57991E-03     0.69307E-02     0.17574E-02
     0.12906E+02    -0.58822E-03     0.71833E-02     0.21070E-02
     0.12959E+02    -0.60029E-03     0.72179E-02     0.24387E-02
     0.13012E+02    -0.61291E-03     0.69049E-02     0.27520E-02
     0.13052E+02    -0.61958E-03     0.64880E-02     0.29798E-02
     0.13105E+02    -0.62348E-03     0.58103E-02     0.32688E-02
     0.13158E+02    -0.62240E-03     0.50868E-02     0.35466E-02
     0.13211E+02    -0.61687E-03     0.43220E-02     0.37469E-02
     0.13251E+02    -0.61815E-03     0.37045E-02     0.37977E-02
     0.13304E+02    -0.63494E-03     0.28188E-02     0.38453E-02
     0.13357E+02    -0.66812E-03     0.19094E-02     0.38309E-02
     0.13410E+02    -0.70970E-03     0.10099E-02     0.37243E-02
     0.13463E+02    -0.75029E-03     0.10530E-03     0.35562E-02
     0.13503E+02    -0.77540E-03    -0.57011E-03     0.34465E-02
     0.13556E+02    -0.79999E-03    -0.14438E-02     0.33381E-02
     0.13609E+02    -0.81488E-03    -0.22151E-02     0.31845E-02
     0.13662E+02    -0.82200E-03    -0.28303E-02     0.29345E-02
     0.13702E+02    -0.82136E-03    -0.31821E-02     0.26921E-02
     0.13755E+02    -0.81631E-03    -0.35333E-02     0.23099E-02
     0.13808E+02    -0.81044E-03    -0.38081E-02     0.18555E-02
     0.13861E+02    -0.79874E-03    -0.40906E-02     0.13115E-02
     0.13901E+02    -0.78416E-03    -0.43549E-02     0.85905E-03
     0.13954E+02    -0.75459E-03    -0.48012E-02     0.22761E-03
     0.14007E+02    -0.71359E-03    -0.53738E-02    -0.37326E-03
     0.14060E+02    -0.66560E-03    -0.60656E-02    -0.91786E-03
     0.14113E+02    -0.61177E-03    -0.68461E-02    -0.13826E-02
     0.14153E+02    -0.56840E-03    -0.74693E-02    -0.16739E-02
     0.14206E+02    -0.50820E-03    -0.83150E-02    -0.20015E-02
     0.14259E+02    -0.44268E-03    -0.91447E-02    -0.22539E-02
     0.14312E+02    -0.36695E-03    -0.99952E-02    -0.24359E-02
     0.14352E+02    -0.29921E-03    -0.10655E-01    -0.25255E-02
     0.14405E+02    -0.19280E-03    -0.11559E-01    -0.26490E-02
     0.14459E+02    -0.69016E-04    -0.12458E-01    -0.28375E-02
     0.14512E+02     0.67328E-04    -0.13362E-01    -0.31859E-02
     0.14552E+02     0.17725E-03    -0.14057E-01    -0.35128E-02
     0.14605E+02     0.32961E-03    -0.15031E-01    -0.40346E-02
     0.14659E+02     0.48506E-03    -0.16108E-01    -0.46232E-02
     0.14712E+02     0.64094E-03    -0.17289E-01    -0.52288E-02
     0.14752E+02     0.75727E-03    -0.18252E-01    -0.56708E-02
     0.14806E+02     0.91172E-03    -0.19666E-01    -0.62150E-02
     0.14859E+02     0.10676E-02    -0.21189E-01    -0.66680E-02
     0.14912E+02     0.12283E-02    -0.22839E-01    -0.70167E-02
     0.14952E+02     0.13543E-02    -0.24197E-01    -0.71995E-02
     0.15006E+02     0.15341E-02    -0.26146E-01    -0.73523E-02
     0.15059E+02     0.17311E-02    -0.28244E-01    -0.73962E-02
     0.15113E+02     0.19463E-02    -0.30479E-01    -0.73059E-02
     0.15153E+02     0.21184E-02    -0.32232E-01    -0.71538E-02
     0.15207E+02     0.23538E-02    -0.34595E-01    -0.68351E-02
     0.15261E+02     0.25888E-02    -0.36878E-01    -0.63632E-02
     0.15301E+02     0.27578E-02    -0.38463E-01    -0.59141E-02
     0.15355E+02     0.29609E-02    -0.40356E-01    -0.52551E-02
     0.15408E+02     0.31352E-02    -0.42041E-01    -0.45560E-02
     0.15462E+02     0.32914E-02    -0.43620E-01    -0.37297E-02
     0.15502E+02     0.33998E-02    -0.44797E-01    -0.29649E-02
     0.15555E+02     0.35435E-02    -0.46451E-01    -0.17043E-02
     0.15609E+02     0.36786E-02    -0.48243E-01    -0.24191E-03
     0.15662E+02     0.37892E-02    -0.50022E-01     0.13465E-02
     0.15702E+02     0.38581E-02    -0.51279E-01     0.26782E-02
     0.15755E+02     0.39232E-02    -0.52794E-01     0.45706E-02
     0.15809E+02     0.39515E-02    -0.53966E-01     0.65532E-02
     0.15862E+02     0.39354E-02    -0.54675E-01     0.85767E-02
     0.15902E+02     0.38927E-02    -0.54826E-01     0.10096E-01
     0.15955E+02     0.37988E-02    -0.54583E-01     0.12034E-01
     0.16008E+02     0.36653E-02    -0.53796E-01     0.13912E-01
     0.16061E+02     0.35084E-02    -0.52615E-01     0.15793E-01
     0.16101E+02     0.33883E-02    -0.51537E-01     0.17217E-01
     0.16154E+02     0.32224E-02    -0.49922E-01     0.19177E-01
     0.16207E+02     0.30417E-02    -0.48077E-01     0.21251E-01
     0.16260E+02     0.28434E-02    -0.46059E-01     0.23404E-01
     0.16313E+02     0.26088E-02    -0.44145E-01     0.25369E-01
     0.16353E+02     0.23785E-02    -0.42851E-01     0.26326E-01
     0.16406E+02     0.20165E-02    -0.41207E-01     0.26941E-01
     0.16459E+02     0.16217E-02    -0.39316E-01     0.27079E-01
     0.16512E+02     0.12191E-02    -0.36870E-01     0.26852E-01
     0.16552E+02     0.91342E-03    -0.34640E-01     0.26552E-01
     0.16605E+02     0.50874E-03    -0.31201E-01     0.26113E-01
     0.16658E+02     0.11340E-03    -0.27362E-01     0.25672E-01
     0.16711E+02    -0.27830E-03    -0.23303E-01     0.25268E-01
     0.16751E+02    -0.56984E-03    -0.20181E-01     0.24968E-01
     0.16804E+02    -0.95344E-03    -0.16035E-01     0.24511E-01
     0.16857E+02    -0.13262E-02    -0.11994E-01     0.23966E-01
     0.16910E+02    -0.16772E-02    -0.81350E-02     0.23316E-01
     0.16963E+02    -0.20062E-02    -0.46131E-02     0.22356E-01
     0.17003E+02    -0.22330E-02    -0.22026E-02     0.21456E-01
     0.17056E+02    -0.25034E-02     0.65055E-03     0.20088E-01
     0.17109E+02    -0.27393E-02     0.31365E-02     0.18496E-01
     0.17162E+02    -0.29490E-02     0.53205E-02     0.16595E-01
     0.17202E+02    -0.30873E-02     0.67263E-02     0.14952E-01
     0.17255E+02    -0.32436E-02     0.82732E-02     0.12502E-01
     0.17308E+02    -0.33670E-02     0.94712E-02     0.98553E-02
     0.17361E+02    -0.34564E-02     0.10324E-01     0.71294E-02
     0.17401E+02    -0.35010E-02     0.10733E-01     0.50873E-02
     0.17454E+02    -0.35325E-02     0.10925E-01     0.23804E-02
     0.17508E+02    -0.35261E-02     0.10882E-01    -0.14434E-03
     0.17561E+02    -0.34951E-02     0.10602E-01    -0.25162E-02
     0.17601E+02    -0.34541E-02     0.10296E-01    -0.42114E-02
     0.17654E+02    -0.33759E-02     0.97073E-02    -0.63717E-02
     0.17707E+02    -0.32663E-02     0.88872E-02    -0.85022E-02
     0.17760E+02    -0.31223E-02     0.77841E-02    -0.10668E-01
     0.17813E+02    -0.29375E-02     0.63323E-02    -0.12826E-01
     0.17853E+02    -0.27692E-02     0.49865E-02    -0.14389E-01
     0.17906E+02    -0.25056E-02     0.27745E-02    -0.16321E-01
     0.17959E+02    -0.22084E-02     0.29988E-03    -0.17997E-01
     0.18013E+02    -0.18946E-02    -0.22297E-02    -0.19340E-01
     0.18053E+02    -0.16552E-02    -0.41042E-02    -0.20092E-01
     0.18106E+02    -0.13297E-02    -0.66630E-02    -0.20739E-01
     0.18159E+02    -0.99223E-03    -0.94107E-02    -0.20968E-01
     0.18212E+02    -0.64886E-03    -0.12219E-01    -0.20829E-01
     0.18252E+02    -0.38792E-03    -0.14317E-01    -0.20499E-01
     0.18305E+02    -0.28208E-04    -0.17248E-01    -0.19850E-01
     0.18358E+02     0.34839E-03    -0.20505E-01    -0.19049E-01
     0.18411E+02     0.73877E-03    -0.24013E-01    -0.18101E-01
     0.18451E+02     0.10359E-02    -0.26715E-01    -0.17230E-01
     0.18504E+02     0.14327E-02    -0.30194E-01    -0.15798E-01
     0.18558E+02     0.18048E-02    -0.33404E-01    -0.14110E-01
     0.18611E+02     0.21242E-02    -0.36219E-01    -0.12273E-01
     0.18651E+02     0.23192E-02    -0.38041E-01    -0.10828E-01
     0.18704E+02     0.25315E-02    -0.39971E-01    -0.86772E-02
     0.18757E+02     0.26898E-02    -0.41262E-01    -0.62812E-02
     0.18810E+02     0.28010E-02    -0.41931E-01    -0.36761E-02
     0.18863E+02     0.28761E-02    -0.42096E-01    -0.88099E-03
     0.18903E+02     0.29173E-02    -0.42062E-01     0.12718E-02
     0.18956E+02     0.29639E-02    -0.41888E-01     0.41738E-02
     0.19009E+02     0.29884E-02    -0.41682E-01     0.70073E-02
     0.19062E+02     0.29932E-02    -0.41511E-01     0.96115E-02
     0.19102E+02     0.29820E-02    -0.41406E-01     0.11438E-01
     0.19155E+02     0.29464E-02    -0.41289E-01     0.13717E-01
     0.19208E+02     0.28670E-02    -0.40823E-01     0.15855E-01
     0.19261E+02     0.27169E-02    -0.39934E-01     0.17406E-01
     0.19301E+02     0.25564E-02    -0.39025E-01     0.18256E-01
     0.19354E+02     0.22809E-02    -0.37597E-01     0.19194E-01
     0.19407E+02     0.19695E-02    -0.35841E-01     0.20044E-01
     0.19460E+02     0.16351E-02    -0.33638E-01     0.20859E-01
     0.19500E+02     0.13737E-02    -0.31735E-01     0.21440E-01
     0.19553E+02     0.10174E-02    -0.28981E-01     0.22158E-01
     0.19606E+02     0.66127E-03    -0.26204E-01     0.22690E-01
     0.19659E+02     0.32462E-03    -0.23557E-01     0.22990E-01
     0.19712E+02     0.49041E-05    -0.21072E-01     0.22999E-01
     0.19752E+02    -0.22508E-03    -0.19305E-01     0.22770E-01
     0.19805E+02    -0.51781E-03    -0.17099E-01     0.21861E-01
     0.19858E+02    -0.78841E-03    -0.15086E-01     0.20199E-01
     0.19911E+02    -0.10338E-02    -0.13227E-01     0.17932E-01
     0.19951E+02    -0.11964E-02    -0.11909E-01     0.15828E-01
     0.20004E+02    -0.13761E-02    -0.10297E-01     0.12667E-01
     0.20057E+02    -0.15037E-02    -0.89114E-02     0.92685E-02
     0.20110E+02    -0.15699E-02    -0.78905E-02     0.57880E-02
     0.20163E+02    -0.15759E-02    -0.74083E-02     0.22346E-02
     0.20202E+02    -0.15413E-02    -0.73104E-02    -0.36584E-03
     0.20255E+02    -0.14521E-02    -0.73592E-02    -0.37969E-02
     0.20308E+02    -0.13158E-02    -0.78047E-02    -0.70497E-02
     0.20361E+02    -0.11287E-02    -0.87982E-02    -0.10109E-01
     0.20401E+02    -0.95841E-03    -0.99030E-02    -0.12347E-01
     0.20454E+02    -0.69571E-03    -0.11892E-01    -0.15205E-01
     0.20507E+02    -0.38728E-03    -0.14479E-01    -0.17760E-01
     0.20560E+02    -0.32632E-04    -0.17619E-01    -0.19857E-01
     0.20613E+02     0.36197E-03    -0.21210E-01    -0.21431E-01
     0.20652E+02     0.67844E-03    -0.24109E-01    -0.22286E-01
     0.20705E+02     0.11158E-02    -0.28105E-01    -0.23035E-01
     0.20758E+02     0.15608E-02    -0.32132E-01    -0.23470E-01
     0.20811E+02     0.20067E-02    -0.36171E-01    -0.23811E-01
     0.20851E+02     0.23481E-02    -0.39245E-01    -0.24054E-01
     0.20904E+02     0.28259E-02    -0.43451E-01    -0.24383E-01
     0.20957E+02     0.33356E-02    -0.47827E-01    -0.24809E-01
     0.21010E+02     0.38706E-02    -0.52330E-01    -0.25525E-01
     0.21063E+02     0.44184E-02    -0.56893E-01    -0.26631E-01
     0.21102E+02     0.48364E-02    -0.60310E-01    -0.27651E-01
     0.21155E+02     0.54097E-02    -0.64880E-01    -0.29061E-01
     0.21208E+02     0.60125E-02    -0.69552E-01    -0.30404E-01
     0.21261E+02     0.66461E-02    -0.74261E-01    -0.31595E-01
     0.21301E+02     0.71347E-02    -0.77764E-01    -0.32417E-01
     0.21354E+02     0.77927E-02    -0.82338E-01    -0.33423E-01
     0.21407E+02     0.84519E-02    -0.86777E-01    -0.34343E-01
     0.21459E+02     0.91158E-02    -0.91115E-01    -0.35127E-01
     0.21512E+02     0.97924E-02    -0.95420E-01    -0.35688E-01
     0.21552E+02     0.10311E-01    -0.98693E-01    -0.35927E-01
     0.21605E+02     0.11017E-01    -0.10321E+00    -0.36019E-01
     0.21658E+02     0.11735E-01    -0.10796E+00    -0.35838E-01
     0.21710E+02     0.12459E-01    -0.11296E+00    -0.35409E-01
     0.21763E+02     0.13180E-01    -0.11817E+00    -0.34695E-01
     0.21803E+02     0.13710E-01    -0.12221E+00    -0.33991E-01
     0.21856E+02     0.14396E-01    -0.12773E+00    -0.32785E-01
     0.21908E+02     0.15055E-01    -0.13327E+00    -0.31209E-01
     0.21961E+02     0.15676E-01    -0.13861E+00    -0.29258E-01
     0.22001E+02     0.16115E-01    -0.14237E+00    -0.27555E-01
     0.22054E+02     0.16674E-01    -0.14706E+00    -0.24914E-01
     0.22106E+02     0.17206E-01    -0.15144E+00    -0.21868E-01
     0.22159E+02     0.17713E-01    -0.15564E+00    -0.18346E-01
     0.22212E+02     0.18175E-01    -0.15962E+00    -0.14406E-01
     0.22252E+02     0.18463E-01    -0.16234E+00    -0.11282E-01
     0.22304E+02     0.18775E-01    -0.16551E+00    -0.69592E-02
     0.22357E+02     0.19015E-01    -0.16808E+00    -0.21864E-02
     0.22410E+02     0.19187E-01    -0.17009E+00     0.32542E-02
     0.22463E+02     0.19332E-01    -0.17151E+00     0.94149E-02
     0.22503E+02     0.19426E-01    -0.17198E+00     0.14430E-01
     0.22555E+02     0.19492E-01    -0.17163E+00     0.21384E-01
     0.22608E+02     0.19447E-01    -0.17015E+00     0.28318E-01
     0.22661E+02     0.19253E-01    -0.16786E+00     0.35014E-01
     0.22701E+02     0.19023E-01    -0.16562E+00     0.39815E-01
     0.22754E+02     0.18617E-01    -0.16228E+00     0.45856E-01
     0.22806E+02     0.18098E-01    -0.15868E+00     0.51362E-01
     0.22859E+02     0.17460E-01    -0.15457E+00     0.56295E-01
     0.22912E+02     0.16718E-01    -0.14980E+00     0.60758E-01
     0.22952E+02     0.16105E-01    -0.14587E+00     0.63809E-01
     0.23005E+02     0.15221E-01    -0.14035E+00     0.67473E-01
     0.23058E+02     0.14281E-01    -0.13479E+00     0.70721E-01
     0.23111E+02     0.13307E-01    -0.12946E+00     0.73622E-01
     0.23150E+02     0.12568E-01    -0.12560E+00     0.75611E-01
     0.23203E+02     0.11552E-01    -0.12057E+00     0.77689E-01
     0.23256E+02     0.10480E-01    -0.11545E+00     0.78708E-01
     0.23309E+02     0.93916E-02    -0.10998E+00     0.78330E-01
     0.23362E+02     0.83281E-02    -0.10403E+00     0.76824E-01
     0.23402E+02     0.75705E-02    -0.99094E-01     0.75000E-01
     0.23455E+02     0.66324E-02    -0.91770E-01     0.71923E-01
     0.23508E+02     0.57821E-02    -0.83809E-01     0.68398E-01
     0.23561E+02     0.49759E-02    -0.75798E-01     0.64376E-01
     0.23601E+02     0.43925E-02    -0.70087E-01     0.61202E-01
     0.23654E+02     0.36558E-02    -0.63053E-01     0.57187E-01
     0.23707E+02     0.29890E-02    -0.56676E-01     0.53616E-01
     0.23760E+02     0.23215E-02    -0.51203E-01     0.49604E-01
     0.23813E+02     0.16205E-02    -0.46739E-01     0.44818E-01
     0.23853E+02     0.10947E-02    -0.43825E-01     0.40688E-01
     0.23906E+02     0.44114E-03    -0.40080E-01     0.34605E-01
     0.23959E+02    -0.11750E-03    -0.36290E-01     0.28444E-01
     0.24013E+02    -0.57583E-03    -0.32278E-01     0.22547E-01
     0.24052E+02    -0.84217E-03    -0.29353E-01     0.18599E-01
     0.24106E+02    -0.10733E-02    -0.25715E-01     0.14346E-01
     0.24159E+02    -0.11994E-02    -0.22412E-01     0.11126E-01
     0.24212E+02    -0.12603E-02    -0.19312E-01     0.87063E-02
     0.24252E+02    -0.12877E-02    -0.17083E-01     0.73211E-02
     0.24305E+02    -0.13278E-02    -0.14413E-01     0.59904E-02
     0.24358E+02    -0.14017E-02    -0.12457E-01     0.53396E-02
     0.24411E+02    -0.15163E-02    -0.11522E-01     0.52801E-02
     0.24451E+02    -0.16203E-02    -0.11230E-01     0.56545E-02
     0.24504E+02    -0.17971E-02    -0.11155E-01     0.64945E-02
     0.24557E+02    -0.19922E-02    -0.11859E-01     0.76073E-02
     0.24610E+02    -0.22002E-02    -0.13107E-01     0.89177E-02
     0.24650E+02    -0.23600E-02    -0.14134E-01     0.10029E-01
     0.24703E+02    -0.25564E-02    -0.15499E-01     0.11708E-01
     0.24757E+02    -0.27269E-02    -0.16613E-01     0.13531E-01
     0.24810E+02    -0.28621E-02    -0.17225E-01     0.15482E-01
     0.24863E+02    -0.29957E-02    -0.17422E-01     0.17181E-01
     0.24903E+02    -0.31146E-02    -0.17296E-01     0.18042E-01
     0.24956E+02    -0.33031E-02    -0.16719E-01     0.18495E-01
     0.25009E+02    -0.35231E-02    -0.15723E-01     0.18565E-01
