     0.13235E-01     0.24367E-08     0.14238E-07    -0.76865E-10
     0.52978E-01     0.24598E-08     0.15325E-07    -0.13957E-09
     0.10597E+00     0.24948E-08     0.16825E-07    -0.34148E-09
     0.15896E+00     0.25364E-08     0.18393E-07    -0.69277E-09
     0.21194E+00     0.25872E-08     0.20038E-07    -0.12073E-08
     0.25168E+00     0.26331E-08     0.21331E-07    -0.17087E-08
     0.30466E+00     0.27072E-08     0.23143E-07    -0.25437E-08
     0.35764E+00     0.27994E-08     0.25070E-07    -0.35866E-08
     0.41062E+00     0.29135E-08     0.27132E-07    -0.48604E-08
     0.45035E+00     0.30160E-08     0.28780E-07    -0.59830E-08
     0.50333E+00     0.31789E-08     0.31132E-07    -0.77263E-08
     0.55631E+00     0.33765E-08     0.33687E-07    -0.97821E-08
     0.60928E+00     0.36142E-08     0.36477E-07    -0.12188E-07
     0.66226E+00     0.38980E-08     0.39539E-07    -0.14983E-07
     0.70199E+00     0.41451E-08     0.42040E-07    -0.17361E-07
     0.75497E+00     0.45258E-08     0.45688E-07    -0.20940E-07
     0.80795E+00     0.49721E-08     0.49746E-07    -0.25023E-07
     0.86092E+00     0.54924E-08     0.54277E-07    -0.29651E-07
     0.90066E+00     0.59363E-08     0.58028E-07    -0.33501E-07
     0.95364E+00     0.66072E-08     0.63558E-07    -0.39172E-07
     0.10066E+01     0.73771E-08     0.69764E-07    -0.45489E-07
     0.10596E+01     0.82565E-08     0.76731E-07    -0.52489E-07
     0.11126E+01     0.92564E-08     0.84551E-07    -0.60209E-07
     0.11523E+01     0.10093E-07     0.91039E-07    -0.66498E-07
     0.12053E+01     0.11334E-07     0.10061E-06    -0.75589E-07
     0.12583E+01     0.12733E-07     0.11136E-06    -0.85542E-07
     0.13113E+01     0.14306E-07     0.12342E-06    -0.96431E-07
     0.13510E+01     0.15610E-07     0.13343E-06    -0.10526E-06
     0.14040E+01     0.17532E-07     0.14820E-06    -0.11801E-06
     0.14570E+01     0.19683E-07     0.16477E-06    -0.13199E-06
     0.15099E+01     0.22086E-07     0.18335E-06    -0.14733E-06
     0.15629E+01     0.24769E-07     0.20416E-06    -0.16422E-06
     0.16027E+01     0.26983E-07     0.22139E-06    -0.17801E-06
     0.16556E+01     0.30230E-07     0.24675E-06    -0.19808E-06
     0.17086E+01     0.33848E-07     0.27512E-06    -0.22029E-06
     0.17616E+01     0.37878E-07     0.30685E-06    -0.24492E-06
     0.18013E+01     0.41198E-07     0.33306E-06    -0.26517E-06
     0.18543E+01     0.46060E-07     0.37159E-06    -0.29479E-06
     0.19073E+01     0.51472E-07     0.41461E-06    -0.32775E-06
     0.19603E+01     0.57494E-07     0.46262E-06    -0.36446E-06
     0.20000E+01     0.62453E-07     0.50225E-06    -0.39471E-06
     0.20530E+01     0.69715E-07     0.56041E-06    -0.43906E-06
     0.21060E+01     0.77799E-07     0.62528E-06    -0.48851E-06
     0.21590E+01     0.86798E-07     0.69763E-06    -0.54363E-06
     0.22120E+01     0.96819E-07     0.77831E-06    -0.60509E-06
     0.22517E+01     0.10507E-06     0.84485E-06    -0.65576E-06
     0.23047E+01     0.11717E-06     0.94245E-06    -0.73004E-06
     0.23577E+01     0.13064E-06     0.10512E-05    -0.81279E-06
     0.24107E+01     0.14563E-06     0.11724E-05    -0.90493E-06
     0.24504E+01     0.15799E-06     0.12724E-05    -0.98082E-06
     0.25034E+01     0.17608E-06     0.14188E-05    -0.10920E-05
     0.25564E+01     0.19623E-06     0.15819E-05    -0.12157E-05
     0.26093E+01     0.21866E-06     0.17636E-05    -0.13534E-05
     0.26623E+01     0.24363E-06     0.19659E-05    -0.15066E-05
     0.27021E+01     0.26420E-06     0.21326E-05    -0.16328E-05
     0.27551E+01     0.29433E-06     0.23768E-05    -0.18176E-05
     0.28080E+01     0.32787E-06     0.26487E-05    -0.20232E-05
     0.28610E+01     0.36522E-06     0.29514E-05    -0.22521E-05
     0.29008E+01     0.39597E-06     0.32007E-05    -0.24406E-05
     0.29538E+01     0.44102E-06     0.35659E-05    -0.27167E-05
     0.30067E+01     0.49117E-06     0.39725E-05    -0.30239E-05
     0.30597E+01     0.54698E-06     0.44252E-05    -0.33659E-05
     0.31127E+01     0.60911E-06     0.49290E-05    -0.37466E-05
     0.31524E+01     0.66028E-06     0.53439E-05    -0.40600E-05
     0.32054E+01     0.73523E-06     0.59517E-05    -0.45191E-05
     0.32584E+01     0.81865E-06     0.66282E-05    -0.50301E-05
     0.33114E+01     0.91150E-06     0.73813E-05    -0.55988E-05
     0.33511E+01     0.98797E-06     0.80014E-05    -0.60672E-05
     0.34041E+01     0.11000E-05     0.89098E-05    -0.67532E-05
     0.34571E+01     0.12246E-05     0.99209E-05    -0.75167E-05
     0.35101E+01     0.13634E-05     0.11046E-04    -0.83666E-05
     0.35631E+01     0.15179E-05     0.12299E-04    -0.93126E-05
     0.36028E+01     0.16451E-05     0.13331E-04    -0.10092E-04
     0.36558E+01     0.18314E-05     0.14841E-04    -0.11233E-04
     0.37088E+01     0.20388E-05     0.16523E-04    -0.12503E-04
     0.37618E+01     0.22696E-05     0.18395E-04    -0.13917E-04
     0.38015E+01     0.24597E-05     0.19937E-04    -0.15081E-04
     0.38545E+01     0.27381E-05     0.22195E-04    -0.16787E-04
     0.39075E+01     0.30481E-05     0.24708E-04    -0.18685E-04
     0.39605E+01     0.33931E-05     0.27506E-04    -0.20799E-04
     0.40002E+01     0.36772E-05     0.29810E-04    -0.22539E-04
     0.40532E+01     0.40934E-05     0.33185E-04    -0.25088E-04
     0.41062E+01     0.45566E-05     0.36941E-04    -0.27926E-04
     0.41592E+01     0.50723E-05     0.41123E-04    -0.31085E-04
     0.42122E+01     0.56463E-05     0.45777E-04    -0.34601E-04
     0.42519E+01     0.61190E-05     0.49610E-04    -0.37496E-04
     0.43049E+01     0.68114E-05     0.55225E-04    -0.41738E-04
     0.43579E+01     0.75821E-05     0.61475E-04    -0.46459E-04
     0.44109E+01     0.84400E-05     0.68432E-04    -0.51713E-04
     0.44506E+01     0.91466E-05     0.74161E-04    -0.56041E-04
     0.45036E+01     0.10182E-04     0.82553E-04    -0.62379E-04
     0.45566E+01     0.11334E-04     0.91895E-04    -0.69434E-04
     0.46096E+01     0.12616E-04     0.10229E-03    -0.77286E-04
     0.46626E+01     0.14043E-04     0.11387E-03    -0.86026E-04
     0.47023E+01     0.15219E-04     0.12340E-03    -0.93224E-04
     0.47553E+01     0.16941E-04     0.13737E-03    -0.10376E-03
     0.48083E+01     0.18858E-04     0.15291E-03    -0.11550E-03
     0.48613E+01     0.20991E-04     0.17021E-03    -0.12855E-03
     0.49010E+01     0.22748E-04     0.18446E-03    -0.13930E-03
     0.49540E+01     0.25322E-04     0.20533E-03    -0.15505E-03
     0.50070E+01     0.28186E-04     0.22856E-03    -0.17257E-03
     0.50600E+01     0.31375E-04     0.25442E-03    -0.19207E-03
     0.51130E+01     0.34924E-04     0.28321E-03    -0.21377E-03
     0.51527E+01     0.37847E-04     0.30692E-03    -0.23163E-03
     0.52057E+01     0.42128E-04     0.34164E-03    -0.25779E-03
     0.52587E+01     0.46893E-04     0.38029E-03    -0.28690E-03
     0.53117E+01     0.52197E-04     0.42331E-03    -0.31928E-03
     0.53515E+01     0.56565E-04     0.45874E-03    -0.34593E-03
     0.54044E+01     0.62961E-04     0.51064E-03    -0.38495E-03
     0.54574E+01     0.70081E-04     0.56840E-03    -0.42836E-03
     0.55104E+01     0.78005E-04     0.63269E-03    -0.47665E-03
     0.55502E+01     0.84530E-04     0.68563E-03    -0.51638E-03
     0.56032E+01     0.94086E-04     0.76317E-03    -0.57454E-03
     0.56561E+01     0.10472E-03     0.84947E-03    -0.63921E-03
     0.57091E+01     0.11656E-03     0.94553E-03    -0.71111E-03
     0.57621E+01     0.12973E-03     0.10524E-02    -0.79105E-03
     0.58019E+01     0.14057E-03     0.11405E-02    -0.85681E-03
     0.58549E+01     0.15645E-03     0.12694E-02    -0.95300E-03
     0.59078E+01     0.17412E-03     0.14129E-02    -0.10599E-02
     0.59608E+01     0.19378E-03     0.15725E-02    -0.11787E-02
     0.60006E+01     0.20997E-03     0.17040E-02    -0.12763E-02
     0.60536E+01     0.23367E-03     0.18965E-02    -0.14190E-02
     0.61066E+01     0.26004E-03     0.21108E-02    -0.15775E-02
     0.61596E+01     0.28937E-03     0.23492E-02    -0.17534E-02
     0.62125E+01     0.32200E-03     0.26144E-02    -0.19486E-02
     0.62523E+01     0.34886E-03     0.28328E-02    -0.21090E-02
     0.63053E+01     0.38818E-03     0.31526E-02    -0.23430E-02
     0.63583E+01     0.43190E-03     0.35083E-02    -0.26025E-02
     0.64113E+01     0.48053E-03     0.39041E-02    -0.28900E-02
     0.64510E+01     0.52054E-03     0.42298E-02    -0.31258E-02
     0.65040E+01     0.57909E-03     0.47067E-02    -0.34695E-02
     0.65570E+01     0.64418E-03     0.52370E-02    -0.38498E-02
     0.66099E+01     0.71653E-03     0.58269E-02    -0.42702E-02
     0.66629E+01     0.79693E-03     0.64828E-02    -0.47347E-02
     0.67026E+01     0.86305E-03     0.70225E-02    -0.51145E-02
     0.67556E+01     0.95973E-03     0.78120E-02    -0.56663E-02
     0.68085E+01     0.10671E-02     0.86894E-02    -0.62742E-02
     0.68614E+01     0.11863E-02     0.96641E-02    -0.69431E-02
     0.69011E+01     0.12842E-02     0.10465E-01    -0.74878E-02
     0.69540E+01     0.14272E-02     0.11637E-01    -0.82757E-02
     0.70068E+01     0.15859E-02     0.12939E-01    -0.91385E-02
     0.70596E+01     0.17618E-02     0.14383E-01    -0.10081E-01
     0.71124E+01     0.19566E-02     0.15983E-01    -0.11109E-01
     0.71519E+01     0.21160E-02     0.17292E-01    -0.11939E-01
     0.72047E+01     0.23478E-02     0.19190E-01    -0.13130E-01
     0.72574E+01     0.26034E-02     0.21278E-01    -0.14422E-01
     0.73101E+01     0.28851E-02     0.23573E-01    -0.15820E-01
     0.73628E+01     0.31959E-02     0.26104E-01    -0.17327E-01
     0.74023E+01     0.34503E-02     0.28176E-01    -0.18528E-01
     0.74549E+01     0.38206E-02     0.31195E-01    -0.20225E-01
     0.75075E+01     0.42291E-02     0.34528E-01    -0.22026E-01
     0.75601E+01     0.46785E-02     0.38191E-01    -0.23924E-01
     0.76127E+01     0.51705E-02     0.42189E-01    -0.25909E-01
     0.76521E+01     0.55682E-02     0.45406E-01    -0.27447E-01
     0.77046E+01     0.61369E-02     0.49982E-01    -0.29562E-01
     0.77572E+01     0.67486E-02     0.54890E-01    -0.31749E-01
     0.78097E+01     0.74023E-02     0.60152E-01    -0.33983E-01
     0.78622E+01     0.80863E-02     0.65670E-01    -0.36528E-01
     0.79016E+01     0.86091E-02     0.69943E-01    -0.38830E-01
     0.79540E+01     0.93155E-02     0.75950E-01    -0.42493E-01
     0.80065E+01     0.10044E-01     0.82653E-01    -0.46659E-01
     0.80590E+01     0.10818E-01     0.90420E-01    -0.50985E-01
     0.81114E+01     0.11648E-01     0.99336E-01    -0.55033E-01
     0.81508E+01     0.12309E-01     0.10669E+00    -0.57425E-01
     0.82032E+01     0.13238E-01     0.11722E+00    -0.59619E-01
     0.82556E+01     0.14223E-01     0.12812E+00    -0.60426E-01
     0.83081E+01     0.15237E-01     0.13871E+00    -0.59603E-01
     0.83605E+01     0.16233E-01     0.14846E+00    -0.57451E-01
     0.84129E+01     0.17215E-01     0.15721E+00    -0.53942E-01
     0.84522E+01     0.17934E-01     0.16301E+00    -0.50544E-01
     0.85047E+01     0.18810E-01     0.16938E+00    -0.45379E-01
     0.85571E+01     0.19546E-01     0.17427E+00    -0.39936E-01
     0.86095E+01     0.20157E-01     0.17820E+00    -0.34247E-01
     0.86620E+01     0.20665E-01     0.18160E+00    -0.28139E-01
     0.87013E+01     0.20970E-01     0.18384E+00    -0.23260E-01
     0.87537E+01     0.21277E-01     0.18638E+00    -0.16164E-01
     0.88062E+01     0.21476E-01     0.18836E+00    -0.82722E-02
     0.88587E+01     0.21573E-01     0.18967E+00     0.56709E-03
     0.89111E+01     0.21523E-01     0.19001E+00     0.10124E-01
     0.89505E+01     0.21370E-01     0.18975E+00     0.17623E-01
     0.90030E+01     0.21013E-01     0.18884E+00     0.27661E-01
     0.90555E+01     0.20464E-01     0.18664E+00     0.37181E-01
     0.91081E+01     0.19723E-01     0.18293E+00     0.45943E-01
     0.91606E+01     0.18814E-01     0.17840E+00     0.54099E-01
     0.92000E+01     0.18071E-01     0.17451E+00     0.60021E-01
     0.92526E+01     0.17011E-01     0.16855E+00     0.67681E-01
     0.93052E+01     0.15872E-01     0.16140E+00     0.74896E-01
     0.93579E+01     0.14669E-01     0.15290E+00     0.81433E-01
     0.94105E+01     0.13448E-01     0.14334E+00     0.87263E-01
     0.94500E+01     0.12567E-01     0.13580E+00     0.91456E-01
     0.95027E+01     0.11485E-01     0.12562E+00     0.97338E-01
     0.95554E+01     0.10353E-01     0.11538E+00     0.10201E+00
     0.96081E+01     0.89792E-02     0.10507E+00     0.10335E+00
     0.96609E+01     0.74295E-02     0.94916E-01     0.10143E+00
     0.97005E+01     0.62059E-02     0.87726E-01     0.98435E-01
     0.97533E+01     0.46144E-02     0.78769E-01     0.93690E-01
     0.98061E+01     0.31780E-02     0.70295E-01     0.89545E-01
     0.98590E+01     0.19508E-02     0.61855E-01     0.86146E-01
     0.99119E+01     0.79789E-03     0.52970E-01     0.81954E-01
     0.99515E+01    -0.76680E-04     0.45951E-01     0.77723E-01
     0.10004E+02    -0.12412E-02     0.36386E-01     0.70828E-01
     0.10057E+02    -0.23420E-02     0.26813E-01     0.63238E-01
     0.10110E+02    -0.33236E-02     0.17093E-01     0.55826E-01
     0.10150E+02    -0.39507E-02     0.10202E-01     0.50750E-01
     0.10203E+02    -0.46251E-02     0.20930E-02     0.44768E-01
     0.10256E+02    -0.51390E-02    -0.50734E-02     0.39429E-01
     0.10309E+02    -0.55375E-02    -0.11488E-01     0.34416E-01
     0.10362E+02    -0.58678E-02    -0.16845E-01     0.29355E-01
     0.10402E+02    -0.60747E-02    -0.19983E-01     0.25513E-01
     0.10455E+02    -0.63099E-02    -0.23026E-01     0.20575E-01
     0.10508E+02    -0.65457E-02    -0.25284E-01     0.16113E-01
     0.10561E+02    -0.67619E-02    -0.26468E-01     0.12160E-01
     0.10601E+02    -0.69298E-02    -0.27035E-01     0.91194E-02
     0.10654E+02    -0.71063E-02    -0.26907E-01     0.54120E-02
     0.10707E+02    -0.72064E-02    -0.26229E-01     0.14902E-02
     0.10760E+02    -0.72333E-02    -0.25384E-01    -0.25010E-02
     0.10813E+02    -0.71796E-02    -0.24574E-01    -0.65244E-02
     0.10852E+02    -0.70810E-02    -0.24108E-01    -0.94423E-02
     0.10905E+02    -0.69113E-02    -0.23504E-01    -0.13126E-01
     0.10958E+02    -0.66664E-02    -0.22883E-01    -0.16362E-01
     0.11011E+02    -0.63788E-02    -0.22344E-01    -0.19025E-01
     0.11051E+02    -0.61669E-02    -0.21851E-01    -0.20779E-01
     0.11104E+02    -0.58989E-02    -0.20739E-01    -0.22935E-01
     0.11157E+02    -0.56520E-02    -0.18367E-01    -0.24859E-01
     0.11210E+02    -0.54129E-02    -0.15567E-01    -0.26261E-01
     0.11263E+02    -0.51713E-02    -0.12961E-01    -0.27096E-01
     0.11303E+02    -0.49809E-02    -0.11168E-01    -0.27368E-01
     0.11356E+02    -0.47119E-02    -0.89639E-02    -0.27479E-01
     0.11409E+02    -0.44309E-02    -0.69190E-02    -0.27446E-01
     0.11462E+02    -0.41371E-02    -0.49167E-02    -0.27339E-01
     0.11502E+02    -0.39074E-02    -0.33296E-02    -0.27263E-01
     0.11555E+02    -0.35830E-02    -0.96351E-03    -0.27159E-01
     0.11608E+02    -0.32216E-02     0.18695E-02    -0.26632E-01
     0.11661E+02    -0.28222E-02     0.52415E-02    -0.25455E-01
     0.11701E+02    -0.25031E-02     0.79301E-02    -0.24111E-01
     0.11754E+02    -0.20855E-02     0.11100E-01    -0.21824E-01
     0.11807E+02    -0.17247E-02     0.13183E-01    -0.19250E-01
     0.11860E+02    -0.14728E-02     0.13743E-01    -0.16709E-01
     0.11913E+02    -0.12874E-02     0.13157E-01    -0.14093E-01
     0.11952E+02    -0.11530E-02     0.12143E-01    -0.12014E-01
     0.12005E+02    -0.99024E-03     0.10248E-01    -0.92434E-02
     0.12058E+02    -0.87569E-03     0.83897E-02    -0.67428E-02
     0.12111E+02    -0.78361E-03     0.68680E-02    -0.45822E-02
     0.12151E+02    -0.72806E-03     0.60958E-02    -0.32202E-02
     0.12204E+02    -0.67805E-03     0.57752E-02    -0.18445E-02
     0.12257E+02    -0.64878E-03     0.60265E-02    -0.97739E-03
     0.12310E+02    -0.63802E-03     0.68266E-02    -0.47602E-03
     0.12363E+02    -0.64570E-03     0.79635E-02    -0.29794E-03
     0.12403E+02    -0.65414E-03     0.88542E-02    -0.21644E-03
     0.12456E+02    -0.65822E-03     0.99843E-02    -0.43066E-04
     0.12509E+02    -0.65628E-03     0.10930E-01     0.26382E-03
     0.12562E+02    -0.65595E-03     0.11693E-01     0.67672E-03
     0.12602E+02    -0.65560E-03     0.12082E-01     0.95158E-03
     0.12655E+02    -0.64996E-03     0.12219E-01     0.12471E-02
     0.12708E+02    -0.65068E-03     0.12008E-01     0.14816E-02
     0.12761E+02    -0.66529E-03     0.11406E-01     0.16706E-02
     0.12800E+02    -0.67930E-03     0.10769E-01     0.17522E-02
     0.12853E+02    -0.69573E-03     0.97977E-02     0.17846E-02
     0.12906E+02    -0.71328E-03     0.87392E-02     0.17522E-02
     0.12959E+02    -0.73103E-03     0.77984E-02     0.16223E-02
     0.13012E+02    -0.75109E-03     0.70963E-02     0.14932E-02
     0.13052E+02    -0.76376E-03     0.66679E-02     0.14299E-02
     0.13105E+02    -0.78032E-03     0.61492E-02     0.14035E-02
     0.13158E+02    -0.79717E-03     0.55799E-02     0.14609E-02
     0.13211E+02    -0.81607E-03     0.49289E-02     0.15762E-02
     0.13251E+02    -0.83527E-03     0.43828E-02     0.16844E-02
     0.13304E+02    -0.86618E-03     0.35866E-02     0.18169E-02
     0.13357E+02    -0.90048E-03     0.27320E-02     0.19096E-02
     0.13410E+02    -0.93475E-03     0.18592E-02     0.19405E-02
     0.13463E+02    -0.96499E-03     0.10288E-02     0.19195E-02
     0.13503E+02    -0.98303E-03     0.47871E-03     0.18838E-02
     0.13556E+02    -0.99923E-03    -0.15232E-03     0.17919E-02
     0.13609E+02    -0.10062E-02    -0.71290E-03     0.15811E-02
     0.13662E+02    -0.10046E-02    -0.12433E-02     0.11739E-02
     0.13702E+02    -0.99826E-03    -0.16403E-02     0.77089E-03
     0.13755E+02    -0.98413E-03    -0.21956E-02     0.12768E-03
     0.13808E+02    -0.96279E-03    -0.27664E-02    -0.58794E-03
     0.13861E+02    -0.93441E-03    -0.33172E-02    -0.13253E-02
     0.13901E+02    -0.91050E-03    -0.36719E-02    -0.18671E-02
     0.13954E+02    -0.87895E-03    -0.40294E-02    -0.25420E-02
     0.14007E+02    -0.84966E-03    -0.42567E-02    -0.31263E-02
     0.14060E+02    -0.81919E-03    -0.43836E-02    -0.35365E-02
     0.14113E+02    -0.78303E-03    -0.44723E-02    -0.37453E-02
     0.14153E+02    -0.74998E-03    -0.45482E-02    -0.37975E-02
     0.14206E+02    -0.69850E-03    -0.47026E-02    -0.38248E-02
     0.14259E+02    -0.63972E-03    -0.49834E-02    -0.38537E-02
     0.14312E+02    -0.57029E-03    -0.54068E-02    -0.38969E-02
     0.14352E+02    -0.50922E-03    -0.57814E-02    -0.39544E-02
     0.14405E+02    -0.41583E-03    -0.63321E-02    -0.41117E-02
     0.14459E+02    -0.30976E-03    -0.69522E-02    -0.43787E-02
     0.14512E+02    -0.19547E-03    -0.76810E-02    -0.47877E-02
     0.14552E+02    -0.10701E-03    -0.83342E-02    -0.51855E-02
     0.14605E+02     0.12120E-04    -0.93503E-02    -0.58171E-02
     0.14659E+02     0.13339E-03    -0.10517E-01    -0.65189E-02
     0.14712E+02     0.26085E-03    -0.11850E-01    -0.71953E-02
     0.14752E+02     0.36141E-03    -0.12946E-01    -0.76470E-02
     0.14806E+02     0.50048E-03    -0.14436E-01    -0.81589E-02
     0.14859E+02     0.64363E-03    -0.15834E-01    -0.85577E-02
     0.14912E+02     0.79116E-03    -0.17088E-01    -0.88418E-02
     0.14952E+02     0.90703E-03    -0.18009E-01    -0.89826E-02
     0.15006E+02     0.10710E-02    -0.19248E-01    -0.90696E-02
     0.15059E+02     0.12454E-02    -0.20558E-01    -0.90844E-02
     0.15113E+02     0.14304E-02    -0.21988E-01    -0.90888E-02
     0.15153E+02     0.15758E-02    -0.23152E-01    -0.90942E-02
     0.15207E+02     0.17771E-02    -0.24844E-01    -0.91126E-02
     0.15261E+02     0.19844E-02    -0.26724E-01    -0.91149E-02
     0.15301E+02     0.21406E-02    -0.28271E-01    -0.90900E-02
     0.15355E+02     0.23454E-02    -0.30516E-01    -0.90304E-02
     0.15408E+02     0.25437E-02    -0.32929E-01    -0.89002E-02
     0.15462E+02     0.27350E-02    -0.35418E-01    -0.85956E-02
     0.15502E+02     0.28706E-02    -0.37247E-01    -0.81941E-02
     0.15555E+02     0.30360E-02    -0.39529E-01    -0.74500E-02
     0.15609E+02     0.31821E-02    -0.41568E-01    -0.64628E-02
     0.15662E+02     0.33123E-02    -0.43354E-01    -0.52006E-02
     0.15702E+02     0.34041E-02    -0.44563E-01    -0.40608E-02
     0.15755E+02     0.35269E-02    -0.46050E-01    -0.23665E-02
     0.15809E+02     0.36406E-02    -0.47362E-01    -0.63395E-03
     0.15862E+02     0.37151E-02    -0.48488E-01     0.77039E-03
     0.15902E+02     0.37454E-02    -0.49212E-01     0.16559E-02
     0.15955E+02     0.37607E-02    -0.50020E-01     0.27522E-02
     0.16008E+02     0.37489E-02    -0.50637E-01     0.39045E-02
     0.16061E+02     0.37050E-02    -0.50896E-01     0.53110E-02
     0.16101E+02     0.36552E-02    -0.50878E-01     0.65668E-02
     0.16154E+02     0.35625E-02    -0.50536E-01     0.84974E-02
     0.16207E+02     0.34332E-02    -0.49917E-01     0.10683E-01
     0.16260E+02     0.32699E-02    -0.49088E-01     0.12992E-01
     0.16313E+02     0.30748E-02    -0.47949E-01     0.15205E-01
     0.16353E+02     0.29082E-02    -0.46807E-01     0.16688E-01
     0.16406E+02     0.26566E-02    -0.44867E-01     0.18374E-01
     0.16459E+02     0.23729E-02    -0.42514E-01     0.19747E-01
     0.16512E+02     0.20621E-02    -0.39902E-01     0.20834E-01
     0.16552E+02     0.18151E-02    -0.37878E-01     0.21522E-01
     0.16605E+02     0.14724E-02    -0.35146E-01     0.22400E-01
     0.16658E+02     0.11188E-02    -0.32376E-01     0.23205E-01
     0.16711E+02     0.75430E-03    -0.29511E-01     0.23831E-01
     0.16751E+02     0.47379E-03    -0.27244E-01     0.24151E-01
     0.16804E+02     0.95018E-04    -0.24046E-01     0.24316E-01
     0.16857E+02    -0.28313E-03    -0.20685E-01     0.24304E-01
     0.16910E+02    -0.65125E-03    -0.17236E-01     0.24185E-01
     0.16963E+02    -0.10067E-02    -0.13766E-01     0.23908E-01
     0.17003E+02    -0.12655E-02    -0.11130E-01     0.23542E-01
     0.17056E+02    -0.15970E-02    -0.75834E-02     0.22828E-01
     0.17109E+02    -0.19079E-02    -0.41371E-02     0.21826E-01
     0.17162E+02    -0.21939E-02    -0.10275E-02     0.20573E-01
     0.17202E+02    -0.23920E-02     0.11151E-02     0.19512E-01
     0.17255E+02    -0.26372E-02     0.38469E-02     0.17965E-01
     0.17308E+02    -0.28590E-02     0.62988E-02     0.16265E-01
     0.17361E+02    -0.30541E-02     0.84453E-02     0.14396E-01
     0.17401E+02    -0.31802E-02     0.98502E-02     0.12870E-01
     0.17454E+02    -0.33191E-02     0.11466E-01     0.10651E-01
     0.17508E+02    -0.34167E-02     0.12765E-01     0.82356E-02
     0.17561E+02    -0.34794E-02     0.13822E-01     0.56455E-02
     0.17601E+02    -0.34968E-02     0.14403E-01     0.35852E-02
     0.17654E+02    -0.34728E-02     0.14763E-01     0.78165E-03
     0.17707E+02    -0.34110E-02     0.14877E-01    -0.20090E-02
     0.17760E+02    -0.33288E-02     0.14752E-01    -0.47384E-02
     0.17813E+02    -0.32283E-02     0.14281E-01    -0.72944E-02
     0.17853E+02    -0.31424E-02     0.13706E-01    -0.91302E-02
     0.17906E+02    -0.30089E-02     0.12648E-01    -0.11502E-01
     0.17959E+02    -0.28417E-02     0.11263E-01    -0.13741E-01
     0.18013E+02    -0.26333E-02     0.95185E-02    -0.15798E-01
     0.18053E+02    -0.24484E-02     0.79639E-02    -0.17192E-01
     0.18106E+02    -0.21663E-02     0.55751E-02    -0.18840E-01
     0.18159E+02    -0.18529E-02     0.28876E-02    -0.20227E-01
     0.18212E+02    -0.15236E-02    -0.25447E-04    -0.21388E-01
     0.18252E+02    -0.12704E-02    -0.21986E-02    -0.22064E-01
     0.18305E+02    -0.92528E-03    -0.51159E-02    -0.22573E-01
     0.18358E+02    -0.56805E-03    -0.81529E-02    -0.22514E-01
     0.18411E+02    -0.21112E-03    -0.11215E-01    -0.22039E-01
     0.18451E+02     0.60134E-04    -0.13610E-01    -0.21513E-01
     0.18504E+02     0.42763E-03    -0.16965E-01    -0.20522E-01
     0.18558E+02     0.80237E-03    -0.20330E-01    -0.19208E-01
     0.18611E+02     0.11854E-02    -0.23748E-01    -0.17637E-01
     0.18651E+02     0.14742E-02    -0.26298E-01    -0.16327E-01
     0.18704E+02     0.18497E-02    -0.29463E-01    -0.14462E-01
     0.18757E+02     0.21736E-02    -0.32140E-01    -0.12717E-01
     0.18810E+02     0.24313E-02    -0.34270E-01    -0.11100E-01
     0.18863E+02     0.26325E-02    -0.36009E-01    -0.93765E-02
     0.18903E+02     0.27572E-02    -0.37174E-01    -0.78490E-02
     0.18956E+02     0.28940E-02    -0.38538E-01    -0.53105E-02
     0.19009E+02     0.29969E-02    -0.39592E-01    -0.21617E-02
     0.19062E+02     0.30424E-02    -0.40039E-01     0.12088E-02
     0.19102E+02     0.30360E-02    -0.40090E-01     0.36261E-02
     0.19155E+02     0.29890E-02    -0.40024E-01     0.66378E-02
     0.19208E+02     0.29197E-02    -0.39848E-01     0.94234E-02
     0.19261E+02     0.28219E-02    -0.39719E-01     0.11752E-01
     0.19301E+02     0.27247E-02    -0.39681E-01     0.13129E-01
     0.19354E+02     0.25534E-02    -0.39561E-01     0.14457E-01
     0.19407E+02     0.23396E-02    -0.39203E-01     0.15284E-01
     0.19460E+02     0.21035E-02    -0.38646E-01     0.15812E-01
     0.19500E+02     0.19123E-02    -0.38037E-01     0.16137E-01
     0.19553E+02     0.16387E-02    -0.36885E-01     0.16658E-01
     0.19606E+02     0.13503E-02    -0.35255E-01     0.17316E-01
     0.19659E+02     0.10518E-02    -0.33113E-01     0.18038E-01
     0.19712E+02     0.74689E-03    -0.30490E-01     0.18714E-01
     0.19752E+02     0.51853E-03    -0.28282E-01     0.19109E-01
     0.19805E+02     0.22466E-03    -0.25161E-01     0.19309E-01
     0.19858E+02    -0.51033E-04    -0.21946E-01     0.19234E-01
     0.19911E+02    -0.30969E-03    -0.18719E-01     0.18895E-01
     0.19951E+02    -0.48881E-03    -0.16338E-01     0.18276E-01
     0.20004E+02    -0.70098E-03    -0.13285E-01     0.17043E-01
     0.20057E+02    -0.87873E-03    -0.10428E-01     0.15381E-01
     0.20110E+02    -0.10210E-02    -0.78485E-02     0.13318E-01
     0.20163E+02    -0.11312E-02    -0.55938E-02     0.10901E-01
     0.20202E+02    -0.11978E-02    -0.41193E-02     0.88911E-02
     0.20255E+02    -0.12643E-02    -0.24776E-02     0.60027E-02
     0.20308E+02    -0.13032E-02    -0.13384E-02     0.29309E-02
     0.20361E+02    -0.12845E-02    -0.87435E-03    -0.13236E-03
     0.20401E+02    -0.12429E-02    -0.93697E-03    -0.24297E-02
     0.20454E+02    -0.11607E-02    -0.17058E-02    -0.54971E-02
     0.20507E+02    -0.10446E-02    -0.31983E-02    -0.85689E-02
     0.20560E+02    -0.89125E-03    -0.53012E-02    -0.11732E-01
     0.20613E+02    -0.69012E-03    -0.79984E-02    -0.14927E-01
     0.20652E+02    -0.50057E-03    -0.10421E-01    -0.17290E-01
     0.20705E+02    -0.19069E-03    -0.14146E-01    -0.20325E-01
     0.20758E+02     0.18610E-03    -0.18346E-01    -0.23152E-01
     0.20811E+02     0.62413E-03    -0.22889E-01    -0.25743E-01
     0.20851E+02     0.98821E-03    -0.26437E-01    -0.27335E-01
     0.20904E+02     0.15098E-02    -0.31202E-01    -0.29029E-01
     0.20957E+02     0.20613E-02    -0.35873E-01    -0.30311E-01
     0.21010E+02     0.26326E-02    -0.40382E-01    -0.31181E-01
     0.21063E+02     0.32261E-02    -0.44696E-01    -0.31731E-01
     0.21102E+02     0.36847E-02    -0.47798E-01    -0.31949E-01
     0.21155E+02     0.43098E-02    -0.51721E-01    -0.32088E-01
     0.21208E+02     0.49438E-02    -0.55355E-01    -0.32164E-01
     0.21261E+02     0.55872E-02    -0.58686E-01    -0.32310E-01
     0.21301E+02     0.60788E-02    -0.61124E-01    -0.32506E-01
     0.21354E+02     0.67436E-02    -0.64450E-01    -0.32955E-01
     0.21407E+02     0.73798E-02    -0.68038E-01    -0.33916E-01
     0.21459E+02     0.79639E-02    -0.71970E-01    -0.35656E-01
     0.21512E+02     0.85052E-02    -0.76499E-01    -0.37781E-01
     0.21552E+02     0.89140E-02    -0.80431E-01    -0.39216E-01
     0.21605E+02     0.94854E-02    -0.86346E-01    -0.40737E-01
     0.21658E+02     0.10086E-01    -0.92803E-01    -0.41794E-01
     0.21710E+02     0.10708E-01    -0.99503E-01    -0.42283E-01
     0.21763E+02     0.11351E-01    -0.10623E+00    -0.42174E-01
     0.21803E+02     0.11853E-01    -0.11122E+00    -0.41742E-01
     0.21856E+02     0.12553E-01    -0.11780E+00    -0.40773E-01
     0.21908E+02     0.13267E-01    -0.12424E+00    -0.39273E-01
     0.21961E+02     0.13985E-01    -0.13046E+00    -0.37401E-01
     0.22001E+02     0.14526E-01    -0.13485E+00    -0.35797E-01
     0.22054E+02     0.15243E-01    -0.14015E+00    -0.33389E-01
     0.22106E+02     0.15944E-01    -0.14476E+00    -0.30638E-01
     0.22159E+02     0.16595E-01    -0.14867E+00    -0.27706E-01
     0.22212E+02     0.17157E-01    -0.15180E+00    -0.24874E-01
     0.22252E+02     0.17527E-01    -0.15373E+00    -0.22835E-01
     0.22304E+02     0.17986E-01    -0.15588E+00    -0.19920E-01
     0.22357E+02     0.18433E-01    -0.15761E+00    -0.16442E-01
     0.22410E+02     0.18833E-01    -0.15898E+00    -0.12392E-01
     0.22463E+02     0.19134E-01    -0.16029E+00    -0.81424E-02
     0.22503E+02     0.19302E-01    -0.16125E+00    -0.46933E-02
     0.22555E+02     0.19443E-01    -0.16268E+00     0.79544E-03
     0.22608E+02     0.19514E-01    -0.16427E+00     0.73713E-02
     0.22661E+02     0.19494E-01    -0.16564E+00     0.14572E-01
     0.22701E+02     0.19394E-01    -0.16639E+00     0.20102E-01
     0.22754E+02     0.19167E-01    -0.16692E+00     0.27564E-01
     0.22806E+02     0.18789E-01    -0.16690E+00     0.34881E-01
     0.22859E+02     0.18253E-01    -0.16627E+00     0.41706E-01
     0.22912E+02     0.17574E-01    -0.16507E+00     0.47747E-01
     0.22952E+02     0.16989E-01    -0.16363E+00     0.51604E-01
     0.23005E+02     0.16125E-01    -0.16136E+00     0.55932E-01
     0.23058E+02     0.15224E-01    -0.15863E+00     0.59671E-01
     0.23111E+02     0.14345E-01    -0.15492E+00     0.63285E-01
     0.23150E+02     0.13720E-01    -0.15125E+00     0.66065E-01
     0.23203E+02     0.12969E-01    -0.14487E+00     0.70182E-01
     0.23256E+02     0.12324E-01    -0.13687E+00     0.74794E-01
     0.23309E+02     0.11627E-01    -0.12799E+00     0.78087E-01
     0.23362E+02     0.10746E-01    -0.11898E+00     0.78912E-01
     0.23402E+02     0.99849E-02    -0.11242E+00     0.77300E-01
     0.23455E+02     0.88523E-02    -0.10439E+00     0.72970E-01
     0.23508E+02     0.76806E-02    -0.97497E-01     0.67524E-01
     0.23561E+02     0.65803E-02    -0.91653E-01     0.62452E-01
     0.23601E+02     0.58401E-02    -0.87574E-01     0.59430E-01
     0.23654E+02     0.49787E-02    -0.81892E-01     0.56568E-01
     0.23707E+02     0.42441E-02    -0.75469E-01     0.54682E-01
     0.23760E+02     0.35840E-02    -0.68165E-01     0.52838E-01
     0.23813E+02     0.29472E-02    -0.60000E-01     0.50561E-01
     0.23853E+02     0.24652E-02    -0.53413E-01     0.48260E-01
     0.23906E+02     0.18326E-02    -0.44560E-01     0.44485E-01
     0.23959E+02     0.12561E-02    -0.36234E-01     0.40277E-01
     0.24013E+02     0.76435E-03    -0.28472E-01     0.35997E-01
     0.24052E+02     0.45507E-03    -0.23200E-01     0.32848E-01
     0.24106E+02     0.81298E-04    -0.17465E-01     0.28757E-01
     0.24159E+02    -0.28584E-03    -0.13541E-01     0.24767E-01
     0.24212E+02    -0.65786E-03    -0.11880E-01     0.21009E-01
     0.24252E+02    -0.93330E-03    -0.11441E-01     0.18488E-01
     0.24305E+02    -0.12905E-02    -0.11773E-01     0.15673E-01
     0.24358E+02    -0.16155E-02    -0.12959E-01     0.13436E-01
     0.24411E+02    -0.18770E-02    -0.14583E-01     0.11794E-01
     0.24451E+02    -0.20381E-02    -0.15764E-01     0.10876E-01
     0.24504E+02    -0.22261E-02    -0.16977E-01     0.98885E-02
     0.24557E+02    -0.23898E-02    -0.17528E-01     0.90007E-02
     0.24610E+02    -0.25189E-02    -0.17633E-01     0.82147E-02
     0.24650E+02    -0.25951E-02    -0.17541E-01     0.77662E-02
     0.24703E+02    -0.26823E-02    -0.16988E-01     0.75152E-02
     0.24757E+02    -0.27482E-02    -0.15838E-01     0.75494E-02
     0.24810E+02    -0.28032E-02    -0.14417E-01     0.79464E-02
     0.24863E+02    -0.28591E-02    -0.12973E-01     0.86945E-02
     0.24903E+02    -0.29178E-02    -0.12027E-01     0.93809E-02
     0.24956E+02    -0.30341E-02    -0.11028E-01     0.10468E-01
     0.25009E+02    -0.31874E-02    -0.10329E-01     0.11814E-01
