   0.012455582000000   0.017446808000000
   0.012455582000000   0.018481026000000
   0.012455582000000   0.018525992000000
   0.012455582000000   0.018570958000000
   0.012455582000000   0.018615924000000
   0.012455582000000   0.018660890000000
   0.014658916000000   0.020684360000000
   0.014703882000000   0.020684360000000
   0.014748848000000   0.020684360000000
   0.014613950000000   0.020774292000000
   0.014658916000000   0.020819258000000
   0.012455582000000   0.022932660000000
   0.012455582000000   0.022977626000000
   0.012455582000000   0.023022592000000
   0.012455582000000   0.023067558000000
   0.012455582000000   0.023112524000000
