  0.12474632      1.04232803E-11  6.15892840E-12 -2.85798869E-15
  0.50017345      1.01892036E-11  6.70016169E-12 -3.78242436E-15
   1.0007112      9.84453491E-12  7.34569523E-12 -6.31120819E-15
   1.5011811      9.46321320E-12  7.89695479E-12 -1.04463049E-14
   2.0015700      9.04692467E-12  8.34730722E-12 -1.62970274E-14
   2.5018795      8.59542125E-12  8.69164983E-12 -2.39200241E-14
   3.0021112      8.10819901E-12  8.92762253E-12 -3.33326642E-14
   3.5022826      7.59071972E-12  9.05862017E-12 -4.44204406E-14
   4.0024195      7.06067062E-12  9.09342480E-12 -5.69087014E-14
   4.5025353      6.53844513E-12  9.04238837E-12 -6.99719213E-14
   5.0026474      6.04017444E-12  8.90893609E-12 -8.25647873E-14
   5.5027671      5.55857227E-12  8.68604147E-12 -9.41704600E-14
   6.0029030      5.06456639E-12  8.35699305E-12 -1.05568576E-13
   6.5030551      4.52753807E-12  7.90651225E-12 -1.20811401E-13
   7.0032248      3.94126442E-12  7.33033946E-12 -1.45302525E-13
   7.5034132      3.32525544E-12  6.63803517E-12 -1.83776049E-13
   8.0036135      2.71721274E-12  5.84959772E-12 -2.38415651E-13
   8.5038261      2.15485247E-12  4.98861109E-12 -3.04676206E-13
   9.0040474      1.66005252E-12  4.07551683E-12 -3.74935299E-13
   9.5042772      1.23180979E-12  3.12523661E-12 -4.38705983E-13
   10.004511      8.54841317E-13  2.14946377E-12 -4.87181042E-13
   10.504748      5.16632310E-13  1.16510686E-12 -5.17145409E-13
   11.004990      2.28568412E-13  2.03093998E-13 -5.31834017E-13
   11.505231      3.42148727E-14 -6.88894471E-13 -5.40632209E-13
   12.005473      2.84819741E-14 -1.45204378E-12 -5.51150922E-13
   12.505716      3.21681294E-13 -2.03730999E-12 -5.65530370E-13
   13.005962      8.60804592E-13 -2.46224048E-12 -5.84331574E-13
   13.506206      1.52813396E-12 -2.76972932E-12 -6.11013247E-13
   14.006449      2.35883253E-12 -3.03312106E-12 -6.25748314E-13
   14.506693      3.18047541E-12 -3.29587833E-12 -6.34883422E-13
   15.006934      3.97797030E-12 -3.61364281E-12 -6.51739567E-13
   15.507174      4.73850126E-12 -3.99334212E-12 -6.90659986E-13
   16.007412      5.50368345E-12 -4.42602031E-12 -7.67816637E-13
   16.507652      6.37084309E-12 -4.87679775E-12 -8.87307751E-13
   17.007891      7.40564381E-12 -5.30635692E-12 -1.03886431E-12
   17.508127      8.66174060E-12 -5.68950225E-12 -1.20327609E-12
   18.008364      1.01498619E-11 -6.01490038E-12 -1.36272623E-12
   18.508598      1.18509317E-11 -6.30061454E-12 -1.50679762E-12
   19.008829      1.37667950E-11 -6.59118463E-12 -1.63212651E-12
   19.509062      1.58478768E-11 -6.92306282E-12 -1.74715103E-12
   20.009295      1.80456431E-11 -7.32906964E-12 -1.87129739E-12
   20.509525      2.03646926E-11 -7.83509195E-12 -2.02452963E-12
   21.009754      2.28483187E-11 -8.45086241E-12 -2.22163672E-12
   21.509983      2.55636901E-11 -9.17527512E-12 -2.46768318E-12
   22.010208      2.85811132E-11 -1.00090327E-11 -2.75816479E-12
   22.510429      3.19560836E-11 -1.09613646E-11 -3.08538199E-12
   23.010654      3.57254573E-11 -1.20497761E-11 -3.44599479E-12
   23.510880      3.99329875E-11 -1.33043073E-11 -3.84709712E-12
   24.011103      4.46345842E-11 -1.47606961E-11 -4.30462133E-12
   24.511326      4.99004484E-11 -1.64526864E-11 -4.83615708E-12
   25.011547      5.58204351E-11 -1.84102109E-11 -5.45553056E-12
   25.511765      6.25056881E-11 -2.06655578E-11 -6.17039102E-12
   26.011982      7.00778532E-11 -2.32558903E-11 -6.98573577E-12
   26.512199      7.86624307E-11 -2.62270188E-11 -7.90955669E-12
   27.012419      8.83945625E-11 -2.96363559E-11 -8.95639292E-12
   27.512634      9.94305055E-11 -3.35545411E-11 -1.01476371E-11
   28.012852      1.11955327E-10 -3.80664875E-11 -1.15092215E-11
   28.513069      1.26188698E-10 -4.32710777E-11 -1.30687423E-11
   29.013285      1.42387907E-10 -4.92806143E-11 -1.48551674E-11
   29.513498      1.60850111E-10 -5.62214303E-11 -1.69011593E-11
   30.013714      1.81916399E-10 -6.42352352E-11 -1.92459590E-11
   30.513929      2.05982065E-10 -7.34837607E-11 -2.19367823E-11
   31.014143      2.33504799E-10 -8.41514983E-11 -2.50285088E-11
   31.514359      2.65011180E-10 -9.64511110E-11 -2.85825183E-11
   32.014572      3.01105391E-10 -1.10629436E-10 -3.26669768E-11
   32.514786      3.42480988E-10 -1.26974542E-10 -3.73591921E-11
   33.014999      3.89934390E-10 -1.45820953E-10 -4.27486657E-11
   33.515217      4.44379394E-10 -1.67553554E-10 -4.89404767E-11
   34.015430      5.06869324E-10 -1.92614036E-10 -5.60587445E-11
   34.515644      5.78624593E-10 -2.21510699E-10 -6.42497930E-11
   35.015862      6.61061317E-10 -2.54830934E-10 -7.36848152E-11
   35.516075      7.55822183E-10 -2.93255364E-10 -8.45623363E-11
   36.016289      8.64812111E-10 -3.37576384E-10 -9.71112982E-11
   36.516502      9.90232452E-10 -3.88714755E-10 -1.11594338E-10
   37.016720      1.13462284E-09 -4.47736237E-10 -1.28311070E-10
   37.516933      1.30091715E-09 -5.15868848E-10 -1.47606483E-10
   38.017147      1.49247947E-09 -5.94528426E-10 -1.69880415E-10
   38.517368      1.71320058E-09 -6.85352997E-10 -1.95592195E-10
   39.017582      1.96760097E-09 -7.90230159E-10 -2.25269123E-10
   39.517796      2.26089458E-09 -9.11337728E-10 -2.59517074E-10
   40.018013      2.59909294E-09 -1.05118758E-09 -2.99034880E-10
   40.518234      2.98912317E-09 -1.21268029E-09 -3.44630435E-10
   41.018448      3.43896600E-09 -1.39916367E-09 -3.97239242E-10
   41.518665      3.95783584E-09 -1.61450786E-09 -4.57947680E-10
   42.018887      4.55636862E-09 -1.86317761E-09 -5.28011801E-10
   42.519104      5.24684696E-09 -2.15033036E-09 -6.08879336E-10
   43.019321      6.04349992E-09 -2.48192711E-09 -7.02227776E-10
   43.519543      6.96276370E-09 -2.86484725E-09 -8.09996070E-10
   44.019764      8.02359690E-09 -3.30702354E-09 -9.34422539E-10
   44.519993      9.24788779E-09 -3.81761778E-09 -1.07808873E-09
   45.020214      1.06609326E-08 -4.40721060E-09 -1.24397137E-09
   45.520435      1.22918919E-08 -5.08800291E-09 -1.43550150E-09
   46.020664      1.41744314E-08 -5.87407811E-09 -1.65663705E-09
   46.520893      1.63474336E-08 -6.78170053E-09 -1.91194705E-09
   47.021122      1.88557845E-08 -7.82963738E-09 -2.20670260E-09
   47.521351      2.17512515E-08 -9.03953268E-09 -2.54697796E-09
   48.021580      2.50936232E-08 -1.04363753E-08 -2.93978775E-09
   48.521816      2.89518756E-08 -1.20489965E-08 -3.39322526E-09
   49.022049      3.34055699E-08 -1.39106593E-08 -3.91663013E-09
   49.522278      3.85465917E-08 -1.60597704E-08 -4.52079796E-09
   50.022514      4.44809913E-08 -1.85406481E-08 -5.21818988E-09
   50.522751      5.13311704E-08 -2.14044285E-08 -6.02318417E-09
   51.022991      5.92383458E-08 -2.47100900E-08 -6.95236002E-09
   51.523232      6.83655657E-08 -2.85257276E-08 -8.02486255E-09
   52.023468      7.89009391E-08 -3.29298899E-08 -9.26276833E-09
   52.523712      9.10614801E-08 -3.80132192E-08 -1.06915579E-08
   53.023956      1.05097854E-07 -4.38803625E-08 -1.23406547E-08
   53.524204      1.21299223E-07 -5.06520621E-08 -1.42440051E-08
   54.024452      1.39999202E-07 -5.84676094E-08 -1.64407670E-08
   54.524696      1.61582875E-07 -6.74878038E-08 -1.89761504E-08
   55.024948      1.86494788E-07 -7.78981928E-08 -2.19023395E-08
   55.525200      2.15247752E-07 -8.99128523E-08 -2.52795171E-08
   56.025455      2.48433565E-07 -1.03778845E-07 -2.91771389E-08
   56.525711      2.86735485E-07 -1.19781333E-07 -3.36754162E-08
   57.025970      3.30941987E-07 -1.38249433E-07 -3.88668298E-08
   57.526230      3.81962309E-07 -1.59562688E-07 -4.48580906E-08
   58.026489      4.40846463E-07 -1.84159433E-07 -5.17724210E-08
   58.526756      5.08806068E-07 -2.12545359E-07 -5.97519971E-08
   59.027020      5.87238560E-07 -2.45303852E-07 -6.89608228E-08
   59.527283      6.77757725E-07 -2.83108363E-07 -7.95883111E-08
   60.027550      7.82225413E-07 -3.26736085E-07 -9.18530318E-08
   60.527817      9.02790532E-07 -3.77084007E-07 -1.06007064E-07
   61.028088      1.04193145E-06 -4.35186564E-07 -1.22341376E-07
   61.528358      1.20250968E-06 -5.02238095E-07 -1.41191776E-07
   62.028625      1.38782673E-06 -5.79616540E-07 -1.62945668E-07
   62.528889      1.60168975E-06 -6.68911184E-07 -1.88049867E-07
   63.029144      1.84849409E-06 -7.71956479E-07 -2.17020244E-07
   63.529388      2.13330850E-06 -8.90867682E-07 -2.50451563E-07
   64.029610      2.46197919E-06 -1.02808519E-06 -2.89029970E-07
   64.529793      2.84124076E-06 -1.18641981E-06 -3.33545700E-07
   65.029915      3.27885709E-06 -1.36911194E-06 -3.84909839E-07
   65.529961      3.78376490E-06 -1.57989143E-06 -4.44171178E-07
   66.029884      4.36624669E-06 -1.82304962E-06 -5.12536360E-07
   66.529579      5.03804677E-06 -2.10348935E-06 -5.91383241E-07
   67.028946      5.81265340E-06 -2.42683905E-06 -6.82294854E-07
   67.527985      6.70569398E-06 -2.79962023E-06 -7.87104796E-07
   68.026711      7.73521424E-06 -3.22936376E-06 -9.07930314E-07
   68.525154      8.92204571E-06 -3.72476370E-06 -1.04721619E-06
   69.023308      1.02900685E-05 -4.29578313E-06 -1.20776440E-06
   69.521164      1.18668204E-05 -4.95391669E-06 -1.39280564E-06
   70.018753      1.36840417E-05 -5.71240525E-06 -1.60606260E-06
   70.516083      1.57782979E-05 -6.58650515E-06 -1.85182500E-06
   71.013168      1.81917567E-05 -7.59381055E-06 -2.13503949E-06
   71.510017      2.09728241E-05 -8.75451860E-06 -2.46138325E-06
   72.006645      2.41774324E-05 -1.00919588E-05 -2.83741747E-06
   72.503052      2.78697989E-05 -1.16329211E-05 -3.27067391E-06
   73.123268      3.32850541E-05 -1.38928235E-05 -3.90606692E-06
   73.619247      3.83631486E-05 -1.60119398E-05 -4.50187508E-06
   74.115067      4.42136225E-05 -1.84532728E-05 -5.18827483E-06
   74.610741      5.09539168E-05 -2.12657978E-05 -5.97903636E-06
   75.106293      5.87192590E-05 -2.45059000E-05 -6.89001172E-06
   75.601738      6.76654672E-05 -2.82385281E-05 -7.93946674E-06
   76.097084      7.79716938E-05 -3.25383444E-05 -9.14838711E-06
   76.592346      8.98446015E-05 -3.74914962E-05 -1.05409890E-05
   77.087570      1.03523365E-04 -4.31976187E-05 -1.21452977E-05
   77.582710      1.19280601E-04 -4.97703149E-05 -1.39932363E-05
   78.077805      1.37432682E-04 -5.73413272E-05 -1.61218595E-05
   78.572929      1.58346913E-04 -6.60636579E-05 -1.85741737E-05
   79.068001      1.82438554E-04 -7.61102056E-05 -2.13987987E-05
   79.563103      2.10193510E-04 -8.76831764E-05 -2.46526088E-05
   80.058319      2.42175651E-04 -1.01017344E-04 -2.84015950E-05
   80.553558      2.79020838E-04 -1.16377239E-04 -3.27201487E-05
   81.048828      3.21469503E-04 -1.34070840E-04 -3.76948774E-05
   81.544167      3.70375812E-04 -1.54453344E-04 -4.34256726E-05
   82.039604      4.26724931E-04 -1.77934271E-04 -5.00276947E-05
   82.535164      4.91651881E-04 -2.04985394E-04 -5.76336461E-05
   83.030861      5.66467294E-04 -2.36151129E-04 -6.63966857E-05
   83.526726      6.52682385E-04 -2.72059202E-04 -7.64933575E-05
   84.022781      7.52041000E-04 -3.13433527E-04 -8.81273081E-05
   84.519058      8.66556482E-04 -3.61109443E-04 -1.01533609E-04
   85.015579      9.98549396E-04 -4.16049705E-04 -1.16983159E-04
   85.512390      1.15070329E-03 -4.79366689E-04 -1.34789152E-04
   86.009499      1.32611394E-03 -5.52343670E-04 -1.55312766E-04
   86.506836      1.52830384E-03 -6.36439829E-04 -1.78964925E-04
   87.004471      1.76141318E-03 -7.33368448E-04 -2.06228462E-04
   87.502487      2.03022384E-03 -8.45108530E-04 -2.37661123E-04
   88.000862      2.34020129E-03 -9.73920221E-04 -2.73900427E-04
   88.624283      2.79525877E-03 -1.16294634E-03 -3.27089452E-04
   89.045319      3.15153599E-03 -1.31103513E-03 -3.68721987E-04
   89.540131      3.62856174E-03 -1.50889321E-03 -4.24461177E-04
   90.040138      4.18380694E-03 -1.73927075E-03 -4.89323575E-04
   90.540535      4.82432451E-03 -2.00491282E-03 -5.64132992E-04
   91.040962      5.56270126E-03 -2.31099594E-03 -6.50355534E-04
   91.541405      6.41379319E-03 -2.66362308E-03 -7.49721716E-04
   92.041847      7.39475526E-03 -3.06983199E-03 -8.64228990E-04
   92.542297      8.52534268E-03 -3.53771728E-03 -9.96179297E-04
   93.042755      9.82831325E-03 -4.07659169E-03 -1.14822504E-03
   93.543213      1.13298725E-02 -4.69715986E-03 -1.32342032E-03
   94.043671      1.30601805E-02 -5.41171804E-03 -1.52528204E-03
   94.544128      1.50539903E-02 -6.23440091E-03 -1.75786344E-03
   95.039368      1.73255652E-02 -7.17083132E-03 -2.02282611E-03
   95.539825      1.99685339E-02 -8.25925358E-03 -2.33108480E-03
   96.040291      2.30135471E-02 -9.51181259E-03 -2.68622651E-03
   96.540764      2.65216082E-02 -1.09529924E-02 -3.09537631E-03
   97.041245      3.05629168E-02 -1.26108434E-02 -3.56674450E-03
   97.541733      3.52182388E-02 -1.45174731E-02 -4.10979148E-03
   98.042221      4.05805260E-02 -1.67096592E-02 -4.73541487E-03
   98.542709      4.67567444E-02 -1.92294307E-02 -5.45615749E-03
   99.043198      5.38700335E-02 -2.21247338E-02 -6.28647860E-03
   99.543686      6.20621070E-02 -2.54502408E-02 -7.24305306E-03
   100.04419      7.14959055E-02 -2.92681232E-02 -8.34509078E-03
   100.54469      8.23583305E-02 -3.36489305E-02 -9.61465761E-03
   101.04521      9.48640704E-02 -3.86727899E-02 -1.10770520E-02
   101.54573      0.10926088     -4.44301814E-02 -1.27611943E-02
   102.04625      0.12583113     -5.10233045E-02 -1.46997990E-02
   102.54677      0.14489803     -5.85669577E-02 -1.69299226E-02
   103.04729      0.16682990     -6.71913326E-02 -1.94941740E-02
   103.54781      0.19204634     -7.70433247E-02 -2.24422142E-02
   104.04832      0.22102721     -8.82902741E-02 -2.58308332E-02
   104.54886      0.25432178     -0.10111356     -2.97224037E-02
   105.04939      0.29254800     -0.11570017     -3.41894776E-02
   105.54993      0.33641067     -0.13223930     -3.93203460E-02
   106.05048      0.38672233     -0.15091780     -4.52133790E-02
   106.55103      0.44439301     -0.17189583     -5.19733801E-02
   107.05158      0.51046300     -0.19532700     -5.97194955E-02
   107.55213      0.58612871     -0.22132978     -6.85776323E-02
   108.05269      0.67271304     -0.24998832     -7.86550269E-02
   108.55325      0.77187574     -0.28135279     -9.00293440E-02
   109.05383      0.88467675     -0.31524199     -0.10268252    
   109.55441       1.0117071     -0.35136819     -0.11662995    
   110.05499       1.1545200     -0.38953131     -0.13188308    
   110.55556       1.3134580     -0.42903543     -0.14830397    
   111.05614       1.4900421     -0.46884274     -0.16636555    
   111.55673       1.6894267     -0.50749713     -0.18547682    
   112.05731       1.9105365     -0.54251373     -0.20411053    
   112.55789       2.1450932     -0.57215399     -0.22040005    
   113.05849       2.3873920     -0.59462333     -0.23486397    
   113.55910       2.6427984     -0.60592067     -0.24738953    
   114.05971       2.8996267     -0.60333562     -0.25548756    
   114.56032       3.1543527     -0.58336830     -0.25930616    
   115.06093       3.4005740     -0.54273474     -0.25841081    
   115.56154       3.6328752     -0.47747305     -0.25278306    
   116.06215       3.8470724     -0.38316214     -0.24145240    
   116.56277       4.0421786     -0.25613105     -0.22187568    
   117.06341       4.2185478     -9.48190317E-02 -0.18803181    
   117.56405       4.3607473      9.14000347E-02 -0.13177636    
   118.06469       4.4228640      0.27999714     -4.71799448E-02
   118.56533       4.3420033      0.44266471      5.35335876E-02
   119.06597       4.0917864      0.56201446      0.14062463    
   119.56661       3.7294402      0.64696753      0.18324478    
   120.06727       3.3656702      0.72013319      0.18354440    
   120.56793       3.0526671      0.79845452      0.16589895    
   121.06860       2.8027329      0.88154548      0.15350081    
   121.56927       2.5727487      0.96214288      0.15496036    
   122.06933       2.3341608       1.0301504      0.16405243    
   122.53907       2.0950427       1.0799125      0.17217316    
   123.00376       1.8551669       1.1188290      0.17415902    
   123.50124       1.6132424       1.1542473      0.17204416    
   124.00192       1.3902698       1.1888884      0.16786310    
   124.50262       1.1925743       1.2281798      0.16386688    
   125.00332       1.0255486       1.2765651      0.16031677    
   125.50402      0.89319086       1.3380585      0.15809859    
   126.00472      0.79413164       1.4172862      0.15596512    
   126.50542      0.72972906       1.5171728      0.15410386    
   127.00613      0.70183480       1.6370282      0.15424648    
   127.50685      0.70963550       1.7604711      0.15917304    
   128.00757      0.67743766       1.8416274      0.17461725    
   128.50830      0.54557830       1.8371460      0.19347541    
   129.00903      0.31319535       1.7118537      0.20565502    
   129.50977     -8.77536163E-02   1.4667706      0.20647195    
   130.01050     -0.54286855       1.1439288      0.19149043    
   130.51123     -0.95756400      0.80696440      0.16304524    
   131.01196      -1.2711678      0.50547183      0.12686625    
   131.51270      -1.4657735      0.26532573      8.94000232E-02
   132.01347      -1.5408694      9.07403007E-02  5.76293208E-02
   132.51427      -1.5447299     -3.26863676E-02  2.83834822E-02
   133.01506      -1.5143834     -0.12702113      5.63460356E-03
   133.51585      -1.4720267     -0.20684081     -7.39330053E-03
   134.01665      -1.4199193     -0.28119338     -1.26426220E-02
   134.51747      -1.3664831     -0.34772968     -1.15295425E-02
   135.01833      -1.3075355     -0.40605772     -5.63911721E-03
   135.51918      -1.2385739     -0.45364705      4.07528877E-03
   136.02010      -1.1572036     -0.48607939      1.56905334E-02
   136.52103      -1.0651495     -0.50327814      2.56465524E-02
   137.02202     -0.97224998     -0.50957257      2.64306515E-02
   137.52307     -0.88232601     -0.50410759      1.96304452E-02
   138.02422     -0.79156423     -0.49282625      3.82887013E-03
   138.52547     -0.70646298     -0.47858047     -1.72677860E-02
   139.02687     -0.62107193     -0.46367091     -3.95828336E-02
   139.52849     -0.53256035     -0.44822350     -5.74218407E-02
   140.03035     -0.44839063     -0.43316644     -6.71829879E-02
   140.53252     -0.37149805     -0.41912371     -6.81358725E-02
   141.03510     -0.30143011     -0.40412974     -6.32442608E-02
   141.53821     -0.23844144     -0.38495678     -5.66197634E-02
   142.04198     -0.17768717     -0.35748082     -5.14446646E-02
   142.54659     -0.11081776     -0.31942952     -4.78318855E-02
   143.05222     -3.53502259E-02 -0.27238920     -4.50523272E-02
   143.55908      4.67890128E-02 -0.22089428     -4.14649472E-02
   144.06729      0.12816522     -0.17159581     -3.48096117E-02
   144.57579      0.19738573     -0.13151917     -2.38705277E-02
   145.08437      0.23794033     -0.10693920     -1.19271185E-02
   145.59303      0.25732946     -9.44419205E-02 -3.30813043E-03
   146.10185      0.26390383     -8.83830190E-02  5.82379522E-04
   146.61092      0.26711908     -8.09244066E-02  1.48317381E-03
   147.12025      0.27681446     -6.72547370E-02 -2.56385189E-04
   147.50250      0.28766668     -5.04803471E-02 -1.59684662E-03
   148.01257      0.31613788     -2.05199160E-02 -7.81597570E-04
   148.52324      0.34839052      1.60882063E-02  4.69438778E-03
   149.03464      0.38015610      5.39637916E-02  1.49298050E-02
   149.54691      0.40773669      8.94149989E-02  2.79972665E-02
   150.05919      0.42778361      0.11965261      3.93872559E-02
   150.56963      0.43175888      0.14225316      4.51288000E-02
   151.07835      0.42187917      0.15722808      4.47957814E-02
   151.58562      0.40456432      0.16703156      4.00426425E-02
   152.09164      0.38093543      0.17463186      3.43828574E-02
   152.59665      0.35440016      0.18266957      3.05816475E-02
   153.10083      0.33271801      0.19339235      3.04601751E-02
   153.60432      0.31623396      0.20769966      3.41576673E-02
   154.10732      0.30415121      0.22539620      3.93853076E-02
   154.60988      0.29294431      0.24456924      4.41211164E-02
   155.11212      0.27632591      0.26288226      4.64058742E-02
   155.61412      0.25362599      0.27875996      4.60851602E-02
   156.11594      0.22522998      0.29126760      4.30363677E-02
   156.61758      0.19222675      0.30018038      3.77157256E-02
   157.11911      0.15616487      0.30553731      3.18110771E-02
   157.62054      0.12215565      0.30786875      2.75643021E-02
   158.12190      9.20477360E-02  0.30697763      2.61927024E-02
   158.62315      6.63072169E-02  0.30277428      2.68497821E-02
   159.12434      4.41941582E-02  0.29592705      2.95492895E-02
   159.50018      2.98553910E-02  0.28931701      3.20677496E-02
   160.00125      1.16480440E-02  0.27869505      3.49341258E-02
   160.50226     -7.62887066E-03  0.26605272      3.56674567E-02
   161.00322     -2.77768560E-02  0.25181198      3.33690271E-02
   161.50414     -4.86279614E-02  0.23642197      2.77075320E-02
   162.00505     -7.00145811E-02  0.22034067      1.98667664E-02
   162.50597     -9.20592844E-02  0.20393017      1.17271403E-02
   163.00688     -0.11472009      0.18727422      4.97886073E-03
   163.50781     -0.13768195      0.17052555      7.43944198E-04
   164.00880     -0.16057651      0.15398532     -6.00729138E-04
   164.50987     -0.18173277      0.13816899      3.37449834E-04
   165.01100     -0.19952890      0.12338638      2.60043237E-03
   165.51222     -0.21228838      0.10973106      4.54823300E-03
   166.01353     -0.21960023      9.69804376E-02  4.56684548E-03
   166.51494     -0.22175613      8.49133283E-02  2.30064057E-03
   167.01643     -0.21854192      7.34803379E-02 -3.22386017E-03
   167.51804     -0.20906177      6.27772659E-02 -1.18202195E-02
   168.01971     -0.19266158      5.28037883E-02 -2.17796918E-02
   168.52147     -0.17038976      4.34689857E-02 -3.10739148E-02
   169.02332     -0.14465609      3.43657136E-02 -3.79249007E-02
   169.52524     -0.12138795      2.57061943E-02 -4.13092598E-02
   170.02724     -0.10029641      1.81430355E-02 -4.10671756E-02
   170.52933     -8.03065598E-02  1.22052655E-02 -3.75495329E-02
   171.03151     -6.20767400E-02  8.55403114E-03 -3.22078280E-02
   171.53380     -4.30470519E-02  7.96880666E-03 -2.63220854E-02
   172.03621     -2.22261846E-02  1.05719557E-02 -2.11303029E-02
   172.53874     -7.52108172E-04  1.59130413E-02 -1.76932104E-02
   173.04137      2.02723835E-02  2.32675914E-02 -1.62504297E-02
   173.54411      3.93578187E-02  3.13612968E-02 -1.64535940E-02
   174.04697      5.52980341E-02  3.97336036E-02 -1.72050353E-02
   174.54990      6.80784881E-02  4.81523201E-02 -1.77113619E-02
   175.05286      7.79355690E-02  5.68268970E-02 -1.71889160E-02
   175.55582      8.56695920E-02  6.63469583E-02 -1.54014695E-02
   176.05876      9.19747502E-02  7.72957951E-02 -1.22134369E-02
   176.56174      9.73632112E-02  8.99695903E-02 -8.18480086E-03
   177.06473      0.10122691      0.10409688     -4.12618835E-03
   177.56772      0.10356579      0.11908136     -8.21341760E-04
   178.07071      0.10404488      0.13412729      1.08496752E-03
   178.57372      0.10202871      0.14849517      1.43340509E-03
   179.07677      9.76661593E-02  0.16143495      5.33659942E-04
   179.57982      9.03070644E-02  0.17236540     -1.14572421E-03
   180.08287      8.02873075E-02  0.18098769     -2.72774510E-03
   180.58591      6.92255646E-02  0.18729539     -3.37667949E-03
   181.08884      5.90461157E-02  0.19104083     -2.82288529E-03
   181.59164      5.01299277E-02  0.19182307     -9.44005325E-04
   182.09433      4.24250960E-02  0.18928272      1.68636627E-03
   182.59689      3.50242332E-02  0.18315354      4.13406454E-03
   183.09933      2.73386911E-02  0.17345312      5.62090520E-03
   183.60165      2.01415345E-02  0.16066913      5.54096326E-03
   184.10385      1.41096339E-02  0.14545941      3.75578552E-03
   184.60594      9.92052257E-03  0.12834048      4.68226150E-04
   185.10793      8.31175502E-03  0.10970798     -3.81867867E-03
   185.60979      9.91137698E-03  8.98269936E-02 -8.44788551E-03
   186.11154      1.55023886E-02  6.88123628E-02 -1.28445551E-02
   186.61319      2.55317688E-02  4.66979146E-02 -1.66545212E-02
   187.11472      4.01388183E-02  2.36507505E-02 -1.97891425E-02
   187.61613      5.97416982E-02 -3.13561410E-04 -2.22637691E-02
   188.11745      8.41671452E-02 -2.54895426E-02 -2.43252292E-02
   188.61864      0.11383584     -5.17802760E-02 -2.60007307E-02
   189.11975      0.14896475     -7.92528242E-02 -2.75440253E-02
   189.62079      0.19091974     -0.10754114     -2.89487969E-02
   190.12178      0.24014969     -0.13643089     -3.01066972E-02
   190.62273      0.29592720     -0.16610360     -3.11644040E-02
   191.12364      0.35779002     -0.19708630     -3.20122764E-02
   191.62459      0.42488593     -0.23020715     -3.23252678E-02
   192.00032      0.47859013     -0.25700879     -3.21600102E-02
   192.50125      0.55466843     -0.29591861     -3.13042291E-02
   193.00195      0.63673437     -0.33875608     -2.95363441E-02
   193.50240      0.72589302     -0.38579899     -2.68330276E-02
   194.00258      0.82266289     -0.43738887     -2.32906584E-02
   194.50249      0.92730814     -0.49417320     -1.91622265E-02
   195.00221       1.0416114     -0.55641598     -1.43894618E-02
   195.50171       1.1662931     -0.62395829     -9.30245966E-03
   196.00102       1.3015544     -0.69681406     -4.20599617E-03
   196.50015       1.4479020     -0.77489543      6.79429621E-04
   197.12386       1.6476065     -0.87921441      5.92612289E-03
   197.62267       1.8204476     -0.96746135      8.73610098E-03
   198.12132       2.0031967      -1.0591274      9.78007540E-03
   198.61986       2.1942554      -1.1530167      8.85051955E-03
   199.11827       2.3899002      -1.2477376      6.16534892E-03
   199.61659       2.5856874      -1.3413923      2.39355583E-03
   200.11484       2.7764447      -1.4316744     -1.24273077E-03
   200.58238       2.9470840      -1.5107427     -3.16281151E-03
   201.00679       3.0938199      -1.5744944     -2.49463972E-03
   201.50644       3.2557092      -1.6359087      1.79986469E-03
   202.06941       3.4226720      -1.6826527      1.03635751E-02
   202.55412       3.5544116      -1.6997983      1.86694302E-02
   203.03870       3.6688461      -1.6915298      2.61654668E-02
   203.53093       3.7660549      -1.6540943      3.11899241E-02
   204.00098       3.8428409      -1.5893378      3.36756036E-02
   204.54810       3.9180241      -1.4779152      3.48993950E-02
   205.04132       3.9755659      -1.3461387      3.53244655E-02
   205.50838       4.0114946      -1.1988599      3.74805182E-02
   206.06245       4.0143356      -1.0079969      4.42136042E-02
   206.52745       3.9715981     -0.84526181      5.44535145E-02
   207.03033       3.8772833     -0.67427927      7.00010210E-02
   207.57266       3.7278290     -0.49253035      8.75594467E-02
   208.03464       3.5882418     -0.33032462      9.88267660E-02
   208.50595       3.4582028     -0.14517131      0.10023502    
   209.07971       3.3278298      0.13591599      8.58770311E-02
   209.56139       3.3130047      0.45110050      6.21631145E-02
   210.04755       3.4866695      0.84219557      2.32905671E-02
   210.54678       3.6420705       1.2231543      4.44931909E-03
   211.09796       3.4357100       1.4805166      3.94046120E-02
   211.55264       3.0813105       1.5837224      0.10378457    
   212.02397       2.7325242       1.6612518      0.19745106    
   212.50615       2.5334888       1.7691627      0.31442380    
   213.12065       2.4654746       1.9956788      0.48724645    
   213.61757       2.4532509       2.1684654      0.63164520    
   214.11427       2.2467704       2.2585754      0.75623560    
   214.61079       1.8832719       2.2695930      0.84632838    
   215.10715       1.4577942       2.2266519      0.89603060    
   215.60338       1.1319698       2.2041864      0.91866350    
   216.09950      0.95434934       2.2402525      0.92469656    
   216.59558      0.86625111       2.3195591      0.92365921    
   217.09161      0.83538300       2.4257417      0.91887307    
   217.58765      0.81034130       2.5249181      0.91906565    
   218.08374      0.73240137       2.5842979      0.91686994    
   218.57986      0.57228088       2.5704513      0.92372239    
   219.07602      0.35427883       2.4777055      0.92832685    
   219.57225      0.12156874       2.3077013      0.91723049    
   220.06856     -0.13916516       2.0575292      0.88151008    
   220.56499     -0.42569998       1.7420359      0.81087905    
   221.06155     -0.69915175       1.3958776      0.69392645    
   221.55826     -0.91549814       1.0486320      0.52218115    
   222.05516      -1.0432733      0.73246670      0.29293007    
   222.55226      -1.0735340      0.45878157      4.14135531E-02
   223.04961      -1.0755899      0.21605976     -0.18656366    
   223.54720      -1.0396631     -9.17106867E-04 -0.34766030    
   224.04503      -1.0200113     -0.19428806     -0.42900044    
   224.54312      -1.0337009     -0.37225491     -0.44406247    
   225.04147      -1.0574068     -0.53022975     -0.41063827    
   225.54005      -1.0732331     -0.65917325     -0.34794599    
   226.03886      -1.0806708     -0.75560236     -0.27659771    
   226.53792      -1.0919118     -0.82231998     -0.21049891    
   227.03716      -1.1059008     -0.86860162     -0.15375674    
   227.53664      -1.1157410     -0.89719927     -0.10589664    
   228.03636      -1.1259041     -0.91050732     -6.15263581E-02
   228.53633      -1.1404545     -0.91100216     -1.71013027E-02
   229.03659      -1.1589732     -0.89876598      2.78632827E-02
   229.53712      -1.1836020     -0.87550282      7.29692876E-02
   230.03799      -1.2127622     -0.84329051      0.11903660    
   230.53918      -1.2433591     -0.80181336      0.16579065    
   231.04065      -1.2636237     -0.74912059      0.21091416    
   231.54227      -1.2560345     -0.68035734      0.25362593    
   232.04404      -1.2155373     -0.59367895      0.29374734    
   232.54596      -1.1456254     -0.49379009      0.33094984    
   233.04802      -1.0689459     -0.38889551      0.35532814    
   233.55022      -1.0021349     -0.28826779      0.36005250    
   234.05257     -0.95747119     -0.19792235      0.34419060    
   234.55495     -0.93477046     -0.12457702      0.30678457    
   235.05734     -0.92699242     -7.40943030E-02  0.25506887    
   235.55978     -0.92994529     -5.03884852E-02  0.20491117    
   236.06227     -0.93192869     -4.93014492E-02  0.17033476    
   236.56482     -0.93444568     -7.10123181E-02  0.15533355    
   237.06743     -0.94015646     -0.11245422      0.15420550    
   237.57011     -0.94985855     -0.16792309      0.16076715    
   238.07285     -0.94852394     -0.22775371      0.16344230    
   238.57558     -0.93300784     -0.28501529      0.15214935    
   239.07823     -0.90232986     -0.33788890      0.11837737    
   239.58076     -0.84694529     -0.38394168      5.67088649E-02
   240.08319     -0.76952386     -0.42705211     -3.14559713E-02
   240.58554     -0.68311179     -0.47493732     -0.13699192    
   241.08781     -0.60448110     -0.53079844     -0.24274971    
   241.59003     -0.56125748     -0.59334642     -0.32810241    
   242.09218     -0.55889159     -0.66147369     -0.37513965    
   242.59428     -0.58064681     -0.73123944     -0.38149041    
   243.09636     -0.61133546     -0.79008520     -0.35659152    
   243.59837     -0.63813460     -0.82942939     -0.31202567    
   244.10033     -0.65177929     -0.84623265     -0.26162219    
   244.60223     -0.65227515     -0.84196556     -0.21714054    
   245.10413     -0.64931631     -0.82384372     -0.18549150    
   245.60597     -0.64764279     -0.79777658     -0.16956204    
   246.10780     -0.64431328     -0.76714206     -0.17021808    
   246.60963     -0.63999033     -0.73290598     -0.18664515    
   247.11147     -0.62911075     -0.69518781     -0.21634525    
   247.61331     -0.60597467     -0.65304255     -0.25650984    
   248.11520     -0.56902719     -0.60418224     -0.30543220    
   248.61711     -0.52177638     -0.54884338     -0.36170977    
   249.11906     -0.47020227     -0.48947734     -0.42402077    
   249.62108     -0.42009944     -0.42912936     -0.48928595    
   250.12315     -0.38345611     -0.36899912     -0.55092025    
