  0.12474632      1.41213586E-11  8.50625473E-12 -2.15459432E-15
  0.50017345      1.35282150E-11  9.22892145E-12 -3.47922425E-15
   1.0007112      1.26424288E-11  1.00255776E-11 -8.40115314E-15
   1.5011811      1.17212906E-11  1.07174469E-11 -1.62709422E-14
   2.0015700      1.08347246E-11  1.13391978E-11 -2.44854863E-14
   2.5018795      9.98779184E-12  1.18735377E-11 -2.79794972E-14
   3.0021112      9.13005956E-12  1.22706914E-11 -2.21542077E-14
   3.5022826      8.12813532E-12  1.24051455E-11 -9.40351308E-16
   4.0024195      6.96766256E-12  1.22911230E-11  3.34457498E-14
   4.5025353      5.72850187E-12  1.18705115E-11  7.19668804E-14
   5.0026474      4.55248209E-12  1.12639472E-11  9.53193890E-14
   5.5027671      3.38970670E-12  1.04722637E-11  8.45371882E-14
   6.0029030      2.20897042E-12  9.48712983E-12  3.97455133E-14
   6.5030551      1.00559318E-12  8.27009815E-12 -4.19952735E-14
   7.0032248     -1.60745332E-13  6.84840899E-12 -1.76409993E-13
   7.5034132     -1.25839974E-12  5.29777567E-12 -3.66562358E-13
   8.0036135     -2.25512230E-12  3.66851254E-12 -5.84113433E-13
   8.5038261     -3.04386421E-12  2.12185044E-12 -7.90054112E-13
   9.0040474     -3.55282253E-12  7.59022511E-13 -9.54653457E-13
   9.5042772     -3.66484620E-12 -2.72843380E-13 -1.04234655E-12
   10.004511     -3.39509020E-12 -9.60814111E-13 -1.03831928E-12
   10.504748     -2.96138114E-12 -1.40683862E-12 -9.57803064E-13
   11.004990     -2.40181659E-12 -1.72787392E-12 -8.29134287E-13
   11.505231     -1.79201196E-12 -1.95044675E-12 -6.79299173E-13
   12.005473     -1.19177953E-12 -2.16425814E-12 -5.23827618E-13
   12.505716     -6.46714561E-13 -2.44097754E-12 -3.64240322E-13
   13.005962     -1.88215871E-13 -2.83768213E-12 -2.14395626E-13
   13.506206      2.06040724E-13 -3.35836437E-12 -9.94913719E-14
   14.006449      5.90095030E-13 -3.96009397E-12 -5.90498651E-14
   14.506693      1.05732382E-12 -4.57769239E-12 -1.02206472E-13
   15.006934      1.68691124E-12 -5.13943055E-12 -2.37447594E-13
   15.507174      2.51554116E-12 -5.61346716E-12 -4.65291759E-13
   16.007412      3.54538924E-12 -6.00992606E-12 -7.66145177E-13
   16.507652      4.75611174E-12 -6.36317648E-12 -1.09629048E-12
   17.007891      6.11248725E-12 -6.71605610E-12 -1.40918939E-12
   17.508127      7.57393107E-12 -7.09918626E-12 -1.66271033E-12
   18.008364      9.11456154E-12 -7.52118159E-12 -1.83851502E-12
   18.508598      1.07219268E-11 -7.96085246E-12 -1.94403196E-12
   19.008829      1.24025425E-11 -8.39992485E-12 -2.00042673E-12
   19.509062      1.41769322E-11 -8.82675964E-12 -2.03365883E-12
   20.009295      1.60522047E-11 -9.25232287E-12 -2.05476565E-12
   20.509525      1.80377675E-11 -9.73596551E-12 -2.07854805E-12
   21.009754      2.01467228E-11 -1.03173728E-11 -2.13118954E-12
   21.509983      2.24070762E-11 -1.10450512E-11 -2.23455933E-12
   22.010208      2.48659825E-11 -1.19546768E-11 -2.40102859E-12
   22.510429      2.75844278E-11 -1.30644497E-11 -2.64016456E-12
   23.010654      3.06191877E-11 -1.43801551E-11 -2.96215136E-12
   23.510880      3.40093856E-11 -1.59166187E-11 -3.37278816E-12
   24.011103      3.77943926E-11 -1.77042270E-11 -3.87614073E-12
   24.511326      4.20182986E-11 -1.97819885E-11 -4.47832656E-12
   25.011547      4.67535420E-11 -2.21784743E-11 -5.18106348E-12
   25.511765      5.20849197E-11 -2.49240576E-11 -5.97785016E-12
   26.011982      5.81002850E-11 -2.80591037E-11 -6.85649280E-12
   26.512199      6.48918766E-11 -3.16372623E-11 -7.80562767E-12
   27.012419      7.25631569E-11 -3.57230426E-11 -8.82696260E-12
   27.512634      8.12325346E-11 -4.03962419E-11 -9.93794630E-12
   28.012852      9.10383643E-11 -4.57480859E-11 -1.11680283E-11
   28.513069      1.02142364E-10 -5.18816587E-11 -1.25528355E-11
   29.013285      1.14732654E-10 -5.89143040E-11 -1.41294476E-11
   29.513498      1.29027150E-10 -6.69814898E-11 -1.59352288E-11
   30.013714      1.45277318E-10 -7.62427690E-11 -1.80092052E-11
   30.513929      1.63773869E-10 -8.68890862E-11 -2.03961154E-11
   31.014143      1.84857962E-10 -9.91427149E-11 -2.31488630E-11
   31.514359      2.08925682E-10 -1.13256307E-10 -2.63280023E-11
   32.014572      2.36437564E-10 -1.29511388E-10 -2.99998429E-11
   32.514786      2.67927347E-10 -1.48236118E-10 -3.42327243E-11
   33.014999      3.04000602E-10 -1.69810721E-10 -3.91027349E-11
   33.515217      3.45343976E-10 -1.94675831E-10 -4.46990847E-11
   34.015430      3.92740396E-10 -2.23339042E-10 -5.11277548E-11
   34.515644      4.47092419E-10 -2.56383414E-10 -5.85147833E-11
   35.015862      5.09446152E-10 -2.94478775E-10 -6.70084405E-11
   35.516075      5.81015125E-10 -3.38395451E-10 -7.67804292E-11
   36.016289      6.63206989E-10 -3.89022453E-10 -8.80286399E-11
   36.516502      7.57652163E-10 -4.47387294E-10 -1.00981799E-10
   37.016720      8.66236305E-10 -5.14678689E-10 -1.15906583E-10
   37.516933      9.91140281E-10 -5.92274230E-10 -1.33114630E-10
   38.017147      1.13488685E-09 -6.81775081E-10 -1.52967555E-10
   38.517368      1.30038880E-09 -7.85040699E-10 -1.75879755E-10
   39.017582      1.49100676E-09 -9.04225472E-10 -2.02322964E-10
   39.517796      1.71061876E-09 -1.04181974E-09 -2.32835917E-10
   40.018013      1.96369587E-09 -1.20069343E-09 -2.68037509E-10
   40.518234      2.25539276E-09 -1.38415135E-09 -3.08644388E-10
   41.018448      2.59165622E-09 -1.59600000E-09 -3.55489138E-10
   41.518665      2.97935543E-09 -1.84063564E-09 -4.09539402E-10
   42.018887      3.42642181E-09 -2.12313322E-09 -4.71916506E-10
   42.519104      3.94201738E-09 -2.44935250E-09 -5.43916134E-10
   43.019321      4.53673676E-09 -2.82606560E-09 -6.27035701E-10
   43.519543      5.22281773E-09 -3.26108163E-09 -7.23003435E-10
   44.019764      6.01439076E-09 -3.76340559E-09 -8.33810188E-10
   44.519993      6.92777702E-09 -4.34343139E-09 -9.61750679E-10
   45.020214      7.98182320E-09 -5.01316322E-09 -1.10946952E-09
   45.520435      9.19827770E-09 -5.78646597E-09 -1.28001520E-09
   46.020664      1.06022551E-08 -6.67935884E-09 -1.47690760E-09
   46.520893      1.22227597E-08 -7.71035147E-09 -1.70421588E-09
   47.021122      1.40932706E-08 -8.90080454E-09 -1.96663996E-09
   47.521351      1.62524145E-08 -1.02753583E-08 -2.26960428E-09
   48.021580      1.87448030E-08 -1.18624621E-08 -2.61937538E-09
   48.521816      2.16219220E-08 -1.36949243E-08 -3.02318526E-09
   49.022049      2.49431746E-08 -1.58105955E-08 -3.48937013E-09
   49.522278      2.87771442E-08 -1.82531625E-08 -4.02755562E-09
   50.022514      3.32030083E-08 -2.10730562E-08 -4.64885641E-09
   50.522751      3.83121339E-08 -2.43284504E-08 -5.36609868E-09
   51.022991      4.42099335E-08 -2.80864541E-08 -6.19408791E-09
   51.523232      5.10181835E-08 -3.24245519E-08 -7.14991044E-09
   52.023468      5.88773403E-08 -3.74321161E-08 -8.25327184E-09
   52.523712      6.79494505E-08 -4.32122391E-08 -9.52688950E-09
   53.023956      7.84216851E-08 -4.98839654E-08 -1.09969953E-08
   53.524204      9.05099782E-08 -5.75846215E-08 -1.26938549E-08
   54.024452      1.04463439E-07 -6.64726372E-08 -1.46523806E-08
   54.524696      1.20569609E-07 -7.67308848E-08 -1.69128729E-08
   55.024948      1.39160420E-07 -8.85704594E-08 -1.95218757E-08
   55.525200      1.60618697E-07 -1.02234871E-07 -2.25330616E-08
   56.025455      1.85386341E-07 -1.18005104E-07 -2.60083954E-08
   56.525711      2.13973564E-07 -1.36205699E-07 -3.00194110E-08
   57.025970      2.46969080E-07 -1.57210948E-07 -3.46486075E-08
   57.526230      2.85051811E-07 -1.81452734E-07 -3.99911713E-08
   58.026489      3.29005900E-07 -2.09429686E-07 -4.61570053E-08
   58.526756      3.79736122E-07 -2.41717174E-07 -5.32729274E-08
   59.027020      4.38286008E-07 -2.78978803E-07 -6.14852524E-08
   59.527283      5.05860385E-07 -3.21980764E-07 -7.09628125E-08
   60.027550      5.83849669E-07 -3.71607399E-07 -8.19006161E-08
   60.527817      6.73858381E-07 -4.28878849E-07 -9.45235996E-08
   61.028088      7.77737569E-07 -4.94972255E-07 -1.09091204E-07
   61.528358      8.97623636E-07 -5.71246119E-07 -1.25903071E-07
   62.028625      1.03598211E-06 -6.59268153E-07 -1.45304796E-07
   62.528889      1.19565584E-06 -7.60846149E-07 -1.67694935E-07
   63.029144      1.37992697E-06 -8.78066885E-07 -1.93533424E-07
   63.529388      1.59258093E-06 -1.01333751E-06 -2.23350838E-07
   64.029610      1.83798295E-06 -1.16943352E-06 -2.57759211E-07
   64.529793      2.12116220E-06 -1.34955292E-06 -2.97463544E-07
   65.029915      2.44791613E-06 -1.55738235E-06 -3.43276383E-07
   65.529961      2.82491828E-06 -1.79716471E-06 -3.96133260E-07
   66.029884      3.25984774E-06 -2.07378343E-06 -4.57110389E-07
   66.529579      3.76147500E-06 -2.39281462E-06 -5.27437123E-07
   67.028946      4.33987225E-06 -2.76066339E-06 -6.08525625E-07
   67.527985      5.00671013E-06 -3.18474940E-06 -7.02011675E-07
   68.026711      5.77546598E-06 -3.67364260E-06 -8.09784297E-07
   68.525154      6.66169944E-06 -4.23723486E-06 -9.34024797E-07
   69.023308      7.68324298E-06 -4.88686692E-06 -1.07723247E-06
   69.521164      8.86066573E-06 -5.63561434E-06 -1.24229064E-06
   70.018753      1.02176746E-05 -6.49854928E-06 -1.43252214E-06
   70.516083      1.17815835E-05 -7.49303399E-06 -1.65175425E-06
   71.013168      1.35838873E-05 -8.63909372E-06 -1.90440369E-06
   71.510017      1.56607566E-05 -9.95971823E-06 -2.19553635E-06
   72.006645      1.80539682E-05 -1.14814629E-05 -2.53100643E-06
   72.503052      2.08114998E-05 -1.32348259E-05 -2.91753827E-06
   73.123268      2.48558317E-05 -1.58063212E-05 -3.48443518E-06
   73.619247      2.86484737E-05 -1.82177100E-05 -4.01603756E-06
   74.115067      3.30181138E-05 -2.09958725E-05 -4.62850403E-06
   74.610741      3.80525235E-05 -2.41965754E-05 -5.33412731E-06
   75.106293      4.38527713E-05 -2.78840380E-05 -6.14706460E-06
   75.601738      5.05353310E-05 -3.21322514E-05 -7.08363132E-06
   76.097084      5.82341308E-05 -3.70262751E-05 -8.16258944E-06
   76.592346      6.71036760E-05 -4.26642437E-05 -9.40557675E-06
   77.087570      7.73228167E-05 -4.91597239E-05 -1.08376335E-05
   77.582710      8.90954107E-05 -5.66421768E-05 -1.24873022E-05
   78.077805      1.02658130E-04 -6.52618037E-05 -1.43877223E-05
   78.572929      1.18285665E-04 -7.51929983E-05 -1.65773399E-05
   79.068001      1.36288756E-04 -8.66329210E-05 -1.90996652E-05
   79.563103      1.57030910E-04 -9.98122341E-05 -2.20055699E-05
   80.058319      1.80934236E-04 -1.14998686E-04 -2.53541057E-05
   80.553558      2.08474681E-04 -1.32494111E-04 -2.92118530E-05
   81.048828      2.40206573E-04 -1.52649998E-04 -3.36563462E-05
   81.544167      2.76769511E-04 -1.75871784E-04 -3.87770524E-05
   82.039604      3.18901439E-04 -2.02626979E-04 -4.46771446E-05
   82.535164      3.67452652E-04 -2.33454368E-04 -5.14755448E-05
   83.030861      4.23405145E-04 -2.68975768E-04 -5.93094883E-05
   83.526726      4.87891666E-04 -3.09908413E-04 -6.83373219E-05
   84.022781      5.62219298E-04 -3.57079552E-04 -7.87416939E-05
   84.519058      6.47897657E-04 -4.11444169E-04 -9.07334761E-05
   85.015579      7.46667676E-04 -4.74103203E-04 -1.04555897E-04
   85.512390      8.60542408E-04 -5.46328956E-04 -1.20489975E-04
   86.009499      9.91845503E-04 -6.29589777E-04 -1.38860181E-04
   86.506836      1.14322128E-03 -7.25555408E-04 -1.60035692E-04
   87.004471      1.31777837E-03 -8.36188090E-04 -1.84450444E-04
   87.502487      1.51910947E-03 -9.63754370E-04 -2.12605781E-04
   88.000862      1.75132114E-03 -1.11084408E-03 -2.45074712E-04
   88.624283      2.09229905E-03 -1.32675224E-03 -2.92743614E-04
   89.045319      2.35932646E-03 -1.49584364E-03 -3.30070587E-04
   89.540131      2.71692872E-03 -1.72205770E-03 -3.80047306E-04
   90.040138      3.13326949E-03 -1.98540278E-03 -4.38226562E-04
   90.540535      3.61367362E-03 -2.28914642E-03 -5.05349715E-04
   91.040962      4.16762242E-03 -2.63923779E-03 -5.82739362E-04
   91.541405      4.80631180E-03 -3.04269744E-03 -6.71957736E-04
   92.041847      5.54267224E-03 -3.50762485E-03 -7.74809567E-04
   92.542297      6.39160909E-03 -4.04334534E-03 -8.93375836E-04
   93.042755      7.37030338E-03 -4.66059428E-03 -1.03005674E-03
   93.543213      8.49855412E-03 -5.37172519E-03 -1.18761952E-03
   94.043671      9.79916751E-03 -6.19094726E-03 -1.36925245E-03
   94.544128      1.12984423E-02 -7.13461637E-03 -1.57863623E-03
   95.039368      1.30073205E-02 -8.20937194E-03 -1.81731209E-03
   95.539825      1.49964988E-02 -9.45934001E-03 -2.09517404E-03
   96.040291      1.72894001E-02 -1.08988024E-02 -2.41552503E-03
   96.540764      1.99323855E-02 -1.25563182E-02 -2.78488453E-03
   97.041245      2.29789075E-02 -1.44647025E-02 -3.21078417E-03
   97.541733      2.64906026E-02 -1.66616663E-02 -3.70192900E-03
   98.042221      3.05386093E-02 -1.91905424E-02 -4.26838547E-03
   98.542709      3.52049954E-02 -2.21010335E-02 -4.92181256E-03
   99.043198      4.05842885E-02 -2.54503004E-02 -5.67553099E-03
   99.543686      4.67856377E-02 -2.93038506E-02 -6.54513109E-03
   100.04419      5.39359525E-02 -3.37359831E-02 -7.54951872E-03
   100.54469      6.21823892E-02 -3.88309844E-02 -8.71039275E-03
   101.04521      7.16934949E-02 -4.46858667E-02 -1.00495517E-02
   101.54573      8.26593414E-02 -5.14139198E-02 -1.15857525E-02
   102.04625      9.52935293E-02 -5.91474324E-02 -1.33353360E-02
   102.54677      0.10984018     -6.80386499E-02 -1.53187960E-02
   103.04729      0.12658311     -7.82602727E-02 -1.75693557E-02
   103.54781      0.14585578     -9.00076181E-02 -2.01382115E-02
   104.04832      0.16805066     -0.10350335     -2.30955258E-02
   104.54886      0.19363028     -0.11900143     -2.65312735E-02
   105.04939      0.22314218     -0.13678595     -3.05586718E-02
   105.54993      0.25723699     -0.15716645     -3.53174843E-02
   106.05048      0.29668447     -0.18047374     -4.09706831E-02
   106.55103      0.34238333     -0.20705478     -4.76939194E-02
   107.05158      0.39537042     -0.23726712     -5.56646138E-02
   107.55213      0.45683628     -0.27146527     -6.50565177E-02
   108.05269      0.52813971     -0.30999291     -7.60339499E-02
   108.55325      0.61078960     -0.35319045     -8.87234285E-02
   109.05383      0.70644403     -0.40135726     -0.10321927    
   109.55441      0.81689882     -0.45470089     -0.11960162    
   110.05499      0.94414771     -0.51326203     -0.13792741    
   110.55556       1.0909581     -0.57658672     -0.15832560    
   111.05614       1.2590379     -0.64527506     -0.18032949    
   111.55673       1.4481517     -0.72209316     -0.20381978    
   112.05731       1.6578115     -0.80989170     -0.23139282    
   112.55789       1.8893322     -0.90721530     -0.26754725    
   113.05849       2.1452832      -1.0071230     -0.31380433    
   113.55910       2.4266350      -1.1008332     -0.36670738    
   114.05971       2.7249742      -1.1741304     -0.42156741    
   114.56032       3.0598028      -1.2199776     -0.47170374    
   115.06093       3.4496138      -1.2259607     -0.52341837    
   115.56154       3.9133160      -1.1771033     -0.61411637    
   116.06215       4.4087181      -1.0053102     -0.69513232    
   116.56277       4.8626575     -0.77547455     -0.64318335    
   117.06341       5.1729479     -0.54295832     -0.41055527    
   117.56405       5.2785306     -0.32346529     -0.12205333    
   118.06469       5.1761618     -0.11446818      8.02815184E-02
   118.56533       4.9150953      7.75009319E-02  0.17845041    
   119.06597       4.5983734      0.26649722      0.20910415    
   119.56661       4.2677827      0.46412998      0.22994211    
   120.06727       3.9425447      0.65559286      0.24946013    
   120.56793       3.6202121      0.82722878      0.26106599    
   121.06860       3.2974420      0.99698853      0.26515383    
   121.56927       2.9808116       1.1317575      0.26924929    
   122.06933       2.6808434       1.2716222      0.27338710    
   122.53907       2.4191403       1.4185040      0.27912953    
   123.00376       2.1792097       1.5750328      0.28371054    
   123.50124       1.9526629       1.7690003      0.29083911    
   124.00192       1.7545781       1.9924963      0.29559243    
   124.50262       1.5884026       2.2474799      0.29195043    
   125.00332       1.4618770       2.5399384      0.28062397    
   125.50402       1.3645926       2.8721373      0.27224877    
   126.00472       1.2716842       3.2245212      0.27561611    
   126.50542       1.0884485       3.4923127      0.30740011    
   127.00613      0.77134663       3.5240338      0.39001465    
   127.50685      9.19537097E-02   3.1306312      0.49390134    
   128.00757     -0.64374948       2.5409081      0.58597165    
   128.50830      -1.1350067       2.1458941      0.58979505    
   129.00903      -1.3793538       1.9005408      0.47996014    
   129.50977      -1.5890584       1.6984661      0.29389894    
   130.01050      -1.8095080       1.4802535      7.23008141E-02
   130.51123      -2.0006175       1.2758793     -0.17673072    
   131.01196      -2.1613684      0.81590319     -0.42869043    
   131.51270      -2.2379127      0.31794304     -0.65818506    
   132.01347      -2.2591069     -0.10902920     -0.85377455    
   132.51427      -2.2212603     -0.40838090     -0.97238040    
   133.01506      -2.1316452     -0.59217113      -1.0147151    
   133.51585      -2.0168724     -0.73674953      -1.0020907    
   134.01665      -1.8642330     -0.87053704     -0.96585691    
   134.51747      -1.6710999     -0.87674773     -0.84644783    
   135.01833      -1.4638059     -0.85452026     -0.68282872    
   135.51918      -1.2777658     -0.83433872     -0.52351481    
   136.02010      -1.1096984     -0.80774218     -0.40470105    
   136.52103     -0.97027302     -0.77365851     -0.34244421    
   137.02202     -0.87041998     -0.74562895     -0.31359410    
   137.52307     -0.79890227     -0.72847539     -0.32831323    
   138.02422     -0.74295121     -0.71543223     -0.36246505    
   138.52547     -0.68910199     -0.70407534     -0.39733580    
   139.02687     -0.60676920     -0.68263876     -0.43082720    
   139.52849     -0.49727756     -0.63564903     -0.45355427    
   140.03035     -0.35817048     -0.55687088     -0.45747617    
   140.53252     -0.20428368     -0.45328081     -0.44078392    
   141.03510     -6.09517246E-02 -0.34314469     -0.40024689    
   141.53821      5.36253750E-02 -0.24291036     -0.34338436    
   142.04198      0.12501124     -0.16965701     -0.27721170    
   142.54659      0.15992972     -0.12264548     -0.22006448    
   143.05222      0.17157872     -9.19692963E-02 -0.17772910    
   143.55908      0.18001744     -6.90934211E-02 -0.15235338    
   144.06729      0.19497913     -4.00180966E-02 -0.14217563    
   144.57579      0.22182585     -3.93073820E-03 -0.14710213    
   145.08437      0.26218462      3.57702747E-02 -0.16236821    
   145.59303      0.31001350      7.45905042E-02 -0.18190014    
   146.10185      0.34794119      0.10726605     -0.20062013    
   146.61092      0.37868187      0.13262035     -0.20862088    
   147.12025      0.40470639      0.15348369     -0.19781545    
   147.50250      0.42116231      0.16821779     -0.17826451    
   148.01257      0.44677269      0.19177672     -0.13998610    
   148.52324      0.47762200      0.21751067     -0.10022891    
   149.03464      0.50391424      0.24589382     -6.48708493E-02
   149.54691      0.51278687      0.26970059     -4.86585312E-02
   150.05919      0.50381482      0.28894296     -4.85700779E-02
   150.56963      0.48265755      0.30524042     -5.99211976E-02
   151.07835      0.45952928      0.32093063     -7.79321790E-02
   151.58562      0.43801326      0.33762857     -9.47646052E-02
   152.09164      0.42333812      0.35794494     -0.10450809    
   152.59665      0.41742712      0.38250181     -0.10554549    
   153.10083      0.41740197      0.40981451     -0.10331146    
   153.60432      0.41325000      0.43764180     -9.69053507E-02
   154.10732      0.39947695      0.46320844     -9.01257917E-02
   154.60988      0.37687641      0.48592180     -8.38395581E-02
   155.11212      0.34422421      0.50598586     -7.87106603E-02
   155.61412      0.30560234      0.52368879     -7.57422224E-02
   156.11594      0.26041621      0.53951561     -7.47416615E-02
   156.61758      0.21080174      0.55157340     -7.44065270E-02
   157.11911      0.16059980      0.55841345     -7.29440376E-02
   157.62054      0.11219130      0.56012088     -6.82709217E-02
   158.12190      6.55633062E-02  0.55698615     -6.27204403E-02
   158.62315      2.36260854E-02  0.54889804     -5.60554489E-02
   159.12434     -1.33645395E-02  0.53522235     -4.83744517E-02
   159.50018     -3.78384888E-02  0.52176017     -4.31411266E-02
   160.00125     -6.50528446E-02  0.50147045     -3.88090461E-02
   160.50226     -8.92566144E-02  0.47989655     -4.00334448E-02
   161.00322     -0.11122705      0.45801765     -4.75887433E-02
   161.50414     -0.13148013      0.43618661     -5.91473728E-02
   162.00505     -0.15143022      0.41411749     -7.20768049E-02
   162.50597     -0.17170824      0.39113101     -8.35177451E-02
   163.00688     -0.19290607      0.36725324     -9.01352316E-02
   163.50781     -0.21374699      0.34358951     -9.05761719E-02
   164.00880     -0.23291069      0.32061332     -8.53858888E-02
   164.50987     -0.24908417      0.29904178     -7.61239454E-02
   165.01100     -0.26022458      0.28088641     -6.58048317E-02
   165.51222     -0.26663420      0.26634562     -5.70497327E-02
   166.01353     -0.26909679      0.25345239     -5.21009825E-02
   166.51494     -0.26780480      0.24005485     -5.23334220E-02
   167.01643     -0.26365572      0.22554189     -5.68820983E-02
   167.51804     -0.25557226      0.20960444     -6.81047142E-02
   168.01971     -0.24233532      0.19235241     -8.46385434E-02
   168.52147     -0.22375996      0.17425245     -0.10508394    
   169.02332     -0.20022535      0.15618899     -0.12632991    
   169.52524     -0.17253384      0.13913573     -0.14349127    
   170.02724     -0.14193562      0.12402648     -0.15312022    
   170.52933     -0.10894944      0.11225331     -0.15367258    
   171.03151     -7.50441700E-02  0.10434800     -0.14625823    
   171.53380     -4.04766984E-02  9.89297628E-02 -0.13372707    
   172.03621     -7.47298403E-03  9.47872847E-02 -0.11971427    
   172.53874      2.29608566E-02  9.18334797E-02 -0.10685393    
   173.04137      5.08757643E-02  9.11378637E-02 -9.64749083E-02
   173.54411      7.61462003E-02  9.48689207E-02 -8.85457322E-02
   174.04697      9.73638445E-02  0.10445048     -8.27608854E-02
   174.54990      0.11610904      0.11933197     -7.69938231E-02
   175.05286      0.13386884      0.13911831     -7.04136044E-02
   175.55582      0.15178987      0.16343707     -6.31873980E-02
   176.05876      0.16961341      0.19190119     -5.66723049E-02
   176.56174      0.18553635      0.22369181     -5.27026244E-02
   177.06473      0.19488180      0.25550118     -5.07390201E-02
   177.56772      0.19415939      0.28446123     -5.10536805E-02
   178.07071      0.18608570      0.31040949     -5.50986081E-02
   178.57372      0.17375498      0.33274516     -6.42257109E-02
   179.07677      0.15718779      0.35370445     -7.48827606E-02
   179.57982      0.13667104      0.37251914     -8.40514153E-02
   180.08287      0.11150754      0.38634616     -8.76994357E-02
   180.58591      8.55513364E-02  0.39391288     -8.48786235E-02
   181.08884      6.08603023E-02  0.39678615     -7.71995857E-02
   181.59164      3.61627564E-02  0.39591852     -6.55173212E-02
   182.09433      1.14688985E-02  0.39106199     -5.19126654E-02
   182.59689     -1.28634162E-02  0.38268787     -3.86110060E-02
   183.09933     -3.56903896E-02  0.36951607     -2.83726715E-02
   183.60165     -5.61158657E-02  0.35100004     -2.27991007E-02
   184.10385     -7.27982670E-02  0.32799163     -2.18842272E-02
   184.60594     -8.50648433E-02  0.30129766     -2.47023068E-02
   185.10793     -9.17008519E-02  0.27170354     -3.03952508E-02
   185.60979     -9.28722471E-02  0.23922355     -3.83123234E-02
   186.11154     -8.97652656E-02  0.20377922     -4.78749536E-02
   186.61319     -8.39258283E-02  0.16540672     -5.84584177E-02
   187.11472     -7.40820393E-02  0.12633748     -6.77644685E-02
   187.61613     -5.58132678E-02  9.05580670E-02 -7.34836012E-02
   188.11745     -2.78938394E-02  6.01639301E-02 -7.63272867E-02
   188.61864      7.20756361E-03  3.34336981E-02 -7.94125199E-02
   189.11975      4.72564325E-02  8.18541925E-03 -8.49334076E-02
   189.62079      9.25912783E-02 -1.74193420E-02 -9.15784538E-02
   190.12178      0.14068463     -4.35793959E-02 -9.79182720E-02
   190.62273      0.19077760     -7.06426725E-02 -0.10313398    
   191.12364      0.24431682     -9.72777084E-02 -0.10628942    
   191.62459      0.30360079     -0.12166864     -0.10640118    
   192.00032      0.35275865     -0.13804184     -0.10509036    
   192.50125      0.42307079     -0.15861158     -0.10215903    
   193.00195      0.49799550     -0.17842998     -9.89965126E-02
   193.50240      0.57716656     -0.19897246     -9.69136208E-02
   194.00258      0.66052985     -0.22284758     -9.47976708E-02
   194.50249      0.74736100     -0.25226581     -9.22983736E-02
   195.00221      0.83910739     -0.28813976     -8.88202712E-02
   195.50171      0.93829131     -0.33094788     -8.31082314E-02
   196.00102       1.0472491     -0.38020635     -7.64313862E-02
   196.50015       1.1672711     -0.43726259     -7.08139390E-02
   197.12386       1.3314364     -0.52479941     -6.65304810E-02
   197.62267       1.4676082     -0.61196405     -6.47941679E-02
   198.12132       1.6062828     -0.71579677     -6.46827370E-02
   198.61986       1.7504194     -0.83668399     -6.62901551E-02
   199.11827       1.9050244     -0.97226250     -6.80700168E-02
   199.61659       2.0741999      -1.1158278     -6.72439933E-02
   200.11484       2.2608094      -1.2608781     -6.23050258E-02
   200.58238       2.4538736      -1.3924646     -5.48424572E-02
   201.00679       2.6431148      -1.5034875     -4.73103151E-02
   201.50644       2.8755469      -1.6202009     -4.20158580E-02
   202.06941       3.1640491      -1.7071476     -4.00270298E-02
   202.55412       3.4386625      -1.7376715     -4.25304845E-02
   203.03870       3.7176709      -1.7325402     -4.81693484E-02
   203.53093       3.9730203      -1.7184240     -5.26932664E-02
   204.00098       4.1623230      -1.7065415     -4.95838262E-02
   204.54810       4.3213964      -1.6644698     -3.19436602E-02
   205.04132       4.4095325      -1.5999042      1.28323799E-02
   205.50838       4.4668336      -1.5142264      6.90549389E-02
   206.06245       4.5227079      -1.3614904      0.13268933    
   206.52745       4.5499926      -1.2021722      0.17009857    
   207.03033       4.5768747     -0.97767305      0.17888179    
   207.57266       4.6492934     -0.62753314      0.14041798    
   208.03464       4.9220114     -4.30115201E-02 -6.71282702E-04
   208.50595       5.4608126      0.89602000     -0.20869923    
   209.07971       5.2809563       1.3481923     -0.11139133    
   209.56139       4.7499204       1.3385857      8.79301503E-02
   210.04755       4.3142929       1.3083116      0.23913935    
   210.54678       3.9862676       1.4875493      0.32434419    
   211.09796       3.8920312       1.9679948      0.46537462    
   211.55264       3.7945898       2.3338897      0.66619313    
   212.02397       3.5451422       2.4973955      0.91522402    
   212.50615       3.1954658       2.6041534       1.1792417    
   213.12065       2.7225249       2.7188520       1.5202001    
   213.61757       2.3274236       2.8522666       1.7222599    
   214.11427       1.9827878       3.1087239       1.7644790    
   214.61079       1.7134200       3.5422761       1.6048625    
   215.10715       1.3971615       4.0402751       1.2503337    
   215.60338       1.0186749       4.4885845      0.70201707    
   216.09950      0.61370647       4.8246555      8.07026178E-02
   216.59558      0.28420871       4.9916773     -0.51363057    
   217.09161      1.09005459E-02   5.0072670     -0.99802524    
   217.58765     -0.25600165       4.8436990      -1.4027891    
   218.08374     -0.56631362       4.4641294      -1.8131145    
   218.57986     -0.91347176       3.8949983      -2.3040009    
   219.07602      -1.2311287       3.3262331      -2.8650794    
   219.57225      -1.4797459       2.8934312      -3.3817263    
   220.06856      -1.6280329       2.5560257      -3.7467594    
   220.56499      -1.7056692       2.2459526      -4.0609007    
   221.06155      -1.7483823       1.9699230      -4.3438945    
   221.55826      -1.7819992       1.7412038      -4.5925212    
   222.05516      -1.8121210       1.5175383      -4.7441535    
   222.55226      -1.8779562       1.2626905      -4.7609448    
   223.04961      -1.9748352      0.97083676      -4.6779447    
   223.54720      -2.1131279      0.64270729      -4.4694233    
   224.04503      -2.2254248      0.28264546      -4.2473931    
   224.54312      -2.2279849     -4.61790636E-02  -3.9706924    
   225.04147      -2.1594777     -0.38027847      -3.7281923    
   225.54005      -2.0365844     -0.70004082      -3.4969563    
   226.03886      -1.8921230      -1.0211041      -3.2423584    
   226.53792      -1.7376797      -1.3473305      -3.0124021    
   227.03716      -1.5795982      -1.6282513      -2.7705970    
   227.53664      -1.4204476      -1.8522679      -2.5067177    
   228.03636      -1.2700624      -1.9774173      -2.2290070    
   228.53633      -1.1330843      -1.9661827      -1.9335201    
   229.03659      -1.0043541      -1.8365684      -1.6199874    
   229.53712     -0.85623449      -1.5886064      -1.3341511    
   230.03799     -0.66454226      -1.2752678      -1.0716201    
   230.53918     -0.49971926     -0.93855840     -0.89373881    
   231.04065     -0.38921767     -0.60016692     -0.79391015    
   231.54227     -0.33536953     -0.30916089     -0.72918022    
   232.04404     -0.35872173     -0.11067329     -0.72098136    
   232.54596     -0.41306704      1.45359933E-02 -0.79104441    
   233.04802     -0.50018942      0.11832697     -0.87368512    
   233.55022     -0.57003504      0.22862020     -0.95517123    
   234.05257     -0.60973155      0.36003828      -1.0205870    
   234.55495     -0.64745784      0.49193531      -1.0523106    
   235.05734     -0.71009362      0.60091501      -1.0389817    
   235.55978     -0.80967009      0.67357838      -1.0024590    
   236.06227     -0.93435609      0.70481318     -0.96140164    
   236.56482      -1.0463251      0.69632804     -0.91777086    
   237.06743      -1.1480908      0.65501767     -0.88789344    
   237.57011      -1.2296288      0.58052671     -0.88295943    
   238.07285      -1.2862527      0.46780622     -0.91423416    
   238.57558      -1.3136361      0.32018051     -0.98355991    
   239.07823      -1.2966056      0.14278471      -1.0559204    
   239.58076      -1.2469218     -3.48012447E-02  -1.1170247    
   240.08319      -1.1616992     -0.21665916      -1.1711073    
   240.58554      -1.0774543     -0.39341772      -1.2176683    
   241.08781      -1.0124218     -0.56344181      -1.2395771    
   241.59003     -0.96389490     -0.71304482      -1.2467771    
   242.09218     -0.91969019     -0.83561528      -1.2411468    
   242.59428     -0.86871588     -0.92550462      -1.2171539    
   243.09636     -0.79805553     -0.97868830      -1.1811812    
   243.59837     -0.71453720     -0.99308127      -1.1319654    
   244.10033     -0.62517399     -0.97541726      -1.0734037    
   244.60223     -0.53890955     -0.93179512      -1.0079168    
   245.10413     -0.46181762     -0.87454206     -0.95014703    
   245.60597     -0.40593627     -0.80443180     -0.91131699    
   246.10780     -0.36778277     -0.72703850     -0.89432061    
   246.60963     -0.33464760     -0.64624321     -0.90661514    
   247.11147     -0.30941489     -0.57219249     -0.96267027    
   247.61331     -0.28312689     -0.50191063      -1.0577146    
   248.11520     -0.24426726     -0.42458785      -1.1801757    
   248.61711     -0.20038512     -0.34022522      -1.3086882    
   249.11906     -0.15550068     -0.24999142      -1.4262450    
   249.62108     -0.11913164     -0.15496701      -1.5121732    
   250.12315     -0.10181864     -6.13015294E-02  -1.5563747    
