  0.12474632      1.88583641E-07  1.13315124E-07  1.74463305E-10
  0.50017345      2.13614257E-07  1.25218804E-07  1.07778876E-10
   1.0007112      2.51827316E-07  1.43524261E-07  1.04487190E-10
   1.5011811      2.97229292E-07  1.64673082E-07  1.38152975E-10
   2.0015700      3.48921191E-07  1.88887029E-07  2.01897873E-10
   2.5018795      4.07508907E-07  2.16540002E-07  2.75638290E-10
   3.0021112      4.73873911E-07  2.48249023E-07  3.53435947E-10
   3.5022826      5.49206788E-07  2.84824438E-07  4.29483310E-10
   4.0024195      6.35187348E-07  3.27208113E-07  5.06533260E-10
   4.5025353      7.33824038E-07  3.76414846E-07  6.00137384E-10
   5.0026474      8.47286003E-07  4.33520938E-07  7.19476090E-10
   5.5027671      9.77832542E-07  4.99699865E-07  8.61276273E-10
   6.0029030      1.12798887E-06  5.76285686E-07  1.01918918E-09
   6.5030551      1.30084106E-06  6.64825734E-07  1.19000787E-09
   7.0032248      1.50012056E-06  7.67128995E-07  1.38024481E-09
   7.5034132      1.73013450E-06  8.85299642E-07  1.60065561E-09
   8.0036135      1.99574060E-06  1.02176068E-06  1.85799520E-09
   8.5038261      2.30246997E-06  1.17929233E-06  2.15386287E-09
   9.0040474      2.65660628E-06  1.36109554E-06  2.48986209E-09
   9.5042772      3.06533411E-06  1.57087220E-06  2.87353297E-09
   10.004511      3.53687369E-06  1.81291318E-06  3.31816286E-09
   10.504748      4.08084907E-06  2.09219547E-06  3.83443677E-09
   11.004990      4.70858777E-06  2.41447287E-06  4.42909887E-09
   11.505231      5.43323495E-06  2.78637799E-06  5.11089571E-09
   12.005473      6.26981182E-06  3.21556149E-06  5.89518834E-09
   12.505716      7.23540234E-06  3.71084752E-06  6.80211310E-09
   13.005962      8.34960429E-06  4.28241628E-06  7.85287835E-09
   13.506206      9.63516686E-06  4.94201595E-06  9.06646491E-09
   14.006449      1.11185727E-05  5.70320981E-06  1.04641211E-08
   14.506693      1.28305128E-05  6.58164799E-06  1.20724089E-08
   15.006934      1.48063355E-05  7.59538580E-06  1.39254430E-08
   15.507174      1.70866406E-05  8.76526428E-06  1.60652505E-08
   16.007412      1.97181798E-05  1.01153437E-05  1.85379392E-08
   16.507652      2.27549062E-05  1.16733781E-05  2.13917399E-08
   17.007891      2.62591566E-05  1.34713819E-05  2.46843612E-08
   17.508127      3.03030356E-05  1.55462967E-05  2.84815371E-08
   18.008364      3.49698093E-05  1.79407562E-05  3.28604557E-08
   18.508598      4.03554768E-05  2.07039411E-05  3.79158678E-08
   19.008829      4.65707744E-05  2.38926223E-05  4.37543513E-08
   19.509062      5.37434535E-05  2.75723178E-05  5.04945810E-08
   20.009295      6.20209394E-05  3.18186430E-05  5.82774113E-08
   20.509525      7.15732822E-05  3.67187968E-05  6.72578935E-08
   21.009754      8.25969910E-05  4.23734891E-05  7.76147715E-08
   21.509983      9.53187555E-05  4.88989099E-05  8.95689709E-08
   22.010208      1.09999935E-04  5.64290749E-05  1.03368691E-07
   22.510429      1.26942105E-04  6.51187220E-05  1.19296715E-07
   23.010654      1.46493287E-04  7.51464468E-05  1.37674874E-07
   23.510880      1.69054983E-04  8.67182534E-05  1.58892334E-07
   24.011103      1.95090455E-04  1.00071753E-04  1.83363170E-07
   24.511326      2.25134499E-04  1.15481307E-04  2.11611621E-07
   25.011547      2.59804307E-04  1.33263340E-04  2.44200692E-07
   25.511765      2.99811712E-04  1.53782763E-04  2.81814067E-07
   26.011982      3.45978100E-04  1.77460883E-04  3.25206429E-07
   26.512199      3.99251585E-04  2.04783675E-04  3.75285254E-07
   27.012419      4.60725452E-04  2.36311811E-04  4.33101405E-07
   27.512634      5.31660568E-04  2.72691716E-04  4.99775638E-07
   28.012852      6.13512471E-04  3.14669654E-04  5.76728894E-07
   28.513069      7.07959523E-04  3.63105966E-04  6.65486766E-07
   29.013285      8.16937652E-04  4.18992742E-04  7.67932875E-07
   29.513498      9.42680635E-04  4.83474840E-04  8.86138366E-07
   30.013714      1.08776451E-03  5.57872350E-04  1.02252773E-06
   30.513929      1.25516020E-03  6.43706997E-04  1.17993602E-06
   31.014143      1.44829322E-03  7.42733537E-04  1.36146616E-06
   31.514359      1.67111494E-03  8.56975617E-04  1.57095826E-06
   32.014572      1.92817941E-03  9.88765154E-04  1.81275425E-06
   32.514786      2.22473615E-03  1.14078913E-03  2.09158861E-06
   33.014999      2.56684050E-03  1.31614716E-03  2.41337648E-06
   33.515217      2.96146842E-03  1.51840888E-03  2.78458742E-06
   34.015430      3.41665884E-03  1.75168598E-03  3.21282414E-06
   34.515644      3.94167565E-03  2.02071597E-03  3.70694397E-06
   35.015862      4.54719272E-03  2.33095605E-03  4.27681425E-06
   35.516075      5.24550118E-03  2.68868590E-03  4.93415882E-06
   36.016289      6.05075527E-03  3.10113607E-03  5.69261829E-06
   36.516502      6.97926339E-03  3.57663212E-03  6.56709835E-06
   37.016720      8.04978982E-03  4.12474852E-03  7.57574026E-06
   37.516933      9.28391796E-03  4.75649536E-03  8.73879435E-06
   38.017147      1.07064992E-02  5.48453629E-03  1.00797261E-05
   38.517368      1.23461168E-02  6.32342696E-03  1.16267147E-05
   39.017582      1.42356101E-02  7.28987996E-03  1.34101974E-05
   39.517796      1.64127499E-02  8.40310007E-03  1.54658592E-05
   40.018013      1.89209357E-02  9.68512893E-03  1.78354458E-05
   40.518234      2.18099914E-02  1.11612473E-02  2.05659380E-05
   41.018448      2.51370929E-02  1.28604267E-02  2.37131771E-05
   41.518665      2.89678816E-02  1.48158744E-02  2.73398982E-05
   42.018887      3.33775729E-02  1.70655921E-02  3.15168327E-05
   42.519104      3.84523049E-02  1.96530186E-02  3.63294603E-05
   43.019321      4.42907922E-02  2.26278305E-02  4.18694035E-05
   43.519543      5.10059297E-02  2.60466747E-02  4.82484102E-05
   44.019764      5.87266237E-02  2.99741123E-02  5.55920997E-05
   44.519993      6.76000863E-02  3.44835967E-02  6.40419166E-05
   45.020214      7.77941495E-02  3.96585837E-02  7.37660157E-05
   45.520435      8.94997418E-02  4.55936007E-02  8.49465578E-05
   46.020664      0.10293379      5.23955971E-02  9.77999734E-05
   46.520893      0.11834235      6.01851717E-02  1.12568792E-04
   47.021122      0.13600369      6.90978765E-02  1.29528868E-04
   47.521351      0.15623161      7.92853981E-02  1.48994848E-04
   48.021580      0.17937940      9.09169987E-02  1.71335560E-04
   48.521816      0.20584254      0.10418028      1.96929832E-04
   49.022049      0.23606180      0.11928183      2.26266246E-04
   49.522278      0.27052671      0.13644774      2.59830995E-04
   50.022514      0.30977663      0.15592295      2.98232306E-04
   50.522751      0.35440111      0.17796974      3.42097366E-04
   51.022991      0.40503857      0.20286496      3.92141781E-04
   51.523232      0.46237302      0.23089603      4.49159183E-04
   52.023468      0.52712488      0.26235381      5.13991225E-04
   52.523712      0.60003871      0.29752338      5.87700459E-04
   53.023956      0.68186545      0.33667195      6.71234389E-04
   53.524204      0.77333522      0.38003153      7.65773002E-04
   54.024452      0.87511933      0.42777795      8.72547098E-04
   54.524696      0.98778224      0.48000538      9.92787187E-04
   55.024948       1.1117189      0.53669626      1.12756365E-03
   55.525200       1.2470838      0.59768522      1.27799995E-03
   56.025455       1.3937001      0.66262275      1.44543895E-03
   56.525711       1.5509573      0.73093742      1.63137831E-03
   57.025970       1.7177013      0.80179989      1.83727476E-03
   57.526230       1.8921516      0.87409574      2.06342363E-03
   58.026489       2.0718412      0.94641244      2.30986346E-03
   58.526756       2.2535479       1.0170441      2.57721823E-03
   59.027020       2.4332609       1.0840225      2.86638527E-03
   59.527283       2.6062646       1.1451850      3.17779323E-03
   60.027550       2.7673650       1.1982729      3.50989704E-03
   60.527817       2.9109483       1.2410738      3.86049296E-03
   61.028088       3.0320134       1.2715787      4.22875676E-03
   61.528358       3.1286924       1.2880899      4.61646542E-03
   62.028625       3.1909707       1.2892032      5.02277818E-03
   62.528889       3.2260427       1.2746686      5.44060580E-03
   63.029144       3.2216759       1.2442211      5.85683621E-03
   63.529388       3.1961429       1.1987289      6.28331210E-03
   64.029610       3.1332827       1.1396526      6.76449295E-03
   64.529793       3.0451264       1.0687821      7.21357111E-03
   65.029915       2.9370196      0.98822880      7.66113214E-03
   65.529961       2.8149796      0.90029299      8.09893105E-03
   66.029884       2.6823375      0.80733812      8.54163803E-03
   66.529579       2.5429888      0.71158069      8.96443427E-03
   67.028946       2.4020309      0.61497420      9.36312694E-03
   67.527985       2.2632282      0.51917452      9.73809231E-03
   68.026711       2.1296253      0.42564440      1.01069044E-02
   68.525154       2.0026011      0.33556050      1.04862116E-02
   69.023308       1.8832619      0.24975523      1.08694527E-02
   69.521164       1.7722481      0.16873039      1.12466998E-02
   70.018753       1.6700268      9.27120671E-02  1.16054751E-02
   70.516083       1.5770288      2.17221659E-02  1.19391307E-02
   71.013168       1.4934649     -4.43431363E-02  1.22528495E-02
   71.510017       1.4190211     -0.10565640      1.25562148E-02
   72.006645       1.3529313     -0.16244677      1.28551144E-02
   72.503052       1.2943052     -0.21500118      1.31503781E-02
   73.123268       1.2302711     -0.27528811      1.35075562E-02
   73.619247       1.1864166     -0.31967357      1.37816705E-02
   74.115067       1.1493503     -0.36121428      1.40561238E-02
   74.610741       1.1171311     -0.40029564      1.43318782E-02
   75.106293       1.0902195     -0.43734670      1.46191074E-02
   75.601738       1.0681872     -0.47274950      1.49228452E-02
   76.097084       1.0506696     -0.50683475      1.52445287E-02
   76.592346       1.0374399     -0.53987008      1.55881885E-02
   77.087570       1.0282636     -0.57204902      1.59578100E-02
   77.582710       1.0227723     -0.60345644      1.63521878E-02
   78.077805       1.0203841     -0.63407362      1.67625733E-02
   78.572929       1.0203048     -0.66378462      1.71741694E-02
   79.068001       1.0215840     -0.69238651      1.75693966E-02
   79.563103       1.0231795     -0.71963644      1.79311838E-02
   80.058319       1.0240045     -0.74529147      1.82465799E-02
   80.553558       1.0230136     -0.76914221      1.85084008E-02
   81.048828       1.0191712     -0.79108524      1.87173728E-02
   81.544167       1.0122952     -0.81114870      1.88839734E-02
   82.039604       1.0030265     -0.82948208      1.90291293E-02
   82.535164      0.99297523     -0.84632897      1.91758443E-02
   83.030861      0.98450851     -0.86192197      1.93467680E-02
   83.526726      0.97932333     -0.87629741      1.95482485E-02
   84.022781      0.97811079     -0.88919300      1.97808333E-02
   84.519058      0.97838497     -0.89996207      2.00098660E-02
   85.015579      0.97325593     -0.90762573      2.01701596E-02
   85.512390      0.95710242     -0.91103327      2.01617293E-02
   86.009499      0.93498254     -0.90934289      2.00336948E-02
   86.506836      0.90552866     -0.90136296      1.98117867E-02
   87.004471      0.86803555     -0.88585627      1.94790419E-02
   87.502487      0.81495732     -0.86140251      1.89971291E-02
   88.000862      0.75399953     -0.82669491      1.84099674E-02
   88.624283      0.64387965     -0.76726365      1.72841176E-02
   89.045319      0.54682702     -0.71660149      1.63234882E-02
   89.540131      0.41120636     -0.64640397      1.49643896E-02
   90.040138      0.25318271     -0.56488407      1.33340787E-02
   90.540535      7.95321316E-02 -0.47444665      1.14849200E-02
   91.040962     -0.10404463     -0.37749624      9.46810097E-03
   91.541405     -0.29030028     -0.27668431      7.33326841E-03
   92.041847     -0.47424600     -0.17484400      5.13336156E-03
   92.542297     -0.65201855     -7.48077184E-02  2.93255923E-03
   93.042755     -0.81941676      2.07148194E-02  8.06411786E-04
   93.543213     -0.97126973      0.10926533     -1.14767335E-03
   94.043671      -1.1021767      0.18876541     -2.84349755E-03
   94.544128      -1.2073021      0.25770050     -4.25729482E-03
   95.039368      -1.2837808      0.31467399     -5.34539390E-03
   95.539825      -1.3344730      0.36064959     -6.12302171E-03
   96.040291      -1.3606404      0.39533123     -6.63266564E-03
   96.540764      -1.3675594      0.41960123     -6.98198425E-03
   97.041245      -1.3618896      0.43458331     -7.32504297E-03
   97.541733      -1.3439879      0.44136706     -7.71553535E-03
   98.042221      -1.3203754      0.44114503     -8.12716410E-03
   98.542709      -1.2864630      0.43497181     -8.51898640E-03
   99.043198      -1.2432475      0.42379218     -8.76322668E-03
   99.543686      -1.1905899      0.40856087     -8.72781407E-03
   100.04419      -1.1298879      0.39027542     -8.41701310E-03
   100.54469      -1.0635188      0.36998475     -7.84308184E-03
   101.04521     -0.99668068      0.34879801     -7.13269599E-03
   101.54573     -0.93495464      0.32765105     -6.31100126E-03
   102.04625     -0.87939745      0.30727279     -5.47230523E-03
   102.54677     -0.83486265      0.28790802     -4.74598771E-03
   103.04729     -0.80048937      0.26925319     -4.26804787E-03
   103.54781     -0.77168560      0.25041717     -3.98127316E-03
   104.04832     -0.73681849      0.23073190     -3.68624507E-03
   104.54886     -0.68995142      0.20981917     -3.21179768E-03
   105.04939     -0.63241524      0.18755908     -2.50297552E-03
   105.54993     -0.56988013      0.16420683     -1.55182369E-03
   106.05048     -0.50885004      0.14044073     -4.78271570E-04
   106.55103     -0.45201945      0.11717385      5.93988108E-04
   107.05158     -0.40122572      9.53769982E-02  1.55940407E-03
   107.55213     -0.35743910      7.58340731E-02  2.34360993E-03
   108.05269     -0.32065886      5.91517687E-02  2.90397764E-03
   108.55325     -0.29037789      4.57460135E-02  3.24684614E-03
   109.05383     -0.27349260      3.57748121E-02  3.37866182E-03
   109.55441     -0.26691020      2.89369952E-02  3.42357182E-03
   110.05499     -0.26706928      2.44329162E-02  3.51464283E-03
   110.55556     -0.27498800      2.12768391E-02  3.64020187E-03
   111.05614     -0.28190750      1.81145594E-02  3.87971662E-03
   111.55673     -0.27903134      1.37000065E-02  4.26424015E-03
   112.05731     -0.26853457      7.36254593E-03  4.56151552E-03
   112.55789     -0.25100648     -1.12747075E-03  4.65275440E-03
   113.05849     -0.22001579     -1.13528259E-02  4.54412401E-03
   113.55910     -0.17969251     -2.24640258E-02  4.11958015E-03
   114.05971     -0.13854998     -3.30903195E-02  3.36785917E-03
   114.56032     -0.10673719     -4.17090170E-02  2.41915765E-03
   115.06093     -9.59287882E-02 -4.71187830E-02  1.82835548E-03
   115.56154     -9.61318687E-02 -4.91468087E-02  1.69093790E-03
   116.06215     -0.10758796     -4.78351265E-02  1.99051248E-03
   116.56277     -0.12964031     -4.39039096E-02  2.66468269E-03
   117.06341     -0.15473795     -3.84952612E-02  3.58293066E-03
   117.56405     -0.17483625     -3.27945910E-02  4.14700434E-03
   118.06469     -0.18495637     -2.76490413E-02  3.98378028E-03
   118.56533     -0.18824677     -2.33142488E-02  3.17919720E-03
   119.06597     -0.18725035     -1.97065044E-02  1.90995599E-03
   119.56661     -0.18418141     -1.65543165E-02  4.68354905E-04
   120.06727     -0.18313596     -1.34219592E-02 -5.82409673E-04
   120.56793     -0.18447538     -9.98082943E-03 -9.22669424E-04
   121.06860     -0.18933916     -5.96174132E-03 -5.61360270E-04
   121.56927     -0.19683559     -1.18395837E-03  2.60336674E-04
   122.06933     -0.20929581      4.19526966E-03  1.37355761E-03
   122.53907     -0.22176823      9.53419693E-03  2.27059121E-03
   123.00376     -0.23303005      1.47601245E-02  2.63598305E-03
   123.50124     -0.24253225      1.99308489E-02  2.29885359E-03
   124.00192     -0.24696356      2.43852530E-02  1.44890463E-03
   124.50262     -0.24652880      2.79625729E-02  5.67627954E-04
   125.00332     -0.24341154      3.07897851E-02 -1.82844466E-04
   125.50402     -0.23977078      3.30128893E-02 -5.26302319E-04
   126.00472     -0.23705426      3.48379314E-02 -3.31919349E-04
   126.50542     -0.23535024      3.64359058E-02  1.28907268E-04
   127.00613     -0.23463960      3.78984064E-02  6.53430761E-04
   127.50685     -0.23555574      3.92441377E-02  1.12697307E-03
   128.00757     -0.23860270      4.04256210E-02  1.37516938E-03
   128.50830     -0.24265297      4.13200073E-02  1.34256599E-03
   129.00903     -0.24382478      4.17550169E-02  1.33571413E-03
   129.50977     -0.24264142      4.16797884E-02  1.51560479E-03
   130.01050     -0.23930529      4.11037914E-02  1.87461334E-03
   130.51123     -0.23375386      4.00295295E-02  2.37678504E-03
   131.01196     -0.22745815      3.85735668E-02  2.83860718E-03
   131.51270     -0.22050387      3.68768498E-02  3.06371530E-03
   132.01347     -0.21354599      3.50512415E-02  2.87525449E-03
   132.51427     -0.20680197      3.31787728E-02  2.23952043E-03
   133.01506     -0.19915469      3.13343965E-02  1.28909689E-03
   133.51585     -0.19084185      2.96063684E-02  2.83042522E-04
   134.01665     -0.18347621      2.80872807E-02 -4.64911980E-04
   134.51747     -0.17840979      2.68280040E-02 -7.52957247E-04
   135.01833     -0.17467621      2.58154664E-02 -4.93086351E-04
   135.51918     -0.17368755      2.50179451E-02  2.03931937E-04
   136.02010     -0.17491776      2.43668444E-02  1.11932040E-03
   136.52103     -0.17690271      2.37678867E-02  2.03818688E-03
   137.02202     -0.17876247      2.30797920E-02  2.76136724E-03
   137.52307     -0.17883056      2.21780036E-02  3.09680286E-03
   138.02422     -0.17682958      2.09771525E-02  3.04224016E-03
   138.52547     -0.17201047      1.94396749E-02  2.78949738E-03
   139.02687     -0.16528639      1.76296942E-02  2.44642422E-03
   139.52849     -0.15742347      1.56698991E-02  2.16557714E-03
   140.03035     -0.14939418      1.37093794E-02  2.02303380E-03
   140.53252     -0.14223075      1.19052101E-02  1.96003355E-03
   141.03510     -0.13689569      1.03968680E-02  1.95008633E-03
   141.53821     -0.13385233      9.29250941E-03  1.92018831E-03
   142.04198     -0.13299394      8.62057414E-03  1.81434129E-03
   142.54659     -0.13374306      8.32857750E-03  1.61983899E-03
   143.05222     -0.13607897      8.31613131E-03  1.35075999E-03
   143.55908     -0.13952884      8.44073482E-03  1.08952122E-03
   144.06729     -0.14225745      8.53785127E-03  9.49685229E-04
   144.57579     -0.14305395      8.50343239E-03  1.02005724E-03
   145.08437     -0.14220433      8.33286066E-03  1.29132508E-03
   145.59303     -0.13974252      8.07690620E-03  1.75312732E-03
   146.10185     -0.13540690      7.84034561E-03  2.32085725E-03
   146.61092     -0.13077480      7.75552634E-03  2.86222249E-03
   147.12025     -0.12751350      7.94437714E-03  3.23287281E-03
   147.50250     -0.12620267      8.30464810E-03  3.34303407E-03
   148.01257     -0.12583214      9.07219015E-03  3.25999851E-03
   148.52324     -0.12698045      1.01057403E-02  2.94731231E-03
   149.03464     -0.12934040      1.13067422E-02  2.52072187E-03
   149.54691     -0.13125373      1.25431623E-02  2.10205140E-03
   150.05919     -0.13200347      1.37097463E-02  1.78928499E-03
   150.56963     -0.13153058      1.47668328E-02  1.62075483E-03
   151.07835     -0.13013926      1.57108903E-02  1.58058235E-03
   151.58562     -0.12764297      1.65509488E-02  1.61704421E-03
   152.09164     -0.12448955      1.73135996E-02  1.66340917E-03
   152.59665     -0.12062911      1.80316977E-02  1.65654649E-03
   153.10083     -0.11647847      1.87401548E-02  1.56436313E-03
   153.60432     -0.11139116      1.94747150E-02  1.41759450E-03
   154.10732     -0.10603625      2.02995576E-02  1.27257279E-03
   154.60988     -0.10108869      2.12868974E-02  1.18245801E-03
   155.11212     -9.73199159E-02  2.24761628E-02  1.17730245E-03
   155.61412     -9.47225094E-02  2.38742232E-02  1.24740205E-03
   156.11594     -9.37107652E-02  2.54614670E-02  1.34716544E-03
   156.61758     -9.45232287E-02  2.71561705E-02  1.40127807E-03
   157.11911     -9.65250880E-02  2.88230032E-02  1.33777573E-03
   157.62054     -9.80528072E-02  3.02961022E-02  1.12168095E-03
   158.12190     -9.79142487E-02  3.14392038E-02  7.73311011E-04
   158.62315     -9.52957496E-02  3.21667120E-02  3.69442743E-04
   159.12434     -9.01050270E-02  3.24540734E-02  2.01744842E-05
   159.50018     -8.48917663E-02  3.24135572E-02 -1.51404965E-04
   160.00125     -7.68835768E-02  3.21043096E-02 -1.97809801E-04
   160.50226     -6.88386932E-02  3.16132158E-02 -2.28349236E-05
   161.00322     -6.20311536E-02  3.10553387E-02  3.46393761E-04
   161.50414     -5.82400262E-02  3.05192433E-02  8.31903773E-04
   162.00505     -5.74732013E-02  3.00103314E-02  1.33094843E-03
   162.50597     -5.90320863E-02  2.94752158E-02  1.75405957E-03
   163.00688     -6.23741597E-02  2.88248453E-02  2.02787691E-03
   163.50781     -6.62275702E-02  2.79490966E-02  2.12646346E-03
   164.00880     -6.94377944E-02  2.67647635E-02  2.07594549E-03
   164.50987     -7.14755282E-02  2.52205059E-02  1.91833405E-03
   165.01100     -7.20829517E-02  2.33128481E-02  1.71293085E-03
   165.51222     -7.16828853E-02  2.10861992E-02  1.49811571E-03
   166.01353     -7.08035827E-02  1.86130200E-02  1.27987633E-03
   166.51494     -6.99360073E-02  1.59675069E-02  1.06374500E-03
   167.01643     -6.96604028E-02  1.32184438E-02  8.48272000E-04
   167.51804     -7.01125711E-02  1.04221944E-02  6.33329619E-04
   168.01971     -7.12286383E-02  7.60849426E-03  4.30918357E-04
   168.52147     -7.29272962E-02  4.78714798E-03  2.54732557E-04
   169.02332     -7.47677088E-02  1.95466331E-03  1.31594541E-04
   169.52524     -7.58730322E-02 -8.89287156E-04  9.82958591E-05
   170.02724     -7.62162209E-02 -3.70344287E-03  1.76596310E-04
   170.52933     -7.59683549E-02 -6.42918376E-03  3.60464182E-04
   171.03151     -7.52622187E-02 -9.00158938E-03  6.31820178E-04
   171.53380     -7.44377002E-02 -1.13568977E-02  9.49373469E-04
   172.03621     -7.38607347E-02 -1.34435631E-02  1.25908561E-03
   172.53874     -7.37842098E-02 -1.52429715E-02  1.50480343E-03
   173.04137     -7.37398043E-02 -1.67735014E-02  1.63995975E-03
   173.54411     -7.29469880E-02 -1.80679280E-02  1.63775124E-03
   174.04697     -7.04316348E-02 -1.91454515E-02  1.49658858E-03
   174.54990     -6.61798865E-02 -2.00118925E-02  1.22460467E-03
   175.05286     -5.99111207E-02 -2.06414778E-02  8.66911316E-04
   175.55582     -5.18814549E-02 -2.09880937E-02  4.64700628E-04
   176.05876     -4.25945222E-02 -2.09929794E-02  5.15855500E-05
   176.56174     -3.28896828E-02 -2.06073131E-02 -3.50516289E-04
   177.06473     -2.31894366E-02 -1.98232699E-02 -7.23717967E-04
   177.56772     -1.37055675E-02 -1.86877437E-02 -1.10146275E-03
   178.07071     -3.95746715E-03 -1.73018854E-02 -1.51100999E-03
   178.57372      6.57644402E-03 -1.57974064E-02 -1.99500658E-03
   179.07677      1.86388344E-02 -1.43198557E-02 -2.59670289E-03
   179.57982      3.25547084E-02 -1.29904542E-02 -3.33284540E-03
   180.08287      4.89540398E-02 -1.19102811E-02 -4.17957362E-03
   180.58591      6.79861978E-02 -1.11390688E-02 -5.07837441E-03
   181.08884      8.93341452E-02 -1.06945420E-02 -5.93398279E-03
   181.59164      0.11243270     -1.05431015E-02 -6.63832389E-03
   182.09433      0.13633111     -1.06149046E-02 -7.08212052E-03
   182.59689      0.15958664     -1.08372215E-02 -7.22638611E-03
   183.09933      0.18076169     -1.11659681E-02 -7.08271749E-03
   183.60165      0.19933656     -1.15775913E-02 -6.70185685E-03
   184.10385      0.21506548     -1.21079683E-02 -6.19064365E-03
   184.60594      0.22739387     -1.28529090E-02 -5.66532789E-03
   185.10793      0.23691569     -1.39318816E-02 -5.25596272E-03
   185.60979      0.24514119     -1.54892784E-02 -5.06351423E-03
   186.11154      0.25331324     -1.76381879E-02 -5.13951294E-03
   186.61319      0.26201734     -2.04410776E-02 -5.45467483E-03
   187.11472      0.27187094     -2.39086580E-02 -5.94682992E-03
   187.61613      0.28334934     -2.79752072E-02 -6.47908868E-03
   188.11745      0.29579777     -3.24867144E-02 -6.91109151E-03
   188.61864      0.30812764     -3.72385047E-02 -7.13692000E-03
   189.11975      0.31859303     -4.20143828E-02 -7.05346838E-03
   189.62079      0.32622755     -4.66437750E-02 -6.59728516E-03
   190.12178      0.33051398     -5.10007739E-02 -5.77825680E-03
   190.62273      0.33105928     -5.50047271E-02 -4.64517344E-03
   191.12364      0.32784384     -5.86271994E-02 -3.28629604E-03
   191.62459      0.32130614     -6.19021505E-02 -1.82374718E-03
   192.00032      0.31459856     -6.41657934E-02 -7.24865124E-04
   192.50125      0.30475628     -6.69749007E-02  6.82728074E-04
   193.00195      0.29513127     -6.95725381E-02  1.96835864E-03
   193.50240      0.28621480     -7.19384253E-02  3.12284147E-03
   194.00258      0.27810195     -7.40190297E-02  4.16469900E-03
   194.50249      0.27035207     -7.57215917E-02  5.14405733E-03
   195.00221      0.26256901     -7.69529492E-02  6.13005180E-03
   195.50171      0.25372493     -7.76151940E-02  7.16953306E-03
   196.00102      0.24358438     -7.76441544E-02  8.31530150E-03
   196.50015      0.23142760     -7.70024955E-02  9.59634129E-03
   197.12386      0.21283291     -7.52943382E-02  1.13313748E-02
   197.62267      0.19510391     -7.33000860E-02  1.27472635E-02
   198.12132      0.17519651     -7.08889291E-02  1.41042881E-02
   198.61986      0.15386988     -6.82106614E-02  1.53429508E-02
   199.11827      0.13242061     -6.53903559E-02  1.64209176E-02
   199.61659      0.11143463     -6.25078306E-02  1.73254758E-02
   200.11484      9.09535438E-02 -5.96028641E-02  1.80801824E-02
   200.58238      7.20452219E-02 -5.68403676E-02  1.86971221E-02
   201.00679      5.48937768E-02 -5.42857349E-02  1.92184970E-02
   201.50644      3.38208340E-02 -5.11818342E-02  1.98399983E-02
   202.06941      8.11036490E-03 -4.74950559E-02  2.06014179E-02
   202.55412     -1.61232129E-02 -4.41330299E-02  2.13426240E-02
   203.03870     -4.18933704E-02 -4.06008177E-02  2.21813954E-02
   203.53093     -6.93995804E-02 -3.68726365E-02  2.31031328E-02
   204.00098     -9.55486298E-02 -3.32570262E-02  2.40000226E-02
   204.54810     -0.12455620     -2.90623009E-02  2.49908827E-02
   205.04132     -0.14795302     -2.53235232E-02  2.57839300E-02
   205.50838     -0.16777080     -2.18231045E-02  2.64404342E-02
   206.06245     -0.18807295     -1.77119859E-02  2.71072425E-02
   206.52745     -0.20237485     -1.42642157E-02  2.75847819E-02
   207.03033     -0.21512952     -1.04790330E-02  2.80559268E-02
   207.57266     -0.22601217     -6.21466897E-03  2.85878070E-02
   208.03464     -0.23310511     -2.33529927E-03  2.90948264E-02
   208.50595     -0.23817424      1.93796854E-03  2.96863206E-02
   209.07971     -0.24108373      7.66326394E-03  3.05084735E-02
   209.56139     -0.24041815      1.29710864E-02  3.13231125E-02
   210.04755     -0.23687428      1.88236497E-02  3.22705731E-02
   210.54678     -0.23034547      2.53505334E-02  3.33360136E-02
   211.09796     -0.21966997      3.31137553E-02  3.46815586E-02
   211.55264     -0.20818648      3.98732498E-02  3.59702222E-02
   212.02397     -0.19402108      4.70884517E-02  3.75012755E-02
   212.50615     -0.17716695      5.45031540E-02  3.93000394E-02
   213.12065     -0.15209889      6.36662841E-02  4.19123992E-02
   213.61757     -0.12873906      7.05362558E-02  4.42862958E-02
   214.11427     -0.10320817      7.66402259E-02  4.69084084E-02
   214.61079     -7.56976753E-02  8.17296281E-02  4.97972965E-02
   215.10715     -4.62866724E-02  8.55867416E-02  5.29619157E-02
   215.60338     -1.48484893E-02  8.80053639E-02  5.64109311E-02
   216.09950      1.89082790E-02  8.88042748E-02  6.01418838E-02
   216.59558      5.49127348E-02  8.78390893E-02  6.41276538E-02
   217.09161      9.37000811E-02  8.50345790E-02  6.83313161E-02
   217.58765      0.13515548      8.03911388E-02  7.27053657E-02
   218.08374      0.17880662      7.40053281E-02  7.72198364E-02
   218.57986      0.22358081      6.60646483E-02  8.18571299E-02
   219.07602      0.26846856      5.68337403E-02  8.66089761E-02
   219.57225      0.31243014      4.66703884E-02  9.14778113E-02
   220.06856      0.35459417      3.59563380E-02  9.64519233E-02
   220.56499      0.39313379      2.50086747E-02  0.10152562    
   221.06155      0.42669678      1.40520548E-02  0.10667369    
   221.55826      0.45459384      3.32431751E-03  0.11182629    
   222.05516      0.47669595     -7.04346597E-03  0.11688840    
   222.55226      0.49347380     -1.70646105E-02  0.12175328    
   223.04961      0.50610292     -2.68696919E-02  0.12636080    
   223.54720      0.51568693     -3.66323851E-02  0.13068549    
   224.04503      0.52328289     -4.64524664E-02  0.13464579    
   224.54312      0.53028172     -5.63408434E-02  0.13820758    
   225.04147      0.53720391     -6.61716238E-02  0.14136441    
   225.54005      0.54300928     -7.56961256E-02  0.14409377    
   226.03886      0.54681414     -8.45701545E-02  0.14636348    
   226.53792      0.54759347     -9.24394354E-02  0.14813170    
   227.03716      0.54413342     -9.89738479E-02  0.14936809    
   227.53664      0.53480214     -0.10391412      0.15002285    
   228.03636      0.51992744     -0.10712704      0.15006998    
   228.53633      0.49873114     -0.10855469      0.14949660    
   229.03659      0.47243413     -0.10825418      0.14828971    
   229.53712      0.44146848     -0.10634208      0.14641260    
   230.03799      0.40646487     -0.10299796      0.14386120    
   230.53918      0.36912507     -9.84265357E-02  0.14061458    
   231.04065      0.33096856     -9.28071141E-02  0.13659722    
   231.54227      0.29268861     -8.63740966E-02  0.13171682    
   232.04404      0.25442907     -7.94084445E-02  0.12588142    
   232.54596      0.21670383     -7.22180828E-02  0.11903442    
   233.04802      0.18037653     -6.51540533E-02  0.11116169    
   233.55022      0.14649984     -5.86322919E-02  0.10230673    
   234.05257      0.11758454     -5.30905984E-02  9.25431475E-02
   234.55495      9.55748707E-02 -4.89048995E-02  8.19543228E-02
   235.05734      8.46532881E-02 -4.63517271E-02  7.05881491E-02
   235.55978      8.39716047E-02 -4.54275943E-02  5.84971681E-02
   236.06227      9.30492207E-02 -4.59134355E-02  4.56848890E-02
   236.56482      0.11114829     -4.74144593E-02  3.21498066E-02
   237.06743      0.13573509     -4.93894480E-02  1.78615488E-02
   237.57011      0.16437456     -5.12811430E-02  2.78181513E-03
   238.07285      0.19188990     -5.26408553E-02 -1.31550729E-02
   238.57558      0.22040340     -5.32935038E-02 -2.99403258E-02
   239.07823      0.25047076     -5.33604175E-02 -4.76056188E-02
   239.58076      0.28247920     -5.32236397E-02 -6.61899447E-02
   240.08319      0.31893480     -5.31949177E-02 -8.56867358E-02
   240.58554      0.36317718     -5.39137200E-02 -0.10604271    
   241.08781      0.41808781     -5.58707342E-02 -0.12722731    
   241.59003      0.48409948     -5.94018921E-02 -0.14919023    
   242.09218      0.56167179     -6.47618771E-02 -0.17182957    
   242.59428      0.64974433     -7.20114037E-02 -0.19498837    
   243.09636      0.74633992     -8.10982585E-02 -0.21845721    
   243.59837      0.84778774     -9.17834193E-02 -0.24202958    
   244.10033      0.95073724     -0.10376215     -0.26550385    
   244.60223       1.0538790     -0.11695360     -0.28871134    
   245.10413       1.1572021     -0.13135965     -0.31143799    
   245.60597       1.2614678     -0.14704689     -0.33333120    
   246.10780       1.3675970     -0.16412407     -0.35398617    
   246.60963       1.4766581     -0.18269345     -0.37295854    
   247.11147       1.5886054     -0.20270485     -0.38977262    
   247.61331       1.7010349     -0.22396870     -0.40405044    
   248.11520       1.8107445     -0.24617881     -0.41547686    
   248.61711       1.9107301     -0.26889068     -0.42368108    
   249.11906       2.0002983     -0.29175708     -0.42874897    
   249.62108       2.0762050     -0.31431371     -0.43092924    
   250.12315       2.1387322     -0.33598304     -0.43046951    
