  0.12474632      1.12454794E-11  6.67334677E-12 -2.79900830E-15
  0.50017345      1.09399564E-11  7.25712719E-12 -3.78581630E-15
   1.0007112      1.04918019E-11  7.94769719E-12 -6.55783665E-15
   1.5011811      1.00004189E-11  8.52946533E-12 -1.11572603E-14
   2.0015700      9.46486639E-12  8.99390371E-12 -1.76945809E-14
   2.5018795      8.88381209E-12  9.33705023E-12 -2.61900910E-14
   3.0021112      8.26359987E-12  9.56425390E-12 -3.66826625E-14
   3.5022826      7.63023585E-12  9.69253584E-12 -4.87278708E-14
   4.0024195      7.03204899E-12  9.72858079E-12 -6.05188778E-14
   4.5025353      6.44954055E-12  9.67726680E-12 -6.98500367E-14
   5.0026474      5.87548976E-12  9.51875731E-12 -7.63595188E-14
   5.5027671      5.26942726E-12  9.22889543E-12 -8.13610111E-14
   6.0029030      4.59967394E-12  8.79013529E-12 -9.00876867E-14
   6.5030551      3.87474384E-12  8.20222883E-12 -1.09307704E-13
   7.0032248      3.12812753E-12  7.48046416E-12 -1.46159208E-13
   7.5034132      2.40150217E-12  6.64894311E-12 -2.05048896E-13
   8.0036135      1.73035978E-12  5.73055232E-12 -2.83161461E-13
   8.5038261      1.13166312E-12  4.74219405E-12 -3.70170474E-13
   9.0040474      6.03116949E-13  3.69425757E-12 -4.52709674E-13
   9.5042772      1.31823209E-13  2.60160903E-12 -5.17264183E-13
   10.004511     -2.88316354E-13  1.49293696E-12 -5.56687509E-13
   10.504748     -6.34670485E-13  4.17133016E-13 -5.73051264E-13
   11.004990     -8.47972517E-13 -5.56384203E-13 -5.74816616E-13
   11.505231     -8.31187224E-13 -1.35964417E-12 -5.72107899E-13
   12.005473     -4.83033156E-13 -1.94521894E-12 -5.68577195E-13
   12.505716      1.26631968E-14 -2.36111304E-12 -5.73708344E-13
   13.005962      6.72627698E-13 -2.66870684E-12 -5.78536784E-13
   13.506206      1.42852960E-12 -2.93232973E-12 -5.74051494E-13
   14.006449      2.16222006E-12 -3.21038487E-12 -5.66280313E-13
   14.506693      2.85555520E-12 -3.55248339E-12 -5.65925887E-13
   15.006934      3.51737411E-12 -3.96850738E-12 -5.91192405E-13
   15.507174      4.19436361E-12 -4.44416162E-12 -6.56155848E-13
   16.007412      4.95823001E-12 -4.94004620E-12 -7.67813547E-13
   16.507652      5.87753110E-12 -5.41139746E-12 -9.20361877E-13
   17.007891      7.00791335E-12 -5.82684291E-12 -1.09731115E-12
   17.508127      8.36836156E-12 -6.17313535E-12 -1.27696985E-12
   18.008364      9.94657481E-12 -6.46040339E-12 -1.43856389E-12
   18.508598      1.16884124E-11 -6.72096146E-12 -1.56981947E-12
   19.008829      1.35486370E-11 -7.00546565E-12 -1.67039776E-12
   19.509062      1.55033833E-11 -7.36035278E-12 -1.75834033E-12
   20.009295      1.75539062E-11 -7.81574718E-12 -1.86331246E-12
   20.509525      1.97318065E-11 -8.38024788E-12 -2.01029406E-12
   21.009754      2.21025837E-11 -9.04866980E-12 -2.21149466E-12
   21.509983      2.47306516E-11 -9.81600218E-12 -2.46223918E-12
   22.010208      2.76632415E-11 -1.06894545E-11 -2.74974141E-12
   22.510429      3.09292661E-11 -1.16909520E-11 -3.06474204E-12
   23.010654      3.45509316E-11 -1.28480004E-11 -3.41012071E-12
   23.510880      3.85621673E-11 -1.41901317E-11 -3.80014423E-12
   24.011103      4.30228769E-11 -1.57466176E-11 -4.25360268E-12
   24.511326      4.80185960E-11 -1.75449082E-11 -4.78656741E-12
   25.011547      5.36501468E-11 -1.96137516E-11 -5.40821901E-12
   25.511765      6.00219874E-11 -2.19893409E-11 -6.12241638E-12
   26.011982      6.72401995E-11 -2.47175110E-11 -6.93322743E-12
   26.512199      7.54156043E-11 -2.78530757E-11 -7.84930801E-12
   27.012419      8.46716378E-11 -3.14591617E-11 -8.88541237E-12
   27.512634      9.51514284E-11 -3.56084467E-11 -1.00612817E-11
   28.012852      1.07025826E-10 -4.03854623E-11 -1.13998429E-11
   28.513069      1.20499000E-10 -4.58889871E-11 -1.29267109E-11
   29.013285      1.35812792E-10 -5.22338874E-11 -1.46714255E-11
   29.513498      1.53250468E-10 -5.95520161E-11 -1.66691695E-11
   30.013714      1.73139905E-10 -6.79927850E-11 -1.89615684E-11
   30.513929      1.95857525E-10 -7.77259646E-11 -2.15963115E-11
   31.014143      2.21834828E-10 -8.89454621E-11 -2.46265681E-11
   31.514359      2.51565352E-10 -1.01875383E-10 -2.81108799E-11
   32.014572      2.85612339E-10 -1.16775867E-10 -3.21144777E-11
   32.514786      3.24621108E-10 -1.33949116E-10 -3.67123693E-11
   33.014999      3.69336534E-10 -1.53744822E-10 -4.19928675E-11
   33.515217      4.20621260E-10 -1.76564929E-10 -4.80604515E-11
   34.015430      4.79473572E-10 -2.02870692E-10 -5.50376342E-11
   34.515644      5.47047629E-10 -2.33193298E-10 -6.30667740E-11
   35.015862      6.24673924E-10 -2.68147671E-10 -7.23125240E-11
   35.516075      7.13885062E-10 -3.08447656E-10 -8.29657038E-11
   36.016289      8.16451684E-10 -3.54924978E-10 -9.52481982E-11
   36.516502      9.34425537E-10 -4.08546780E-10 -1.09417933E-10
   37.016720      1.07018505E-09 -4.70432915E-10 -1.25772975E-10
   37.516933      1.22648380E-09 -5.41875045E-10 -1.44655066E-10
   38.017147      1.40650436E-09 -6.24359731E-10 -1.66455627E-10
   38.517368      1.61391545E-09 -7.19593718E-10 -1.91622301E-10
   39.017582      1.85295290E-09 -8.29545266E-10 -2.20668595E-10
   39.517796      2.12850715E-09 -9.56492219E-10 -2.54184979E-10
   40.018013      2.44621634E-09 -1.10306786E-09 -2.92852326E-10
   40.518234      2.81257728E-09 -1.27231670E-09 -3.37458173E-10
   41.018448      3.23508331E-09 -1.46775425E-09 -3.88916788E-10
   41.518665      3.72238662E-09 -1.69343894E-09 -4.48290460E-10
   42.018887      4.28447544E-09 -1.95405225E-09 -5.16811427E-10
   42.519104      4.93288654E-09 -2.25499219E-09 -5.95902439E-10
   43.019321      5.68095970E-09 -2.60249688E-09 -6.87207791E-10
   43.519543      6.54410837E-09 -3.00377367E-09 -7.92626353E-10
   44.019764      7.54013207E-09 -3.46714280E-09 -9.14346154E-10
   44.519993      8.68958594E-09 -4.00221367E-09 -1.05488940E-09
   45.020214      1.00161968E-08 -4.62008032E-09 -1.21716437E-09
   45.520435      1.15473497E-08 -5.33353850E-09 -1.40452905E-09
   46.020664      1.33146685E-08 -6.15735063E-09 -1.62085811E-09
   46.520893      1.53546686E-08 -7.10855907E-09 -1.87062277E-09
   47.021122      1.77094872E-08 -8.20683166E-09 -2.15897655E-09
   47.521351      2.04277324E-08 -9.47485823E-09 -2.49186027E-09
   48.021580      2.35655389E-08 -1.09388392E-08 -2.87613311E-09
   48.521816      2.71876637E-08 -1.26290098E-08 -3.31971761E-09
   49.022049      3.13688133E-08 -1.45802410E-08 -3.83175669E-09
   49.522278      3.61952566E-08 -1.68327965E-08 -4.42281722E-09
   50.022514      4.17665973E-08 -1.94331307E-08 -5.10509590E-09
   50.522751      4.81977622E-08 -2.24348504E-08 -5.89266103E-09
   51.022991      5.56213564E-08 -2.58997819E-08 -6.80174228E-09
   51.523232      6.41905160E-08 -2.98993186E-08 -7.85106824E-09
   52.023468      7.40818678E-08 -3.45158178E-08 -9.06224162E-09
   52.523712      8.54992024E-08 -3.98442701E-08 -1.04601998E-08
   53.023956      9.86778801E-08 -4.59944047E-08 -1.20737242E-08
   53.524204      1.13889442E-07 -5.30927977E-08 -1.39360390E-08
   54.024452      1.31447180E-07 -6.12854549E-08 -1.60854583E-08
   54.524696      1.51712698E-07 -7.07409384E-08 -1.85662259E-08
   55.024948      1.75103452E-07 -8.16537735E-08 -2.14294076E-08
   55.525200      2.02100949E-07 -9.42483638E-08 -2.47338896E-08
   56.025455      2.33261019E-07 -1.08783709E-07 -2.85476496E-08
   56.525711      2.69225296E-07 -1.25558770E-07 -3.29491456E-08
   57.025970      3.10733952E-07 -1.44918587E-07 -3.80288796E-08
   57.526230      3.58640989E-07 -1.67261064E-07 -4.38912906E-08
   58.026489      4.13932497E-07 -1.93045679E-07 -5.06569933E-08
   58.526756      4.77746198E-07 -2.22802555E-07 -5.84650586E-08
   59.027020      5.51394351E-07 -2.57143284E-07 -6.74760230E-08
   59.527283      6.36392258E-07 -2.96773891E-07 -7.78751783E-08
   60.027550      7.34488481E-07 -3.42509168E-07 -8.98763659E-08
   60.527817      8.47700846E-07 -3.95289334E-07 -1.03726407E-07
   61.028088      9.78356866E-07 -4.56198904E-07 -1.19709824E-07
   61.528358      1.12914347E-06 -5.26489941E-07 -1.38155357E-07
   62.028625      1.30316084E-06 -6.07607035E-07 -1.59442109E-07
   62.528889      1.50398444E-06 -7.01216209E-07 -1.84007277E-07
   63.029144      1.73574188E-06 -8.09240476E-07 -2.12355644E-07
   63.529388      2.00319255E-06 -9.33897581E-07 -2.45069316E-07
   64.029610      2.31182685E-06 -1.07774565E-06 -2.82819684E-07
   64.529793      2.66796860E-06 -1.24373150E-06 -3.26379990E-07
   65.029915      3.07890878E-06 -1.43525222E-06 -3.76641907E-07
   65.529961      3.55303973E-06 -1.65621782E-06 -4.34631346E-07
   66.029884      4.10001758E-06 -1.91112758E-06 -5.01529257E-07
   66.529579      4.73086993E-06 -2.20512038E-06 -5.78684421E-07
   67.028946      5.45826560E-06 -2.54409747E-06 -6.67645509E-07
   67.527985      6.29687747E-06 -2.93489620E-06 -7.70207293E-07
   68.026711      7.26365215E-06 -3.38541190E-06 -8.88441832E-07
   68.525154      8.37815514E-06 -3.90475907E-06 -1.02474155E-06
   69.023308      9.66281004E-06 -4.50338302E-06 -1.18184755E-06
   69.521164      1.11434802E-05 -5.19333435E-06 -1.36292192E-06
   70.018753      1.28499714E-05 -5.98849647E-06 -1.57160878E-06
   70.516083      1.48166218E-05 -6.90486377E-06 -1.81210555E-06
   71.013168      1.70830335E-05 -7.96088352E-06 -2.08925439E-06
   71.510017      1.96946767E-05 -9.17773104E-06 -2.40861164E-06
   72.006645      2.27040655E-05 -1.05798681E-05 -2.77659774E-06
   72.503052      2.61715195E-05 -1.21953835E-05 -3.20058462E-06
   73.123268      3.12569537E-05 -1.45646427E-05 -3.82238977E-06
   73.619247      3.60257945E-05 -1.67863236E-05 -4.40546319E-06
   74.115067      4.15200047E-05 -1.93458418E-05 -5.07720370E-06
   74.610741      4.78499169E-05 -2.22945564E-05 -5.85108637E-06
   75.106293      5.51425364E-05 -2.56915846E-05 -6.74262628E-06
   75.601738      6.35442120E-05 -2.96050421E-05 -7.76970228E-06
   76.097084      7.32232293E-05 -3.41132327E-05 -8.95286666E-06
   76.592346      8.43737071E-05 -3.93064911E-05 -1.03158272E-05
   77.087570      9.72203125E-05 -4.52893146E-05 -1.18860144E-05
   77.582710      1.12019152E-04 -5.21808433E-05 -1.36946928E-05
   78.077805      1.29067441E-04 -6.01192733E-05 -1.57781451E-05
   78.572929      1.48710213E-04 -6.92650574E-05 -1.81784708E-05
   79.068001      1.71337597E-04 -7.97995745E-05 -2.09432765E-05
   79.563103      1.97406102E-04 -9.19349332E-05 -2.41282651E-05
   80.058319      2.27445591E-04 -1.05917410E-04 -2.77980616E-05
   80.553558      2.62053421E-04 -1.22024496E-04 -3.20255058E-05
   81.048828      3.01925349E-04 -1.40579301E-04 -3.68954425E-05
   81.544167      3.47864028E-04 -1.61954493E-04 -4.25057151E-05
   82.039604      4.00795165E-04 -1.86579797E-04 -4.89691265E-05
   82.535164      4.61785530E-04 -2.14950182E-04 -5.64156690E-05
   83.030861      5.32066682E-04 -2.47636955E-04 -6.49953727E-05
   83.526726      6.13059150E-04 -2.85298796E-04 -7.48812236E-05
   84.022781      7.06401654E-04 -3.28695518E-04 -8.62728120E-05
   84.519058      8.13986757E-04 -3.78703815E-04 -9.94004513E-05
   85.015579      9.37996083E-04 -4.36334376E-04 -1.14529626E-04
   85.512390      1.08095165E-03 -5.02754876E-04 -1.31967274E-04
   86.009499      1.24576432E-03 -5.79312327E-04 -1.52067398E-04
   86.506836      1.43574597E-03 -6.67538727E-04 -1.75232723E-04
   87.004471      1.65478932E-03 -7.69233215E-04 -2.01936709E-04
   87.502487      1.90739136E-03 -8.86473805E-04 -2.32726044E-04
   88.000862      2.19869171E-03 -1.02163386E-03 -2.68225413E-04
   88.624283      2.62635504E-03 -1.21998950E-03 -3.20331106E-04
   89.045319      2.96120252E-03 -1.37537136E-03 -3.61119513E-04
   89.540131      3.40955867E-03 -1.58304698E-03 -4.15727613E-04
   90.040138      3.93146183E-03 -1.82484137E-03 -4.79279202E-04
   90.540535      4.53355256E-03 -2.10366817E-03 -5.52581390E-04
   91.040962      5.22767473E-03 -2.42496841E-03 -6.37072953E-04
   91.541405      6.02780748E-03 -2.79516005E-03 -7.34452100E-04
   92.041847      6.95008785E-03 -3.22164316E-03 -8.46679555E-04
   92.542297      8.01311247E-03 -3.71293467E-03 -9.76014708E-04
   93.042755      9.23830830E-03 -4.27883398E-03 -1.12506177E-03
   93.543213      1.06503498E-02 -4.93060425E-03 -1.29682058E-03
   94.043671      1.22776479E-02 -5.68119250E-03 -1.49474631E-03
   94.544128      1.41529487E-02 -6.54548686E-03 -1.72282406E-03
   95.039368      1.62897240E-02 -7.52944220E-03 -1.98269589E-03
   95.539825      1.87761243E-02 -8.67330283E-03 -2.28508818E-03
   96.040291      2.16410831E-02 -9.98992100E-03 -2.63353949E-03
   96.540764      2.49421205E-02 -1.15051633E-02 -3.03507643E-03
   97.041245      2.87454613E-02 -1.32486969E-02 -3.49779543E-03
   97.541733      3.31273675E-02 -1.52545171E-02 -4.03103186E-03
   98.042221      3.81756686E-02 -1.75615866E-02 -4.64554969E-03
   98.542709      4.39914763E-02 -2.02144459E-02 -5.35376929E-03
   99.043198      5.06912544E-02 -2.32640337E-02 -6.17003907E-03
   99.543686      5.84092103E-02 -2.67685577E-02 -7.11093191E-03
   100.04419      6.72998279E-02 -3.07944082E-02 -8.19553714E-03
   100.54469      7.75406584E-02 -3.54171544E-02 -9.44576319E-03
   101.04521      8.93358663E-02 -4.07226756E-02 -1.08866803E-02
   101.54573      0.10292040     -4.68085669E-02 -1.25468578E-02
   102.04625      0.11856363     -5.37858009E-02 -1.44585567E-02
   102.54677      0.13657326     -6.17807694E-02 -1.66579708E-02
   103.04729      0.15729833     -7.09379762E-02 -1.91859510E-02
   103.54781      0.18113542     -8.14212188E-02 -2.20904537E-02
   104.04832      0.20853958     -9.34144258E-02 -2.54298635E-02
   104.54886      0.24004044     -0.10711809     -2.92756781E-02
   105.04939      0.27625608     -0.12274382     -3.37135196E-02
   105.54993      0.31789988     -0.14050889     -3.88412960E-02
   106.05048      0.36578989     -0.16062766     -4.47662175E-02
   106.55103      0.42085201     -0.18330684     -5.16052321E-02
   107.05158      0.48411956     -0.20875514     -5.94844408E-02
   107.55213      0.55675352     -0.23716077     -6.85413629E-02
   108.05269      0.64006048     -0.26869124     -7.89239928E-02
   108.55325      0.73553693     -0.30352449     -9.07499045E-02
   109.05383      0.84470177     -0.34173578     -0.10404426    
   109.55441      0.96879244     -0.38297334     -0.11883433    
   110.05499       1.1092064     -0.42671797     -0.13520934    
   110.55556       1.2681494     -0.47248709     -0.15325901    
   111.05614       1.4466596     -0.51933545     -0.17256786    
   111.55673       1.6439059     -0.56578553     -0.19269854    
   112.05731       1.8595312     -0.61036867     -0.21330729    
   112.55789       2.0949190     -0.65114939     -0.23473807    
   113.05849       2.3542154     -0.68474919     -0.25501403    
   113.55910       2.6203966     -0.70947564     -0.27171093    
   114.05971       2.8922145     -0.72010291     -0.28549904    
   114.56032       3.1641128     -0.70945156     -0.29559276    
   115.06093       3.4347594     -0.67602074     -0.30189019    
   115.56154       3.6959233     -0.61342388     -0.30353573    
   116.06215       3.9478087     -0.51208150     -0.29829633    
   116.56277       4.1959281     -0.36484721     -0.28052706    
   117.06341       4.4320316     -0.17186728     -0.23476179    
   117.56405       4.6078553      4.21902724E-02 -0.14752568    
   118.06469       4.6356544      0.23925515     -2.37046592E-02
   118.56533       4.4670324      0.39536971      0.10077693    
   119.06597       4.1481147      0.51219368      0.17606676    
   119.56661       3.7889657      0.61442661      0.19430757    
   120.06727       3.4598100      0.71865666      0.18797301    
   120.56793       3.1739607      0.82716197      0.17893326    
   121.06860       2.9072261      0.93040884      0.17930655    
   121.56927       2.6435330       1.0202203      0.18504760    
   122.06933       2.3766298       1.0948215      0.19065690    
   122.53907       2.1263609       1.1544507      0.19309059    
   123.00376       1.8866373       1.2079632      0.19279090    
   123.50124       1.6446745       1.2636125      0.19098064    
   124.00192       1.4243481       1.3219972      0.18853122    
   124.50262       1.2328489       1.3902683      0.18593542    
   125.00332       1.0737932       1.4726551      0.18309300    
   125.50402      0.95055866       1.5739644      0.17949556    
   126.00472      0.86620104       1.6971859      0.17511281    
   126.50542      0.82227391       1.8437991      0.17312944    
   127.00613      0.82008344       2.0035033      0.17961818    
   127.50685      0.78569466       2.1263154      0.20156045    
   128.00757      0.64797044       2.1573815      0.23417670    
   128.50830      0.40662473       2.0453601      0.26129442    
   129.00903     -3.96677107E-02   1.7784584      0.27882022    
   129.50977     -0.54590899       1.4128830      0.27723017    
   130.01050     -0.99423581       1.0370963      0.25614494    
   130.51123      -1.3219686      0.71012890      0.22097471    
   131.01196      -1.5172018      0.45333201      0.17768997    
   131.51270      -1.5948638      0.26258254      0.13225341    
   132.01347      -1.6236271      0.11304569      8.65954906E-02
   132.51427      -1.6230484     -1.85347293E-02  4.64504659E-02
   133.01506      -1.6080050     -0.13738209      1.29960729E-02
   133.51585      -1.5759988     -0.24604906     -1.03801005E-02
   134.01665      -1.5293901     -0.34250748     -2.08508670E-02
   134.51747      -1.4638819     -0.42018861     -2.02124603E-02
   135.01833      -1.3800777     -0.47762480     -8.55646655E-03
   135.51918      -1.2749263     -0.51367992      1.17937811E-02
   136.02010      -1.1638069     -0.53132552      3.32143120E-02
   136.52103      -1.0584766     -0.53558475      4.63650748E-02
   137.02202     -0.95819199     -0.52874964      4.65168953E-02
   137.52307     -0.86212975     -0.51360965      3.53366770E-02
   138.02422     -0.77201468     -0.49748442      1.16513446E-02
   138.52547     -0.69053143     -0.48384258     -1.64676346E-02
   139.02687     -0.61023176     -0.47364989     -4.41133976E-02
   139.52849     -0.52621114     -0.46438897     -6.47665635E-02
   140.03035     -0.44330058     -0.45328864     -7.45849088E-02
   140.53252     -0.36568403     -0.43847328     -7.42461234E-02
   141.03510     -0.28809604     -0.41607493     -6.81045130E-02
   141.53821     -0.21070385     -0.38282269     -6.16181344E-02
   142.04198     -0.12933502     -0.33684090     -5.73426187E-02
   142.54659     -4.40414101E-02 -0.27999151     -5.40224575E-02
   143.05222      3.86417285E-02 -0.21968347     -5.02852350E-02
   143.55908      0.11610802     -0.16475125     -4.23648171E-02
   144.06729      0.17833456     -0.12363325     -2.96521578E-02
   144.57579      0.21478601     -0.10173714     -1.63813252E-02
   145.08437      0.23507272     -9.07896310E-02 -6.31188275E-03
   145.59303      0.24874410     -8.54973793E-02 -2.65735271E-03
   146.10185      0.26148352     -7.78933242E-02 -4.05630702E-03
   146.61092      0.28101367     -6.26599938E-02 -8.04833136E-03
   147.12025      0.30671394     -3.73032130E-02 -1.20839737E-02
   147.50250      0.33033711     -1.30809154E-02 -1.31023452E-02
   148.01257      0.36300665      2.33684685E-02 -8.77838768E-03
   148.52324      0.39343685      6.03811257E-02  2.37591565E-03
   149.03464      0.41917586      9.55250859E-02  1.72345527E-02
   149.54691      0.43878263      0.12708953      3.09495777E-02
   150.05919      0.44851065      0.15307778      3.92597392E-02
   150.56963      0.44357124      0.17193617      4.11948934E-02
   151.07835      0.43049288      0.18531545      3.66653614E-02
   151.58562      0.41018048      0.19527406      2.79741883E-02
   152.09164      0.38467348      0.20484051      2.03258190E-02
   152.59665      0.36325759      0.21641560      1.66531093E-02
   153.10083      0.34798706      0.23153812      1.71518158E-02
   153.60432      0.33671236      0.25038943      2.15858668E-02
   154.10732      0.32828668      0.27219075      2.78452747E-02
   154.60988      0.31487817      0.29463834      3.26369144E-02
   155.11212      0.29490411      0.31516302      3.43974940E-02
   155.61412      0.26707771      0.33246708      3.32427882E-02
   156.11594      0.23326823      0.34588063      2.86950432E-02
   156.61758      0.19439882      0.35514981      2.20197923E-02
   157.11911      0.15507349      0.36035934      1.52746448E-02
   157.62054      0.11898825      0.36256373      1.11123696E-02
   158.12190      8.54182690E-02  0.36188000      9.72235110E-03
   158.62315      5.58654927E-02  0.35793191      1.05325710E-02
   159.12434      2.97789928E-02  0.35079634      1.36213051E-02
   159.50018      1.28117269E-02  0.34356397      1.62154064E-02
   160.00125     -8.00086092E-03  0.33170998      1.80518478E-02
   160.50226     -2.81277690E-02  0.31758675      1.65800154E-02
   161.00322     -4.86218557E-02  0.30180147      1.15997195E-02
   161.50414     -6.91542700E-02  0.28483495      3.59982252E-03
   162.00505     -9.00049582E-02  0.26709822     -6.12208340E-03
   162.50597     -0.11174144      0.24913985     -1.56425759E-02
   163.00688     -0.13445571      0.23124826     -2.32103951E-02
   163.50781     -0.15786596      0.21370876     -2.74020676E-02
   164.00880     -0.17981103      0.19682333     -2.77965888E-02
   164.50987     -0.19922742      0.18087624     -2.52388157E-02
   165.01100     -0.21505317      0.16591579     -2.12232172E-02
   165.51222     -0.22626203      0.15176283     -1.77748203E-02
   166.01353     -0.23264095      0.13826519     -1.68452486E-02
   166.51494     -0.23430373      0.12547858     -1.93424243E-02
   167.01643     -0.22995602      0.11342247     -2.63911039E-02
   167.51804     -0.21860078      0.10203627     -3.73308696E-02
   168.01971     -0.20015043      9.12610367E-02 -4.93732020E-02
   168.52147     -0.17775144      8.04812461E-02 -6.05603084E-02
   169.02332     -0.15568253      6.92374557E-02 -6.92594647E-02
   169.52524     -0.13364254      5.84219396E-02 -7.39487559E-02
   170.02724     -0.11122476      4.90548387E-02 -7.42277354E-02
   170.52933     -8.85773152E-02  4.19469327E-02 -7.08503053E-02
   171.03151     -6.58362433E-02  3.78330424E-02 -6.49807677E-02
   171.53380     -4.12997752E-02  3.72425951E-02 -5.81014231E-02
   172.03621     -1.64053123E-02  3.99324894E-02 -5.15301973E-02
   172.53874      8.40264373E-03  4.54375409E-02 -4.62710038E-02
   173.04137      3.08354311E-02  5.27649745E-02 -4.29427400E-02
   173.54411      4.90507744E-02  6.05464317E-02 -4.13984694E-02
   174.04697      6.42347336E-02  6.87430203E-02 -4.07316312E-02
   174.54990      7.65658766E-02  7.75404125E-02 -4.04057913E-02
   175.05286      8.68113860E-02  8.74059200E-02 -3.97326611E-02
   175.55582      9.65001732E-02  9.89224166E-02 -3.79074216E-02
   176.05876      0.10589109      0.11247624     -3.45134325E-02
   176.56174      0.11432964      0.12805569     -3.01243141E-02
   177.06473      0.12064154      0.14531954     -2.55198255E-02
   177.56772      0.12407520      0.16362794     -2.16537286E-02
   178.07071      0.12413514      0.18199785     -1.97580196E-02
   178.57372      0.12079574      0.19941860     -1.92777365E-02
   179.07677      0.11293790      0.21493384     -1.98348928E-02
   179.57982      0.10129207      0.22795066     -2.11466216E-02
   180.08287      8.79176855E-02  0.23829721     -2.28401609E-02
   180.58591      7.43585676E-02  0.24614680     -2.36327779E-02
   181.08884      6.14729449E-02  0.25076395     -2.28258260E-02
   181.59164      4.90524806E-02  0.25156587     -2.04350371E-02
   182.09433      3.71375158E-02  0.24827757     -1.71352960E-02
   182.59689      2.47257352E-02  0.24098822     -1.41893467E-02
   183.09933      1.28116868E-02  0.23011260     -1.27312690E-02
   183.60165      2.68561440E-03  0.21613002     -1.33639537E-02
   184.10385     -5.24469512E-03  0.19945583     -1.59865785E-02
   184.60594     -1.05810836E-02  0.18046705     -2.01865099E-02
   185.10793     -1.30667593E-02  0.15959613     -2.52126921E-02
   185.60979     -1.22697931E-02  0.13735476     -3.04269698E-02
   186.11154     -7.51116499E-03  0.11411837     -3.54799666E-02
   186.61319      1.61103019E-03  9.00587738E-02 -4.03944850E-02
   187.11472      1.65254697E-02  6.52009174E-02 -4.47343960E-02
   187.61613      3.58104445E-02  3.92921790E-02 -4.82067019E-02
   188.11745      5.92399947E-02  1.22360289E-02 -5.06608784E-02
   188.61864      8.76576155E-02 -1.52398748E-02 -5.27621433E-02
   189.11975      0.12122060     -4.25520539E-02 -5.45580797E-02
   189.62079      0.16366860     -6.95645586E-02 -5.64145148E-02
   190.12178      0.21352670     -9.67264920E-02 -5.82795888E-02
   190.62273      0.26908684     -0.12450173     -6.00322112E-02
   191.12364      0.32922009     -0.15351434     -6.11399114E-02
   191.62459      0.39351535     -0.18473278     -6.14335649E-02
   192.00032      0.44386482     -0.21008757     -6.10863343E-02
   192.50125      0.51563913     -0.24685106     -5.98427616E-02
   193.00195      0.59473217     -0.28730607     -5.74311987E-02
   193.50240      0.68085122     -0.33172125     -5.36308512E-02
   194.00258      0.77431089     -0.38028622     -4.87413853E-02
   194.50249      0.87396991     -0.43324831     -4.35150266E-02
   195.00221      0.98334104     -0.49112698     -3.74477841E-02
   195.50171       1.1030381     -0.55431628     -3.09652127E-02
   196.00102       1.2330545     -0.62332147     -2.45531872E-02
   196.50015       1.3745883     -0.69858301     -1.81686804E-02
   197.12386       1.5681758     -0.80134630     -1.13030151E-02
   197.62267       1.7355863     -0.89029765     -8.08382779E-03
   198.12132       1.9140811     -0.98466218     -7.60221481E-03
   198.61986       2.1024532      -1.0837661     -9.77278128E-03
   199.11827       2.2963233      -1.1870368     -1.39576811E-02
   199.61659       2.4903581      -1.2931168     -1.86126456E-02
   200.11484       2.6802745      -1.3993206     -2.11800057E-02
   200.58238       2.8538704      -1.4950788     -1.97214521E-02
   201.00679       3.0080714      -1.5740882     -1.51113849E-02
   201.50644       3.1845288      -1.6525126     -6.00124802E-03
   202.06941       3.3759577      -1.7165759      6.46983087E-03
   202.55412       3.5302572      -1.7463770      1.64737180E-02
   203.03870       3.6708443      -1.7478101      2.34851465E-02
   203.53093       3.8028386      -1.7146609      2.67300047E-02
   204.00098       3.9178259      -1.6484274      2.69944407E-02
   204.54810       4.0411544      -1.5313649      2.66207717E-02
   205.04132       4.1338186      -1.3981751      2.93406583E-02
   205.50838       4.1860490      -1.2578197      3.58160362E-02
   206.06245       4.1841187      -1.0845549      5.19220009E-02
   206.52745       4.1245642     -0.93794268      7.04877600E-02
   207.03033       4.0161467     -0.77570677      9.25019532E-02
   207.57266       3.8872576     -0.58510453      0.11133617    
   208.03464       3.7871270     -0.39940739      0.11553870    
   208.50595       3.6871796     -0.17230771      0.10578645    
   209.07971       3.6624372      0.22899096      7.13060051E-02
   209.56139       3.8948858      0.67711598      1.69486031E-02
   210.04755       4.0692725       1.1083989     -1.68065913E-02
   210.54678       3.8658242       1.3777535      1.37935132E-02
   211.09796       3.3914933       1.5061054      9.49676335E-02
   211.55264       3.0335348       1.5801628      0.18733627    
   212.02397       2.8414731       1.7104499      0.30846143    
   212.50615       2.7711494       1.9286160      0.45975351    
   213.12065       2.7524912       2.2060235      0.68906891    
   213.61757       2.5308113       2.3322492      0.86929107    
   214.11427       2.1509550       2.3795280       1.0136545    
   214.61079       1.7162631       2.3708146       1.1065358    
   215.10715       1.3585242       2.3871107       1.1621865    
   215.60338       1.1347146       2.4668603       1.1758521    
   216.09950      0.99795765       2.6049280       1.1661960    
   216.59558      0.91884518       2.7664247       1.1366607    
   217.09161      0.83210075       2.9294224       1.1098301    
   217.58765      0.69722593       3.0431828       1.0757377    
   218.08374      0.49419266       3.0825963       1.0405161    
   218.57986      0.27199185       3.0375721       1.0032909    
   219.07602      6.78520463E-03   2.8798485      0.93069339    
   219.57225     -0.30538824       2.6016209      0.79607934    
   220.06856     -0.63448417       2.2132006      0.57470948    
   220.56499     -0.94891620       1.7674402      0.26327425    
   221.06155      -1.1593156       1.3123167     -0.13001956    
   221.55826      -1.2978425      0.88231397     -0.59511626    
   222.05516      -1.3298105      0.52120805      -1.0562420    
   222.55226      -1.2984936      0.21930018      -1.4315059    
   223.04961      -1.2667636     -3.36202681E-02  -1.6728897    
   223.54720      -1.2645636     -0.26340461      -1.7666607    
   224.04503      -1.2823613     -0.46884543      -1.7550693    
   224.54312      -1.3029206     -0.65848809      -1.6698172    
   225.04147      -1.3048328     -0.83108282      -1.5492637    
   225.54005      -1.2879732     -0.97701252      -1.4127738    
   226.03886      -1.2443686      -1.0902579      -1.2776775    
   226.53792      -1.2036922      -1.1700763      -1.1466321    
   227.03716      -1.1825860      -1.2186044      -1.0253137    
   227.53664      -1.1697125      -1.2409952     -0.91109520    
   228.03636      -1.1629474      -1.2425559     -0.80786371    
   228.53633      -1.1664802      -1.2302772     -0.71377587    
   229.03659      -1.1746587      -1.2077013     -0.62828690    
   229.53712      -1.1901437      -1.1741252     -0.54569936    
   230.03799      -1.2113788      -1.1282279     -0.46326667    
   230.53918      -1.2291546      -1.0670356     -0.38286027    
   231.04065      -1.2256005     -0.98280013     -0.30682632    
   231.54227      -1.1827780     -0.87405765     -0.23572114    
   232.04404      -1.1054529     -0.74358183     -0.17145118    
   232.54596      -1.0277247     -0.60217857     -0.13177001    
   233.04802     -0.96508282     -0.46380240     -0.12265161    
   233.55022     -0.91745019     -0.33847475     -0.14531693    
   234.05257     -0.88303638     -0.23553397     -0.19929044    
   234.55495     -0.87940967     -0.15870006     -0.27256650    
   235.05734     -0.89306790     -0.10727195     -0.35318232    
   235.55978     -0.91484219     -8.13435391E-02 -0.41710079    
   236.06227     -0.93797302     -7.93197006E-02 -0.44534677    
   236.56482     -0.97650707     -9.76983011E-02 -0.44684145    
   237.06743      -1.0185978     -0.13027689     -0.43658876    
   237.57011      -1.0322659     -0.17206427     -0.42382962    
   238.07285      -1.0211477     -0.22384480     -0.41673425    
   238.57558     -0.99293876     -0.27695882     -0.42456210    
   239.07823     -0.94551355     -0.33010620     -0.45721483    
   239.58076     -0.87606740     -0.38394848     -0.51594245    
   240.08319     -0.80667675     -0.44325495     -0.59844822    
   240.58554     -0.74593151     -0.51291120     -0.69315398    
   241.08781     -0.69669771     -0.59202099     -0.77810824    
   241.59003     -0.66372514     -0.67584252     -0.83362770    
   242.09218     -0.65940279     -0.75535744     -0.85144210    
   242.59428     -0.68112290     -0.82728738     -0.83967328    
   243.09636     -0.69276971     -0.88304293     -0.80599082    
   243.59837     -0.68990511     -0.91774082     -0.75610453    
   244.10033     -0.67489678     -0.93058848     -0.69805133    
   244.60223     -0.65082139     -0.92764002     -0.64178604    
   245.10413     -0.63460273     -0.91145271     -0.59577811    
   245.60597     -0.62898910     -0.88437158     -0.56420368    
   246.10780     -0.62109476     -0.84871721     -0.55003005    
   246.60963     -0.60748589     -0.80444825     -0.55263674    
   247.11147     -0.58743727     -0.75304329     -0.57353127    
   247.61331     -0.55454433     -0.69559449     -0.61188006    
   248.11520     -0.50699663     -0.63124108     -0.66449279    
   248.61711     -0.45159197     -0.56218076     -0.72737515    
   249.11906     -0.39627290     -0.49237695     -0.79532754    
   249.62108     -0.34720695     -0.42327803     -0.86093217    
   250.12315     -0.31305146     -0.35771322     -0.91620147    
