  0.12474632      2.66044431E-08  1.03450519E-08 -1.66541488E-12
  0.50017345      2.78238872E-08 -2.77784817E-09 -2.89482119E-11
   1.0007112      2.89633562E-08 -1.64850764E-08 -9.57567359E-11
   1.5011811      3.02305310E-08 -2.62370783E-08 -1.95195846E-10
   2.0015700      3.17637721E-08 -3.28774803E-08 -3.34367672E-10
   2.5018795      3.36450796E-08 -3.72600759E-08 -5.20083476E-10
   3.0021112      3.59883181E-08 -3.99030107E-08 -7.60134067E-10
   3.5022826      3.89380688E-08 -4.11383461E-08 -1.06003684E-09
   4.0024195      4.26813109E-08 -4.11200638E-08 -1.41801315E-09
   4.5025353      4.74430415E-08 -3.99509972E-08 -1.82773174E-09
   5.0026474      5.34471098E-08 -3.78684177E-08 -2.29047292E-09
   5.5027671      6.09117876E-08 -3.52127998E-08 -2.81544654E-09
   6.0029030      7.00618159E-08 -3.23474332E-08 -3.42020212E-09
   6.5030551      8.11529901E-08 -2.95615887E-08 -4.13273682E-09
   7.0032248      9.44975653E-08 -2.70106995E-08 -4.94978591E-09
   7.5034132      1.10484478E-07 -2.47331595E-08 -5.89398930E-09
   8.0036135      1.29584663E-07 -2.27184493E-08 -6.99449965E-09
   8.5038261      1.52348733E-07 -2.09983106E-08 -8.32790548E-09
   9.0040474      1.79397347E-07 -1.97267784E-08 -9.93602445E-09
   9.5042772      2.11409329E-07 -1.92215186E-08 -1.18161436E-08
   10.004511      2.49114350E-07 -1.99735215E-08 -1.39597356E-08
   10.504748      2.93291436E-07 -2.26350121E-08 -1.63628062E-08
   11.004990      3.44770456E-07 -2.79984391E-08 -1.90363902E-08
   11.505231      4.04440499E-07 -3.69635913E-08 -2.20154117E-08
   12.005473      4.73267846E-07 -5.04811410E-08 -2.53539536E-08
   12.505716      5.52324423E-07 -6.94852318E-08 -2.91250615E-08
   13.005962      6.42829093E-07 -9.48152987E-08 -3.34169918E-08
   13.506206      7.46202716E-07 -1.27139430E-07 -3.83311587E-08
   14.006449      8.64136041E-07 -1.66897578E-07 -4.39731558E-08
   14.506693      9.98663836E-07 -2.14276710E-07 -5.04461397E-08
   15.006934      1.15224407E-06 -2.69229304E-07 -5.78519490E-08
   15.507174      1.32784180E-06 -3.31538132E-07 -6.63022490E-08
   16.007412      1.52900986E-06 -4.00931782E-07 -7.59326682E-08
   16.507652      1.75996217E-06 -4.77243987E-07 -8.69275567E-08
   17.007891      2.02564320E-06 -5.60590706E-07 -9.95312632E-08
   17.508127      2.33179458E-06 -6.51543019E-07 -1.14053790E-07
   18.008364      2.68502436E-06 -7.51268090E-07 -1.30953580E-07
   18.508598      3.09289317E-06 -8.61625722E-07 -1.50737463E-07
   19.008829      3.56403484E-06 -9.85195470E-07 -1.73950468E-07
   19.509062      4.10831080E-06 -1.12520343E-06 -2.01198404E-07
   20.009295      4.73701994E-06 -1.28536487E-06 -2.33130706E-07
   20.509525      5.46316551E-06 -1.46972138E-06 -2.70437226E-07
   21.009754      6.30178829E-06 -1.68253462E-06 -3.13851700E-07
   21.509983      7.27030374E-06 -1.92830271E-06 -3.64179016E-07
   22.010208      8.38886808E-06 -2.21195637E-06 -4.22317754E-07
   22.510429      9.68076802E-06 -2.53923213E-06 -4.89280126E-07
   23.010654      1.11728095E-05 -2.91714491E-06 -5.66262258E-07
   23.510880      1.28957481E-05 -3.35434083E-06 -6.54738415E-07
   24.011103      1.48848421E-05 -3.86127294E-06 -7.56268321E-07
   24.511326      1.71806059E-05 -4.45012165E-06 -8.72704277E-07
   25.011547      1.98296802E-05 -5.13453551E-06 -1.00628722E-06
   25.511765      2.28859135E-05 -5.92936249E-06 -1.15973171E-06
   26.011982      2.64116861E-05 -6.85060422E-06 -1.33628635E-06
   26.512199      3.04792811E-05 -7.91575076E-06 -1.53977317E-06
   27.012419      3.51724011E-05 -9.14454449E-06 -1.77463096E-06
   27.512634      4.05878054E-05 -1.05600566E-05 -2.04599610E-06
   28.012852      4.68372418E-05 -1.21898083E-05 -2.35971424E-06
   28.513069      5.40495203E-05 -1.40667371E-05 -2.72242369E-06
   29.013285      6.23730302E-05 -1.62298493E-05 -3.14165595E-06
   29.513498      7.19789095E-05 -1.87246860E-05 -3.62598621E-06
   30.013714      8.30645295E-05 -2.16037188E-05 -4.18526679E-06
   30.513929      9.58575547E-05 -2.49269287E-05 -4.83084341E-06
   31.014143      1.10620822E-04 -2.87627499E-05 -5.57584417E-06
   31.514359      1.27657870E-04 -3.31895026E-05 -6.43551903E-06
   32.014572      1.47319050E-04 -3.82972285E-05 -7.42752445E-06
   32.514786      1.70008483E-04 -4.41900665E-05 -8.57225587E-06
   33.014999      1.96192952E-04 -5.09883685E-05 -9.89326236E-06
   33.515217      2.26410950E-04 -5.88313451E-05 -1.14176828E-05
   34.015430      2.61283421E-04 -6.78798242E-05 -1.31766528E-05
   34.515644      3.01527209E-04 -7.83194555E-05 -1.52061139E-05
   35.015862      3.47969763E-04 -9.03634646E-05 -1.75474888E-05
   35.516075      4.01565398E-04 -1.04257873E-04 -2.02486008E-05
   36.016289      4.63415781E-04 -1.20285731E-04 -2.33646915E-05
   36.516502      5.34792722E-04 -1.38772739E-04 -2.69595184E-05
   37.016720      6.17163838E-04 -1.60093914E-04 -3.11068688E-05
   37.516933      7.12222012E-04 -1.84680990E-04 -3.58918805E-05
   38.017147      8.21922382E-04 -2.13030624E-04 -4.14128262E-05
   38.517368      9.48520785E-04 -2.45714356E-04 -4.77828107E-05
   39.017582      1.09461951E-03 -2.83388799E-04 -5.51324665E-05
   39.517796      1.26322370E-03 -3.26808629E-04 -6.36120458E-05
   40.018013      1.45780202E-03 -3.76837503E-04 -7.33945635E-05
   40.518234      1.68235751E-03 -4.34467598E-04 -8.46787661E-05
   41.018448      1.94150920E-03 -5.00833848E-04 -9.76942247E-05
   41.518665      2.24059215E-03 -5.77235420E-04 -1.12705624E-04
   42.018887      2.58576311E-03 -6.65152911E-04 -1.30017215E-04
   42.519104      2.98412796E-03 -7.66274636E-04 -1.49980173E-04
   43.019321      3.44389630E-03 -8.82521330E-04 -1.72997097E-04
   43.519543      3.97454714E-03 -1.01606781E-03 -1.99531700E-04
   44.019764      4.58702259E-03 -1.16937282E-03 -2.30117614E-04
   44.519993      5.29396813E-03 -1.34519942E-03 -2.65366747E-04
   45.020214      6.10999716E-03 -1.54664821E-03 -3.05986439E-04
   45.520435      7.05198385E-03 -1.77717605E-03 -3.52787407E-04
   46.020664      8.13943800E-03 -2.04060087E-03 -4.06703184E-04
   46.520893      9.39493533E-03 -2.34111259E-03 -4.68818529E-04
   47.021122      1.08445799E-02 -2.68325023E-03 -5.40360925E-04
   47.521351      1.25185717E-02 -3.07187298E-03 -6.22732332E-04
   48.021580      1.44519005E-02 -3.51206190E-03 -7.17534451E-04
   48.521816      1.66851040E-02 -4.00902331E-03 -8.26599135E-04
   49.022049      1.92651618E-02 -4.56784712E-03 -9.51996539E-04
   49.522278      2.22465694E-02 -5.19295782E-03 -1.09584094E-03
   50.022514      2.56927870E-02 -5.88825671E-03 -1.26121670E-03
   50.522751      2.96776518E-02 -6.65736571E-03 -1.45233201E-03
   51.022991      3.42872627E-02 -7.50128273E-03 -1.67426246E-03
   51.523232      3.96220013E-02 -8.41388199E-03 -1.92981411E-03
   52.023468      4.57989052E-02 -9.38614737E-03 -2.22095964E-03
   52.523712      5.29607385E-02 -1.04159005E-02 -2.57281517E-03
   53.023956      6.12680390E-02 -1.15025928E-02 -2.99794623E-03
   53.524204      7.08982572E-02 -1.26255248E-02 -3.48475203E-03
   54.024452      8.20693895E-02 -1.37371281E-02 -4.05407231E-03
   54.524696      9.49943662E-02 -1.47750480E-02 -4.49283747E-03
   55.024948      0.10994387     -1.55989723E-02 -4.64895321E-03
   55.525200      0.12726444     -1.60488281E-02 -4.53802850E-03
   56.025455      0.14735363     -1.59143191E-02 -4.15434176E-03
   56.525711      0.17072606     -1.48817841E-02 -3.64951347E-03
   57.025970      0.19805135     -1.26114404E-02 -3.16304783E-03
   57.526230      0.23017374     -8.72758403E-03 -3.20856087E-03
   58.026489      0.26811144     -2.87248357E-03 -4.43976605E-03
   58.526756      0.31313825      4.67558857E-03 -7.11812824E-03
   59.027020      0.36692005      1.23422705E-02 -1.11393053E-02
   59.527283      0.43086812      2.06548851E-02 -1.54854208E-02
   60.027550      0.50585979      3.28913145E-02 -1.67979114E-02
   60.527817      0.58702898      0.13732244     -9.48116556E-03
   61.028088      0.67650056      0.24776718      7.56905824E-02
   61.528358      0.77639908      0.38444740      0.17496186    
   62.028625      0.88882107      0.54540288      0.19490053    
   62.528889       1.0194802      0.73413128      0.15569173    
   63.029144       1.1766304      0.93262833      0.10169110    
   63.529388       1.3659149       1.1295247      6.01130202E-02
   64.029610       1.5902312       1.3175240      3.63245830E-02
   64.529793       1.8482997       1.4873970      2.23372653E-02
   65.029915       2.1477137       1.6109670      8.40351265E-03
   65.529961       2.5023572       1.6823226     -1.26386182E-02
   66.029884       2.8691163       1.7996173     -3.20405364E-02
   66.529579       3.2043214       1.9769446     -3.92266773E-02
   67.028946       3.5057125       2.1721737     -3.92146632E-02
   67.527985       3.8162084       2.2943056     -2.96122767E-02
   68.026711       4.1320682       2.3468497     -1.19608259E-02
   68.525154       4.4257574       2.3122933      8.88752099E-03
   69.023308       4.6846189       2.2114832      2.90469583E-02
   69.521164       4.9059811       2.0875335      4.07212004E-02
   70.018753       5.0857277       1.9381449      4.16873246E-02
   70.516083       5.2145576       1.7475789      3.92773636E-02
   71.013168       5.3058138       1.5177473      3.84618230E-02
   71.510017       5.3632936       1.2566800      4.27981243E-02
   72.006645       5.3912692      0.98503131      5.16593941E-02
   72.503052       5.3918810      0.68614286      6.11860007E-02
   73.123268       5.3570309      0.26504886      6.61896840E-02
   73.619247       5.2912436     -9.20021459E-02  6.39265552E-02
   74.115067       5.1920447     -0.45708305      5.67552112E-02
   74.610741       5.0768232     -0.84107912      5.25303781E-02
   75.106293       4.9655504      -1.2576636      5.71568385E-02
   75.601738       4.8427296      -1.6910890      5.85530289E-02
   76.097084       4.6866455      -2.1295385      4.78343107E-02
   76.592346       4.4860773      -2.5738907      3.31592821E-02
   77.087570       4.2463541      -3.0378656      1.67519767E-02
   77.582710       4.0049281      -3.5479441     -6.76080526E-04
   78.077805       3.7648456      -4.1233640     -1.48511790E-02
   78.572929       3.4919477      -4.7670388     -1.65328514E-02
   79.068001       3.1301627      -5.3663249     -9.77696109E-05
   79.563103       2.6306586      -5.8080812      6.04467243E-02
   80.058319       2.0559011      -6.1395912      0.11474406    
   80.553558       1.4324257      -6.4648781      0.12493431    
   81.048828      0.75152290      -6.9412665      6.67849183E-02
   81.544167      1.21649168E-02  -7.8055925     -5.29566444E-02
   82.039604     -0.57394415      -7.2840610     -9.12610441E-02
   82.535164     -0.70583665      -4.3608799     -9.24338177E-02
   83.030861     -0.72845101      -2.2544086     -0.20704263    
   83.526726     -0.73194122     -0.99433154     -0.40374392    
   84.022781     -0.73289174     -0.17337501     -0.78230923    
   84.519058     -0.73396039      0.48602468     -0.71657008    
   85.015579     -0.73271114      0.86893117     -0.46521774    
   85.512390     -0.73535311       5.5276423     -1.62981246E-02
   86.009499     -0.74019140       5.0802298     -2.57489184E-04
   86.506836     -0.74484545       4.6089005      3.38822491E-02
   87.004471     -0.75652319       3.1320353      1.88526679E-02
   87.502487     -0.76544040       0.0000000       0.0000000    
   88.000862     -0.76482296      -3.1319633     -2.83780377E-02
   88.624283     -0.76477212      -3.1319609     -2.86804587E-02
   89.045319     -0.76474160      -3.1319628     -2.84534562E-02
   89.540131     -0.76470506      -3.1319675     -2.79374737E-02
   90.040138     -0.76506627       0.0000000       0.0000000    
   90.540535     -0.76506633       0.0000000       0.0000000    
   91.040962     -0.76506633       0.0000000       0.0000000    
   91.541405     -0.76506633       0.0000000       0.0000000    
   92.041847     -0.76506633       0.0000000       0.0000000    
   92.542297     -0.76506633       0.0000000       0.0000000    
   93.042755     -0.76506633       0.0000000       0.0000000    
   93.543213     -0.76506633       0.0000000       0.0000000    
   94.043671     -0.76506633       0.0000000       0.0000000    
   94.544128     -0.76506633       0.0000000       0.0000000    
   95.039368     -0.76506633       0.0000000       0.0000000    
   95.539825     -0.76506633       0.0000000       0.0000000    
   96.040291     -0.76907277      -1.2655656      -1.0468593    
   96.540764     -0.75654203      0.45551884      -3.0987906    
   97.041245     -0.68018448      0.68039179      -3.5148849    
   97.541733     -0.56248474      0.61597657      -2.2698436    
   98.042221     -0.43106234      0.43122292      -1.7020497    
   98.542709     -0.30227372      1.25183370E-02  -1.2984360    
   99.043198     -0.19149122     -0.46725121      -1.0390949    
   99.543686     -0.10893402     -0.76083583     -0.89496243    
   100.04419     -5.04321530E-02 -0.91389841     -0.82019550    
   100.54469     -5.72916400E-03 -0.99943095     -0.77872050    
   101.04521      3.70563604E-02  -1.0346638     -0.74860334    
   101.54573      7.46882558E-02  -1.0264059     -0.73759079    
   102.04625      0.10788833     -0.99090219     -0.72371680    
   102.54677      0.13558811     -0.94345808     -0.69504488    
   103.04729      0.15083963     -0.88618910     -0.65065980    
   103.54781      0.15800068     -0.80638003     -0.60181546    
   104.04832      0.16461261     -0.73556232     -0.53366649    
   104.54886      0.17249845     -0.67246503     -0.43647426    
   105.04939      0.18173149     -0.62850159     -0.33200350    
   105.54993      0.18830194     -0.62686419     -0.26319775    
   106.05048      0.18579590     -0.66633987     -0.25097233    
   106.55103      0.17180030     -0.71451735     -0.26873630    
   107.05158      0.14787367     -0.75823748     -0.31502506    
   107.55213      0.11657375     -0.80498320     -0.39893135    
   108.05269      7.48634934E-02 -0.84062392     -0.49156237    
   108.55325      2.42370199E-02 -0.84364593     -0.56713885    
   109.05383     -2.85952426E-02 -0.81812185     -0.60471612    
   109.55441     -7.44594634E-02 -0.77997357     -0.62090975    
   110.05499     -0.11386737     -0.73566771     -0.61671591    
   110.55556     -0.14800352     -0.69042665     -0.58545363    
   111.05614     -0.17675844     -0.64669836     -0.53873646    
   111.55673     -0.20064998     -0.60303748     -0.48405364    
   112.05731     -0.21938314     -0.55349803     -0.43311563    
   112.55789     -0.23269558     -0.49265611     -0.39842367    
   113.05849     -0.24116559     -0.42654032     -0.38250166    
   113.55910     -0.24592420     -0.36547846     -0.38813889    
   114.05971     -0.24888667     -0.31327274     -0.40398568    
   114.56032     -0.25126308     -0.27290562     -0.42952347    
   115.06093     -0.25390407     -0.24556026     -0.46037504    
   115.56154     -0.25634205     -0.23007225     -0.49559259    
   116.06215     -0.25879884     -0.22233248     -0.53537345    
   116.56277     -0.26260933     -0.21891831     -0.57177901    
   117.06341     -0.26762009     -0.21551280     -0.59420389    
   117.56405     -0.27249956     -0.21110275     -0.59187245    
   118.06469     -0.27663451     -0.20555691     -0.56918412    
   118.56533     -0.27985591     -0.19835009     -0.53109235    
   119.06597     -0.28144330     -0.18974277     -0.48703581    
   119.56661     -0.28170604     -0.18265246     -0.44374961    
   120.06727     -0.28138056     -0.17982349     -0.40775111    
   120.56793     -0.28083500     -0.17960462     -0.38483572    
   121.06860     -0.28015101     -0.18030620     -0.37711969    
   121.56927     -0.27995065     -0.18102720     -0.38166603    
   122.06933     -0.27979314     -0.18179546     -0.39289671    
   122.53907     -0.27914178     -0.18227670     -0.41113171    
   123.00376     -0.27767146     -0.18040089     -0.43528682    
   123.50124     -0.27505663     -0.17332603     -0.46367028    
   124.00192     -0.27026629     -0.16108713     -0.49685103    
   124.50262     -0.26265517     -0.14449137     -0.53379536    
   125.00332     -0.25218618     -0.12587327     -0.57182103    
   125.50402     -0.23920858     -0.10661625     -0.60663396    
   126.00472     -0.22403717     -8.80698040E-02 -0.63729614    
   126.50542     -0.20721354     -7.21833706E-02 -0.65922487    
   127.00613     -0.18874004     -5.84807843E-02 -0.66363859    
   127.50685     -0.16858445     -4.75610718E-02 -0.65122098    
   128.00757     -0.14688072     -4.14703563E-02 -0.62542975    
   128.50830     -0.12499162     -4.33318466E-02 -0.58643961    
   129.00903     -0.10366032     -5.60765117E-02 -0.53994471    
   129.50977     -8.36780593E-02 -8.55550244E-02 -0.49322775    
   130.01050     -6.86836392E-02 -0.12685026     -0.45450088    
   130.51123     -5.95760643E-02 -0.17379220     -0.42835224    
   131.01196     -5.63871898E-02 -0.21698546     -0.41873258    
   131.51270     -5.94276488E-02 -0.24808250     -0.42734972    
   132.01347     -6.76385909E-02 -0.26407036     -0.43815678    
   132.51427     -7.76954666E-02 -0.26911080     -0.45419827    
   133.01506     -8.82045180E-02 -0.26926562     -0.47448599    
   133.51585     -9.90538821E-02 -0.26713911     -0.49492562    
   134.01665     -0.10967790     -0.26231459     -0.51402819    
   134.51747     -0.11883557     -0.25483328     -0.53442132    
   135.01833     -0.12666470     -0.24404901     -0.55414712    
   135.51918     -0.13297036     -0.22773232     -0.57248271    
   136.02010     -0.13717167     -0.20838556     -0.59039384    
   136.52103     -0.13911456     -0.18734084     -0.60774195    
   137.02202     -0.13883036     -0.16481426     -0.62153077    
   137.52307     -0.13624611     -0.14346337     -0.63072097    
   138.02422     -0.13165073     -0.12649168     -0.63442093    
   138.52547     -0.12541768     -0.11296245     -0.63599491    
   139.02687     -0.11789703     -0.10221464     -0.63576239    
   139.52849     -0.10951212     -9.35008526E-02 -0.63199544    
   140.03035     -0.10048914     -8.64019096E-02 -0.62441033    
   140.53252     -9.09072086E-02 -8.11944678E-02 -0.61499786    
   141.03510     -8.09793249E-02 -7.84567371E-02 -0.60478598    
   141.53821     -7.08925575E-02 -8.07356834E-02 -0.59299946    
   142.04198     -6.10999092E-02 -9.18591395E-02 -0.57943362    
   142.54659     -5.36547340E-02 -0.10989546     -0.56558436    
   143.05222     -4.98179570E-02 -0.13232970     -0.55409062    
   143.55908     -4.97884639E-02 -0.15641980     -0.54548866    
   144.06729     -5.37093058E-02 -0.17766805     -0.53984773    
   144.57579     -6.12005666E-02 -0.19185363     -0.53617859    
   145.08437     -7.12137595E-02 -0.19595647     -0.53250247    
   145.59303     -8.28514025E-02 -0.19159713     -0.52699602    
   146.10185     -9.46495384E-02 -0.18448743     -0.52056015    
   146.61092     -0.10594013     -0.17762707     -0.51590592    
   147.12025     -0.11647931     -0.17126255     -0.51379091    
   147.50250     -0.12362590     -0.16689806     -0.51275986    
   148.01257     -0.13204029     -0.16067556     -0.51084572    
   148.52324     -0.13943869     -0.15323894     -0.50733262    
   149.03464     -0.14554870     -0.14499655     -0.50475138    
   149.54691     -0.15010726     -0.13651036     -0.50472039    
   150.05919     -0.15270923     -0.12753414     -0.50884414    
   150.56963     -0.15333360     -0.11863932     -0.51658213    
   151.07835     -0.15221074     -0.10998828     -0.52698296    
   151.58562     -0.14957145     -0.10115654     -0.53925008    
   152.09164     -0.14553061     -9.18238312E-02 -0.55223757    
   152.59665     -0.14039078     -8.21744129E-02 -0.56381571    
   153.10083     -0.13434081     -7.27558732E-02 -0.57230139    
   153.60432     -0.12768543     -6.41234815E-02 -0.57822943    
   154.10732     -0.12034062     -5.66281304E-02 -0.57800740    
   154.60988     -0.11258213     -5.07453643E-02 -0.57227153    
   155.11212     -0.10466681     -4.71632406E-02 -0.56264019    
   155.61412     -9.71238241E-02 -4.60675508E-02 -0.55041599    
   156.11594     -8.99401903E-02 -4.87708300E-02 -0.53640348    
   156.61758     -8.34382772E-02 -5.66458441E-02 -0.52209216    
   157.11911     -7.85465762E-02 -6.74447641E-02 -0.50958616    
   157.62054     -7.55908489E-02 -7.82732815E-02 -0.49986193    
   158.12190     -7.44087845E-02 -8.73582959E-02 -0.49374181    
   158.62315     -7.44377524E-02 -9.17758867E-02 -0.49064910    
   159.12434     -7.48734623E-02 -9.18257013E-02 -0.48974505    
   159.50018     -7.51349702E-02 -9.07498822E-02 -0.48973143    
   160.00125     -7.54768997E-02 -8.86866450E-02 -0.48942798    
   160.50226     -7.57415742E-02 -8.59658644E-02 -0.48937604    
   161.00322     -7.56906867E-02 -8.24630708E-02 -0.49046266    
   161.50414     -7.48893097E-02 -7.79154077E-02 -0.49366972    
   162.00505     -7.30209947E-02 -7.19864741E-02 -0.49779177    
   162.50597     -6.96307793E-02 -6.47803470E-02 -0.50310230    
   163.00688     -6.45493269E-02 -5.69589436E-02 -0.50950122    
   163.50781     -5.78646027E-02 -4.90462296E-02 -0.51675725    
   164.00880     -4.99991216E-02 -4.24968414E-02 -0.52190685    
   164.50987     -4.15328182E-02 -3.80472541E-02 -0.52327329    
   165.01100     -3.30984928E-02 -3.53675745E-02 -0.51968604    
   165.51222     -2.48815976E-02 -3.38416360E-02 -0.51193732    
   166.01353     -1.65934041E-02 -3.44750099E-02 -0.50089806    
   166.51494     -8.52543674E-03 -3.81000154E-02 -0.48832282    
   167.01643     -1.26594084E-03 -4.33721729E-02 -0.47588682    
   167.51804      5.23084216E-03 -4.78518531E-02 -0.46573928    
   168.01971      1.13971289E-02 -4.98645343E-02 -0.46000069    
   168.52147      1.77857429E-02 -4.86319736E-02 -0.45949295    
   169.02332      2.47660819E-02 -4.50827740E-02 -0.46323958    
   169.52524      3.21556032E-02 -4.40486260E-02 -0.46921521    
   170.02724      3.93554792E-02 -4.61238362E-02 -0.47633302    
   170.52933      4.59604524E-02 -5.00827432E-02 -0.48136768    
   171.03151      5.14519885E-02 -5.80730103E-02 -0.48131156    
   171.53380      5.51001169E-02 -7.21971244E-02 -0.47513777    
   172.03621      5.63253202E-02 -9.42236409E-02 -0.46376190    
   172.53874      5.43601625E-02 -0.12174992     -0.44888464    
   173.04137      4.91354614E-02 -0.14433518     -0.43410289    
   173.54411      4.12646197E-02 -0.15627240     -0.42237779    
   174.04697      3.18337269E-02 -0.15590079     -0.41563013    
   174.54990      2.24962607E-02 -0.14536001     -0.41691530    
   175.05286      1.47554940E-02 -0.13259359     -0.42324972    
   175.55582      8.53127986E-03 -0.11965291     -0.43280351    
   176.05876      3.31373257E-03 -0.10771164     -0.44467789    
   176.56174     -1.16142910E-03 -9.85866040E-02 -0.45573369    
   177.06473     -5.08357538E-03 -9.34511349E-02 -0.46325156    
   177.56772     -9.18938033E-03 -9.31916907E-02 -0.46647149    
   178.07071     -1.39095532E-02 -9.67996418E-02 -0.46300814    
   178.57372     -1.93791669E-02 -0.10287350     -0.45412189    
   179.07677     -2.58621704E-02 -0.11041496     -0.44173902    
   179.57982     -3.36028561E-02 -0.11848273     -0.42809397    
   180.08287     -4.26659547E-02 -0.12169606     -0.41511422    
   180.58591     -5.21026216E-02 -0.11461480     -0.40543640    
   181.08884     -6.00425526E-02 -0.10382053     -0.40073380    
   181.59164     -6.52361587E-02 -8.89266655E-02 -0.40319166    
   182.09433     -6.64743856E-02 -7.00204819E-02 -0.40863210    
   182.59689     -6.32464066E-02 -4.73414734E-02 -0.41641301    
   183.09933     -5.50748259E-02 -1.98549684E-02 -0.42658299    
   183.60165     -4.21872400E-02  7.08570331E-03 -0.43897754    
   184.10385     -2.51502953E-02  3.80971208E-02 -0.45242777    
   184.60594     -2.41275760E-03  7.42282867E-02 -0.46369216    
   185.10793      2.54664198E-02  0.10964827     -0.47078058    
   185.60979      5.73770292E-02  0.14011736     -0.47275731    
   186.11154      9.26042572E-02  0.16455428     -0.46845189    
   186.61319      0.12996018      0.18272923     -0.46178144    
   187.11472      0.16899106      0.19597314     -0.45495799    
   187.61613      0.20961402      0.20553054     -0.45004296    
   188.11745      0.25267553      0.21245697     -0.44938156    
   188.61864      0.29798245      0.21415374     -0.45291615    
   189.11975      0.34502617      0.20406340     -0.46032912    
   189.62079      0.39152777      0.18491292     -0.46452379    
   190.12178      0.43496072      0.16562970     -0.46147707    
   190.62273      0.47167274      0.15815781     -0.44263655    
   191.12364      0.49749947      0.15404461     -0.33943576    
   191.62459      0.52664250      0.16054595     -0.20515688    
   192.00032      0.54954535      0.16886279     -9.42383483E-02
   192.50125      0.56841129      0.17612797      3.50291654E-02
   193.00195      0.58003902      0.18023106      4.24046963E-02
   193.50240      0.59258592      0.17641467     -8.15656874E-03
   194.00258      0.60673493      0.15962221     -6.08514249E-02
   194.50249      0.62063730      0.13572079     -0.10216477    
   195.00221      0.63158190      9.87018794E-02 -0.13079655    
   195.50171      0.63861686      4.98021357E-02 -0.14730433    
   196.00102      0.63598818     -1.87346316E-03 -0.16097549    
   196.50015      0.62743151     -5.63991964E-02 -0.17063934    
   197.12386      0.60994971     -0.13207597     -0.17660503    
   197.62267      0.58881623     -0.20407887     -0.18223231    
   198.12132      0.56294167     -0.29116577     -0.19340234    
   198.61986      0.52974647     -0.40437368     -0.19988839    
   199.11827      0.48508731     -0.53429264     -0.18834038    
   199.61659      0.42491454     -0.67219871     -0.14866212    
   200.11484      0.33772552     -0.74059337     -0.11287884    
   200.58238      0.24258250     -0.75501370     -9.34998170E-02
   201.00679      0.14536619     -0.92151409     -7.91242346E-02
   201.50644      2.96188667E-02 -0.91049260     -7.26764798E-02
   202.06941     -8.82219076E-02 -0.88279718     -7.67868012E-02
   202.55412     -0.17898183     -0.87280101     -9.04450938E-02
   203.03870     -0.26138392     -0.87923723     -0.10639551    
   203.53093     -0.33824205     -0.90177310     -0.11302383    
   204.00098     -0.40596658     -0.94078666     -0.10940071    
   204.54810     -0.47784340      -1.0063787     -9.59362537E-02
   205.04132     -0.53623962      -1.0826000     -7.75141194E-02
   205.50838     -0.58639282      -1.1722879     -5.17192297E-02
   206.06245     -0.64148092      -1.3692838     -1.06052281E-02
   206.52745     -0.68336064      -1.7076712      1.65203419E-02
   207.03033     -0.72246790      -2.4988000      4.05162089E-02
   207.57266     -0.75253260      -3.6929834     -0.25276318    
   208.03464     -0.76516223       0.0000000       0.0000000    
   208.50595     -0.77235502      -1.1745239     -1.95100065E-03
   209.07971     -0.77275366     -0.92370129     -6.95831776E-02
   209.56139     -0.76913273       0.0000000       0.0000000    
   210.04755     -0.76619041      9.46902260E-02  7.80645460E-02
   210.54678     -0.75623083       1.0109534      -3.0086582    
   211.09796     -0.73559755       1.1207327      -5.3906641    
   211.55264     -0.71736467       1.2029346      -5.1712995    
   212.02397     -0.69223499       1.3286998      -3.9283428    
   212.50615     -0.65791428       1.4125019      -2.9949467    
   213.12065     -0.59697020       1.4256111      -2.1385319    
   213.61757     -0.52636075       1.3369992      -1.6073525    
   214.11427     -0.43911171       1.2250724      -1.2617671    
   214.61079     -0.33958602       1.1296676      -1.0526923    
   215.10715     -0.23141658       1.0352173     -0.92265302    
   215.60338     -0.11504424      0.92600024     -0.82638234    
   216.09950      9.80155356E-03  0.76436156     -0.72295672    
   216.59558      0.13757290      0.54408592     -0.60889977    
   217.09161      0.26302540      0.32364014     -0.50598621    
   217.58765      0.37305868      0.18117668     -0.43450490    
   218.08374      0.46891353      0.12305911     -0.39126340    
   218.57986      0.54910845      0.14592285     -0.28462806    
   219.07602      0.60436261      0.19577391     -0.10645809    
   219.57225      0.63295454      0.27792057      5.81214391E-02
   220.06856      0.65456694      0.37120366      8.90142322E-02
   220.56499      0.68823814      0.43602288      6.86376840E-02
   221.06155      0.74542701      0.47704878      3.45910005E-02
   221.55826      0.82356960      0.50227046      1.17276963E-02
   222.05516      0.90950012      0.48041171      1.61103550E-02
   222.55226       1.0010035      0.43127346      3.03364526E-02
   223.04961       1.0916020      0.36534709      3.85177396E-02
   223.54720       1.1770580      0.27814406      3.09861042E-02
   224.04503       1.2530177      0.16671878      8.44360609E-03
   224.54312       1.3161044      4.20461372E-02 -8.28441978E-03
   225.04147       1.3639945     -7.96334296E-02 -1.06173633E-02
   225.54005       1.3910007     -0.19047433      8.80090613E-03
   226.03886       1.3952416     -0.30787569      4.85175624E-02
   226.53792       1.3577521     -0.44440293      9.06003043E-02
   227.03716       1.2982121     -0.57959300      0.13517134    
   227.53664       1.2232597     -0.71430349      0.16741987    
   228.03636       1.1312835     -0.85280734      0.19407655    
   228.53633       1.0211213     -0.99972314      0.22228824    
   229.03659      0.89411724      -1.1565771      0.24762456    
   229.53712      0.75604570      -1.3231466      0.26850265    
   230.03799      0.61025882      -1.5106922      0.28342199    
   230.53918      0.45570791      -1.7525002      0.28474256    
   231.04065      0.26879799      -2.0967464      0.20009053    
   231.54227      4.00935858E-02  -2.1845467      0.19967443    
   232.04404     -0.15635504      -2.2562108      0.14369510    
   232.54596     -0.33100730      -2.7315180      8.25352743E-02
   233.04802     -0.47601172      -2.6278577      3.83137986E-02
   233.55022     -0.58758807      -2.5683079      2.16904469E-02
   234.05257     -0.67215204      -2.6718318      1.94337070E-02
   234.55495     -0.72803700      -3.3896842     -5.04332967E-03
   235.05734     -0.76130211      -2.9431152      -1.0714816    
   235.55978     -0.76653957       0.0000000       0.0000000    
   236.06227     -0.76653957       0.0000000       0.0000000    
   236.56482     -0.76653957       0.0000000       0.0000000    
   237.06743     -0.76653957       0.0000000       0.0000000    
   237.57011     -0.76581490       0.0000000       0.0000000    
   238.07285     -0.74993014       1.6598735       3.6550903    
   238.57558     -0.68652642       1.6871824       1.6474762    
   239.07823     -0.56470424       1.7212338       1.7466271    
   239.58076     -0.43415433       1.6212488       1.4552553    
   240.08319     -0.29582462       1.3981091       1.0166402    
   240.58554     -0.15291236       1.0904258      0.62018454    
   241.08781      1.41402502E-02  0.81647956      0.22545318    
   241.59003      0.21124011      0.59189820     -0.13319880    
   242.09218      0.42425865      0.50375175     -0.41586089    
   242.59428      0.60269570      0.51109362     -0.47904837    
   243.09636      0.70280361      0.57292998     -0.17970689    
   243.59837      0.79772872      0.68300790     -0.10409845    
   244.10033      0.89517725      0.82440269     -0.13969600    
   244.60223       1.0054446      0.96497458     -0.20447154    
   245.10413       1.1286795       1.0718204     -0.27636200    
   245.60597       1.2796228       1.1402410     -0.36778614    
   246.10780       1.4765525       1.1606773     -0.53731477    
   246.60963       1.7212262       1.1857314     -0.74055135    
   247.11147       1.9876940       1.2101394     -0.90472567    
   247.61331       2.2410457       1.2028016     -0.99562520    
   248.11520       2.4473455       1.1752882      -1.0173934    
   248.61711       2.6172519       1.1376834      -1.0289106    
   249.11906       2.7746253       1.0801946      -1.0896310    
   249.62108       2.9305949      0.97622597      -1.1860899    
   250.12315       3.0689561      0.84841770      -1.2783701    
