  0.12474632      6.90372037E-10  4.17685997E-10 -5.45119418E-12
  0.50017345      7.06190106E-10  4.58275945E-10 -8.07943035E-12
   1.0007112      7.30108196E-10  5.14991494E-10 -1.59294262E-11
   1.5011811      7.58548890E-10  5.75133385E-10 -2.86440316E-11
   2.0015700      7.93679678E-10  6.39347519E-10 -4.58282856E-11
   2.5018795      8.38571546E-10  7.08477166E-10 -6.71160627E-11
   3.0021112      8.94408547E-10  7.83561660E-10 -9.34647290E-11
   3.5022826      9.62123048E-10  8.65731709E-10 -1.26311447E-10
   4.0024195      1.04314357E-09  9.56289714E-10 -1.67755199E-10
   4.5025353      1.13790521E-09  1.05665965E-09 -2.21595159E-10
   5.0026474      1.24715993E-09  1.16838272E-09 -2.92043695E-10
   5.5027671      1.37233702E-09  1.29318067E-09 -3.83204357E-10
   6.0029030      1.51590007E-09  1.43308510E-09 -4.98677544E-10
   6.5030551      1.68169279E-09  1.59060354E-09 -6.41388997E-10
   7.0032248      1.87495353E-09  1.76888504E-09 -8.13806134E-10
   7.5034132      2.10203543E-09  1.97181871E-09 -1.01808728E-09
   8.0036135      2.37078090E-09  2.20406848E-09 -1.25585387E-09
   8.5038261      2.69189315E-09  2.47115728E-09 -1.52767510E-09
   9.0040474      3.07674353E-09  2.77956191E-09 -1.83451543E-09
   9.5042772      3.53674645E-09  3.13655502E-09 -2.17880758E-09
   10.004511      4.08200274E-09  3.54993102E-09 -2.56560884E-09
   10.504748      4.72068518E-09  4.02791311E-09 -3.00340863E-09
   11.004990      5.46024381E-09  4.57940752E-09 -3.50391183E-09
   11.505231      6.30991748E-09  5.21466959E-09 -4.08093692E-09
   12.005473      7.28360572E-09  5.94620797E-09 -4.74903894E-09
   12.505716      8.40177172E-09  6.78957068E-09 -5.52259793E-09
   13.005962      9.69156844E-09  7.76380293E-09 -6.41595932E-09
   13.506206      1.11855467E-08  8.89155061E-09 -7.44456674E-09
   14.006449      1.29199718E-08  1.01989466E-08 -8.62661409E-09
   14.506693      1.49337573E-08  1.17154801E-08 -9.98447902E-09
   15.006934      1.72687251E-08  1.34741347E-08 -1.15455521E-08
   15.507174      1.99711714E-08  1.55119224E-08 -1.33424720E-08
   16.007412      2.30942128E-08  1.78708532E-08 -1.54130788E-08
   16.507652      2.67001283E-08  2.05992059E-08 -1.78005344E-08
   17.007891      3.08623598E-08  2.37530138E-08 -2.05539479E-08
   17.508127      3.56671634E-08  2.73976450E-08 -2.37296085E-08
   18.008364      4.12149461E-08  3.16093107E-08 -2.73925345E-08
   18.508598      4.76216613E-08  3.64764858E-08 -3.16181570E-08
   19.008829      5.50207808E-08  4.21015152E-08 -3.64940540E-08
   19.509062      6.35657074E-08  4.86023026E-08 -4.21217052E-08
   20.009295      7.34328438E-08  5.61144446E-08 -4.86182188E-08
   20.509525      8.48252597E-08  6.47938165E-08 -5.61184166E-08
   21.009754      9.79773418E-08  7.48200080E-08 -6.47774741E-08
   21.509983      1.13159686E-07  8.64001919E-08 -7.47739222E-08
   22.010208      1.30684768E-07  9.97735157E-08 -8.63133565E-08
   22.510429      1.50913792E-07  1.15216530E-07 -9.96328922E-08
   23.010654      1.74264159E-07  1.33048772E-07 -1.15006159E-07
   23.510880      2.01217659E-07  1.53639064E-07 -1.32749065E-07
   24.011103      2.32330223E-07  1.77412844E-07 -1.53225912E-07
   24.511326      2.68243525E-07  2.04861038E-07 -1.76857597E-07
   25.011547      3.09697668E-07  2.36549639E-07 -2.04129549E-07
   25.511765      3.57546014E-07  2.73131036E-07 -2.35601661E-07
   26.011982      4.12773090E-07  3.15358051E-07 -2.71920243E-07
   26.512199      4.76514913E-07  3.64099350E-07 -3.13830981E-07
   27.012419      5.50081779E-07  4.20356741E-07 -3.62194214E-07
   27.512634      6.34984985E-07  4.85286364E-07 -4.18002401E-07
   28.012852      7.32969966E-07  5.60223384E-07 -4.82401674E-07
   28.513069      8.46050284E-07  6.46708259E-07 -5.56714440E-07
   29.013285      9.76549359E-07  7.46518424E-07 -6.42466375E-07
   29.513498      1.12714997E-06  8.61706781E-07 -7.41419569E-07
   30.013714      1.30094872E-06  9.94641937E-07 -8.55607595E-07
   30.513929      1.50151777E-06  1.14805698E-06 -9.87377007E-07
   31.014143      1.73297940E-06  1.32510604E-06 -1.13943543E-06
   31.514359      2.00009299E-06  1.52942994E-06 -1.31490833E-06
   32.014572      2.30834848E-06  1.76522894E-06 -1.51740176E-06
   32.514786      2.66408006E-06  2.03734839E-06 -1.75107516E-06
   33.014999      3.07460118E-06  2.35138305E-06 -2.02073306E-06
   33.515217      3.54835015E-06  2.71378758E-06 -2.33191759E-06
   34.015430      4.09505810E-06  3.13200462E-06 -2.69102065E-06
   34.515644      4.72596048E-06  3.61462776E-06 -3.10542373E-06
   35.015862      5.45402236E-06  4.17157435E-06 -3.58364468E-06
   35.516075      6.29419901E-06  4.81428287E-06 -4.13550788E-06
   36.016289      7.26375401E-06  5.55596307E-06 -4.77235517E-06
   36.516502      8.38261622E-06  6.41185761E-06 -5.50728009E-06
   37.016720      9.67378764E-06  7.39956340E-06 -6.35538709E-06
   37.516933      1.11637964E-05  8.53937217E-06 -7.33410070E-06
   38.017147      1.28832780E-05  9.85471979E-06 -8.46354305E-06
   38.517368      1.48675745E-05  1.13726437E-05 -9.76692900E-06
   39.017582      1.71574557E-05  1.31243323E-05 -1.12710350E-05
   39.517796      1.97999852E-05  1.51457889E-05 -1.30067801E-05
   40.018013      2.28494901E-05  1.74785673E-05 -1.50098440E-05
   40.518234      2.63686325E-05  2.01706080E-05 -1.73213884E-05
   41.018448      3.04297137E-05  2.32772145E-05 -1.99889037E-05
   41.518665      3.51162198E-05  2.68622480E-05 -2.30672194E-05
   42.018887      4.05244391E-05  3.09993775E-05 -2.66195857E-05
   42.519104      4.67654754E-05  3.57735917E-05 -3.07189548E-05
   43.019321      5.39676221E-05  4.12830341E-05 -3.54495860E-05
   43.519543      6.22788648E-05  4.76409186E-05 -4.09086751E-05
   44.019764      7.18699448E-05  5.49778488E-05 -4.72083193E-05
   44.519993      8.29379132E-05  6.34445751E-05 -5.44779177E-05
   45.020214      9.57102020E-05  7.32151020E-05 -6.28668058E-05
   45.520435      1.10449080E-04  8.44900787E-05 -7.25471837E-05
   46.020664      1.27457286E-04  9.75010844E-05 -8.37177795E-05
   46.520893      1.47084254E-04  1.12515452E-04 -9.66079970E-05
   47.021122      1.69733030E-04  1.29841588E-04 -1.11482375E-04
   47.521351      1.95868517E-04  1.49835163E-04 -1.28646061E-04
   48.021580      2.26027478E-04  1.72906788E-04 -1.48451261E-04
   48.521816      2.60828907E-04  1.99530157E-04 -1.71304200E-04
   49.022049      3.00986751E-04  2.30251550E-04 -1.97673333E-04
   49.522278      3.47325258E-04  2.65701499E-04 -2.28099059E-04
   50.022514      4.00795107E-04  3.06607573E-04 -2.63205089E-04
   50.522751      4.62492928E-04  3.53808864E-04 -3.03710549E-04
   51.022991      5.33683342E-04  4.08273219E-04 -3.50444461E-04
   51.523232      6.15826284E-04  4.71117644E-04 -4.04363556E-04
   52.023468      7.10604538E-04  5.43630274E-04 -4.66570607E-04
   52.523712      8.19958979E-04  6.27296336E-04 -5.38337103E-04
   53.023956      9.46129323E-04  7.23830482E-04 -6.21129700E-04
   53.524204      1.09169888E-03  8.35209677E-04 -7.16639217E-04
   54.024452      1.25964521E-03  9.63713392E-04 -8.26814095E-04
   54.524696      1.45340280E-03  1.11197121E-03 -9.53901093E-04
   55.024948      1.67693337E-03  1.28301594E-03 -1.10049034E-03
   55.525200      1.93480263E-03  1.48034352E-03 -1.26956496E-03
   56.025455      2.23227474E-03  1.70798600E-03 -1.46456365E-03
   56.525711      2.57542310E-03  1.97059452E-03 -1.68945012E-03
   57.025970      2.97124707E-03  2.27353093E-03 -1.94878969E-03
   57.526230      3.42781260E-03  2.62297434E-03 -2.24783993E-03
   58.026489      3.95442266E-03  3.02605284E-03 -2.59266002E-03
   58.526756      4.56180004E-03  3.49098397E-03 -2.99022533E-03
   59.027020      5.26229525E-03  4.02723579E-03 -3.44856549E-03
   59.527283      6.07015518E-03  4.64573083E-03 -3.97693133E-03
   60.027550      7.00179441E-03  5.35906013E-03 -4.58596926E-03
   60.527817      8.07613321E-03  6.18173694E-03 -5.28793363E-03
   61.028088      9.31496173E-03  7.13048270E-03 -6.09691907E-03
   61.528358      1.07434094E-02  8.22458789E-03 -7.02914828E-03
   62.028625      1.23904226E-02  9.48628783E-03 -8.10327753E-03
   62.528889      1.42893419E-02  1.09411962E-02 -9.34075564E-03
   63.029144      1.64785944E-02  1.26188602E-02 -1.07662408E-02
   63.529388      1.90024488E-02  1.45533318E-02 -1.24080665E-02
   64.029610      2.19118968E-02  1.67838596E-02 -1.42987743E-02
   64.529793      2.52656043E-02  1.93556473E-02 -1.64756775E-02
   65.029915      2.91311294E-02  2.23207977E-02 -1.89815909E-02
   65.529961      3.35861929E-02  2.57392935E-02 -2.18655299E-02
   66.029884      3.87201384E-02  2.96801515E-02 -2.51835790E-02
   66.529579      4.46347855E-02  3.42221186E-02 -2.89994292E-02
   67.028946      5.14470264E-02  3.94556150E-02 -3.33856978E-02
   67.527985      5.92923462E-02  4.54853028E-02 -3.84257995E-02
   68.026711      6.83270320E-02  5.24312854E-02 -4.42153849E-02
   68.525154      7.87297264E-02  6.04302548E-02 -5.08646406E-02
   69.023308      9.07017365E-02  6.96359649E-02 -5.85001782E-02
   69.521164      0.10447223      8.02238882E-02 -6.72680736E-02
   70.018753      0.12030607      9.23977941E-02 -7.73350373E-02
   70.516083      0.13851388      0.10639830     -8.88891965E-02
   71.013168      0.15946227      0.12251223     -0.10214189    
   71.510017      0.18357962      0.14107923     -0.11732937    
   72.006645      0.21136616      0.16250148     -0.13471656    
   72.503052      0.24340050      0.18725084     -0.15459600    
   73.123268      0.29044870      0.22371835     -0.18344030    
   73.619247      0.33465251      0.25811768     -0.21013573    
   74.115067      0.38567495      0.29798466     -0.24044773    
   74.610741      0.44455445      0.34418687     -0.27475962    
   75.106293      0.51246500      0.39769116     -0.31345519    
   75.601738      0.59071511      0.45955524     -0.35690510    
   76.097084      0.68072033      0.53090590     -0.40544707    
   76.592346      0.78396881      0.61293805     -0.45936069    
   77.087570      0.90199256      0.70688140     -0.51880372    
   77.582710       1.0362977      0.81397235     -0.58373231    
   78.077805       1.1884797      0.93547392     -0.65368468    
   78.572929       1.3600339       1.0724298     -0.72772664    
   79.068001       1.5509803       1.2252562     -0.80482692    
   79.563103       1.7597225       1.3940634     -0.88376486    
   80.058319       1.9841306       1.5789306     -0.96163815    
   80.553558       2.2219434       1.7784687      -1.0323887    
   81.048828       2.4692082       1.9886458      -1.0879253    
   81.544167       2.7171848       2.2020538      -1.1209902    
   82.039604       2.9564657       2.4100196      -1.1252384    
   82.535164       3.1796839       2.6031404      -1.0983887    
   83.030861       3.3753152       2.7737286      -1.0345066    
   83.526726       3.5380440       2.9166811     -0.93716037    
   84.022781       3.6633682       3.0309751     -0.81186610    
   84.519058       3.7576327       3.1168804     -0.66206664    
   85.015579       3.8168435       3.1744063     -0.49255955    
   85.512390       3.8399146       3.2043180     -0.30208653    
   86.009499       3.8515255       3.2193549     -8.45781490E-02
   86.506836       3.8710492       3.2246032      0.16141444    
   87.004471       3.8652444       3.2121515      0.41951180    
   87.502487       3.8217721       3.1736960      0.66726309    
   88.000862       3.7403231       3.1108673      0.90115738    
   88.624283       3.5861959       3.0056388       1.1681384    
   89.045319       3.4393940       2.9139295       1.3226038    
   89.540131       3.2288508       2.7838039       1.4778414    
   90.040138       2.9849362       2.6319499       1.6028072    
   90.540535       2.7140758       2.4617777       1.6998594    
   91.040962       2.4337168       2.2813170       1.7779969    
   91.541405       2.1559680       2.1008940       1.8458090    
   92.041847       1.8812608       1.9283762       1.8971283    
   92.542297       1.5944161       1.7704287       1.9178947    
   93.042755       1.2949724       1.6294099       1.9024777    
   93.543213      0.99317062       1.5028387       1.8548790    
   94.043671      0.70236081       1.3865862       1.7828398    
   94.544128      0.43010166       1.2818247       1.6908534    
   95.039368      0.18360296       1.1711390       1.5869167    
   95.539825     -4.05122079E-02   1.0457679       1.4766991    
   96.040291     -0.23905507      0.91084605       1.3664691    
   96.540764     -0.41548732      0.77145398       1.2558856    
   97.041245     -0.57802761      0.63475996       1.1410730    
   97.541733     -0.73184258      0.50864154       1.0189470    
   98.042221     -0.87497973      0.39723462      0.89144725    
   98.542709      -1.0026882      0.30116469      0.76329756    
   99.043198      -1.1115191      0.21970905      0.63602102    
   99.543686      -1.2034450      0.15144663      0.50673944    
   100.04419      -1.2790366      9.61566195E-02  0.37607378    
   100.54469      -1.3366380      4.98107634E-02  0.24624187    
   101.04521      -1.3762130      7.46153202E-03  0.11936633    
   101.54573      -1.3957777     -3.48123685E-02  3.86599172E-03
   102.04625      -1.3854622     -7.54161328E-02 -8.95751044E-02
   102.54677      -1.3508078     -0.11372261     -0.15925989    
   103.04729      -1.3013203     -0.14864299     -0.20894283    
   103.54781      -1.2505876     -0.17328468     -0.24316472    
   104.04832      -1.2055403     -0.18030393     -0.26810220    
   104.54886      -1.1640924     -0.17572556     -0.28473279    
   105.04939      -1.1222610     -0.15539272     -0.29224694    
   105.54993      -1.0823158     -0.12395342     -0.29406917    
   106.05048      -1.0426004     -8.53528678E-02 -0.29252660    
   106.55103     -0.99921679     -4.27319407E-02 -0.28820720    
   107.05158     -0.95082796      2.63689086E-03 -0.28042880    
   107.55213     -0.89725685      4.74523529E-02 -0.27257633    
   108.05269     -0.84194583      8.57396796E-02 -0.26661932    
   108.55325     -0.78848159      0.11472241     -0.26401025    
   109.05383     -0.73899567      0.13128567     -0.26317358    
   109.55441     -0.69122326      0.13589038     -0.26314378    
   110.05499     -0.64296705      0.13175085     -0.26329583    
   110.55556     -0.59597754      0.12246223     -0.26220104    
   111.05614     -0.54882729      0.11301373     -0.25624651    
   111.55673     -0.50165755      0.10838582     -0.24073899    
   112.05731     -0.45045650      0.11327054     -0.21031165    
   112.55789     -0.39742318      0.13070421     -0.16823316    
   113.05849     -0.35052514      0.15950987     -0.12039211    
   113.55910     -0.31845093      0.19671957     -7.47034028E-02
   114.05971     -0.29629499      0.23817021     -3.61754298E-02
   114.56032     -0.28162014      0.27570680     -7.45696202E-03
   115.06093     -0.27287218      0.30221635      1.13326237E-02
   115.56154     -0.26622289      0.31406423      2.31487155E-02
   116.06215     -0.25224185      0.31374669      3.23035568E-02
   116.56277     -0.22923180      0.30443490      4.04798426E-02
   117.06341     -0.19624393      0.29109636      5.10889217E-02
   117.56405     -0.15597719      0.27907526      6.14498071E-02
   118.06469     -0.12083834      0.27136230      6.73156381E-02
   118.56533     -9.60174650E-02  0.26788920      6.95091933E-02
   119.06597     -7.92711377E-02  0.26697043      6.96285814E-02
   119.56661     -7.52130598E-02  0.26755205      6.94293156E-02
   120.06727     -7.65342265E-02  0.26770267      6.81526810E-02
   120.56793     -7.75496587E-02  0.26766598      6.63679093E-02
   121.06860     -7.69935623E-02  0.26741794      6.78394362E-02
   121.56927     -7.39484429E-02  0.26747346      7.22509623E-02
   122.06933     -6.73279166E-02  0.26914936      7.84067661E-02
   122.53907     -5.87681979E-02  0.27296767      8.50115120E-02
   123.00376     -5.07652126E-02  0.27649859      9.23589468E-02
   123.50124     -4.49141301E-02  0.27796340      0.10186574    
   124.00192     -4.35859077E-02  0.27674800      0.11375973    
   124.50262     -4.73264605E-02  0.27222204      0.12793329    
   125.00332     -5.56608438E-02  0.26436123      0.14424381    
   125.50402     -6.83295727E-02  0.25629690      0.16155535    
   126.00472     -8.39447007E-02  0.24994186      0.17823979    
   126.50542     -0.10034518      0.24637860      0.19151975    
   127.00613     -0.11423157      0.24569735      0.20018531    
   127.50685     -0.12341593      0.24690893      0.20452009    
   128.00757     -0.12923574      0.24957019      0.20573339    
   128.50830     -0.13479216      0.25278530      0.20386830    
   129.00903     -0.14154238      0.25396249      0.19842400    
   129.50977     -0.15107867      0.25157982      0.18921074    
   130.01050     -0.16401219      0.24459395      0.17695200    
   130.51123     -0.17912155      0.23266554      0.16219559    
   131.01196     -0.19307786      0.21648014      0.14652818    
   131.51270     -0.20320348      0.19743466      0.13177687    
   132.01347     -0.21014687      0.17775606      0.11854649    
   132.51427     -0.21334630      0.16066459      0.10689586    
   133.01506     -0.21310201      0.14789677      9.62892324E-02
   133.51585     -0.21020339      0.13965228      8.58312994E-02
   134.01665     -0.20552984      0.13523972      7.49236494E-02
   134.51747     -0.19980714      0.13338095      6.40791953E-02
   135.01833     -0.19387652      0.13198955      5.39956577E-02
   135.51918     -0.18773489      0.12981446      4.51503396E-02
   136.02010     -0.18056239      0.12660146      3.81120890E-02
   136.52103     -0.17176771      0.12214335      3.33658680E-02
   137.02202     -0.16125146      0.11764947      3.06391809E-02
   137.52307     -0.14981201      0.11364631      2.96322834E-02
   138.02422     -0.13842869      0.11090928      3.06533165E-02
   138.52547     -0.12737508      0.11039691      3.43883485E-02
   139.02687     -0.11532344      0.11243278      4.04678881E-02
   139.52849     -0.10145066      0.11703277      4.73328754E-02
   140.03035     -8.63803625E-02  0.12353981      5.37562296E-02
   140.53252     -7.12831989E-02  0.13009053      5.86479828E-02
   141.03510     -5.81261367E-02  0.13419792      6.08614907E-02
   141.53821     -4.57832702E-02  0.13474348      6.02698475E-02
   142.04198     -3.23754176E-02  0.13107434      5.73807731E-02
   142.54659     -1.73300151E-02  0.12370659      5.26919737E-02
   143.05222     -4.18272684E-04  0.11352098      4.72279750E-02
   143.55908      1.78670790E-02  0.10089287      4.19247635E-02
   144.06729      3.63904685E-02  8.57478231E-02  3.70586887E-02
   144.57579      5.40969297E-02  6.71923533E-02  3.20719481E-02
   145.08437      7.00505078E-02  4.39430475E-02  2.67861374E-02
   145.59303      8.44805241E-02  1.66776720E-02  2.13212892E-02
   146.10185      9.91918594E-02 -1.43717052E-02  1.60877984E-02
   146.61092      0.11689172     -4.87167463E-02  1.15714502E-02
   147.12025      0.13904344     -8.60125124E-02  7.80844269E-03
   147.50250      0.15912074     -0.11583111      5.70567232E-03
   148.01257      0.19030549     -0.15808040      3.75511614E-03
   148.52324      0.22786471     -0.20369053      2.72458256E-03
   149.03464      0.27039742     -0.25238848      2.37031979E-03
   149.54691      0.31603339     -0.30337986      2.54192413E-03
   150.05919      0.36327118     -0.35564196      3.37457424E-03
   150.56963      0.41129249     -0.40816364      5.46278711E-03
   151.07835      0.45946574     -0.46047354      9.77870077E-03
   151.58562      0.50702953     -0.51229364      1.72017664E-02
   152.09164      0.55398887     -0.56367964      2.85314303E-02
   152.59665      0.60054010     -0.61490053      4.47629429E-02
   153.10083      0.64603359     -0.66683018      6.55782074E-02
   153.60432      0.69051492     -0.71929300      9.15067345E-02
   154.10732      0.73322445     -0.76978832      0.12340260    
   154.60988      0.77055168     -0.81548589      0.16145018    
   155.11212      0.80000526     -0.85412055      0.20492750    
   155.61412      0.82026583     -0.88469326      0.25410062    
   156.11594      0.83134770     -0.90848112      0.30987573    
   156.61758      0.83558285     -0.92703748      0.37162632    
   157.11911      0.83262372     -0.94111228      0.43771571    
   157.62054      0.82073444     -0.94849038      0.50525504    
   158.12190      0.79418349     -0.94824994      0.57194591    
   158.62315      0.74782199     -0.93247712      0.63589567    
   159.12434      0.68355966     -0.89331615      0.69219357    
   159.50018      0.62031454     -0.85165060      0.72789258    
   160.00125      0.52529347     -0.78210771      0.76681906    
   160.50226      0.42861456     -0.70076686      0.79618537    
   161.00322      0.33610991     -0.61242914      0.81852961    
   161.50414      0.24566722     -0.52013427      0.83867168    
   162.00505      0.15710169     -0.42441791      0.85800874    
   162.50597      7.42697567E-02 -0.32365954      0.87600887    
   163.00688     -1.80199649E-03 -0.21848762      0.89260250    
   163.50781     -7.34462142E-02 -0.11420478      0.90130788    
   164.00880     -0.14514589     -1.60946995E-02  0.89739192    
   164.50987     -0.22661316      7.34580755E-02  0.87573111    
   165.01100     -0.31917197      0.15303192      0.83787179    
   165.51222     -0.41261408      0.22062621      0.79069722    
   166.01353     -0.49959093      0.27401266      0.73920578    
   166.51494     -0.57484621      0.31491312      0.68737143    
   167.01643     -0.62896603      0.35074690      0.63835877    
   167.51804     -0.66716170      0.38110349      0.59333944    
   168.01971     -0.69540048      0.40227979      0.55228293    
   168.52147     -0.71302372      0.41433513      0.51475596    
   169.02332     -0.72009188      0.42092663      0.47738153    
   169.52524     -0.72284508      0.42234567      0.43689641    
   170.02724     -0.72702873      0.41876182      0.39168096    
   170.52933     -0.73194212      0.40949002      0.34280902    
   171.03151     -0.73491752      0.39397022      0.29198205    
   171.53380     -0.73319530      0.37248483      0.24160042    
   172.03621     -0.72300541      0.34625292      0.19424188    
   172.53874     -0.70200682      0.31711429      0.15101987    
   173.04137     -0.66921127      0.28694969      0.11111525    
   173.54411     -0.62386578      0.25679514      7.37725198E-02
   174.04697     -0.56964725      0.22533841      3.87986898E-02
   174.54990     -0.51375937      0.19009490      5.26600238E-03
   175.05286     -0.45688692      0.14899312     -2.58758441E-02
   175.55582     -0.39543658      0.10107833     -5.28265163E-02
   176.05876     -0.32697523      4.66206446E-02 -7.46876970E-02
   176.56174     -0.25263175     -1.23140104E-02 -9.09036100E-02
   177.06473     -0.17461662     -7.40524828E-02 -0.10156014    
   177.56772     -9.91883576E-02 -0.13705656     -0.10719160    
   178.07071     -2.97613386E-02 -0.19589376     -0.10771152    
   178.57372      3.49265262E-02 -0.24886650     -0.10138816    
   179.07677      9.50437784E-02 -0.29630500     -8.89711455E-02
   179.57982      0.15317860     -0.34002316     -6.96371198E-02
   180.08287      0.21274011     -0.38219482     -4.18418646E-02
   180.58591      0.27610385     -0.42432502     -5.17295720E-03
   181.08884      0.34340662     -0.46682587      3.95355225E-02
   181.59164      0.41172966     -0.50794345      8.77529755E-02
   182.09433      0.47225890     -0.54514629      0.13468929    
   182.59689      0.52039087     -0.57589155      0.17711252    
   183.09933      0.55414206     -0.59811997      0.21461090    
   183.60165      0.57152486     -0.61238426      0.24725074    
   184.10385      0.57910544     -0.62091374      0.27701676    
   184.60594      0.58091819     -0.62519342      0.30759150    
   185.10793      0.57920861     -0.62576330      0.34115836    
   185.60979      0.57512689     -0.62671971      0.37718153    
   186.11154      0.56492138     -0.63074589      0.41369009    
   186.61319      0.54461670     -0.63512510      0.44880870    
   187.11472      0.51120669     -0.63710505      0.48177671    
   187.61613      0.46928596     -0.63217860      0.51247901    
   188.11745      0.41945422     -0.61760145      0.54132140    
   188.61864      0.36764818     -0.59461480      0.56726164    
   189.11975      0.31308007     -0.56364965      0.58818930    
   189.62079      0.25246340     -0.52538782      0.60348499    
   190.12178      0.18810558     -0.48040402      0.61352587    
   190.62273      0.12316048     -0.43049565      0.61794955    
   191.12364      6.14024289E-02 -0.37775731      0.61435097    
   191.62459      4.75208741E-03 -0.32454714      0.60441375    
   192.00032     -3.38192284E-02 -0.28572485      0.59344918    
   192.50125     -8.13735723E-02 -0.23593634      0.57525998    
   193.00195     -0.12878636     -0.18927528      0.55348361    
   193.50240     -0.17598833     -0.14762118      0.52754712    
   194.00258     -0.21895993     -0.11220569      0.49787831    
   194.50249     -0.25608149     -8.47165808E-02  0.46578455    
   195.00221     -0.28851163     -6.69241250E-02  0.43262041    
   195.50171     -0.31617984     -5.88697493E-02  0.39938623    
   196.00102     -0.33644670     -5.98040968E-02  0.36667332    
   196.50015     -0.34746385     -6.75316751E-02  0.33495402    
   197.12386     -0.35008609     -8.60818923E-02  0.29734141    
   197.62267     -0.34136781     -0.10485968      0.26882356    
   198.12132     -0.32557949     -0.12619400      0.24040875    
   198.61986     -0.30712563     -0.15040928      0.21144000    
   199.11827     -0.28962696     -0.17820954      0.18153925    
   199.61659     -0.27286243     -0.20971030      0.15102229    
   200.11484     -0.25487447     -0.24417728      0.12096971    
   200.58238     -0.23426574     -0.27791417      9.49535519E-02
   201.00679     -0.21127263     -0.30888516      7.43639842E-02
   201.50644     -0.17900527     -0.34540433      5.38609512E-02
   202.06941     -0.13624334     -0.38728064      3.52972634E-02
   202.55412     -9.36969519E-02 -0.42475408      2.25385241E-02
   203.03870     -4.53149602E-02 -0.46372017      1.19177885E-02
   203.53093      8.16697534E-03 -0.50422591      2.52352655E-03
   204.00098      5.95728159E-02 -0.54301703     -6.09562732E-03
   204.54810      0.11854025     -0.58696145     -1.64272524E-02
   205.04132      0.17071794     -0.62468600     -2.53195334E-02
   205.50838      0.21827829     -0.65796828     -3.30722034E-02
   206.06245      0.27196321     -0.69315517     -4.09552529E-02
   206.52745      0.31721184     -0.71934652     -4.72818129E-02
   207.03033      0.36889338     -0.74553305     -5.54445945E-02
   207.57266      0.43021667     -0.77264780     -6.63496479E-02
   208.03464      0.48645610     -0.79628998     -7.74279684E-02
   208.50595      0.54989541     -0.82163101     -9.18121189E-02
   209.07971      0.63429606     -0.85503918     -0.11410420    
   209.56139      0.70958304     -0.88668001     -0.13836575    
   210.04755      0.78949237     -0.92334569     -0.16873647    
   210.54678      0.87613308     -0.96777439     -0.20562232    
   211.09796      0.97854501      -1.0275805     -0.25242028    
   211.55264       1.0692496      -1.0875421     -0.29576796    
   212.02397       1.1684351      -1.1600356     -0.34621370    
   212.50615       1.2738117      -1.2441156     -0.40481842    
   213.12065       1.4144033      -1.3652984     -0.48847145    
   213.61757       1.5377977      -1.4765263     -0.55820799    
   214.11427       1.6755673      -1.6006322     -0.62407416    
   214.61079       1.8300674      -1.7356746     -0.68304795    
   215.10715       1.9982244      -1.8766913     -0.73362780    
   215.60338       2.1712513      -2.0178537     -0.77464974    
   216.09950       2.3555369      -2.1549678     -0.79984772    
   216.59558       2.5474377      -2.2851889     -0.79757178    
   217.09161       2.7307382      -2.4028044     -0.76818550    
   217.58765       2.8957090      -2.5034649     -0.72204214    
   218.08374       3.0369012      -2.5871725     -0.66247803    
   218.57986       3.1504397      -2.6563570     -0.58716017    
   219.07602       3.2354755      -2.7145305     -0.49667132    
   219.57225       3.3007531      -2.7596204     -0.38963670    
   220.06856       3.3472767      -2.7894700     -0.26417613    
   220.56499       3.3724859      -2.8021970     -0.12497200    
   221.06155       3.3778720      -2.8036470      2.46101618E-02
   221.55826       3.3654680      -2.7952876      0.18025170    
   222.05516       3.3344371      -2.7804646      0.33828890    
   222.55226       3.2834971      -2.7585664      0.49560985    
   223.04961       3.2127855      -2.7265918      0.64855516    
   223.54720       3.1236775      -2.6840925      0.79120845    
   224.04503       3.0135934      -2.6285737      0.91732478    
   224.54312       2.8786936      -2.5612338       1.0225384    
   225.04147       2.7217767      -2.4827013       1.1085120    
   225.54005       2.5427411      -2.3933687       1.1737584    
   226.03886       2.3476505      -2.2968314       1.2186016    
   226.53792       2.1465368      -2.1979253       1.2458994    
   227.03716       1.9434277      -2.0991611       1.2543287    
   227.53664       1.7408668      -1.9998226       1.2435904    
   228.03636       1.5408691      -1.8975958       1.2149909    
   228.53633       1.3494561      -1.7912313       1.1693845    
   229.03659       1.1801140      -1.6804397       1.1146343    
   229.53712       1.0293038      -1.5689086       1.0537271    
   230.03799      0.88987464      -1.4629035      0.98927891    
   230.53918      0.75363111      -1.3707811      0.91786462    
   231.04065      0.61416250      -1.3003604      0.83610511    
   231.54227      0.47290307      -1.2475390      0.74318302    
   232.04404      0.33065346      -1.2037578      0.64115566    
   232.54596      0.19213246      -1.1675546      0.53423738    
   233.04802      6.50250912E-02  -1.1339190      0.42692584    
   233.55022     -4.48638573E-02  -1.0959134      0.32183969    
   234.05257     -0.12948886      -1.0481449      0.22428106    
   234.55495     -0.18301532     -0.98760527      0.14320038    
   235.05734     -0.20705412     -0.91382027      8.19668397E-02
   235.55978     -0.20792764     -0.83014333      4.17920686E-02
   236.06227     -0.19403297     -0.74860227      1.78605597E-02
   236.56482     -0.18675628     -0.68243140      1.31589035E-03
   237.06743     -0.20653182     -0.64298028     -1.10129761E-02
   237.57011     -0.23707011     -0.61930662     -2.16908678E-02
   238.07285     -0.26629904     -0.61355430     -2.95591801E-02
   238.57558     -0.28998780     -0.61600792     -3.23106423E-02
   239.07823     -0.30372906     -0.61586559     -3.30079868E-02
   239.58076     -0.30348957     -0.60708338     -3.22195739E-02
   240.08319     -0.29135948     -0.59104252     -2.95508765E-02
   240.58554     -0.27081907     -0.56202775     -2.70050317E-02
   241.08781     -0.24486649     -0.52753192     -2.59687435E-02
   241.59003     -0.22406362     -0.49403769     -2.64078416E-02
   242.09218     -0.21904969     -0.46953362     -2.69896910E-02
   242.59428     -0.22680318     -0.45730329     -2.56232619E-02
   243.09636     -0.24164861     -0.45402417     -2.11552028E-02
   243.59837     -0.26013312     -0.46091467     -1.16627272E-02
   244.10033     -0.28398860     -0.47124776      2.00981693E-03
   244.60223     -0.30513987     -0.48191571      1.88280102E-02
   245.10413     -0.32131231     -0.49044198      3.88208963E-02
   245.60597     -0.33363181     -0.49717566      6.17006533E-02
   246.10780     -0.34410721     -0.50483298      8.68724138E-02
   246.60963     -0.35228273     -0.51429212      0.11446193    
   247.11147     -0.36119649     -0.52597362      0.14443453    
   247.61331     -0.37208167     -0.54043460      0.17767911    
   248.11520     -0.38787809     -0.55685860      0.21464598    
   248.61711     -0.40976626     -0.57396138      0.25396723    
   249.11906     -0.43451607     -0.59070808      0.29388493    
   249.62108     -0.46201569     -0.60544723      0.33206761    
   250.12315     -0.49243641     -0.61537862      0.36667931    
