  0.12474632      6.91441182E-10  4.18647172E-10 -6.66749034E-12
  0.50017345      7.10799863E-10  4.59492500E-10 -9.41136578E-12
   1.0007112      7.40165429E-10  5.16892029E-10 -1.74860022E-11
   1.5011811      7.74482478E-10  5.78147308E-10 -3.11733174E-11
   2.0015700      8.15180479E-10  6.43923359E-10 -5.09453139E-11
   2.5018795      8.64513128E-10  7.15063619E-10 -7.68720226E-11
   3.0021112      9.25136801E-10  7.92623356E-10 -1.09172990E-10
   3.5022826      9.99495375E-10  8.77885653E-10 -1.48636436E-10
   4.0024195      1.08992571E-09  9.72355085E-10 -1.96589661E-10
   4.5025353      1.19829946E-09  1.07772313E-09 -2.55371363E-10
   5.0026474      1.32600686E-09  1.19588583E-09 -3.28235911E-10
   5.5027671      1.47432455E-09  1.32895439E-09 -4.19075941E-10
   6.0029030      1.64507008E-09  1.47931722E-09 -5.32023092E-10
   6.5030551      1.84118942E-09  1.64975889E-09 -6.71038891E-10
   7.0032248      2.06727013E-09  1.84361670E-09 -8.39657233E-10
   7.5034132      2.32964004E-09  2.06492534E-09 -1.04094544E-09
   8.0036135      2.63603872E-09  2.31851094E-09 -1.27767019E-09
   8.5038261      2.99566816E-09  2.61004396E-09 -1.55209245E-09
   9.0040474      3.41947981E-09  2.94607938E-09 -1.86622207E-09
   9.5042772      3.91983868E-09  3.33413541E-09 -2.22246221E-09
   10.004511      4.50989557E-09  3.78271192E-09 -2.62451216E-09
   10.504748      5.20267829E-09  4.30127178E-09 -3.07851789E-09
   11.004990      6.01056804E-09  4.90029350E-09 -3.59390784E-09
   11.505231      6.94595315E-09  5.59156943E-09 -4.18345847E-09
   12.005473      8.02319633E-09  6.38880771E-09 -4.86251395E-09
   12.505716      9.26122823E-09  7.30839833E-09 -5.64776226E-09
   13.005962      1.06856453E-08  8.37012681E-09 -6.55631149E-09
   13.506206      1.23293979E-08  9.59763558E-09 -7.60564234E-09
   14.006449      1.42320511E-08  1.10186136E-08 -8.81459972E-09
   14.506693      1.64382623E-08  1.26647910E-08 -1.02049711E-08
   15.006934      1.89966727E-08  1.45720005E-08 -1.18031078E-08
   15.507174      2.19601404E-08  1.67805805E-08 -1.36410714E-08
   16.007412      2.53874983E-08  1.93362624E-08 -1.57571911E-08
   16.507652      2.93462961E-08  2.22914522E-08 -1.81962125E-08
   17.007891      3.39158248E-08  2.57068038E-08 -2.10094733E-08
   17.508127      3.91897643E-08  2.96530018E-08 -2.42555238E-08
   18.008364      4.52781030E-08  3.42124267E-08 -2.80012493E-08
   18.508598      5.23086179E-08  3.94807280E-08 -3.23234630E-08
   19.008829      6.04285688E-08  4.55685623E-08 -3.73108939E-08
   19.509062      6.98070153E-08  5.26034327E-08 -4.30663576E-08
   20.009295      8.06378182E-08  6.07319777E-08 -4.97088166E-08
   20.509525      9.31436404E-08  7.01227805E-08 -5.73756722E-08
   21.009754      1.07581108E-07  8.09699898E-08 -6.62254749E-08
   21.509983      1.24246611E-07  9.34975048E-08 -7.64408128E-08
   22.010208      1.43482680E-07  1.07963743E-07 -8.82319924E-08
   22.510429      1.65685535E-07  1.24667423E-07 -1.01841408E-07
   23.010654      1.91313148E-07  1.43953685E-07 -1.17548801E-07
   23.510880      2.20894265E-07  1.66221014E-07 -1.35676885E-07
   24.011103      2.55038969E-07  1.91929189E-07 -1.56597963E-07
   24.511326      2.94451212E-07  2.21608872E-07 -1.80742092E-07
   25.011547      3.39942744E-07  2.55871925E-07 -2.08605314E-07
   25.511765      3.92449635E-07  2.95423575E-07 -2.40759704E-07
   26.011982      4.53051769E-07  3.41077708E-07 -2.77865581E-07
   26.512199      5.22995379E-07  3.93773206E-07 -3.20684933E-07
   27.012419      6.03717865E-07  4.54593248E-07 -3.70096870E-07
   27.512634      6.96877976E-07  5.24787481E-07 -4.27115452E-07
   28.012852      8.04390879E-07  6.05799187E-07 -4.92912022E-07
   28.513069      9.28465965E-07  6.99293651E-07 -5.68837891E-07
   29.013285      1.07165260E-06  8.07192691E-07 -6.56452414E-07
   29.513498      1.23689517E-06  9.31715363E-07 -7.57556109E-07
   30.013714      1.42759109E-06  1.07542212E-06 -8.74226544E-07
   30.513929      1.64765993E-06  1.24126791E-06 -1.00886120E-06
   31.014143      1.90162461E-06  1.43266175E-06 -1.16422643E-06
   31.514359      2.19470712E-06  1.65353981E-06 -1.34351581E-06
   32.014572      2.53293092E-06  1.90844230E-06 -1.55041357E-06
   32.514786      2.92324671E-06  2.20260699E-06 -1.78917003E-06
   33.014999      3.37367806E-06  2.54208135E-06 -2.06469326E-06
   33.515217      3.89348315E-06  2.93384255E-06 -2.38264624E-06
   34.015430      4.49334038E-06  3.38593668E-06 -2.74956119E-06
   34.515644      5.18557636E-06  3.90765399E-06 -3.17297872E-06
   35.015862      5.98441738E-06  4.50971629E-06 -3.66160248E-06
   35.516075      6.90627257E-06  5.20448884E-06 -4.22547191E-06
   36.016289      7.97008761E-06  6.00624935E-06 -4.87617399E-06
   36.516502      9.19772901E-06  6.93148149E-06 -5.62708829E-06
   37.016720      1.06144280E-05  7.99920144E-06 -6.49364938E-06
   37.516933      1.22492984E-05  9.23134849E-06 -7.49365972E-06
   38.017147      1.41359515E-05  1.06532570E-05 -8.64767935E-06
   38.517368      1.63131645E-05  1.22941537E-05 -9.97942880E-06
   39.017582      1.88256745E-05  1.41877508E-05 -1.15162620E-05
   39.517796      2.17251200E-05  1.63729710E-05 -1.32897731E-05
   40.018013      2.50710982E-05  1.88947306E-05 -1.53364126E-05
   40.518234      2.89323707E-05  2.18048554E-05 -1.76982412E-05
   41.018448      3.33882599E-05  2.51631263E-05 -2.04237767E-05
   41.518665      3.85303611E-05  2.90385760E-05 -2.35690386E-05
   42.018887      4.44643374E-05  3.35108416E-05 -2.71986501E-05
   42.519104      5.13120758E-05  3.86717802E-05 -3.13871460E-05
   43.019321      5.92143224E-05  4.46274789E-05 -3.62206010E-05
   43.519543      6.83334511E-05  5.15003121E-05 -4.17983174E-05
   44.019764      7.88567704E-05  5.94314661E-05 -4.82348332E-05
   44.519993      9.10004746E-05  6.85838895E-05 -5.56623345E-05
   45.020214      1.05014064E-04  7.91456259E-05 -6.42333835E-05
   45.520435      1.21185280E-04  9.13335534E-05 -7.41238982E-05
   46.020664      1.39846205E-04  1.05397994E-04 -8.55368999E-05
   46.520893      1.61380172E-04  1.21627891E-04 -9.87066960E-05
   47.021122      1.86229387E-04  1.40356511E-04 -1.13903545E-04
   47.521351      2.14903761E-04  1.61968259E-04 -1.31439127E-04
   48.021580      2.47992051E-04  1.86906895E-04 -1.51673172E-04
   48.521816      2.86173250E-04  2.15684282E-04 -1.75020628E-04
   49.022049      3.30230396E-04  2.48890778E-04 -2.01959920E-04
   49.522278      3.81067512E-04  2.87207717E-04 -2.33043043E-04
   50.022514      4.39727213E-04  3.31421266E-04 -2.68906937E-04
   50.522751      5.07412245E-04  3.82437953E-04 -3.10285832E-04
   51.022991      5.85509348E-04  4.41303448E-04 -3.58026358E-04
   51.523232      6.75619231E-04  5.09224483E-04 -4.13105416E-04
   52.023468      7.79587252E-04  5.87592658E-04 -4.76648973E-04
   52.523712      8.99541134E-04  6.78012264E-04 -5.49954944E-04
   53.023956      1.03793642E-03  7.82334944E-04 -6.34520780E-04
   53.524204      1.19760493E-03  9.02696163E-04 -7.32072513E-04
   54.024452      1.38181006E-03  1.04155741E-03 -8.44598690E-04
   54.524696      1.59431691E-03  1.20175770E-03 -9.74392111E-04
   55.024948      1.83946616E-03  1.38657214E-03 -1.12409610E-03
   55.525200      2.12226086E-03  1.59977400E-03 -1.29675446E-03
   56.025455      2.44846847E-03  1.84571580E-03 -1.49587530E-03
   56.525711      2.82474281E-03  2.12941715E-03 -1.72550255E-03
   57.025970      3.25874984E-03  2.45666411E-03 -1.99029269E-03
   57.526230      3.75932408E-03  2.83412263E-03 -2.29560630E-03
   58.026489      4.33665048E-03  3.26948194E-03 -2.64762156E-03
   58.526756      5.00246882E-03  3.77160567E-03 -3.05345072E-03
   59.027020      5.77029772E-03  4.35070414E-03 -3.52127757E-03
   59.527283      6.65572844E-03  5.01855183E-03 -4.06052824E-03
   60.027550      7.67671922E-03  5.78871742E-03 -4.68204962E-03
   60.527817      8.85396730E-03  6.67684013E-03 -5.39832329E-03
   61.028088      1.02113001E-02  7.70093640E-03 -6.22370001E-03
   61.528358      1.17761847E-02  8.88177659E-03 -7.17469584E-03
   62.028625      1.35802608E-02  1.02432966E-02 -8.27029534E-03
   62.528889      1.56599507E-02  1.18130632E-02 -9.53230821E-03
   63.029144      1.80572197E-02  1.36228558E-02 -1.09858131E-02
   63.529388      2.08203830E-02  1.57092847E-02 -1.26595981E-02
   64.029610      2.40050666E-02  1.81145296E-02 -1.45867113E-02
   64.529793      2.76752450E-02  2.08871327E-02 -1.68050267E-02
   65.029915      3.19045372E-02  2.40830015E-02 -1.93579625E-02
   65.529961      3.67775373E-02  2.77664736E-02 -2.22951956E-02
   66.029884      4.23914604E-02  3.20115015E-02 -2.56734900E-02
   66.529579      4.88571152E-02  3.69024985E-02 -2.95572113E-02
   67.028946      5.63014150E-02  4.25362103E-02 -3.40197235E-02
   67.527985      6.48710057E-02  4.90244254E-02 -3.91453542E-02
   68.026711      7.47348815E-02  5.64957336E-02 -4.50307131E-02
   68.525154      8.60873312E-02  6.50975630E-02 -5.17864600E-02
   69.023308      9.91490036E-02  7.49971569E-02 -5.95388710E-02
   69.521164      0.11417112      8.63856226E-02 -6.84330612E-02
   70.018753      0.13144064      9.94827598E-02 -7.86347836E-02
   70.516083      0.15128911      0.11454429     -9.03311819E-02
   71.013168      0.17410451      0.13187081     -0.10373114    
   71.510017      0.20033985      0.15181544     -0.11906479    
   72.006645      0.23052393      0.17479478     -0.13658693    
   72.503052      0.26526472      0.20129213     -0.15657595    
   73.123268      0.31617039      0.24022076     -0.18549469    
   73.619247      0.36386496      0.27680832     -0.21217456    
   74.115067      0.41875377      0.31904995     -0.24237607    
   74.610741      0.48188117      0.36780027     -0.27644789    
   75.106293      0.55440760      0.42400789     -0.31472921    
   75.601738      0.63760889      0.48870784     -0.35752940    
   76.097084      0.73284835      0.56299925     -0.40509886    
   76.592346      0.84154373      0.64800602     -0.45757931    
   77.087570      0.96512282      0.74487555     -0.51497036    
   77.582710       1.1048818      0.85470700     -0.57703191    
   78.077805       1.2618725      0.97846651     -0.64313912    
   78.572929       1.4368922       1.1168642     -0.71211505    
   79.068001       1.6301794       1.2700417     -0.78212810    
   79.563103       1.8405979       1.4372771     -0.85083705    
   80.058319       2.0647717       1.6166532     -0.91528302    
   80.553558       2.2973170       1.8048394     -0.97134197    
   81.048828       2.5319486       1.9970106      -1.0138202    
   81.544167       2.7605119       2.1875594      -1.0355196    
   82.039604       2.9757147       2.3695669      -1.0342095    
   82.535164       3.1695995       2.5366082      -1.0044394    
   83.030861       3.3368731       2.6828828     -0.94375563    
   83.526726       3.4726784       2.8045044     -0.85402137    
   84.022781       3.5766935       2.9008234     -0.73850673    
   84.519058       3.6497974       2.9718044     -0.60087961    
   85.015579       3.6949654       3.0176184     -0.44467279    
   85.512390       3.7031353       3.0364506     -0.27234685    
   86.009499       3.6901262       3.0369720     -8.40302184E-02
   86.506836       3.6764843       3.0297468      0.12618586    
   87.004471       3.6687646       3.0146837      0.35444719    
   87.502487       3.6461344       2.9839745      0.58701444    
   88.000862       3.5817642       2.9320779      0.80991703    
   88.624283       3.4516320       2.8394661       1.0646290    
   89.045319       3.3318214       2.7627773       1.2165916    
   89.540131       3.1571465       2.6560798       1.3669140    
   90.040138       2.9403882       2.5272131       1.4867890    
   90.540535       2.6886845       2.3774364       1.5773190    
   91.040962       2.4144621       2.2114186       1.6445642    
   91.541405       2.1364169       2.0369184       1.6971278    
   92.041847       1.8699150       1.8603587       1.7394929    
   92.542297       1.6094539       1.6861768       1.7647536    
   93.042755       1.3449447       1.5193102       1.7659397    
   93.543213       1.0729868       1.3632759       1.7385359    
   94.043671      0.80248594       1.2210233       1.6834297    
   94.544128      0.54550660       1.0950444       1.6060270    
   95.039368      0.30920032      0.98132503       1.5128887    
   95.539825      8.73367563E-02  0.86606568       1.4082832    
   96.040291     -0.11612549      0.74904478       1.2982700    
   96.540764     -0.29867786      0.63299823       1.1867211    
   97.041245     -0.46160221      0.52221644       1.0751809    
   97.541733     -0.60932684      0.42105627      0.96248603    
   98.042221     -0.74703777      0.33031723      0.84765053    
   98.542709     -0.87428957      0.24773794      0.73059511    
   99.043198     -0.98583078      0.17481762      0.61178315    
   99.543686      -1.0771942      0.11345203      0.49280161    
   100.04419      -1.1482447      6.56233728E-02  0.37544370    
   100.54469      -1.2022963      2.65923254E-02  0.26141059    
   101.04521      -1.2433281     -9.17267241E-03  0.15199497    
   101.54573      -1.2730136     -4.53531779E-02  4.97512966E-02
   102.04625      -1.2868490     -8.28981549E-02 -3.97179052E-02
   102.54677      -1.2814394     -0.11968073     -0.11176061    
   103.04729      -1.2562551     -0.15200964     -0.16749361    
   103.54781      -1.2183521     -0.17590845     -0.20775095    
   104.04832      -1.1802050     -0.18685824     -0.23755661    
   104.54886      -1.1440063     -0.18662468     -0.25991112    
   105.04939      -1.1102335     -0.17470637     -0.27647382    
   105.54993      -1.0773216     -0.15455872     -0.28713560    
   106.05048      -1.0409765     -0.12839782     -0.29219443    
   106.55103      -1.0015869     -9.95471627E-02 -0.29257637    
   107.05158     -0.95855629     -7.00235367E-02 -0.28889662    
   107.55213     -0.90767401     -3.99058312E-02 -0.28200862    
   108.05269     -0.85181028     -9.80702601E-03 -0.27256125    
   108.55325     -0.79488975      1.78578310E-02 -0.26158908    
   109.05383     -0.74134630      3.97830084E-02 -0.25180915    
   109.55441     -0.69088042      5.35651520E-02 -0.24483880    
   110.05499     -0.64092553      5.87989651E-02 -0.23876779    
   110.55556     -0.59399974      5.64478971E-02 -0.23268864    
   111.05614     -0.55082786      5.03083654E-02 -0.22572179    
   111.55673     -0.51299042      4.64233644E-02 -0.21534413    
   112.05731     -0.47751325      5.01695052E-02 -0.19869086    
   112.55789     -0.44227961      6.67662174E-02 -0.17265064    
   113.05849     -0.40612751      9.83115584E-02 -0.13868400    
   113.55910     -0.36562094      0.13845317     -9.79891121E-02
   114.05971     -0.32908610      0.18068765     -5.73570058E-02
   114.56032     -0.30157191      0.21773440     -2.27136984E-02
   115.06093     -0.28574830      0.24381149      2.07074080E-03
   115.56154     -0.27330065      0.25585827      1.53176794E-02
   116.06215     -0.25555906      0.25665230      2.08305679E-02
   116.56277     -0.23348448      0.24694070      2.28865743E-02
   117.06341     -0.20427376      0.23232637      2.47233231E-02
   117.56405     -0.16780515      0.21735205      2.93239765E-02
   118.06469     -0.13176188      0.20552328      3.82424407E-02
   118.56533     -0.10325994      0.20071834      5.01304641E-02
   119.06597     -8.74399617E-02  0.20056129      6.09566793E-02
   119.56661     -7.74517730E-02  0.20371714      6.95287436E-02
   120.06727     -7.39966333E-02  0.20780998      7.39620924E-02
   120.56793     -7.75502771E-02  0.21088998      7.75410011E-02
   121.06860     -8.01359117E-02  0.21360126      8.15610737E-02
   121.56927     -7.87994713E-02  0.21724728      8.52506831E-02
   122.06933     -7.24070072E-02  0.22197224      8.87239128E-02
   122.53907     -6.41188249E-02  0.22781152      9.26451012E-02
   123.00376     -5.65818958E-02  0.23357931      9.75420102E-02
   123.50124     -5.33386655E-02  0.23673350      0.10399619    
   124.00192     -5.51431179E-02  0.23693717      0.11216839    
   124.50262     -6.25251532E-02  0.23393980      0.12210722    
   125.00332     -7.38653690E-02  0.22674492      0.13372080    
   125.50402     -8.77872705E-02  0.21730356      0.14590459    
   126.00472     -0.10046153      0.20759127      0.15784627    
   126.50542     -0.11042776      0.19963695      0.16823399    
   127.00613     -0.11822373      0.19504152      0.17601898    
   127.50685     -0.12364349      0.19419797      0.18028437    
   128.00757     -0.12806776      0.19561000      0.18211485    
   128.50830     -0.13056082      0.19751750      0.18184233    
   129.00903     -0.13358673      0.19916549      0.17887072    
   129.50977     -0.13958117      0.19875766      0.17299755    
   130.01050     -0.14801583      0.19495052      0.16400543    
   130.51123     -0.15910533      0.18729939      0.15185748    
   131.01196     -0.17236333      0.17560592      0.13747370    
   131.51270     -0.18532252      0.16092679      0.12267649    
   132.01347     -0.19545323      0.14546381      0.10896865    
   132.51427     -0.20205736      0.13178049      9.69255492E-02
   133.01506     -0.20443697      0.12136926      8.63369480E-02
   133.51585     -0.20135875      0.11511333      7.72657245E-02
   134.01665     -0.19541663      0.11151281      6.94575310E-02
   134.51747     -0.18949437      0.10928060      6.21020049E-02
   135.01833     -0.18426627      0.10738640      5.51310927E-02
   135.51918     -0.17881513      0.10447916      4.86780033E-02
   136.02010     -0.17356731      9.99460593E-02  4.29716855E-02
   136.52103     -0.16699916      9.38660279E-02  3.82620282E-02
   137.02202     -0.15865062      8.70008692E-02  3.51120234E-02
   137.52307     -0.14942516      8.07102248E-02  3.39383595E-02
   138.02422     -0.14062142      7.63477013E-02  3.44398580E-02
   138.52547     -0.13183464      7.47079402E-02  3.62370685E-02
   139.02687     -0.12157954      7.54513219E-02  3.91014740E-02
   139.52849     -0.10943527      7.90227056E-02  4.28300910E-02
   140.03035     -9.53916609E-02  8.46222863E-02  4.70958650E-02
   140.53252     -7.97265768E-02  9.10110474E-02  5.10110669E-02
   141.03510     -6.23415075E-02  9.66132283E-02  5.35835326E-02
   141.53821     -4.45727482E-02  9.93481576E-02  5.37209921E-02
   142.04198     -2.69166119E-02  9.78622586E-02  5.13316393E-02
   142.54659     -9.57516301E-03  9.15252119E-02  4.70164120E-02
   143.05222      7.26723531E-03  8.06759298E-02  4.16948684E-02
   143.55908      2.38100030E-02  6.60838485E-02  3.63659188E-02
   144.06729      4.04158756E-02  4.82611209E-02  3.15710939E-02
   144.57579      5.70323020E-02  2.73938160E-02  2.72666942E-02
   145.08437      7.33862445E-02  3.36102629E-03  2.32089851E-02
   145.59303      8.92336145E-02 -2.36025862E-02  1.91864613E-02
   146.10185      0.10508320     -5.33807576E-02  1.50877954E-02
   146.61092      0.12254357     -8.58677551E-02  1.08351475E-02
   147.12025      0.14342687     -0.12103590      6.48463285E-03
   147.50250      0.16274448     -0.14911193      3.45700653E-03
   148.01257      0.19449273     -0.18865682      3.38265672E-05
   148.52324      0.23172513     -0.23055276     -2.79823411E-03
   149.03464      0.27385676     -0.27463210     -4.59788879E-03
   149.54691      0.31940210     -0.32066169     -5.23647852E-03
   150.05919      0.36650398     -0.36798316     -4.78177099E-03
   150.56963      0.41359535     -0.41566131     -2.95747770E-03
   151.07835      0.45926422     -0.46303064      1.05308276E-03
   151.58562      0.50385225     -0.50984073      7.96739571E-03
   152.09164      0.54672414     -0.55640042      1.83648206E-02
   152.59665      0.58884835     -0.60308957      3.29309106E-02
   153.10083      0.63067251     -0.65001673      5.19779250E-02
   153.60432      0.67127949     -0.69642621      7.59066641E-02
   154.10732      0.70898396     -0.74105519      0.10531390    
   154.60988      0.74244237     -0.78107965      0.14063449    
   155.11212      0.76712418     -0.81395924      0.18161446    
   155.61412      0.78097415     -0.83812851      0.22800694    
   156.11594      0.78642619     -0.85340154      0.27879634    
   156.61758      0.78503746     -0.86134779      0.33269882    
   157.11911      0.77849150     -0.86388493      0.38992405    
   157.62054      0.76701659     -0.86177301      0.44935793    
   158.12190      0.74316049     -0.85368586      0.50830054    
   158.62315      0.70545799     -0.83252323      0.56384373    
   159.12434      0.64863849     -0.79363382      0.61375141    
   159.50018      0.59103143     -0.75404304      0.64681828    
   160.00125      0.50495487     -0.68909568      0.68277967    
   160.50226      0.41435149     -0.61343908      0.71058893    
   161.00322      0.32177880     -0.52954781      0.73241943    
   161.50414      0.23113190     -0.44020101      0.74918431    
   162.00505      0.14532593     -0.35052896      0.76173246    
   162.50597      6.51684552E-02 -0.26049581      0.77223998    
   163.00688     -7.37714814E-03 -0.16995956      0.78106618    
   163.50781     -7.30840564E-02 -7.96305835E-02  0.78693593    
   164.00880     -0.13499543      9.48965829E-03  0.78918815    
   164.50987     -0.19802359      9.41935927E-02  0.78261447    
   165.01100     -0.27034384      0.17050080      0.76197505    
   165.51222     -0.35361326      0.23632270      0.72763610    
   166.01353     -0.43704313      0.29135954      0.68211561    
   166.51494     -0.51147962      0.33687794      0.63003999    
   167.01643     -0.57207596      0.37395751      0.57905632    
   167.51804     -0.61402309      0.40356418      0.53362292    
   168.01971     -0.64475471      0.42573982      0.49353689    
   168.52147     -0.66299868      0.44143087      0.45576483    
   169.02332     -0.67178869      0.45143527      0.42041346    
   169.52524     -0.67638159      0.45592931      0.38652238    
   170.02724     -0.67660892      0.45530334      0.35057187    
   170.52933     -0.67580336      0.44931233      0.31110552    
   171.03151     -0.67575729      0.43705985      0.26889861    
   171.53380     -0.67471051      0.41893023      0.22588933    
   172.03621     -0.66879100      0.39584789      0.18280578    
   172.53874     -0.65483737      0.36827391      0.14121145    
   173.04137     -0.63133627      0.33672261      0.10228770    
   173.54411     -0.59756267      0.30257052      6.63071126E-02
   174.04697     -0.55424154      0.26811773      3.46420668E-02
   174.54990     -0.50228786      0.23370373      6.74230885E-03
   175.05286     -0.44472709      0.19754286     -1.87162794E-02
   175.55582     -0.38319129      0.15737100     -4.19140458E-02
   176.05876     -0.31758404      0.11216571     -6.16802052E-02
   176.56174     -0.24770641      6.19446523E-02 -7.57204592E-02
   177.06473     -0.17667598      8.17613676E-03 -8.31353962E-02
   177.56772     -0.10641668     -4.68093865E-02 -8.51923078E-02
   178.07071     -3.94801721E-02 -0.10061181     -8.16099197E-02
   178.57372      2.14056596E-02 -0.15091202     -7.39743114E-02
   179.07677      7.73610175E-02 -0.19684124     -6.21978045E-02
   179.57982      0.13009557     -0.23855075     -4.60782349E-02
   180.08287      0.18189004     -0.27692434     -2.48142406E-02
   180.58591      0.23556188     -0.31371227      2.66705221E-03
   181.08884      0.29261208     -0.35040843      3.70052308E-02
   181.59164      0.35304683     -0.38772511      7.75315464E-02
   182.09433      0.41486502     -0.42470154      0.12235016    
   182.59689      0.47293794     -0.45952970      0.16725378    
   183.09933      0.51960135     -0.48819789      0.20873818    
   183.60165      0.54410207     -0.50482857      0.24462858    
   184.10385      0.54992932     -0.51206344      0.27684832    
   184.60594      0.54451025     -0.51356840      0.30787271    
   185.10793      0.53674525     -0.51083112      0.33903441    
   185.60979      0.52844858     -0.50570655      0.37148303    
   186.11154      0.51967567     -0.49960130      0.40513933    
   186.61319      0.50242656     -0.49473819      0.43801361    
   187.11472      0.47586796     -0.48888826      0.46800315    
   187.61613      0.43724763     -0.47951341      0.49443576    
   188.11745      0.38999563     -0.46478155      0.51720607    
   188.61864      0.33827502     -0.44400984      0.53701735    
   189.11975      0.28553700     -0.41635495      0.55573511    
   189.62079      0.23302743     -0.38158381      0.57184339    
   190.12178      0.17831606     -0.34063932      0.58261418    
   190.62273      0.12236696     -0.29537228      0.58809870    
   191.12364      6.72304705E-02 -0.24808866      0.58833915    
   191.62459      1.43959410E-02 -0.20071127      0.58417320    
   192.00032     -2.19187085E-02 -0.16648681      0.57744104    
   192.50125     -6.99539408E-02 -0.12253091      0.56491530    
   193.00195     -0.11414468     -8.10217559E-02  0.54885733    
   193.50240     -0.15191951     -4.33088802E-02  0.52764523    
   194.00258     -0.18678002     -1.18909050E-02  0.50044316    
   194.50249     -0.22041389      1.19832056E-02  0.46929058    
   195.00221     -0.25217375      2.80442461E-02  0.43649691    
   195.50171     -0.27967471      3.64064686E-02  0.40341955    
   196.00102     -0.30076206      3.72477770E-02  0.37079003    
   196.50015     -0.31348369      3.17430720E-02  0.33965680    
   197.12386     -0.31734610      1.73746906E-02  0.30345726    
   197.62267     -0.31073526      1.44688226E-03  0.27589375    
   198.12132     -0.29513761     -1.73773281E-02  0.24960017    
   198.61986     -0.27548045     -3.88585292E-02  0.22560835    
   199.11827     -0.25567088     -6.29890189E-02  0.20242457    
   199.61659     -0.23740092     -8.99095982E-02  0.17823878    
   200.11484     -0.21970455     -0.11939437      0.15245819    
   200.58238     -0.20184788     -0.14878058      0.12831140    
   201.00679     -0.18300445     -0.17618191      0.10757828    
   201.50644     -0.15588838     -0.20878716      8.59001875E-02
   202.06941     -0.11812387     -0.24623013      6.57322183E-02
   202.55412     -7.91477114E-02 -0.27990845      5.16844057E-02
   203.03870     -3.40288877E-02 -0.31565195      4.04898897E-02
   203.53093      1.74347926E-02 -0.35456163      3.16274166E-02
   204.00098      7.04551041E-02 -0.39413071      2.38282997E-02
   204.54810      0.13260391     -0.44141012      1.43002570E-02
   205.04132      0.18609515     -0.48241144      4.61846776E-03
   205.50838      0.23359771     -0.51765716     -5.69843408E-03
   206.06245      0.28520155     -0.55456424     -1.95575636E-02
   206.52745      0.32692593     -0.58181643     -3.15111428E-02
   207.03033      0.37453288     -0.60857731     -4.45403680E-02
   207.57266      0.43358830     -0.63449496     -5.88237494E-02
   208.03464      0.49321240     -0.65685278     -7.19069913E-02
   208.50595      0.56082308     -0.68154740     -8.76073986E-02
   209.07971      0.65014505     -0.71579242     -0.11043653    
   209.56139      0.73057741     -0.74921024     -0.13342202    
   210.04755      0.81551582     -0.78905201     -0.16117509    
   210.54678      0.90602273     -0.83770704     -0.19480854    
   211.09796       1.0110615     -0.90154833     -0.23776121    
   211.55264       1.1036170     -0.96312863     -0.27735633    
   212.02397       1.2062173      -1.0361421     -0.32223883    
   212.50615       1.3173125      -1.1201185     -0.37257180    
   213.12065       1.4647472      -1.2387468     -0.44329196    
   213.61757       1.5889913      -1.3431495     -0.50389612    
   214.11427       1.7220967      -1.4553969     -0.56376010    
   214.61079       1.8686514      -1.5762253     -0.61839086    
   215.10715       2.0291994      -1.7039952     -0.66371894    
   215.60338       2.1973789      -1.8343713     -0.69861984    
   216.09950       2.3657718      -1.9622369     -0.72245932    
   216.59558       2.5329528      -2.0827935     -0.72681296    
   217.09161       2.6957109      -2.1934652     -0.70406806    
   217.58765       2.8458700      -2.2912164     -0.66078615    
   218.08374       2.9732540      -2.3739998     -0.60290194    
   218.57986       3.0763137      -2.4420395     -0.53041697    
   219.07602       3.1572738      -2.4959991     -0.44592565    
   219.57225       3.2152469      -2.5369058     -0.34972292    
   220.06856       3.2517118      -2.5660133     -0.23867515    
   220.56499       3.2625599      -2.5809472     -0.11587216    
   221.06155       3.2575305      -2.5840650      1.64610408E-02
   221.55826       3.2375512      -2.5790384      0.15453345    
   222.05516       3.2078793      -2.5661063      0.29621598    
   222.55226       3.1631870      -2.5443175      0.43814784    
   223.04961       3.1025484      -2.5143545      0.57678521    
   223.54720       3.0247886      -2.4774446      0.70785379    
   224.04503       2.9300177      -2.4310789      0.82814282    
   224.54312       2.8119373      -2.3725119      0.93258500    
   225.04147       2.6693299      -2.3011208       1.0180846    
   225.54005       2.5085101      -2.2179804       1.0836699    
   226.03886       2.3325844      -2.1252310       1.1293219    
   226.53792       2.1464715      -2.0261965       1.1561363    
   227.03716       1.9572083      -1.9242425       1.1657779    
   227.53664       1.7703981      -1.8210623       1.1589671    
   228.03636       1.5879470      -1.7158303       1.1364233    
   228.53633       1.4086640      -1.6068866       1.0979137    
   229.03659       1.2381308      -1.4953701       1.0473291    
   229.53712       1.0837471      -1.3843467      0.98907715    
   230.03799      0.94568741      -1.2787814      0.92609119    
   230.53918      0.81810236      -1.1837726      0.85980105    
   231.04065      0.69104433      -1.1046631      0.78722060    
   231.54227      0.56118119      -1.0431403      0.70649672    
   232.04404      0.42851171     -0.99461722      0.61744726    
   232.54596      0.29592192     -0.95586580      0.52195501    
   233.04802      0.16975600     -0.92238462      0.42351416    
   233.55022      5.72726391E-02 -0.88789910      0.32609129    
   234.05257     -3.43924053E-02 -0.84664369      0.23449388    
   234.55495     -0.10226446     -0.79448426      0.15370333    
   235.05734     -0.14631212     -0.73183948      8.79412740E-02
   235.55978     -0.17048836     -0.66236103      3.86079252E-02
   236.06227     -0.17912725     -0.59265351      5.39565319E-03
   236.56482     -0.18280235     -0.53167880     -1.49184959E-02
   237.06743     -0.19435580     -0.48706689     -2.96002720E-02
   237.57011     -0.22027424     -0.46592051     -4.24253196E-02
   238.07285     -0.25302553     -0.45996714     -5.39493933E-02
   238.57558     -0.28209037     -0.46229890     -6.41875714E-02
   239.07823     -0.30066118     -0.46376342     -7.19272196E-02
   239.58076     -0.30431581     -0.45958421     -7.58566111E-02
   240.08319     -0.29377797     -0.44943705     -7.63956159E-02
   240.58554     -0.27317992     -0.42928869     -7.32576177E-02
   241.08781     -0.24550723     -0.40399069     -6.80233240E-02
   241.59003     -0.22461972     -0.37921950     -6.28686026E-02
   242.09218     -0.22067359     -0.36244613     -5.70511706E-02
   242.59428     -0.22926754     -0.35434037     -5.04407287E-02
   243.09636     -0.24863845     -0.35334396     -4.20495197E-02
   243.59837     -0.27245301     -0.35994673     -3.06543820E-02
   244.10033     -0.29985791     -0.36910889     -1.59185752E-02
   244.60223     -0.32243529     -0.37733001      1.64208282E-03
   245.10413     -0.34014514     -0.38209540      2.18141675E-02
   245.60597     -0.35503179     -0.38528225      4.44008932E-02
   246.10780     -0.36761189     -0.38859692      6.90389201E-02
   246.60963     -0.38044432     -0.39369100      9.56501365E-02
   247.11147     -0.39351740     -0.40226746      0.12500609    
   247.61331     -0.40831172     -0.41520572      0.15808252    
   248.11520     -0.42515832     -0.43127304      0.19364852    
   248.61711     -0.44430700     -0.44833380      0.22983357    
   249.11906     -0.46590987     -0.46439499      0.26489472    
   249.62108     -0.48949784     -0.47770533      0.29743364    
   250.12315     -0.51522064     -0.48656279      0.32636321    
