  0.12474632      5.89126969E-10  3.56302238E-10 -2.58849712E-12
  0.50017345      5.96011018E-10  3.90487670E-10 -2.82901003E-12
   1.0007112      6.09858497E-10  4.37527348E-10 -1.94997100E-12
   1.5011811      6.30110908E-10  4.86800655E-10  7.20403338E-13
   2.0015700      6.55861809E-10  5.38966649E-10  3.56223948E-12
   2.5018795      6.85117518E-10  5.94659322E-10  3.63078404E-12
   3.0021112      7.16584347E-10  6.54393428E-10 -3.45884606E-12
   3.5022826      7.50320528E-10  7.18589521E-10 -2.41899938E-11
   4.0024195      7.88513643E-10  7.87465981E-10 -6.09486558E-11
   4.5025353      8.32014568E-10  8.61550886E-10 -1.14081369E-10
   5.0026474      8.82130535E-10  9.41336342E-10 -1.84131266E-10
   5.5027671      9.41210887E-10  1.02722275E-09 -2.71231815E-10
   6.0029030      1.01264419E-09  1.11966680E-09 -3.75369208E-10
   6.5030551      1.10015397E-09  1.21951316E-09 -4.97480113E-10
   7.0032248      1.20795363E-09  1.32813816E-09 -6.38311570E-10
   7.5034132      1.34611233E-09  1.44709733E-09 -7.93508592E-10
   8.0036135      1.52022805E-09  1.58099289E-09 -9.62803504E-10
   8.5038261      1.73158188E-09  1.73618497E-09 -1.15206666E-09
   9.0040474      1.98376160E-09  1.91939109E-09 -1.36699219E-09
   9.5042772      2.28006725E-09  2.13758433E-09 -1.61361891E-09
   10.004511      2.62530864E-09  2.39713338E-09 -1.89882554E-09
   10.504748      3.02680037E-09  2.70342593E-09 -2.22976504E-09
   11.004990      3.49400087E-09  3.06125747E-09 -2.61349609E-09
   11.505231      4.03781319E-09  3.47556917E-09 -3.05688763E-09
   12.005473      4.67008343E-09  3.95232025E-09 -3.56691165E-09
   12.505716      5.40363043E-09  4.49923299E-09 -4.15127532E-09
   13.005962      6.25272456E-09  5.12631315E-09 -4.81923212E-09
   13.506206      7.23388283E-09  5.84620841E-09 -5.58240654E-09
   14.006449      8.36671976E-09  6.67448807E-09 -6.45552412E-09
   14.506693      9.67464686E-09  7.62989849E-09 -7.45684492E-09
   15.006934      1.11853460E-08  8.73459083E-09 -8.60837002E-09
   15.507174      1.29311069E-08  1.00143813E-08 -9.93587435E-09
   16.007412      1.49492010E-08  1.14989778E-08 -1.14689005E-08
   16.507652      1.72823178E-08  1.32222429E-08 -1.32408235E-08
   17.007891      1.99791863E-08  1.52225823E-08 -1.52892312E-08
   17.508127      2.30956143E-08  1.75435453E-08 -1.76565944E-08
   18.008364      2.66957478E-08  2.02345500E-08 -2.03911519E-08
   18.508598      3.08536272E-08  2.33518538E-08 -2.35480861E-08
   19.008829      3.56548640E-08  2.69598903E-08 -2.71910388E-08
   19.509062      4.11984615E-08  3.11328812E-08 -3.13938635E-08
   20.009295      4.75988600E-08  3.59565249E-08 -3.62424508E-08
   20.509525      5.49882202E-08  4.15297734E-08 -4.18367669E-08
   21.009754      6.35191526E-08  4.79670135E-08 -4.82930247E-08
   21.509983      7.33677581E-08  5.54004309E-08 -5.57458790E-08
   22.010208      8.47371098E-08  6.39828244E-08 -6.43507505E-08
   22.510429      9.78617081E-08  7.38911226E-08 -7.42867741E-08
   23.010654      1.13012462E-07  8.53302424E-08 -8.57600782E-08
   23.510880      1.30502343E-07  9.85374129E-08 -9.90076643E-08
   24.011103      1.50692756E-07  1.13786996E-07 -1.14302203E-07
   24.511326      1.74001315E-07  1.31396149E-07 -1.31957890E-07
   25.011547      2.00909824E-07  1.51730859E-07 -1.52336852E-07
   25.511765      2.31973871E-07  1.75212790E-07 -1.75856727E-07
   26.011982      2.67834423E-07  2.02327968E-07 -2.02999672E-07
   26.512199      3.09230671E-07  2.33636328E-07 -2.34322371E-07
   27.012419      3.57014756E-07  2.69783044E-07 -2.70467240E-07
   27.512634      4.12169186E-07  3.11511599E-07 -3.12175615E-07
   28.012852      4.75828074E-07  3.59680143E-07 -3.60303972E-07
   28.513069      5.49299557E-07  4.15278606E-07 -4.15839963E-07
   29.013285      6.34092885E-07  4.79448659E-07 -4.79923642E-07
   29.513498      7.31950990E-07  5.53509381E-07 -5.53871359E-07
   30.013714      8.44884880E-07  6.38983067E-07 -6.39201744E-07
   30.513929      9.75215357E-07  7.37625669E-07 -7.37667222E-07
   31.014143      1.12562145E-06  8.51464620E-07 -8.51290679E-07
   31.514359      1.29919476E-06  9.82841016E-07 -9.82406732E-07
   32.014572      1.49950301E-06  1.13445446E-06 -1.13370982E-06
   32.514786      1.73066280E-06  1.30942146E-06 -1.30830813E-06
   33.014999      1.99742658E-06  1.51134009E-06 -1.50979122E-06
   33.515217      2.30527826E-06  1.74436127E-06 -1.74230183E-06
   34.015430      2.66054280E-06  2.01327362E-06 -2.01061721E-06
   34.515644      3.07052255E-06  2.32360480E-06 -2.32025332E-06
   35.015862      3.54364420E-06  2.68173335E-06 -2.67757582E-06
   35.516075      4.08962569E-06  3.09501593E-06 -3.08992594E-06
   36.016289      4.71968724E-06  3.57194449E-06 -3.56577766E-06
   36.516502      5.44678005E-06  4.12232157E-06 -4.11491237E-06
   37.016720      6.28584576E-06  4.75745810E-06 -4.74861326E-06
   37.516933      7.25412292E-06  5.49040033E-06 -5.47989976E-06
   38.017147      8.37151492E-06  6.33621312E-06 -6.32380033E-06
   38.517368      9.66098560E-06  7.31228420E-06 -7.29766043E-06
   39.017582      1.11490317E-05  8.43866110E-06 -8.42148711E-06
   39.517796      1.28662405E-05  9.73850365E-06 -9.71838108E-06
   40.018013      1.48479157E-05  1.12385324E-05 -1.12150055E-05
   40.518234      1.71347820E-05  1.29695754E-05 -1.29421242E-05
   41.018448      1.97738264E-05  1.49671978E-05 -1.49352209E-05
   41.518665      2.28193094E-05  1.72724722E-05 -1.72352829E-05
   42.018887      2.63338188E-05  1.99327696E-05 -1.98895723E-05
   42.519104      3.03895467E-05  2.30027381E-05 -2.29526122E-05
   43.019321      3.50698756E-05  2.65455019E-05 -2.64873743E-05
   43.519543      4.04710081E-05  3.06338843E-05 -3.05665017E-05
   44.019764      4.67039135E-05  3.53518735E-05 -3.52737843E-05
   44.519993      5.38966851E-05  4.07964617E-05 -4.07059379E-05
   45.020214      6.21971558E-05  4.70795203E-05 -4.69745792E-05
   45.520435      7.17758521E-05  5.43301649E-05 -5.42084526E-05
   46.020664      8.28295524E-05  6.26973706E-05 -6.25561079E-05
   46.520893      9.55854557E-05  7.23530975E-05 -7.21890610E-05
   47.021122      1.10305642E-04  8.34957755E-05 -8.33051308E-05
   47.521351      1.27292442E-04  9.63542552E-05 -9.61324840E-05
   48.021580      1.46894803E-04  1.11192734E-04 -1.10934525E-04
   48.521816      1.69515435E-04  1.28316140E-04 -1.28015134E-04
   49.022049      1.95618719E-04  1.48076040E-04 -1.47724684E-04
   49.522278      2.25740805E-04  1.70878266E-04 -1.70467611E-04
   50.022514      2.60500237E-04  1.97191315E-04 -1.96710535E-04
   50.522751      3.00610554E-04  2.27555414E-04 -2.26991659E-04
   51.022991      3.46894842E-04  2.62593821E-04 -2.61931564E-04
   51.523232      4.00303339E-04  3.03026056E-04 -3.02246539E-04
   52.023468      4.61931719E-04  3.49681970E-04 -3.48762551E-04
   52.523712      5.33043756E-04  4.03518585E-04 -4.02431586E-04
   53.023956      6.15098281E-04  4.65640915E-04 -4.64352779E-04
   53.524204      7.09778105E-04  5.37323533E-04 -5.35793137E-04
   54.024452      8.19023349E-04  6.20036270E-04 -6.18213380E-04
   54.524696      9.45072505E-04  7.15475006E-04 -7.13297981E-04
   55.024948      1.09050854E-03  8.25596799E-04 -8.22989736E-04
   55.525200      1.25830900E-03  9.52657720E-04 -9.49527428E-04
   56.025455      1.45190838E-03  1.09926111E-03 -1.09549158E-03
   56.525711      1.67527015E-03  1.26841059E-03 -1.26385910E-03
   57.025970      1.93296350E-03  1.46357086E-03 -1.45805965E-03
   57.526230      2.23025633E-03  1.68873498E-03 -1.68204377E-03
   58.026489      2.57322681E-03  1.94851356E-03 -1.94036716E-03
   58.526756      2.96888268E-03  2.24822178E-03 -2.23827851E-03
   59.027020      3.42530059E-03  2.59398855E-03 -2.58182129E-03
   59.527283      3.95180145E-03  2.99288752E-03 -2.97796284E-03
   60.027550      4.55913041E-03  3.45307728E-03 -3.43472557E-03
   60.527817      5.25967777E-03  3.98396654E-03 -3.96135077E-03
   61.028088      6.06772350E-03  4.59640659E-03 -4.56847530E-03
   61.528358      6.99974364E-03  5.30292001E-03 -5.26835211E-03
   62.028625      8.07472970E-03  6.11794926E-03 -6.07508048E-03
   62.528889      9.31457151E-03  7.05815107E-03 -7.00488780E-03
   63.029144      1.07445195E-02  8.14275444E-03 -8.07645265E-03
   63.529388      1.23936860E-02  9.39393509E-03 -9.31125879E-03
   64.029610      1.42956218E-02  1.08372876E-02 -1.07340077E-02
   64.529793      1.64889805E-02  1.25023099E-02 -1.23730693E-02
   65.029915      1.90183092E-02  1.44230388E-02 -1.42610474E-02
   65.529961      2.19349079E-02  1.66387223E-02 -1.64353363E-02
   66.029884      2.52978541E-02  1.91946048E-02 -1.89388078E-02
   66.529579      2.91746128E-02  2.21423618E-02 -2.18202323E-02
   67.028946      3.36426497E-02  2.55414415E-02 -2.51354538E-02
   67.527985      3.87919396E-02  2.94610970E-02 -2.89488714E-02
   68.026711      4.47269045E-02  3.39821056E-02 -3.33344601E-02
   68.525154      5.15687168E-02  3.91985290E-02 -3.83769237E-02
   69.023308      5.94563857E-02  4.52183485E-02 -4.41723093E-02
   69.521164      6.85491636E-02  5.21654561E-02 -5.08313812E-02
   70.018753      7.90298954E-02  6.01803809E-02 -5.84805384E-02
   70.516083      9.11117047E-02  6.94213659E-02 -6.72624782E-02
   71.013168      0.10503953      8.00739825E-02 -7.73396268E-02
   71.510017      0.12108890      9.23606306E-02 -8.89002606E-02
   72.006645      0.13957790      0.10654530     -0.10216485    
   72.503052      0.16088408      0.12293050     -0.11738464    
   73.123268      0.19218776      0.14704031     -0.13959523    
   73.619247      0.22166348      0.16974060     -0.16030586    
   74.115067      0.25582057      0.19603774     -0.18402568    
   74.610741      0.29546514      0.22659713     -0.21116829    
   75.106293      0.34153113      0.26225740     -0.24219565    
   75.601738      0.39510977      0.30404562     -0.27760163    
   76.097084      0.45747352      0.35316455     -0.31788141    
   76.592346      0.53010339      0.41096690     -0.36352211    
   77.087570      0.61473548      0.47904447     -0.41504937    
   77.582710      0.71306920      0.55933577     -0.47281760    
   78.077805      0.82963264      0.65350777     -0.53443474    
   78.572929      0.96573424      0.76316309     -0.60289687    
   79.068001       1.1158974      0.88637382     -0.68290794    
   79.563103       1.2745496       1.0200895     -0.77985835    
   80.058319       1.4424189       1.1689563     -0.89709997    
   80.553558       1.6309319       1.3434590      -1.0283381    
   81.048828       1.8527395       1.5539316      -1.1603154    
   81.544167       2.1116793       1.8023578      -1.2777910    
   82.039604       2.4003251       2.0805590      -1.3687520    
   82.535164       2.7059879       2.3777652      -1.4201419    
   83.030861       3.0138416       2.6783926      -1.4137585    
   83.526726       3.2930822       2.9398561      -1.3695726    
   84.022781       3.5267072       3.1523421      -1.2871763    
   84.519058       3.7266815       3.3233423      -1.1706327    
   85.015579       3.8879251       3.4400125      -1.0065681    
   85.512390       3.9960275       3.5095077     -0.79948360    
   86.009499       4.1019688       3.5775816     -0.57072157    
   86.506836       4.2019176       3.6572595     -0.29518512    
   87.004471       4.2505817       3.7004919      7.02773966E-03
   87.502487       4.2477603       3.7055330      0.30262226    
   88.000862       4.1789732       3.6910720      0.58568937    
   88.624283       4.0171452       3.6146927      0.91804802    
   89.045319       3.8674669       3.5366337       1.1223509    
   89.540131       3.6544797       3.4245987       1.3375684    
   90.040138       3.4067502       3.2815518       1.5316266    
   90.540535       3.1343608       3.1179979       1.6969107    
   91.040962       2.8451276       2.9515636       1.8331289    
   91.541405       2.5447721       2.7893479       1.9209322    
   92.041847       2.2265646       2.6314445       1.9865832    
   92.542297       1.8867667       2.4592552       2.0001066    
   93.042755       1.5364802       2.2627349       1.9808902    
   93.543213       1.2038187       2.0490065       1.9486848    
   94.043671      0.90003455       1.8219006       1.9189024    
   94.544128      0.61481196       1.5680245       1.8870716    
   95.039368      0.34496140       1.2834022       1.8420625    
   95.539825      9.17662978E-02  0.97115958       1.7796543    
   96.040291     -0.14057416      0.65405947       1.7030704    
   96.540764     -0.36389855      0.36291772       1.5906889    
   97.041245     -0.59853137      0.13619205       1.4212811    
   97.541733     -0.81373870     -8.84451717E-03   1.2245551    
   98.042221     -0.99201715     -9.91339087E-02   1.0387894    
   98.542709      -1.1313229     -0.15983734      0.88448298    
   99.043198      -1.2357187     -0.23020248      0.77366787    
   99.543686      -1.3282521     -0.32166910      0.61642438    
   100.04419      -1.4230579     -0.43166769      0.46691340    
   100.54469      -1.4899131     -0.54952234      0.34445873    
   101.04521      -1.5139608     -0.65530378      0.26498213    
   101.54573      -1.4963176     -0.72200984      0.17633486    
   102.04625      -1.4659660     -0.74938643      0.10528697    
   102.54677      -1.4370159     -0.73802710      4.35062684E-02
   103.04729      -1.4116261     -0.69591546     -1.87047906E-02
   103.54781      -1.3861855     -0.62979031     -8.09391141E-02
   104.04832      -1.3629920     -0.55017829     -0.13885060    
   104.54886      -1.3364025     -0.46681666     -0.18836716    
   105.04939      -1.2988919     -0.38156265     -0.23038763    
   105.54993      -1.2510263     -0.29834026     -0.26605192    
   106.05048      -1.1966299     -0.22837538     -0.29715061    
   106.55103      -1.1380122     -0.17901675     -0.32843199    
   107.05158      -1.0738505     -0.14380944     -0.35516575    
   107.55213      -1.0066200     -0.11565969     -0.38305962    
   108.05269     -0.94016540     -9.04797912E-02 -0.40779871    
   108.55325     -0.87043220     -7.07827061E-02 -0.42367432    
   109.05383     -0.79456627     -5.62782623E-02 -0.43075496    
   109.55441     -0.71347672     -4.47846614E-02 -0.42800605    
   110.05499     -0.63329113     -3.78065929E-02 -0.42061350    
   110.55556     -0.55341583     -3.41957845E-02 -0.39476389    
   111.05614     -0.47605473     -3.15571278E-02 -0.32355517    
   111.55673     -0.40120512     -2.48922072E-02 -0.21454078    
   112.05731     -0.34336421     -1.33433593E-02 -8.73993412E-02
   112.55789     -0.32208759      1.02827512E-02  8.93864222E-03
   113.05849     -0.31975350      4.89697494E-02  7.01595321E-02
   113.55910     -0.32285371      9.10980552E-02  0.10960108    
   114.05971     -0.32620627      0.13509190      0.13188979    
   114.56032     -0.32038265      0.17536671      0.14025837    
   115.06093     -0.30099830      0.20628732      0.13877226    
   115.56154     -0.27128732      0.23127320      0.13303733    
   116.06215     -0.23863509      0.25211361      0.12264757    
   116.56277     -0.20337272      0.26301259      0.11053433    
   117.06341     -0.16861364      0.25460523      9.68904644E-02
   117.56405     -0.13835412      0.23141310      8.65000039E-02
   118.06469     -0.11006182      0.20415959      8.11350644E-02
   118.56533     -8.72258395E-02  0.17258205      7.97479600E-02
   119.06597     -7.01745301E-02  0.14193709      8.25387686E-02
   119.56661     -5.83282113E-02  0.11885335      9.10664797E-02
   120.06727     -5.06983064E-02  0.10913040      0.10501766    
   120.56793     -4.52430025E-02  0.10807191      0.12012146    
   121.06860     -4.06112671E-02  0.10934354      0.13702115    
   121.56927     -3.39969769E-02  0.11244927      0.15836783    
   122.06933     -2.57369373E-02  0.11669683      0.18487599    
   122.53907     -1.83621459E-02  0.12462796      0.21316963    
   123.00376     -1.52525008E-02  0.13885327      0.24018858    
   123.50124     -1.81466825E-02  0.16185208      0.26562315    
   124.00192     -2.79982127E-02  0.19037408      0.28517029    
   124.50262     -3.95342261E-02  0.21808505      0.29984096    
   125.00332     -4.82074022E-02  0.23959222      0.30819005    
   125.50402     -5.35827242E-02  0.25272509      0.31412715    
   126.00472     -6.21626936E-02  0.25402790      0.31783038    
   126.50542     -7.55235106E-02  0.24480395      0.31831527    
   127.00613     -9.09060091E-02  0.23145314      0.31763828    
   127.50685     -0.10785502      0.21909218      0.31665847    
   128.00757     -0.12416404      0.20905198      0.31501034    
   128.50830     -0.13760129      0.20030065      0.31302854    
   129.00903     -0.14727119      0.19183236      0.31106108    
   129.50977     -0.15260576      0.18227428      0.30964404    
   130.01050     -0.15486640      0.17000672      0.30905926    
   130.51123     -0.15622392      0.15378451      0.30923954    
   131.01196     -0.15813267      0.13371043      0.30988675    
   131.51270     -0.16308442      0.11063928      0.30953604    
   132.01347     -0.17188969      8.53567868E-02  0.30824664    
   132.51427     -0.18275873      5.94180077E-02  0.30681324    
   133.01506     -0.19350657      3.45667228E-02  0.30450320    
   133.51585     -0.20293376      1.29570905E-02  0.30051434    
   134.01665     -0.20983377     -4.47915960E-03  0.29407912    
   134.51747     -0.21371970     -1.80254318E-02  0.28556186    
   135.01833     -0.21340732     -2.84617655E-02  0.27563784    
   135.51918     -0.20739441     -3.62501480E-02  0.26555201    
   136.02010     -0.19632205     -4.12139520E-02  0.25548297    
   136.52103     -0.18349205     -4.35733646E-02  0.24415560    
   137.02202     -0.17034847     -4.37828302E-02  0.23180901    
   137.52307     -0.15712911     -4.18511815E-02  0.21965948    
   138.02422     -0.14411727     -3.74912545E-02  0.20945942    
   138.52547     -0.13149577     -3.10910940E-02  0.20358780    
   139.02687     -0.11791353     -2.25135647E-02  0.20240030    
   139.52849     -0.10258652     -1.26104299E-02  0.20917107    
   140.03035     -8.62532929E-02 -2.56846100E-03  0.22213560    
   140.53252     -6.90372586E-02  6.90705143E-03  0.23490143    
   141.03510     -5.25713265E-02  1.34425461E-02  0.24419419    
   141.53821     -3.70551571E-02  1.48491394E-02  0.25010493    
   142.04198     -2.11066343E-02  1.36910416E-02  0.25198689    
   142.54659     -3.70493112E-03  8.91758129E-03  0.25028607    
   143.05222      1.33119393E-02 -1.02066435E-03  0.24596991    
   143.55908      3.08562927E-02 -1.66599788E-02  0.23762770    
   144.06729      5.03758118E-02 -3.83087881E-02  0.22541581    
   144.57579      7.27475137E-02 -6.56892210E-02  0.21053988    
   145.08437      9.90737155E-02 -9.77204293E-02  0.19540481    
   145.59303      0.12941858     -0.13272123      0.18252727    
   146.10185      0.16311963     -0.17090324      0.17408544    
   146.61092      0.19912212     -0.21467048      0.17145093    
   147.12025      0.23719451     -0.26512101      0.17247450    
   147.50250      0.26741755     -0.30639985      0.17549318    
   148.01257      0.30966431     -0.36558819      0.18167590    
   148.52324      0.35270870     -0.42885882      0.18841641    
   149.03464      0.39486802     -0.49494001      0.19562596    
   149.54691      0.43656880     -0.56303072      0.20293219    
   150.05919      0.47916591     -0.63381183      0.20921615    
   150.56963      0.52494460     -0.70886534      0.21352659    
   151.07835      0.57402116     -0.78931212      0.21533218    
   151.58562      0.62595212     -0.87630105      0.21400306    
   152.09164      0.68157965     -0.96999216      0.21177727    
   152.59665      0.73576075      -1.0676214      0.20882285    
   153.10083      0.78711081      -1.1618183      0.21095195    
   153.60432      0.83519638      -1.2486618      0.22345561    
   154.10732      0.87854564      -1.3281391      0.24626829    
   154.60988      0.91543931      -1.3996258      0.27731699    
   155.11212      0.94542021      -1.4628772      0.31846756    
   155.61412      0.96698540      -1.5141814      0.37142688    
   156.11594      0.97472727      -1.5555985      0.43256366    
   156.61758      0.96356905      -1.5756420      0.48837474    
   157.11911      0.93140018      -1.5721939      0.53696370    
   157.62054      0.87312508      -1.5470791      0.58368623    
   158.12190      0.79526740      -1.5007684      0.62932760    
   158.62315      0.70292640      -1.4343562      0.67029172    
   159.12434      0.59611583      -1.3605400      0.70575970    
   159.50018      0.51009023      -1.3007101      0.73135519    
   160.00125      0.39161363      -1.2123137      0.76137304    
   160.50226      0.27215818      -1.1191229      0.79239649    
   161.00322      0.15160137      -1.0233278      0.81105405    
   161.50414      2.92291902E-02 -0.92441738      0.80956519    
   162.00505     -8.82123113E-02 -0.82292718      0.79312104    
   162.50597     -0.19758672     -0.72071469      0.76107591    
   163.00688     -0.29611519     -0.61798191      0.71783388    
   163.50781     -0.38616979     -0.51603389      0.67107910    
   164.00880     -0.46686667     -0.41862804      0.62053585    
   164.50987     -0.53986704     -0.33078724      0.56052238    
   165.01100     -0.60482836     -0.25572616      0.49389982    
   165.51222     -0.65622628     -0.19633836      0.43244833    
   166.01353     -0.69368112     -0.15381154      0.38005981    
   166.51494     -0.72231019     -0.12386695      0.33316559    
   167.01643     -0.74522161     -0.10161904      0.28957519    
   167.51804     -0.76358390     -8.55071545E-02  0.24843733    
   168.01971     -0.77953869     -7.48395324E-02  0.20937654    
   168.52147     -0.79106086     -7.23328367E-02  0.17149255    
   169.02332     -0.79679734     -7.66922608E-02  0.13441189    
   169.52524     -0.79814541     -8.80437493E-02  9.83339995E-02
   170.02724     -0.79432392     -0.10571458      6.32733405E-02
   170.52933     -0.78426254     -0.13128945      2.91669145E-02
   171.03151     -0.76832515     -0.16338767     -3.70739470E-03
   171.53380     -0.74666685     -0.20040588     -3.44569758E-02
   172.03621     -0.72061241     -0.24180099     -6.35284334E-02
   172.53874     -0.68973637     -0.28726506     -8.98307785E-02
   173.04137     -0.65285295     -0.33701408     -0.11336407    
   173.54411     -0.60869581     -0.39047456     -0.13526201    
   174.04697     -0.55541420     -0.44643086     -0.15722300    
   174.54990     -0.49247512     -0.50229275     -0.18044914    
   175.05286     -0.42077285     -0.55682015     -0.20580500    
   175.55582     -0.34198114     -0.60987616     -0.23292115    
   176.05876     -0.26167536     -0.66384697     -0.26760924    
   176.56174     -0.17941108     -0.71715349     -0.30388322    
   177.06473     -9.59630758E-02 -0.76913655     -0.32723019    
   177.56772     -1.40229240E-02 -0.81885475     -0.32996064    
   178.07071      6.83174431E-02 -0.86519068     -0.31810790    
   178.57372      0.14928737     -0.90876180     -0.29388410    
   179.07677      0.22969814     -0.95046830     -0.25815308    
   179.57982      0.31010753     -0.99104881     -0.21286103    
   180.08287      0.38876557      -1.0315777     -0.16088051    
   180.58591      0.46030092      -1.0717865     -0.10973506    
   181.08884      0.51891756      -1.1088516     -7.37556219E-02
   181.59164      0.56229013      -1.1373847     -4.68525924E-02
   182.09433      0.58942139      -1.1615858     -2.56443974E-02
   182.59689      0.60499781      -1.1825083     -4.88483533E-03
   183.09933      0.61691874      -1.2056584      1.88501291E-02
   183.60165      0.63015026      -1.2277540      4.68336791E-02
   184.10385      0.64324701      -1.2459544      7.75424391E-02
   184.60594      0.65222555      -1.2542275      0.11427168    
   185.10793      0.65353996      -1.2464118      0.15566733    
   185.60979      0.64408118      -1.2215114      0.20010233    
   186.11154      0.62291682      -1.1828048      0.24835972    
   186.61319      0.59063482      -1.1340055      0.29964286    
   187.11472      0.54528576      -1.0793768      0.34979549    
   187.61613      0.48740986      -1.0250957      0.39550036    
   188.11745      0.41842037     -0.96887445      0.43044299    
   188.61864      0.33914858     -0.91666400      0.45666006    
   189.11975      0.25193095     -0.86921763      0.47627866    
   189.62079      0.16122440     -0.82539666      0.48770672    
   190.12178      7.26348758E-02 -0.78503132      0.48807228    
   190.62273     -1.17264707E-02 -0.74685782      0.47578517    
   191.12364     -9.09759477E-02 -0.71094441      0.45115215    
   191.62459     -0.15942355     -0.67262018      0.41517192    
   192.00032     -0.20752181     -0.64397556      0.38280213    
   192.50125     -0.26625642     -0.60332847      0.33698282    
   193.00195     -0.31730890     -0.55981284      0.29027826    
   193.50240     -0.35896963     -0.51771843      0.24339820    
   194.00258     -0.38005352     -0.48252758      0.19682196    
   194.50249     -0.38729191     -0.45153347      0.15429232    
   195.00221     -0.38702607     -0.42470753      0.11552541    
   195.50171     -0.38070267     -0.40734845      7.96318799E-02
   196.00102     -0.37150663     -0.40258703      4.56819758E-02
   196.50015     -0.36111522     -0.40989900      1.31139793E-02
   197.12386     -0.34708965     -0.43523854     -2.60734037E-02
   197.62267     -0.33362082     -0.46533671     -5.57857156E-02
   198.12132     -0.31636244     -0.50070572     -8.29317644E-02
   198.61986     -0.29434395     -0.53910941     -0.10637265    
   199.11827     -0.26857743     -0.57957011     -0.12582411    
   199.61659     -0.23947826     -0.62255478     -0.14044090    
   200.11484     -0.20541853     -0.66987002     -0.15050919    
   200.58238     -0.16741735     -0.71954703     -0.15320608    
   201.00679     -0.12722543     -0.76866400     -0.14213310    
   201.50644     -8.26549083E-02 -0.83089483     -0.12341940    
   202.06941     -3.55978757E-02 -0.90074199     -0.11345942    
   202.55412      1.27363182E-03 -0.95796072     -0.11668968    
   203.03870      3.59659567E-02  -1.0085744     -0.12886307    
   203.53093      6.85274005E-02  -1.0493194     -0.14689067    
   204.00098      0.10015406      -1.0792525     -0.16439649    
   204.54810      0.14479190      -1.1052593     -0.18396389    
   205.04132      0.19374570      -1.1226292     -0.19750017    
   205.50838      0.24488585      -1.1358287     -0.20512056    
   206.06245      0.30761197      -1.1489191     -0.20817298    
   206.52745      0.35892272      -1.1588426     -0.20823795    
   207.03033      0.41222349      -1.1693796     -0.20970480    
   207.57266      0.46916926      -1.1821837     -0.21763991    
   208.03464      0.51941442      -1.1952767     -0.22976442    
   208.50595      0.57334465      -1.2118666     -0.24650261    
   209.07971      0.64534104      -1.2376418     -0.27228141    
   209.56139      0.71484423      -1.2658014     -0.30035359    
   210.04755      0.79239249      -1.2972947     -0.34099859    
   210.54678      0.87676519      -1.3297541     -0.40156719    
   211.09796      0.98007828      -1.3705479     -0.48265022    
   211.55264       1.0814843      -1.4155223     -0.55005044    
   212.02397       1.2062519      -1.4791462     -0.61138946    
   212.50615       1.3517812      -1.5639610     -0.66158301    
   213.12065       1.5503747      -1.6989236     -0.71382409    
   213.61757       1.7157991      -1.8305469     -0.76329833    
   214.11427       1.8853805      -1.9820070     -0.82218838    
   214.61079       2.0667815      -2.1504560     -0.87286383    
   215.10715       2.2662129      -2.3259366     -0.89289731    
   215.60338       2.4700418      -2.4964485     -0.88858443    
   216.09950       2.6661339      -2.6586468     -0.87764323    
   216.59558       2.8556955      -2.8097754     -0.85849112    
   217.09161       3.0281568      -2.9505978     -0.81683463    
   217.58765       3.1770570      -3.0709360     -0.75312656    
   218.08374       3.3088822      -3.1725309     -0.65984809    
   218.57986       3.4226122      -3.2484119     -0.53680062    
   219.07602       3.5102496      -3.3029642     -0.39390406    
   219.57225       3.5673339      -3.3367903     -0.23479311    
   220.06856       3.6140995      -3.3479722     -5.85026667E-02
   220.56499       3.6325510      -3.3431327      0.12686162    
   221.06155       3.6310232      -3.3236184      0.32319897    
   221.55826       3.6056070      -3.3010240      0.52218038    
   222.05516       3.5512314      -3.2746027      0.71280491    
   222.55226       3.4643188      -3.2355978      0.88757652    
   223.04961       3.3463571      -3.1824958       1.0426002    
   223.54720       3.1991141      -3.1199896       1.1750391    
   224.04503       3.0194206      -3.0457842       1.2891333    
   224.54312       2.8085766      -2.9736481       1.3815932    
   225.04147       2.5889764      -2.9111505       1.4597545    
   225.54005       2.3595605      -2.8479879       1.5174425    
   226.03886       2.1218524      -2.7875624       1.5390857    
   226.53792       1.8758036      -2.7178349       1.5127320    
   227.03716       1.6281707      -2.6369774       1.4517896    
   227.53664       1.3963693      -2.5420165       1.3879994    
   228.03636       1.1783760      -2.4213295       1.3247513    
   228.53633      0.97919756      -2.2712779       1.2640536    
   229.03659      0.79577756      -2.1095088       1.2002841    
   229.53712      0.62351143      -1.9372159       1.1202679    
   230.03799      0.46606100      -1.7658224       1.0285611    
   230.53918      0.32524985      -1.6110114      0.92489100    
   231.04065      0.19518343      -1.4688827      0.80460447    
   231.54227      7.70381540E-02  -1.3381000      0.67153573    
   232.04404     -2.73217540E-02  -1.2328867      0.53138381    
   232.54596     -0.11569102      -1.1565503      0.39343035    
   233.04802     -0.18294641      -1.1048578      0.27438432    
   233.55022     -0.23693207      -1.0694685      0.18356988    
   234.05257     -0.28246209      -1.0474112      0.12101844    
   234.55495     -0.31900296      -1.0335224      8.12891424E-02
   235.05734     -0.34776330      -1.0258815      5.35517633E-02
   235.55978     -0.36679921      -1.0220358      3.70761529E-02
   236.06227     -0.37237924      -1.0070893      3.06973644E-02
   236.56482     -0.35942411     -0.97347414      2.98276227E-02
   237.06743     -0.33085215     -0.92187500      3.53104472E-02
   237.57011     -0.29681411     -0.85634887      4.13524397E-02
   238.07285     -0.26855260     -0.78577918      4.67220843E-02
   238.57558     -0.25524354     -0.72961146      5.10022640E-02
   239.07823     -0.25532725     -0.69652736      5.11502624E-02
   239.58076     -0.26570061     -0.68109864      4.78147119E-02
   240.08319     -0.28307617     -0.67116165      4.05299217E-02
   240.58554     -0.29892635     -0.66883004      2.97087878E-02
   241.08781     -0.30897272     -0.66651464      1.78320929E-02
   241.59003     -0.31130373     -0.66394126      5.70376636E-03
   242.09218     -0.30528963     -0.66065884     -6.64834771E-03
   242.59428     -0.29084802     -0.65244627     -1.88587513E-02
   243.09636     -0.26881525     -0.64036167     -2.84495950E-02
   243.59837     -0.24306272     -0.62581724     -3.39316390E-02
   244.10033     -0.21797638     -0.61831820     -2.52933484E-02
   244.60223     -0.19867021     -0.62458199     -2.17683823E-03
   245.10413     -0.18916881     -0.64605844      2.97422465E-02
   245.60597     -0.19300641     -0.68031532      6.92289770E-02
   246.10780     -0.20692019     -0.72236586      0.11401918    
   246.60963     -0.22440758     -0.76419228      0.16438180    
   247.11147     -0.24093921     -0.79903179      0.21828631    
   247.61331     -0.25954545     -0.82431245      0.27051416    
   248.11520     -0.28251821     -0.83852345      0.32306501    
   248.61711     -0.30772114     -0.84207529      0.38226226    
   249.11906     -0.33260003     -0.83915663      0.44985858    
   249.62108     -0.36451435     -0.83604312      0.51509130    
   250.12315     -0.40721264     -0.84032816      0.56801367    
