  0.12474632      2.87380217E-08  1.71821366E-08 -2.32252910E-12
  0.50017345      3.12772848E-08  1.82292759E-08 -4.72461566E-12
   1.0007112      3.55905776E-08  1.91522052E-08 -1.78980528E-11
   1.5011811      4.02902067E-08  2.00125712E-08 -4.75095033E-11
   2.0015700      4.52354385E-08  2.14890026E-08 -9.31403010E-11
   2.5018795      5.04773112E-08  2.41481359E-08 -1.61454863E-10
   3.0021112      5.62410989E-08  2.84285111E-08 -2.58349980E-10
   3.5022826      6.27702690E-08  3.46464617E-08 -3.82441856E-10
   4.0024195      7.03152807E-08  4.29216911E-08 -5.26713062E-10
   4.5025353      7.91625752E-08  5.32383737E-08 -6.86644797E-10
   5.0026474      8.96466901E-08  6.56193393E-08 -8.61736793E-10
   5.5027671      1.02160222E-07  8.02061209E-08 -1.05365838E-09
   6.0029030      1.17160532E-07  9.72965708E-08 -1.28322031E-09
   6.5030551      1.35167355E-07  1.17323012E-07 -1.59046443E-09
   7.0032248      1.56759185E-07  1.40796701E-07 -2.02258188E-09
   7.5034132      1.82572123E-07  1.68254743E-07 -2.61150546E-09
   8.0036135      2.13298108E-07  2.00221209E-07 -3.35855632E-09
   8.5038261      2.49689634E-07  2.37193518E-07 -4.23418056E-09
   9.0040474      2.92570576E-07  2.79646059E-07 -5.21045340E-09
   9.5042772      3.42850939E-07  3.28043939E-07 -6.27649621E-09
   10.004511      4.01538273E-07  3.82865636E-07 -7.42927631E-09
   10.504748      4.69753331E-07  4.44642609E-07 -8.67115357E-09
   11.004990      5.48751473E-07  5.14014289E-07 -1.00140998E-08
   11.505231      6.39953555E-07  5.91800017E-07 -1.14846390E-08
   12.005473      7.44986721E-07  6.79087691E-07 -1.31141604E-08
   12.505716      8.65733227E-07  7.77327500E-07 -1.49415733E-08
   13.005962      1.00438456E-06  8.88419038E-07 -1.70083183E-08
   13.506206      1.16350452E-06  1.01478167E-06 -1.93575165E-08
   14.006449      1.34610161E-06  1.15940782E-06 -2.20336442E-08
   14.506693      1.55569933E-06  1.32589128E-06 -2.50781067E-08
   15.006934      1.79641563E-06  1.51843733E-06 -2.85303230E-08
   15.507174      2.07305220E-06  1.74185527E-06 -3.24334941E-08
   16.007412      2.39119527E-06  2.00155432E-06 -3.68397650E-08
   16.507652      2.75731691E-06  2.30355226E-06 -4.18311963E-08
   17.007891      3.17889862E-06  2.65451467E-06 -4.75303956E-08
   17.508127      3.66458903E-06  3.06184825E-06 -5.40992886E-08
   18.008364      4.22438097E-06  3.53386895E-06 -6.17328766E-08
   18.508598      4.86982754E-06  4.08004735E-06 -7.07007644E-08
   19.008829      5.61430625E-06  4.71133717E-06 -8.13252967E-08
   19.509062      6.47331490E-06  5.44053910E-06 -9.39531333E-08
   20.009295      7.46479827E-06  6.28265525E-06 -1.08940981E-07
   20.509525      8.60948785E-06  7.25518976E-06 -1.26628805E-07
   21.009754      9.93130470E-06  8.37842254E-06 -1.47390537E-07
   21.509983      1.14577597E-05  9.67561209E-06 -1.71616833E-07
   22.010208      1.32204386E-05  1.11732534E-05 -1.99717419E-07
   22.510429      1.52556258E-05  1.29015061E-05 -2.32134823E-07
   23.010654      1.76050489E-05  1.48948620E-05 -2.69351546E-07
   23.510880      2.03167692E-05  1.71930988E-05 -3.11917063E-07
   24.011103      2.34462514E-05  1.98424295E-05 -3.60559710E-07
   24.511326      2.70576493E-05  2.28968274E-05 -4.16178352E-07
   25.011547      3.12251286E-05  2.64192786E-05 -4.79865946E-07
   25.511765      3.60343620E-05  3.04830282E-05 -5.52945039E-07
   26.011982      4.15843424E-05  3.51728377E-05 -6.36999687E-07
   26.512199      4.79892624E-05  4.05862629E-05 -7.33891966E-07
   27.012419      5.53807695E-05  4.68352919E-05 -8.45768625E-07
   27.512634      6.39106147E-05  5.40484252E-05 -9.75072112E-07
   28.012852      7.37539740E-05  6.23735032E-05 -1.12455530E-06
   28.513069      8.51129371E-05  7.19808450E-05 -1.29735213E-06
   29.013285      9.82207421E-05  8.30671852E-05 -1.49702328E-06
   29.513498      1.13346861E-04  9.58599921E-05 -1.72766715E-06
   30.013714      1.30802335E-04  1.10622183E-04 -1.99400847E-06
   30.513929      1.50946027E-04  1.27657477E-04 -2.30150317E-06
   31.014143      1.74192101E-04  1.47316139E-04 -2.65648009E-06
   31.514359      2.01018585E-04  1.70002502E-04 -3.06629727E-06
   32.014572      2.31976679E-04  1.96182475E-04 -3.53938185E-06
   32.514786      2.67702388E-04  2.26393400E-04 -4.08542201E-06
   33.014999      3.08930030E-04  2.61255424E-04 -4.71559269E-06
   33.515217      3.56506731E-04  3.01483873E-04 -5.44277464E-06
   34.015430      4.11409506E-04  3.47903813E-04 -6.28171620E-06
   34.515644      4.74766421E-04  4.01467929E-04 -7.24947859E-06
   35.015862      5.47879143E-04  4.63275035E-04 -8.36576965E-06
   35.516075      6.32248761E-04  5.34592371E-04 -9.65334038E-06
   36.016289      7.29607884E-04  6.16882055E-04 -1.11386598E-05
   36.516502      8.41956236E-04  7.11830857E-04 -1.28521860E-05
   37.016720      9.71600472E-04  8.21384077E-04 -1.48289655E-05
   37.516933      1.12120120E-03  9.47783585E-04 -1.71098018E-05
   38.017147      1.29382929E-03  1.09361683E-03 -1.97414520E-05
   38.517368      1.49302767E-03  1.26186619E-03 -2.27776363E-05
   39.017582      1.72288134E-03  1.45596918E-03 -2.62809845E-05
   39.517796      1.98810594E-03  1.67989091E-03 -3.03227298E-05
   40.018013      2.29414157E-03  1.93820195E-03 -3.49852271E-05
   40.518234      2.64726160E-03  2.23616720E-03 -4.03634731E-05
   41.018448      3.05470126E-03  2.57985434E-03 -4.65671692E-05
   41.518665      3.52481077E-03  2.97625805E-03 -5.37219312E-05
   42.018887      4.06721793E-03  3.43343103E-03 -6.19732455E-05
   42.519104      4.69302293E-03  3.96064622E-03 -7.14877679E-05
   43.019321      5.41503867E-03  4.56859218E-03 -8.24576928E-05
   43.519543      6.24803873E-03  5.26956469E-03 -9.51051697E-05
   44.019764      7.20905187E-03  6.07771939E-03 -1.09684901E-04
   44.519993      8.31772573E-03  7.00934045E-03 -1.26489322E-04
   45.020214      9.59671848E-03  8.08316283E-03 -1.45855520E-04
   45.520435      1.10721458E-02  9.32072569E-03 -1.68169558E-04
   46.020664      1.27741313E-02  1.07467882E-02 -1.93874046E-04
   46.520893      1.47374216E-02  1.23898173E-02 -2.23473049E-04
   47.021122      1.70020796E-02  1.42824873E-02 -2.57550098E-04
   47.521351      1.96142830E-02  1.64623037E-02 -2.96773243E-04
   48.021580      2.26273220E-02  1.89723168E-02 -3.41904408E-04
   48.521816      2.61026397E-02  2.18618847E-02 -3.93815310E-04
   49.022049      3.01110782E-02  2.51875147E-02 -4.53510933E-04
   49.522278      3.47345285E-02  2.90138237E-02 -5.22303802E-04
   50.022514      4.00669686E-02  3.34148891E-02 -6.00839267E-04
   50.522751      4.62170169E-02  3.84758525E-02 -6.90177316E-04
   51.022991      5.33114746E-02  4.42930423E-02 -7.94819731E-04
   51.523232      6.14990927E-02  5.09745777E-02 -9.24677006E-04
   52.023468      7.09460080E-02  5.86467870E-02 -1.07994280E-03
   52.523712      8.18391815E-02  6.74524158E-02 -1.24403241E-03
   53.023956      9.43968743E-02  7.75386393E-02 -1.40198576E-03
   53.524204      0.10888043      8.90761912E-02 -1.54794031E-03
   54.024452      0.12555555      0.10225797     -1.61896017E-03
   54.524696      0.14475238      0.11731319     -1.60494295E-03
   55.024948      0.16685107      0.13452436     -1.48814742E-03
   55.525200      0.19227698      0.15420578     -1.26440998E-03
   56.025455      0.22155613      0.17671210     -9.66783322E-04
   56.525711      0.25532418      0.20245261     -7.03163678E-04
   57.025970      0.29436332      0.23185721     -6.49790862E-04
   57.526230      0.33954355      0.26531443     -8.00126290E-04
   58.026489      0.39196426      0.30318886     -1.46347936E-03
   58.526756      0.45274603      0.34603089     -2.71992106E-03
   59.027020      0.52313673      0.39471266     -4.50755237E-03
   59.527283      0.60483682      0.44917628     -6.40542526E-03
   60.027550      0.70003474      0.50865138     -8.22477508E-03
   60.527817      0.81396580      0.56396520     -7.54940091E-03
   61.028088      0.93383038      0.64247626      2.49726442E-03
   61.528358       1.0583419      0.76007861      1.97700020E-02
   62.028625       1.1956193      0.90699828      3.26022170E-02
   62.528889       1.3478512       1.0733994      3.60947587E-02
   63.029144       1.5196769       1.2499740      3.03319078E-02
   63.529388       1.7155918       1.4390203      2.07692571E-02
   64.029610       1.9399447       1.6135240      1.18536726E-02
   64.529793       2.1947310       1.7777389      6.05770014E-03
   65.029915       2.4790270       1.9307063      3.29881907E-04
   65.529961       2.8058767       2.0408499     -8.70853383E-03
   66.029884       3.1687903       2.1085198     -2.51571313E-02
   66.529579       3.5323508       2.1526465     -3.82237025E-02
   67.028946       3.8635006       2.2113519     -3.67898531E-02
   67.527985       4.1687999       2.2945039     -2.65210625E-02
   68.026711       4.4329567       2.3374999     -7.16260541E-03
   68.525154       4.6642723       2.3399026      1.43806906E-02
   69.023308       4.8693504       2.2988732      3.09179332E-02
   69.521164       5.0420942       2.2007434      4.21631560E-02
   70.018753       5.1663938       2.0476475      4.76048440E-02
   70.516083       5.2565842       1.8552514      4.43882048E-02
   71.013168       5.3138266       1.6461706      4.18095402E-02
   71.510017       5.3432503       1.4082787      4.30986881E-02
   72.006645       5.3552547       1.1341193      5.14696464E-02
   72.503052       5.3374238      0.82808316      6.35085404E-02
   73.123268       5.2804718      0.41801837      7.00906515E-02
   73.619247       5.2111015      8.52575302E-02  6.92317039E-02
   74.115067       5.1152277     -0.23853618      6.73549101E-02
   74.610741       4.9947510     -0.56806940      6.82963952E-02
   75.106293       4.8633261     -0.93270952      7.74912164E-02
   75.601738       4.7257452      -1.3363125      8.68453681E-02
   76.097084       4.5732155      -1.7498627      8.75127017E-02
   76.592346       4.3920336      -2.1415157      8.09912607E-02
   77.087570       4.1772680      -2.5035758      7.23776370E-02
   77.582710       3.9500585      -2.8758337      5.92395961E-02
   78.077805       3.7262537      -3.2747159      3.84591110E-02
   78.572929       3.5024292      -3.6984134      1.16394171E-02
   79.068001       3.2294698      -4.1707196     -1.24769099E-03
   79.563103       2.8719873      -4.6736579      3.58969482E-05
   80.058319       2.4087358      -5.0690098      2.78762113E-02
   80.553558       1.8576878      -5.3633165      8.12467933E-02
   81.048828       1.2592168      -5.5415764      0.10509010    
   81.544167      0.57841808      -5.6407557      9.31033343E-02
   82.039604     -0.29865777      -5.8488097      5.12423217E-02
   82.535164      -1.2312522      -5.7825122      2.52251253E-02
   83.030861      -1.7678311      -5.4403334     -3.15556303E-02
   83.526726      -1.9297694      -3.8642151     -9.59563181E-02
   84.022781      -1.9750065      -2.7484851     -0.15628280    
   84.519058      -1.9938154      -1.9727955     -0.16664346    
   85.015579      -2.0061214      -1.4193193     -0.15095127    
   85.512390      -2.0384297      -3.1313155     -6.97410554E-02
   86.009499      -2.0063028      -3.1283281      0.15350713    
   86.506836      -1.9513526      -7.9781671      0.11548457    
   87.004471      -1.9319552      -9.0933704      6.25846758E-02
   87.502487      -1.9374590      -8.7915831      4.67484668E-02
   88.000862      -1.9393824      -8.6837187      1.55828567E-02
   88.624283      -1.9208759      -5.3239212     -6.30204380E-02
   89.045319      -1.8620443      -2.8903713     -0.11047232    
   89.540131      -1.7117690      -1.5393258     -0.28519359    
   90.040138      -1.5408237      -1.2578862     -0.40881458    
   90.540535      -1.3955473     -0.92788535     -0.42412114    
   91.040962      -1.2445022     -0.87071937     -0.47805345    
   91.541405      -1.1226416     -0.97160214     -0.52181578    
   92.041847      -1.0601825      -1.2047641     -0.53656030    
   92.542297      -1.0523517      -1.4569895     -0.50398111    
   93.042755      -1.0659176      -1.5566181     -0.41896358    
   93.543213      -1.0868495      -1.4987419     -0.33911169    
   94.043671      -1.0968231      -1.2254640     -0.28244686    
   94.544128      -1.0455563     -0.83646107     -0.25027257    
   95.039368     -0.96687245     -0.55534571     -0.24274914    
   95.539825     -0.87192708     -0.41354033     -0.24623263    
   96.040291     -0.76027656     -0.27374828     -0.22535741    
   96.540764     -0.66424507     -0.18707235     -0.16246738    
   97.041245     -0.60336745     -8.67973715E-02 -5.54266870E-02
   97.541733     -0.55433440     -1.96495298E-02 -4.16842327E-02
   98.042221     -0.50998223      1.10761700E-02 -6.64413571E-02
   98.542709     -0.46920189      2.85375752E-02 -0.11235650    
   99.043198     -0.40350971      3.99497570E-03 -0.17209926    
   99.543686     -0.31707957     -5.97834252E-02 -0.21477653    
   100.04419     -0.22263910     -0.12906018     -0.23748417    
   100.54469     -0.13309661     -0.19161732     -0.25545675    
   101.04521     -5.36695346E-02 -0.25192252     -0.27217811    
   101.54573      1.39086610E-02 -0.31391174     -0.28418934    
   102.04625      7.12890103E-02 -0.36780271     -0.29380944    
   102.54677      0.11580309     -0.40881994     -0.29737103    
   103.04729      0.15284759     -0.44278070     -0.26742312    
   103.54781      0.17629521     -0.47232848     -0.21723212    
   104.04832      0.18757284     -0.48729274     -0.15738641    
   104.54886      0.18753500     -0.49759084     -9.85082909E-02
   105.04939      0.17776848     -0.51389158     -4.95909229E-02
   105.54993      0.16665825     -0.54743725     -2.84590963E-02
   106.05048      0.15349492     -0.58295262     -3.83876376E-02
   106.55103      0.13778900     -0.61598402     -6.06209710E-02
   107.05158      0.11579769     -0.64602572     -9.11917239E-02
   107.55213      8.75751674E-02 -0.67450649     -0.13120334    
   108.05269      5.60970306E-02 -0.70249039     -0.18387160    
   108.55325      2.23333277E-02 -0.72181159     -0.23870033    
   109.05383     -1.57866087E-02 -0.72078586     -0.28452438    
   109.55441     -5.49445897E-02 -0.71071929     -0.31039858    
   110.05499     -9.15559083E-02 -0.69327587     -0.31314516    
   110.55556     -0.12378885     -0.66988325     -0.29679215    
   111.05614     -0.15041567     -0.64075375     -0.27150995    
   111.55673     -0.17062978     -0.60509855     -0.24671024    
   112.05731     -0.18478359     -0.56328601     -0.23027784    
   112.55789     -0.19565055     -0.51902032     -0.22461510    
   113.05849     -0.20519146     -0.47864348     -0.22812733    
   113.55910     -0.21343955     -0.44442353     -0.23643601    
   114.05971     -0.22135673     -0.41570032     -0.24952509    
   114.56032     -0.22957620     -0.39164743     -0.26357469    
   115.06093     -0.23738448     -0.37096664     -0.27660915    
   115.56154     -0.24396631     -0.35364804     -0.28747433    
   116.06215     -0.24948531     -0.34143922     -0.29528752    
   116.56277     -0.25441691     -0.33316919     -0.29765549    
   117.06341     -0.25854552     -0.32643202     -0.29085991    
   117.56405     -0.26235494     -0.31959558     -0.27828294    
   118.06469     -0.26539528     -0.31173417     -0.26196843    
   118.56533     -0.26744992     -0.30288732     -0.24442065    
   119.06597     -0.26873001     -0.29473749     -0.22781143    
   119.56661     -0.26975557     -0.29058799     -0.21357888    
   120.06727     -0.27070957     -0.28913265     -0.20312135    
   120.56793     -0.27152443     -0.28903511     -0.19764245    
   121.06860     -0.27198768     -0.28927839     -0.19841726    
   121.56927     -0.27216065     -0.28899097     -0.20561694    
   122.06933     -0.27157199     -0.28722945     -0.21540427    
   122.53907     -0.26951626     -0.28365782     -0.22870359    
   123.00376     -0.26583880     -0.27782664     -0.24550846    
   123.50124     -0.25999027     -0.26827800     -0.26635253    
   124.00192     -0.25210133     -0.25481692     -0.28842813    
   124.50262     -0.24216446     -0.23847821     -0.30944559    
   125.00332     -0.23068485     -0.22036898     -0.32629663    
   125.50402     -0.21773063     -0.20223232     -0.33942601    
   126.00472     -0.20335056     -0.18583906     -0.34833586    
   126.50542     -0.18727843     -0.17124093     -0.34927776    
   127.00613     -0.17070416     -0.15886398     -0.34349716    
   127.50685     -0.15428610     -0.14901893     -0.33230364    
   128.00757     -0.13831563     -0.14268142     -0.31738806    
   128.50830     -0.12297253     -0.14339271     -0.30008915    
   129.00903     -0.10860714     -0.15355176     -0.28190517    
   129.50977     -9.52001363E-02 -0.17807919     -0.26447427    
   130.01050     -8.33241343E-02 -0.21123901     -0.24887544    
   130.51123     -7.45206624E-02 -0.24518618     -0.23561929    
   131.01196     -6.91175237E-02 -0.27620798     -0.22564238    
   131.51270     -6.75062388E-02 -0.30083618     -0.22062591    
   132.01347     -7.09883571E-02 -0.31505182     -0.22313319    
   132.51427     -7.84976929E-02 -0.32131186     -0.23060933    
   133.01506     -8.78595337E-02 -0.32352790     -0.24024992    
   133.51585     -9.71647725E-02 -0.32398525     -0.25349396    
   134.01665     -0.10609068     -0.32293925     -0.26675999    
   134.51747     -0.11353197     -0.31999499     -0.27905583    
   135.01833     -0.11895433     -0.31430718     -0.29050708    
   135.51918     -0.12279028     -0.30572921     -0.30034453    
   136.02010     -0.12487301     -0.29465386     -0.30887857    
   136.52103     -0.12502371     -0.28196386     -0.31707996    
   137.02202     -0.12368772     -0.26850569     -0.32513922    
   137.52307     -0.12141976     -0.25459936     -0.33190048    
   138.02422     -0.11808714     -0.24076036     -0.33757284    
   138.52547     -0.11347143     -0.22783552     -0.34146446    
   139.02687     -0.10800399     -0.21605173     -0.34264570    
   139.52849     -0.10178673     -0.20541605     -0.34188002    
   140.03035     -9.49597657E-02 -0.19618940     -0.34036985    
   140.53252     -8.77033174E-02 -0.18908747     -0.33908528    
   141.03510     -8.03947002E-02 -0.18478401     -0.33766937    
   141.53821     -7.35407323E-02 -0.18524787     -0.33531654    
   142.04198     -6.71870857E-02 -0.19342640     -0.33193645    
   142.54659     -6.19219914E-02 -0.20773742     -0.32709286    
   143.05222     -5.86880110E-02 -0.22569416     -0.32042503    
   143.55908     -5.81891239E-02 -0.24484788     -0.31260407    
   144.06729     -6.04456216E-02 -0.26265657     -0.30507424    
   144.57579     -6.55651093E-02 -0.27546996     -0.29860449    
   145.08437     -7.32453838E-02 -0.28238678     -0.29360202    
   145.59303     -8.28759819E-02 -0.28374559     -0.28957945    
   146.10185     -9.34803933E-02 -0.28149986     -0.28599134    
   146.61092     -0.10398766     -0.27761859     -0.28277206    
   147.12025     -0.11389839     -0.27261859     -0.27999941    
   147.50250     -0.12024280     -0.26824185     -0.27870539    
   148.01257     -0.12738955     -0.26180875     -0.27768931    
   148.52324     -0.13342866     -0.25480285     -0.27767554    
   149.03464     -0.13852900     -0.24699365     -0.27984899    
   149.54691     -0.14221492     -0.23850539     -0.28558359    
   150.05919     -0.14430207     -0.22953612     -0.29333329    
   150.56963     -0.14462855     -0.22014312     -0.30274197    
   151.07835     -0.14319184     -0.21024919     -0.31344682    
   151.58562     -0.14011806     -0.19974910     -0.32485521    
   152.09164     -0.13574633     -0.18874724     -0.33566073    
   152.59665     -0.13064422     -0.17752515     -0.34462309    
   153.10083     -0.12504733     -0.16648784     -0.34984222    
   153.60432     -0.11919578     -0.15609941     -0.35141101    
   154.10732     -0.11324808     -0.14686368     -0.34999919    
   154.60988     -0.10749260     -0.13942058     -0.34622294    
   155.11212     -0.10210215     -0.13447671     -0.34092930    
   155.61412     -9.69646797E-02 -0.13241112     -0.33534604    
   156.11594     -9.21506509E-02 -0.13420434     -0.32985198    
   156.61758     -8.75402093E-02 -0.14072701     -0.32464784    
   157.11911     -8.33787099E-02 -0.15035203     -0.31971565    
   157.62054     -7.99232721E-02 -0.16083843     -0.31495413    
   158.12190     -7.72747546E-02 -0.16975799     -0.31037584    
   158.62315     -7.54562318E-02 -0.17507309     -0.30643389    
   159.12434     -7.44902641E-02 -0.17637788     -0.30381060    
   159.50018     -7.42323846E-02 -0.17583473     -0.30284894    
   160.00125     -7.41238296E-02 -0.17365874     -0.30321509    
   160.50226     -7.37431422E-02 -0.16996102     -0.30563357    
   161.00322     -7.26951361E-02 -0.16481040     -0.30906627    
   161.50414     -7.07042962E-02 -0.15830460     -0.31267580    
   162.00505     -6.76219240E-02 -0.15060228     -0.31651253    
   162.50597     -6.35086745E-02 -0.14210795     -0.32029694    
   163.00688     -5.83916679E-02 -0.13341258     -0.32391557    
   163.50781     -5.24430834E-02 -0.12510678     -0.32691208    
   164.00880     -4.59061787E-02 -0.11792595     -0.32856706    
   164.50987     -3.89962420E-02 -0.11251251     -0.32826105    
   165.01100     -3.19825225E-02 -0.10873745     -0.32585350    
   165.51222     -2.49811597E-02 -0.10626356     -0.32201374    
   166.01353     -1.81771573E-02 -0.10602097     -0.31745544    
   166.51494     -1.17975986E-02 -0.10819008     -0.31253898    
   167.01643     -5.58682438E-03 -0.11115497     -0.30864996    
   167.51804      7.92219304E-04 -0.11391843     -0.30663666    
   168.01971      7.66895805E-03 -0.11568556     -0.30649590    
   168.52147      1.48827769E-02 -0.11593209     -0.30753183    
   169.02332      2.19074190E-02 -0.11438401     -0.30871689    
   169.52524      2.84109078E-02 -0.11198192     -0.30991891    
   170.02724      3.43650579E-02 -0.11074655     -0.31158337    
   170.52933      3.95583659E-02 -0.11240587     -0.31344807    
   171.03151      4.30582948E-02 -0.11774702     -0.31398737    
   171.53380      4.45566103E-02 -0.12656155     -0.31235653    
   172.03621      4.42321636E-02 -0.13784416     -0.30923620    
   172.53874      4.25891317E-02 -0.15064131     -0.30537331    
   173.04137      3.96414846E-02 -0.16304007     -0.30124569    
   173.54411      3.51692066E-02 -0.17301631     -0.29748490    
   174.04697      2.96057649E-02 -0.17898537     -0.29562551    
   174.54990      2.30943784E-02 -0.17994936     -0.29705626    
   175.05286      1.58624426E-02 -0.17736427     -0.30239901    
   175.55582      9.36916471E-03 -0.17306936     -0.30931073    
   176.05876      3.62803624E-03 -0.16846463     -0.31695384    
   176.56174     -1.60197599E-03 -0.16404313     -0.32421154    
   177.06473     -6.75598672E-03 -0.16123529     -0.32979819    
   177.56772     -1.23574147E-02 -0.16017163     -0.33188424    
   178.07071     -1.84105057E-02 -0.16129245     -0.33140311    
   178.57372     -2.48137694E-02 -0.16461544     -0.32902163    
   179.07677     -3.17555070E-02 -0.16895090     -0.32475615    
   179.57982     -3.88537124E-02 -0.17294708     -0.31889182    
   180.08287     -4.47289720E-02 -0.17408499     -0.31302139    
   180.58591     -4.90334928E-02 -0.16945092     -0.30883268    
   181.08884     -5.16976118E-02 -0.15690753     -0.30814546    
   181.59164     -5.18413559E-02 -0.13623309     -0.30917177    
   182.09433     -4.86503206E-02 -0.10881584     -0.31238130    
   182.59689     -4.11371477E-02 -7.70618096E-02 -0.31854978    
   183.09933     -2.94960197E-02 -4.33334373E-02 -0.32563987    
   183.60165     -1.23912720E-02 -1.17672076E-02 -0.33134362    
   184.10385      9.68220551E-03  1.56169245E-02 -0.33339703    
   184.60594      3.31302471E-02  4.09291089E-02 -0.32987481    
   185.10793      5.79738170E-02  6.37942031E-02 -0.32272166    
   185.60979      8.48736539E-02  8.36280212E-02 -0.31409305    
   186.11154      0.11398951      9.92377028E-02 -0.30570167    
   186.61319      0.14548671      0.11117848     -0.29829460    
   187.11472      0.17949304      0.12058648     -0.29308164    
   187.61613      0.21602574      0.12804404     -0.29187018    
   188.11745      0.25541383      0.13193318     -0.29467556    
   188.61864      0.29755706      0.13214557     -0.30027813    
   189.11975      0.34107667      0.13214396     -0.30730072    
   189.62079      0.38491708      0.13154756     -0.31241104    
   190.12178      0.42833441      0.12869595     -0.31325749    
   190.62273      0.46996951      0.12300824     -0.30834067    
   191.12364      0.50530243      0.11931214     -0.29134205    
   191.62459      0.53498125      0.11517540     -0.26434216    
   192.00032      0.55490834      0.10755518     -0.23610999    
   192.50125      0.57632208      9.69049856E-02 -0.20328134    
   193.00195      0.59036970      8.97385255E-02 -0.18394820    
   193.50240      0.59692180      7.85133466E-02 -0.18020435    
   194.00258      0.60077417      5.83443791E-02 -0.18677379    
   194.50249      0.60201311      3.20376866E-02 -0.19206980    
   195.00221      0.59889221     -1.87908532E-03 -0.19004187    
   195.50171      0.59157073     -4.20845449E-02 -0.18357234    
   196.00102      0.58274174     -8.88337493E-02 -0.17154573    
   196.50015      0.57132792     -0.13858756     -0.15638554    
   197.12386      0.54933107     -0.21061610     -0.13488041    
   197.62267      0.52529323     -0.27385035     -0.11690610    
   198.12132      0.49437660     -0.33783826     -0.10156177    
   198.61986      0.45478302     -0.40342873     -8.56454223E-02
   199.11827      0.40641862     -0.47655118     -7.39014298E-02
   199.61659      0.34960270     -0.55422950     -6.53852895E-02
   200.11484      0.28041717     -0.62108523     -5.82470857E-02
   200.58238      0.20151651     -0.66089010     -5.72579727E-02
   201.00679      0.12863968     -0.69488943     -5.80679663E-02
   201.50644      3.57921682E-02 -0.72067267     -6.10613637E-02
   202.06941     -7.60751218E-02 -0.72309655     -6.90158755E-02
   202.55412     -0.17077245     -0.71173251     -8.20448846E-02
   203.03870     -0.25733125     -0.69738382     -9.83409211E-02
   203.53093     -0.33550048     -0.68460184     -0.11427677    
   204.00098     -0.40132862     -0.67340362     -0.12830286    
   204.54810     -0.46907997     -0.65856433     -0.13944995    
   205.04132     -0.52313888     -0.64483500     -0.14434715    
   205.50838     -0.56975985     -0.63163704     -0.14776208    
   206.06245     -0.61732197     -0.61086160     -0.14918970    
   206.52745     -0.65154940     -0.58941579     -0.14719681    
   207.03033     -0.68374854     -0.56419998     -0.14332893    
   207.57266     -0.71648377     -0.52048320     -0.14189285    
   208.03464     -0.74413157     -0.44460055     -0.13626720    
   208.50595     -0.75858557     -0.35297617     -0.14443047    
   209.07971     -0.76227129     -0.24848516     -0.15485576    
   209.56139     -0.75386029     -0.16128623     -0.15951993    
   210.04755     -0.73288047     -4.94275689E-02 -0.15285987    
   210.54678     -0.70727211      5.09390980E-02 -9.26579684E-02
   211.09796     -0.66729581      0.12141948      5.43352440E-02
   211.55264     -0.63764805      0.17820339      0.15179244    
   212.02397     -0.60447049      0.23749210      0.16765498    
   212.50615     -0.56615120      0.29895785      0.13141397    
   213.12065     -0.50874984      0.37328434      6.61669374E-02
   213.61757     -0.45193624      0.42331886      2.57685725E-02
   214.11427     -0.38240588      0.46203458     -1.21857990E-02
   214.61079     -0.30216759      0.49157068     -4.51808348E-02
   215.10715     -0.21418333      0.50827700     -7.16097206E-02
   215.60338     -0.12203767      0.50833899     -9.51351076E-02
   216.09950     -2.48208959E-02  0.49268511     -0.11302712    
   216.59558      7.86968917E-02  0.47013649     -0.12392358    
   217.09161      0.19070616      0.43450239     -0.12530172    
   217.58765      0.31195325      0.38233224     -0.11409126    
   218.08374      0.43073222      0.32721645     -9.81180221E-02
   218.57986      0.53562921      0.28733629     -8.80256146E-02
   219.07602      0.61701012      0.28125700     -7.83168674E-02
   219.57225      0.67119861      0.30278096     -5.56325354E-02
   220.06856      0.69926131      0.35623288     -3.26400697E-02
   220.56499      0.72194391      0.42495778     -1.99045669E-02
   221.06155      0.75600636      0.47951341     -1.51954014E-02
   221.55826      0.80881536      0.50069183     -1.10951010E-02
   222.05516      0.86964411      0.50698429     -6.61746878E-03
   222.55226      0.93565905      0.49365875      7.44847674E-03
   223.04961       1.0028551      0.45524129      2.73346547E-02
   223.54720       1.0668812      0.39253864      4.46027815E-02
   224.04503       1.1233226      0.30755809      5.42985909E-02
   224.54312       1.1740837      0.20229876      5.78271970E-02
   225.04147       1.2202481      7.44718984E-02  6.35317713E-02
   225.54005       1.2541032     -8.11168253E-02  7.37056509E-02
   226.03886       1.2616832     -0.23594064      9.61825103E-02
   226.53792       1.2315109     -0.35552001      0.12593773    
   227.03716       1.1808164     -0.45667899      0.15077053    
   227.53664       1.1038790     -0.55969942      0.16733314    
   228.03636       1.0023916     -0.67110395      0.17914504    
   228.53633      0.88572073     -0.78497344      0.18849973    
   229.03659      0.76156014     -0.89716893      0.19731572    
   229.53712      0.63461596      -1.0096006      0.20731550    
   230.03799      0.50517571      -1.1222403      0.21793309    
   230.53918      0.37586537      -1.2302841      0.22320701    
   231.04065      0.24872279      -1.3189782      0.22150739    
   231.54227      0.11057535      -1.3749576      0.21192183    
   232.04404     -5.10745086E-02  -1.3697096      0.19486031    
   232.54596     -0.20422769      -1.3405197      0.17428365    
   233.04802     -0.35274047      -1.2868479      0.15003422    
   233.55022     -0.48937187      -1.1984435      0.12892012    
   234.05257     -0.60633719      -1.0930949      0.11370681    
   234.55495     -0.70458686     -0.97341502      0.10747282    
   235.05734     -0.77508032     -0.89208835      0.12870474    
   235.55978     -0.82536077     -0.74762398      9.20980275E-02
   236.06227     -0.83970660     -0.56107026      8.87309164E-02
   236.56482     -0.82401335     -0.36582336      8.53387862E-02
   237.06743     -0.78668058     -0.18701588      8.13597143E-02
   237.57011     -0.72838837      5.43424580E-03  6.66262284E-02
   238.07285     -0.65563464      0.21642517     -1.11103361E-03
   238.57558     -0.58882779      0.36061338     -6.77888617E-02
   239.07823     -0.51944929      0.49074402     -8.78705308E-02
   239.58076     -0.43817997      0.59360772     -0.10213005    
   240.08319     -0.34563869      0.67764491     -0.12368485    
   240.58554     -0.22328070      0.76168060     -0.16461222    
   241.08781     -7.00964630E-02  0.82821107     -0.22496270    
   241.59003      0.10993639      0.86385417     -0.29875106    
   242.09218      0.31346112      0.85339755     -0.38610402    
   242.59428      0.52023017      0.80452484     -0.47031105    
   243.09636      0.69164777      0.78772932     -0.48379317    
   243.59837      0.82786691      0.80634969     -0.46599171    
   244.10033      0.94234276      0.85798287     -0.46696678    
   244.60223       1.0422360      0.92357248     -0.47907716    
   245.10413       1.1575680      0.98615414     -0.50792509    
   245.60597       1.3044674       1.0487045     -0.56229937    
   246.10780       1.4877414       1.0993538     -0.64478147    
   246.60963       1.7118534       1.1231850     -0.75885040    
   247.11147       1.9573301       1.1064920     -0.89839363    
   247.61331       2.1939926       1.0717289      -1.0488014    
   248.11520       2.4045320       1.0249664      -1.1607442    
   248.61711       2.5789998      0.96737462      -1.2410058    
   249.11906       2.7271168      0.90418136      -1.3119624    
   249.62108       2.8671169      0.83166736      -1.3812160    
   250.12315       2.9988377      0.73241293      -1.4364111    
