  0.12474632       1.7426251       0.0000000       0.0000000    
  0.50017345       1.7426251       0.0000000       0.0000000    
   1.0007112       1.7426251       0.0000000       0.0000000    
   1.5011811       1.7426251       0.0000000       0.0000000    
   2.0015700       1.7426251       0.0000000       0.0000000    
   2.5018795       1.7426251       0.0000000       0.0000000    
   3.0021112       1.7426251       0.0000000       0.0000000    
   3.5022826       1.7426251       0.0000000       0.0000000    
   4.0024195       1.7426251       0.0000000       0.0000000    
   4.5025353       1.7426251       0.0000000       0.0000000    
   5.0026474       1.7426251       0.0000000       0.0000000    
   5.5027671       1.7426251       0.0000000       0.0000000    
   6.0029030       1.7426251       0.0000000       0.0000000    
   6.5030551       1.7426251       0.0000000       0.0000000    
   7.0032248       1.7426251       0.0000000       0.0000000    
   7.5034132       1.7426251       0.0000000       0.0000000    
   8.0036135       1.7426251       0.0000000       0.0000000    
   8.5038261       1.7426251       0.0000000       0.0000000    
   9.0040474       1.7426251       0.0000000       0.0000000    
   9.5042772       1.7426251       0.0000000       0.0000000    
   10.004511       1.7426251       0.0000000       0.0000000    
   10.504748       1.7426251       0.0000000       0.0000000    
   11.004990       1.7426251       0.0000000       0.0000000    
   11.505231       1.7426251       0.0000000       0.0000000    
   12.005473       1.7426251       0.0000000       0.0000000    
   12.505716       1.7426251       0.0000000       0.0000000    
   13.005962       1.7426251       0.0000000       0.0000000    
   13.506206       1.7426251       0.0000000       0.0000000    
   14.006449       1.7426251       0.0000000       0.0000000    
   14.506693       1.7426251       0.0000000       0.0000000    
   15.006934       1.7426251       0.0000000       0.0000000    
   15.507174       1.7426251       0.0000000       0.0000000    
   16.007412       1.7426251       0.0000000       0.0000000    
   16.507652       1.7426251       0.0000000       0.0000000    
   17.007891       1.7426251       0.0000000       0.0000000    
   17.508127       1.7426251       0.0000000       0.0000000    
   18.008364       1.7426251       0.0000000       0.0000000    
   18.508598       1.7426251       0.0000000       0.0000000    
   19.008829       1.7426251       0.0000000       0.0000000    
   19.509062       1.7426251       0.0000000       0.0000000    
   20.009295       1.7426251       0.0000000       0.0000000    
   20.509525       1.7426251       0.0000000       0.0000000    
   21.009754       1.7426251       0.0000000       0.0000000    
   21.509983       1.7426251       0.0000000       0.0000000    
   22.010208       1.7426251       0.0000000       0.0000000    
   22.510429       1.7426251       0.0000000       0.0000000    
   23.010654       1.7426251       0.0000000       0.0000000    
   23.510880       1.7426251       0.0000000       0.0000000    
   24.011103       1.7426251       0.0000000       0.0000000    
   24.511326       1.7426251       0.0000000       0.0000000    
   25.011547       1.7426251       0.0000000       0.0000000    
   25.511765       1.7426251       0.0000000       0.0000000    
   26.011982       1.7426251       0.0000000       0.0000000    
   26.512199       1.7426251       0.0000000       0.0000000    
   27.012419       1.7426251       0.0000000       0.0000000    
   27.512634       1.7426251       0.0000000       0.0000000    
   28.012852       1.7426251       0.0000000       0.0000000    
   28.513069       1.7426251       0.0000000       0.0000000    
   29.013285       1.7426251       0.0000000       0.0000000    
   29.513498       1.7426251       0.0000000       0.0000000    
   30.013714       1.7426251       0.0000000       0.0000000    
   30.513929       1.7426251       0.0000000       0.0000000    
   31.014143       1.7426251       0.0000000       0.0000000    
   31.514359       1.7426251       0.0000000       0.0000000    
   32.014572       1.7426251       0.0000000       0.0000000    
   32.514786       1.7426251       0.0000000       0.0000000    
   33.014999       1.7426251       0.0000000       0.0000000    
   33.515217       1.7426251       0.0000000       0.0000000    
   34.015430       1.7426251       0.0000000       0.0000000    
   34.515644       1.7426251       0.0000000       0.0000000    
   35.015862       1.7426251       0.0000000       0.0000000    
   35.516075       1.7426251       0.0000000       0.0000000    
   36.016289       1.7426251       0.0000000       0.0000000    
   36.516502       1.7426251       0.0000000       0.0000000    
   37.016720       1.7426251       0.0000000       0.0000000    
   37.516933       1.7426251       0.0000000       0.0000000    
   38.017147       1.7426251       0.0000000       0.0000000    
   38.517368       1.7426251       0.0000000       0.0000000    
   39.017582       1.7426251       0.0000000       0.0000000    
   39.517796       1.7426251       0.0000000       0.0000000    
   40.018013       1.7426251       0.0000000       0.0000000    
   40.518234       1.7426251       0.0000000       0.0000000    
   41.018448       1.7426251       0.0000000       0.0000000    
   41.518665       1.7426251       0.0000000       0.0000000    
   42.018887       1.7426251       0.0000000       0.0000000    
   42.519104       1.7426251       0.0000000       0.0000000    
   43.019321       1.7426251       0.0000000       0.0000000    
   43.519543       1.7426251       0.0000000       0.0000000    
   44.019764       1.7426251       0.0000000       0.0000000    
   44.519993       1.7426251       0.0000000       0.0000000    
   45.020214       1.7426251       0.0000000       0.0000000    
   45.520435       1.7426251       0.0000000       0.0000000    
   46.020664       1.7426251       0.0000000       0.0000000    
   46.520893       1.7426251       0.0000000       0.0000000    
   47.021122       1.7426251       0.0000000       0.0000000    
   47.521351       1.7426251       0.0000000       0.0000000    
   48.021580       1.7426251       0.0000000       0.0000000    
   48.521816       1.7426251       0.0000000       0.0000000    
   49.022049       1.7426251       0.0000000       0.0000000    
   49.522278       1.7426251       0.0000000       0.0000000    
   50.022514       1.7426251       0.0000000       0.0000000    
   50.522751       1.7426251       0.0000000       0.0000000    
   51.022991       1.7426251       0.0000000       0.0000000    
   51.523232       1.7426251       0.0000000       0.0000000    
   52.023468       1.7426251       0.0000000       0.0000000    
   52.523712       1.7426251       0.0000000       0.0000000    
   53.023956       1.7426251       0.0000000       0.0000000    
   53.524204       1.7426251       0.0000000       0.0000000    
   54.024452       1.7426251       0.0000000       0.0000000    
   54.524696       1.7426251       0.0000000       0.0000000    
   55.024948       1.7426251       0.0000000       0.0000000    
   55.525200       1.7426251       0.0000000       0.0000000    
   56.025455       1.7426251       0.0000000       0.0000000    
   56.525711       1.7426251       0.0000000       0.0000000    
   57.025970       1.7426251       0.0000000       0.0000000    
   57.526230       1.7426251       0.0000000       0.0000000    
   58.026489       1.7426251       0.0000000       0.0000000    
   58.526756       1.7426251       0.0000000       0.0000000    
   59.027020       1.7426251       0.0000000       0.0000000    
   59.527283       1.7426251       0.0000000       0.0000000    
   60.027550       1.7426251       0.0000000       0.0000000    
   60.527817       1.7426251       0.0000000       0.0000000    
   61.028088       1.7426251       0.0000000       0.0000000    
   61.528358       1.7426251       0.0000000       0.0000000    
   62.028625       1.7426251       0.0000000       0.0000000    
   62.528889       1.7426251       0.0000000       0.0000000    
   63.029144       1.7426251       0.0000000       0.0000000    
   63.529388       1.7426251       0.0000000       0.0000000    
   64.029610       1.7426251       0.0000000       0.0000000    
   64.529793       1.7426251       0.0000000       0.0000000    
   65.029915       1.7426251       0.0000000       0.0000000    
   65.529961       1.9131920       2.9615562     -0.74956924    
   66.029884       2.1859279       2.8632267     -0.59549427    
   66.529579       2.5732374       2.8441024     -0.51051253    
   67.028946       3.0728927       2.7483337     -0.45044971    
   67.527985       3.4252353       2.5884538     -0.21416242    
   68.026711       3.7657435       2.5950747     -0.11139270    
   68.525154       4.1044998       2.6402888     -6.16947152E-02
   69.023308       4.4387240       2.6462448     -3.77570800E-02
   69.521164       4.7572536       2.6006060     -1.22487731E-02
   70.018753       5.0501804       2.4909945      6.55454234E-04
   70.516083       5.2984195       2.3422220      6.38958125E-04
   71.013168       5.4945292       2.1099551     -3.19188996E-03
   71.510017       5.6485395       1.7861843     -7.47857988E-03
   72.006645       5.7478089       1.4320480     -6.94439979E-03
   72.503052       5.7877522       1.0779597     -6.64603058E-03
   73.123268       5.7734346      0.64306885     -1.15768611E-02
   73.619247       5.7474556      0.26480603     -1.67710353E-02
   74.115067       5.7107134     -0.15975299     -2.11096816E-02
   74.610741       5.6596131     -0.62359124     -2.73179431E-02
   75.106293       5.5633864      -1.1110214     -3.58455367E-02
   75.601738       5.4171524      -1.6232507     -4.16038409E-02
   76.097084       5.2405815      -2.1574099     -4.00033742E-02
   76.592346       5.0592003      -2.7351217     -3.42156924E-02
   77.087570       4.8896637      -3.3704829     -2.03278661E-02
   77.582710       4.6941710      -4.0574799      1.65897030E-02
   78.077805       4.4266896      -4.6519589      7.40448236E-02
   78.572929       4.0627823      -5.1170545      0.12039144    
   79.068001       3.6328733      -5.4825096      0.13709462    
   79.563103       3.1410880      -5.8571711      0.11610293    
   80.058319       2.5614736      -6.4863544     -1.49550196E-03
   80.553558       2.0388117      -7.3369026     -0.10347818    
   81.048828       1.7872014      -7.3163347     -0.10342702    
   81.544167       1.7529831      -4.4670830     -0.12826619    
   82.039604       1.7462604      -3.6545577     -0.14329450    
   82.535164       1.7402256      -3.1303685     -0.10389227    
   83.030861       1.7360988      -3.1304445     -0.10157636    
   83.526726       1.7323070      -3.1304326     -0.10194431    
   84.022781       1.7340267       0.0000000       0.0000000    
   84.519058       1.7340267       0.0000000       0.0000000    
   85.015579       1.7340267       0.0000000       0.0000000    
   85.512390       1.7340267       0.0000000       0.0000000    
   86.009499       1.7340267       0.0000000       0.0000000    
   86.506836       1.7340267       0.0000000       0.0000000    
   87.004471       1.7340267       0.0000000       0.0000000    
   87.502487       1.7340267       0.0000000       0.0000000    
   88.000862       1.7340267       0.0000000       0.0000000    
   88.624283       1.7340267       0.0000000       0.0000000    
   89.045319       1.7340267       0.0000000       0.0000000    
   89.540131       1.7340267       0.0000000       0.0000000    
   90.040138       1.7340267       0.0000000       0.0000000    
   90.540535       1.7340267       0.0000000       0.0000000    
   91.040962       1.7340267       0.0000000       0.0000000    
   91.541405       1.7340267       0.0000000       0.0000000    
   92.041847       1.7340267       0.0000000       0.0000000    
   92.542297       1.7340267       0.0000000       0.0000000    
   93.042755       1.7340267       0.0000000       0.0000000    
   93.543213       1.7340267       0.0000000       0.0000000    
   94.043671       1.7340267       0.0000000       0.0000000    
   94.544128       1.7340267       0.0000000       0.0000000    
   95.039368       1.7340267       0.0000000       0.0000000    
   95.539825       1.7340267       0.0000000       0.0000000    
   96.040291       1.7340267       0.0000000       0.0000000    
   96.540764       1.7340267       0.0000000       0.0000000    
   97.041245       1.7340267       0.0000000       0.0000000    
   97.541733       1.7340267       0.0000000       0.0000000    
   98.042221       1.7340267       0.0000000       0.0000000    
   98.542709       1.7340267       0.0000000       0.0000000    
   99.043198       1.7340267       0.0000000       0.0000000    
   99.543686       1.7340267       0.0000000       0.0000000    
   100.04419       1.7340267       0.0000000       0.0000000    
   100.54469       1.7340267       0.0000000       0.0000000    
   101.04521       1.7340267       0.0000000       0.0000000    
   101.54573       1.7340267       0.0000000       0.0000000    
   102.04625       1.7340267       0.0000000       0.0000000    
   102.54677       1.7340267       0.0000000       0.0000000    
   103.04729       1.7340267       0.0000000       0.0000000    
   103.54781       1.7340267       0.0000000       0.0000000    
   104.04832       1.7340267       0.0000000       0.0000000    
   104.54886       1.7340267       0.0000000       0.0000000    
   105.04939       1.7340267       0.0000000       0.0000000    
   105.54993       1.7340267       0.0000000       0.0000000    
   106.05048       1.7340267       0.0000000       0.0000000    
   106.55103       1.7340267       0.0000000       0.0000000    
   107.05158       1.7340267       0.0000000       0.0000000    
   107.55213       1.7340267       0.0000000       0.0000000    
   108.05269       1.7340267       0.0000000       0.0000000    
   108.55325       1.7340267       0.0000000       0.0000000    
   109.05383       1.7340267       0.0000000       0.0000000    
   109.55441       1.7340267       0.0000000       0.0000000    
   110.05499       1.7340267       0.0000000       0.0000000    
   110.55556       1.7340267       0.0000000       0.0000000    
   111.05614       1.7340267       0.0000000       0.0000000    
   111.55673       1.7340267       0.0000000       0.0000000    
   112.05731       1.7340267       0.0000000       0.0000000    
   112.55789       1.7340267       0.0000000       0.0000000    
   113.05849       1.7340267       0.0000000       0.0000000    
   113.55910       1.7340267       0.0000000       0.0000000    
   114.05971       1.7340267       0.0000000       0.0000000    
   114.56032       1.7340267       0.0000000       0.0000000    
   115.06093       1.7340267       0.0000000       0.0000000    
   115.56154       1.7340267       0.0000000       0.0000000    
   116.06215       1.7340267       0.0000000       0.0000000    
   116.56277       1.7340267       0.0000000       0.0000000    
   117.06341       1.7340267       0.0000000       0.0000000    
   117.56405       1.7340267       0.0000000       0.0000000    
   118.06469       1.7340267       0.0000000       0.0000000    
   118.56533       1.7340267       0.0000000       0.0000000    
   119.06597       1.7340267       0.0000000       0.0000000    
   119.56661       1.7340267       0.0000000       0.0000000    
   120.06727       1.7340267       0.0000000       0.0000000    
   120.56793       1.7340267       0.0000000       0.0000000    
   121.06860       1.7340267       0.0000000       0.0000000    
   121.56927       1.7340267       0.0000000       0.0000000    
   122.06933       1.7340267       0.0000000       0.0000000    
   122.53907       1.7340267       0.0000000       0.0000000    
   123.00376       1.7340267       0.0000000       0.0000000    
   123.50124       1.7340267       0.0000000       0.0000000    
   124.00192       1.7340267       0.0000000       0.0000000    
   124.50262       1.7340267       0.0000000       0.0000000    
   125.00332       1.7340267       0.0000000       0.0000000    
   125.50402       1.7340267       0.0000000       0.0000000    
   126.00472       1.7340267       0.0000000       0.0000000    
   126.50542       1.7340267       0.0000000       0.0000000    
   127.00613       1.7340267       0.0000000       0.0000000    
   127.50685       1.7340267       0.0000000       0.0000000    
   128.00757       1.7340267       0.0000000       0.0000000    
   128.50830       1.7340267       0.0000000       0.0000000    
   129.00903       1.7340267       0.0000000       0.0000000    
   129.50977       1.7340267       0.0000000       0.0000000    
   130.01050       1.7340267       0.0000000       0.0000000    
   130.51123       1.7340267       0.0000000       0.0000000    
   131.01196       1.7340267       0.0000000       0.0000000    
   131.51270       1.7340267       0.0000000       0.0000000    
   132.01347       1.7340267       0.0000000       0.0000000    
   132.51427       1.7340267       0.0000000       0.0000000    
   133.01506       1.7340267       0.0000000       0.0000000    
   133.51585       1.7340267       0.0000000       0.0000000    
   134.01665       1.7340267       0.0000000       0.0000000    
   134.51747       1.7340267       0.0000000       0.0000000    
   135.01833       1.7340267       0.0000000       0.0000000    
   135.51918       1.7340267       0.0000000       0.0000000    
   136.02010       1.7340267       0.0000000       0.0000000    
   136.52103       1.7340267       0.0000000       0.0000000    
   137.02202       1.7340267       0.0000000       0.0000000    
   137.52307       1.7340267       0.0000000       0.0000000    
   138.02422       1.7340267       0.0000000       0.0000000    
   138.52547       1.7340267       0.0000000       0.0000000    
   139.02687       1.7340267       0.0000000       0.0000000    
   139.52849       1.7340267       0.0000000       0.0000000    
   140.03035       1.7340267       0.0000000       0.0000000    
   140.53252       1.7340267       0.0000000       0.0000000    
   141.03510       1.7340267       0.0000000       0.0000000    
   141.53821       1.7340267       0.0000000       0.0000000    
   142.04198       1.7340267       0.0000000       0.0000000    
   142.54659       1.7340267       0.0000000       0.0000000    
   143.05222       1.7340267       0.0000000       0.0000000    
   143.55908       1.7340267       0.0000000       0.0000000    
   144.06729       1.7340267       0.0000000       0.0000000    
   144.57579       1.7340267       0.0000000       0.0000000    
   145.08437       1.7340267       0.0000000       0.0000000    
   145.59303       1.7340267       0.0000000       0.0000000    
   146.10185       1.7340267       0.0000000       0.0000000    
   146.61092       1.7340267       0.0000000       0.0000000    
   147.12025       1.7340267       0.0000000       0.0000000    
   147.50250       1.7340267       0.0000000       0.0000000    
   148.01257       1.7340267       0.0000000       0.0000000    
   148.52324       1.7340267       0.0000000       0.0000000    
   149.03464       1.7340267       0.0000000       0.0000000    
   149.54691       1.7340267       0.0000000       0.0000000    
   150.05919       1.7340267       0.0000000       0.0000000    
   150.56963       1.7340267       0.0000000       0.0000000    
   151.07835       1.7340267       0.0000000       0.0000000    
   151.58562       1.7340267       0.0000000       0.0000000    
   152.09164       1.7340267       0.0000000       0.0000000    
   152.59665       1.7340267       0.0000000       0.0000000    
   153.10083       1.7340267       0.0000000       0.0000000    
   153.60432       1.7340267       0.0000000       0.0000000    
   154.10732       1.7340267       0.0000000       0.0000000    
   154.60988       1.7340267       0.0000000       0.0000000    
   155.11212       1.7340267       0.0000000       0.0000000    
   155.61412       1.7340267       0.0000000       0.0000000    
   156.11594       1.7340267       0.0000000       0.0000000    
   156.61758       1.7340267       0.0000000       0.0000000    
   157.11911       1.7340267       0.0000000       0.0000000    
   157.62054       1.7340267       0.0000000       0.0000000    
   158.12190       1.7340267       0.0000000       0.0000000    
   158.62315       1.7340267       0.0000000       0.0000000    
   159.12434       1.7340267       0.0000000       0.0000000    
   159.50018       1.7340267       0.0000000       0.0000000    
   160.00125       1.7340267       0.0000000       0.0000000    
   160.50226       1.7340267       0.0000000       0.0000000    
   161.00322       1.7340267       0.0000000       0.0000000    
   161.50414       1.7340267       0.0000000       0.0000000    
   162.00505       1.7340267       0.0000000       0.0000000    
   162.50597       1.7340267       0.0000000       0.0000000    
   163.00688       1.7340267       0.0000000       0.0000000    
   163.50781       1.7340267       0.0000000       0.0000000    
   164.00880       1.7340267       0.0000000       0.0000000    
   164.50987       1.7340267       0.0000000       0.0000000    
   165.01100       1.7340267       0.0000000       0.0000000    
   165.51222       1.7340267       0.0000000       0.0000000    
   166.01353       1.7340267       0.0000000       0.0000000    
   166.51494       1.7340267       0.0000000       0.0000000    
   167.01643       1.7340267       0.0000000       0.0000000    
   167.51804       1.7340267       0.0000000       0.0000000    
   168.01971       1.7340267       0.0000000       0.0000000    
   168.52147       1.7340267       0.0000000       0.0000000    
   169.02332       1.7340267       0.0000000       0.0000000    
   169.52524       1.7340267       0.0000000       0.0000000    
   170.02724       1.7340267       0.0000000       0.0000000    
   170.52933       1.7340267       0.0000000       0.0000000    
   171.03151       1.7340267       0.0000000       0.0000000    
   171.53380       1.7340267       0.0000000       0.0000000    
   172.03621       1.7340267       0.0000000       0.0000000    
   172.53874       1.7340267       0.0000000       0.0000000    
   173.04137       1.7340267       0.0000000       0.0000000    
   173.54411       1.7340267       0.0000000       0.0000000    
   174.04697       1.7340267       0.0000000       0.0000000    
   174.54990       1.7340267       0.0000000       0.0000000    
   175.05286       1.7340267       0.0000000       0.0000000    
   175.55582       1.7340267       0.0000000       0.0000000    
   176.05876       1.7340267       0.0000000       0.0000000    
   176.56174       1.7340267       0.0000000       0.0000000    
   177.06473       1.7340267       0.0000000       0.0000000    
   177.56772       1.7340267       0.0000000       0.0000000    
   178.07071       1.7340267       0.0000000       0.0000000    
   178.57372       1.7340267       0.0000000       0.0000000    
   179.07677       1.7340267       0.0000000       0.0000000    
   179.57982       1.7340267       0.0000000       0.0000000    
   180.08287       1.7340267       0.0000000       0.0000000    
   180.58591       1.7340267       0.0000000       0.0000000    
   181.08884       1.7340267       0.0000000       0.0000000    
   181.59164       1.7340267       0.0000000       0.0000000    
   182.09433       1.7340267       0.0000000       0.0000000    
   182.59689       1.7340267       0.0000000       0.0000000    
   183.09933       1.7340267       0.0000000       0.0000000    
   183.60165       1.7340267       0.0000000       0.0000000    
   184.10385       1.7340267       0.0000000       0.0000000    
   184.60594       1.7340267       0.0000000       0.0000000    
   185.10793       1.7340267       0.0000000       0.0000000    
   185.60979       1.7340267       0.0000000       0.0000000    
   186.11154       1.7340267       0.0000000       0.0000000    
   186.61319       1.7340267       0.0000000       0.0000000    
   187.11472       1.7340267       0.0000000       0.0000000    
   187.61613       1.7340267       0.0000000       0.0000000    
   188.11745       1.7340267       0.0000000       0.0000000    
   188.61864       1.7340267       0.0000000       0.0000000    
   189.11975       1.7340267       0.0000000       0.0000000    
   189.62079       1.7340267       0.0000000       0.0000000    
   190.12178       1.7340267       0.0000000       0.0000000    
   190.62273       1.7340267       0.0000000       0.0000000    
   191.12364       1.7340267       0.0000000       0.0000000    
   191.62459       1.7340267       0.0000000       0.0000000    
   192.00032       1.7340267       0.0000000       0.0000000    
   192.50125       1.7340267       0.0000000       0.0000000    
   193.00195       1.7340267       0.0000000       0.0000000    
   193.50240       1.7340267       0.0000000       0.0000000    
   194.00258       1.7340267       0.0000000       0.0000000    
   194.50249       1.7340267       0.0000000       0.0000000    
   195.00221       1.7340267       0.0000000       0.0000000    
   195.50171       1.7340267       0.0000000       0.0000000    
   196.00102       1.7340267       0.0000000       0.0000000    
   196.50015       1.7340267       0.0000000       0.0000000    
   197.12386       1.7340267       0.0000000       0.0000000    
   197.62267       1.7340267       0.0000000       0.0000000    
   198.12132       1.7340267       0.0000000       0.0000000    
   198.61986       1.7340267       0.0000000       0.0000000    
   199.11827       1.7340267       0.0000000       0.0000000    
   199.61659       1.7340267       0.0000000       0.0000000    
   200.11484       1.7340267       0.0000000       0.0000000    
   200.58238       1.7340267       0.0000000       0.0000000    
   201.00679       1.7340267       0.0000000       0.0000000    
   201.50644       1.7340267       0.0000000       0.0000000    
   202.06941       1.7340267       0.0000000       0.0000000    
   202.55412       1.7340267       0.0000000       0.0000000    
   203.03870       1.7340267       0.0000000       0.0000000    
   203.53093       1.7340267       0.0000000       0.0000000    
   204.00098       1.7340267       0.0000000       0.0000000    
   204.54810       1.7340267       0.0000000       0.0000000    
   205.04132       1.7340267       0.0000000       0.0000000    
   205.50838       1.7340267       0.0000000       0.0000000    
   206.06245       1.7340267       0.0000000       0.0000000    
   206.52745       1.7340267       0.0000000       0.0000000    
   207.03033       1.7340267       0.0000000       0.0000000    
   207.57266       1.7340267       0.0000000       0.0000000    
   208.03464       1.7340267       0.0000000       0.0000000    
   208.50595       1.7340267       0.0000000       0.0000000    
   209.07971       1.7340267       0.0000000       0.0000000    
   209.56139       1.7340267       0.0000000       0.0000000    
   210.04755       1.7340267       0.0000000       0.0000000    
   210.54678       1.7340267       0.0000000       0.0000000    
   211.09796       1.7340267       0.0000000       0.0000000    
   211.55264       1.7340267       0.0000000       0.0000000    
   212.02397       1.7340267       0.0000000       0.0000000    
   212.50615       1.7340267       0.0000000       0.0000000    
   213.12065       1.7340267       0.0000000       0.0000000    
   213.61757       1.7340267       0.0000000       0.0000000    
   214.11427       1.7340267       0.0000000       0.0000000    
   214.61079       1.7340267       0.0000000       0.0000000    
   215.10715       1.7340267       0.0000000       0.0000000    
   215.60338       1.7340267       0.0000000       0.0000000    
   216.09950       1.7340267       0.0000000       0.0000000    
   216.59558       1.7340267       0.0000000       0.0000000    
   217.09161       1.7340267       0.0000000       0.0000000    
   217.58765       1.7340267       0.0000000       0.0000000    
   218.08374       1.7340267       0.0000000       0.0000000    
   218.57986       1.7340267       0.0000000       0.0000000    
   219.07602       1.7340267       0.0000000       0.0000000    
   219.57225       1.7340267       0.0000000       0.0000000    
   220.06856       1.7340267       0.0000000       0.0000000    
   220.56499       1.7340267       0.0000000       0.0000000    
   221.06155       1.7340267       0.0000000       0.0000000    
   221.55826       1.7340267       0.0000000       0.0000000    
   222.05516       1.7340267       0.0000000       0.0000000    
   222.55226       1.7340267       0.0000000       0.0000000    
   223.04961       1.7340267       0.0000000       0.0000000    
   223.54720       1.7340267       0.0000000       0.0000000    
   224.04503       1.7340267       0.0000000       0.0000000    
   224.54312       1.7340267       0.0000000       0.0000000    
   225.04147       1.7340267       0.0000000       0.0000000    
   225.54005       1.7340267       0.0000000       0.0000000    
   226.03886       1.7340267       0.0000000       0.0000000    
   226.53792       1.7340267       0.0000000       0.0000000    
   227.03716       1.7340267       0.0000000       0.0000000    
   227.53664       1.7340267       0.0000000       0.0000000    
   228.03636       1.7340267       0.0000000       0.0000000    
   228.53633       1.7340267       0.0000000       0.0000000    
   229.03659       1.7340267       0.0000000       0.0000000    
   229.53712       1.7340267       0.0000000       0.0000000    
   230.03799       1.7340267       0.0000000       0.0000000    
   230.53918       1.7340267       0.0000000       0.0000000    
   231.04065       1.7340267       0.0000000       0.0000000    
   231.54227       1.7340267       0.0000000       0.0000000    
   232.04404       1.7340267       0.0000000       0.0000000    
   232.54596       1.7340267       0.0000000       0.0000000    
   233.04802       1.7340267       0.0000000       0.0000000    
   233.55022       1.7340267       0.0000000       0.0000000    
   234.05257       1.7340267       0.0000000       0.0000000    
   234.55495       1.7340267       0.0000000       0.0000000    
   235.05734       1.7340267       0.0000000       0.0000000    
   235.55978       1.7340267       0.0000000       0.0000000    
   236.06227       1.7340267       0.0000000       0.0000000    
   236.56482       1.7340267       0.0000000       0.0000000    
   237.06743       1.7340267       0.0000000       0.0000000    
   237.57011       1.7340267       0.0000000       0.0000000    
   238.07285       1.7340267       0.0000000       0.0000000    
   238.57558       1.7340267       0.0000000       0.0000000    
   239.07823       1.7340267       0.0000000       0.0000000    
   239.58076       1.7340267       0.0000000       0.0000000    
   240.08319       1.7340267       0.0000000       0.0000000    
   240.58554       1.7340267       0.0000000       0.0000000    
   241.08781       1.7340267       0.0000000       0.0000000    
   241.59003       1.7340267       0.0000000       0.0000000    
   242.09218       1.7340267       0.0000000       0.0000000    
   242.59428       1.7340267       0.0000000       0.0000000    
   243.09636       1.7340267       0.0000000       0.0000000    
   243.59837       1.7340267       0.0000000       0.0000000    
   244.10033       1.7340267       0.0000000       0.0000000    
   244.60223       1.7340267       0.0000000       0.0000000    
   245.10413       1.7340267       0.0000000       0.0000000    
   245.60597       1.7340267       0.0000000       0.0000000    
   246.10780       1.7754831      -2.8454874      -4.8326182    
   246.60963       1.8847089      -1.6415547      -4.3575206    
   247.11147       2.0052984     -0.63331217      -4.7433014    
   247.61331       2.1352658      0.36146650      -4.7975922    
   248.11520       2.3221228      0.91330117      -4.5751610    
   248.61711       2.5595131       1.1359344      -4.2065353    
   249.11906       2.8171351       1.1444451      -3.8512058    
   249.62108       2.9897566       1.0451121      -2.9724305    
   250.12315       3.1293025       1.0026019      -2.3201010    
