  0.12474632      6.89303337E-10  4.16867957E-10 -4.25173135E-12
  0.50017345      7.01432690E-10  4.57263949E-10 -6.71046161E-12
   1.0007112      7.20547677E-10  5.13432075E-10 -1.32389568E-11
   1.5011811      7.45659590E-10  5.72700554E-10 -2.18316268E-11
   2.0015700      7.79017684E-10  6.35785646E-10 -3.12624614E-11
   2.5018795      8.21144763E-10  7.03521352E-10 -4.37007305E-11
   3.0021112      8.71982042E-10  7.76787634E-10 -6.24101049E-11
   3.5022826      9.32823596E-10  8.56517302E-10 -8.99875313E-11
   4.0024195      1.00298592E-09  9.43777390E-10 -1.29599706E-10
   4.5025353      1.08179343E-09  1.03959685E-09 -1.85036347E-10
   5.0026474      1.17058907E-09  1.14508225E-09 -2.59700428E-10
   5.5027671      1.27190281E-09  1.26156818E-09 -3.56773333E-10
   6.0029030      1.38943523E-09  1.39079759E-09 -4.78998397E-10
   6.5030551      1.52775881E-09  1.53510238E-09 -6.28748220E-10
   7.0032248      1.69222059E-09  1.69751491E-09 -8.08248413E-10
   7.5034132      1.88960447E-09  1.88179472E-09 -1.01811282E-09
   8.0036135      2.12963758E-09  2.09255280E-09 -1.25566058E-09
   8.5038261      2.42348630E-09  2.33556219E-09 -1.52050061E-09
   9.0040474      2.77992607E-09  2.61739719E-09 -1.81432724E-09
   9.5042772      3.20661164E-09  2.94476132E-09 -2.14197238E-09
   10.004511      3.70924669E-09  3.32423289E-09 -2.51240984E-09
   10.504748      4.29267910E-09  3.76247478E-09 -2.93744717E-09
   11.004990      4.96322805E-09  4.26686508E-09 -3.42978757E-09
   11.505231      5.73105030E-09  4.84643925E-09 -4.00147471E-09
   12.005473      6.61178490E-09  5.51285106E-09 -4.66352645E-09
   12.505716      7.62668062E-09  6.28092600E-09 -5.42683942E-09
   13.005962      8.80155770E-09  7.16882553E-09 -6.30387431E-09
   13.506206      1.01654454E-08  8.19791879E-09 -7.31029637E-09
   14.006449      1.17497692E-08  9.39260314E-09 -8.46598258E-09
   14.506693      1.35884690E-08  1.07802229E-08 -9.79519932E-09
   15.006934      1.57190154E-08  1.23912542E-08 -1.13262768E-08
   15.507174      1.81840178E-08  1.42598617E-08 -1.30913200E-08
   16.007412      2.10329034E-08  1.64247638E-08 -1.51263819E-08
   16.507652      2.43233984E-08  1.89303559E-08 -1.74722530E-08
   17.007891      2.81228125E-08  2.18280451E-08 -2.01757864E-08
   17.508127      3.25094618E-08  2.51777266E-08 -2.32915589E-08
   18.008364      3.75741251E-08  2.90492146E-08 -2.68834377E-08
   18.508598      4.34217284E-08  3.35236123E-08 -3.10260475E-08
   19.008829      5.01734831E-08  3.86948464E-08 -3.58061776E-08
   19.509062      5.79692667E-08  4.46712924E-08 -4.13242560E-08
   20.009295      6.69703297E-08  5.15776790E-08 -4.76959272E-08
   20.509525      7.73625217E-08  5.95574789E-08 -5.50540733E-08
   21.009754      8.93602703E-08  6.87761172E-08 -6.35514468E-08
   21.509983      1.03211022E-07  7.94244812E-08 -7.33636369E-08
   22.010208      1.19200266E-07  9.17230309E-08 -8.46926582E-08
   22.510429      1.37657864E-07  1.05926610E-07 -9.77712489E-08
   23.010654      1.58964838E-07  1.22329681E-07 -1.12867838E-07
   23.510880      1.83560957E-07  1.41271940E-07 -1.30292094E-07
   24.011103      2.11953704E-07  1.63145202E-07 -1.50401220E-07
   24.511326      2.44728852E-07  1.88401245E-07 -1.73607930E-07
   25.011547      2.82561928E-07  2.17561009E-07 -2.00388513E-07
   25.511765      3.26231827E-07  2.51224719E-07 -2.31292645E-07
   26.011982      3.76637644E-07  2.90085239E-07 -2.66954942E-07
   26.512199      4.34816229E-07  3.34941973E-07 -3.08107758E-07
   27.012419      5.01963882E-07  3.86717204E-07 -3.55596285E-07
   27.512634      5.79460391E-07  4.46474985E-07 -4.10395103E-07
   28.012852      6.68898849E-07  5.15444412E-07 -4.73629598E-07
   28.513069      7.72117573E-07  5.95043332E-07 -5.46597846E-07
   29.013285      8.91236709E-07  6.86907867E-07 -6.30797842E-07
   29.513498      1.02870513E-06  7.92926983E-07 -7.27959161E-07
   30.013714      1.18734829E-06  9.15281021E-07 -8.40078314E-07
   30.513929      1.37042684E-06  1.05648508E-06 -9.69458938E-07
   31.014143      1.58170417E-06  1.21944265E-06 -1.11875966E-06
   31.514359      1.82552424E-06  1.40750456E-06 -1.29104956E-06
   32.014572      2.10689859E-06  1.62453694E-06 -1.48986896E-06
   32.514786      2.43160935E-06  1.87499984E-06 -1.71930310E-06
   33.014999      2.80633253E-06  2.16404328E-06 -1.98406906E-06
   33.515217      3.23877066E-06  2.49760706E-06 -2.28960857E-06
   34.015430      3.73780631E-06  2.88254341E-06 -2.64219875E-06
   34.515644      4.31369426E-06  3.32676154E-06 -3.04908713E-06
   35.015862      4.97826932E-06  3.83938823E-06 -3.51863673E-06
   35.516075      5.74518072E-06  4.43095178E-06 -4.06049367E-06
   36.016289      6.63018955E-06  5.11360940E-06 -4.68579310E-06
   36.516502      7.65148798E-06  5.90139371E-06 -5.40738802E-06
   37.016720      8.83006760E-06  6.81049323E-06 -6.24010909E-06
   37.516933      1.01901423E-05  7.85959128E-06 -7.20106664E-06
   38.017147      1.17596774E-05  9.07025787E-06 -8.31001671E-06
   38.517368      1.35709342E-05  1.04673773E-05 -9.58975033E-06
   39.017582      1.56611222E-05  1.20796558E-05 -1.10665660E-05
   39.517796      1.80732131E-05  1.39402318E-05 -1.27708172E-05
   40.018013      2.08567853E-05  1.60873533E-05 -1.47375440E-05
   40.518234      2.40690460E-05  1.85651443E-05 -1.70071617E-05
   41.018448      2.77759937E-05  2.14245083E-05 -1.96262990E-05
   41.518665      3.20538311E-05  2.47242297E-05 -2.26488010E-05
   42.018887      3.69904628E-05  2.85321239E-05 -2.61367677E-05
   42.519104      4.26873085E-05  3.29264003E-05 -3.01618402E-05
   43.019321      4.92614708E-05  3.79974153E-05 -3.48067551E-05
   43.519543      5.68480536E-05  4.38493880E-05 -4.01669386E-05
   44.019764      6.56029297E-05  5.06025208E-05 -4.63524884E-05
   44.519993      7.57059752E-05  5.83955953E-05 -5.34904611E-05
   45.020214      8.73647950E-05  6.73887553E-05 -6.17275073E-05
   45.520435      1.00818870E-04  7.77667592E-05 -7.12327310E-05
   46.020664      1.16344556E-04  8.97427453E-05 -8.22013026E-05
   46.520893      1.34260859E-04  1.03562881E-04 -9.48584930E-05
   47.021122      1.54935813E-04  1.19511024E-04 -1.09464134E-04
   47.521351      1.78793853E-04  1.37914612E-04 -1.26317900E-04
   48.021580      2.06325029E-04  1.59151736E-04 -1.45765749E-04
   48.521816      2.38094624E-04  1.83658558E-04 -1.68206665E-04
   49.022049      2.74754537E-04  2.11937906E-04 -1.94100736E-04
   49.522278      3.17057420E-04  2.44570518E-04 -2.23978961E-04
   50.022514      3.65871470E-04  2.82226421E-04 -2.58453889E-04
   50.522751      4.22198151E-04  3.25678266E-04 -2.98232015E-04
   51.022991      4.87192563E-04  3.75817239E-04 -3.44127737E-04
   51.523232      5.62187866E-04  4.33672220E-04 -3.97081225E-04
   52.023468      6.48721470E-04  5.00429654E-04 -4.58176015E-04
   52.523712      7.48566119E-04  5.77457598E-04 -5.28661301E-04
   53.023956      8.63768393E-04  6.66335807E-04 -6.09978801E-04
   53.524204      9.96688148E-04  7.68885482E-04 -7.03789876E-04
   54.024452      1.15004613E-03  8.87206988E-04 -8.12009734E-04
   54.524696      1.32698100E-03  1.02372328E-03 -9.36847180E-04
   55.024948      1.53111317E-03  1.18122925E-03 -1.08084793E-03
   55.525200      1.76661555E-03  1.36294751E-03 -1.24694535E-03
   56.025455      2.03830190E-03  1.57259475E-03 -1.43852062E-03
   56.525711      2.35172361E-03  1.81445898E-03 -1.65947189E-03
   57.025970      2.71328050E-03  2.09348439E-03 -1.91428897E-03
   57.526230      3.13034980E-03  2.41536926E-03 -2.20814347E-03
   58.026489      3.61144147E-03  2.78668967E-03 -2.54699634E-03
   58.526756      4.16636420E-03  3.21502588E-03 -2.93771201E-03
   59.027020      4.80642077E-03  3.70911532E-03 -3.38819250E-03
   59.527283      5.54464851E-03  4.27903840E-03 -3.90754268E-03
   60.027550      6.39607338E-03  4.93641943E-03 -4.50624572E-03
   60.527817      7.37802172E-03  5.69466129E-03 -5.19636692E-03
   61.028088      8.51045270E-03  6.56921137E-03 -5.99178905E-03
   61.528358      9.81638487E-03  7.57789053E-03 -6.90849544E-03
   62.028625      1.13223456E-02  8.74125119E-03 -7.96487369E-03
   62.528889      1.30589074E-02  1.00829806E-02 -9.18206107E-03
   63.029144      1.50613096E-02  1.16304113E-02 -1.05843805E-02
   63.529388      1.73701718E-02  1.34150553E-02 -1.21997809E-02
   64.029610      2.00323015E-02  1.54732559E-02 -1.40603781E-02
   64.529793      2.31015831E-02  1.78468954E-02 -1.62030198E-02
   65.029915      2.66401246E-02  2.05842871E-02 -1.86699964E-02
   65.529961      3.07194106E-02  2.37410571E-02 -2.15097629E-02
   66.029884      3.54215391E-02  2.73811053E-02 -2.47778781E-02
   66.529579      4.08403091E-02  3.15776095E-02 -2.85374168E-02
   67.028946      4.70839292E-02  3.64150591E-02 -3.28601003E-02
   67.527985      5.42780869E-02  4.19913121E-02 -3.78281809E-02
   68.026711      6.25667423E-02  4.84177731E-02 -4.35362607E-02
   68.525154      7.21128434E-02  5.58192693E-02 -5.00939339E-02
   69.023308      8.30997527E-02  6.43349588E-02 -5.76272085E-02
   69.521164      9.57385376E-02  7.41243809E-02 -6.62806928E-02
   70.018753      0.11027627      8.53749067E-02 -7.62187988E-02
   70.516083      0.12700406      9.83096808E-02 -8.76285806E-02
   71.013168      0.14626437      0.11319591     -0.10072452    
   71.510017      0.16845754      0.13035233     -0.11575152    
   72.006645      0.19405499      0.15016218     -0.13298754    
   72.503052      0.22360981      0.17308486     -0.15274027    
   73.123268      0.26711720      0.20696245     -0.18148506    
   73.619247      0.30811107      0.23904860     -0.20816995    
   74.115067      0.35557097      0.27639547     -0.23855472    
   74.610741      0.41053185      0.31987965     -0.27304292    
   75.106293      0.47417361      0.37047166     -0.31204230    
   75.601738      0.54780966      0.42921489     -0.35596624    
   76.097084      0.63287252      0.49721709     -0.40522188    
   76.592346      0.73092371      0.57567239     -0.46017230    
   77.087570      0.84363854      0.66590178     -0.52107066    
   77.582710      0.97281945      0.76923919     -0.58792567    
   78.077805       1.1207618      0.88714755     -0.66058356    
   78.572929       1.2883224       1.0207583     -0.74028617    
   79.068001       1.4743263       1.1709855     -0.82919186    
   79.563103       1.6781856       1.3401573     -0.92671013    
   80.058319       1.9025611       1.5316417      -1.0258396    
   80.553558       2.1490951       1.7466345      -1.1161809    
   81.048828       2.4128134       1.9801918      -1.1865661    
   81.544167       2.6825643       2.2209556      -1.2300470    
   82.039604       2.9451475       2.4569597      -1.2361097    
   82.535164       3.1959534       2.6791553      -1.2073060    
   83.030861       3.4230433       2.8802590      -1.1397383    
   83.526726       3.6190355       3.0539396      -1.0393609    
   84.022781       3.7631719       3.1956968     -0.90870124    
   84.519058       3.8691161       3.2880850     -0.73933345    
   85.015579       3.9386916       3.3501387     -0.55549532    
   85.512390       3.9896951       3.3946590     -0.33530727    
   86.009499       4.0423193       3.4305818     -7.16932490E-02
   86.506836       4.0764432       3.4465866      0.20955031    
   87.004471       4.0618262       3.4279099      0.48606816    
   87.502487       3.9980617       3.3744845      0.74798691    
   88.000862       3.9009461       3.3050652      0.99878722    
   88.624283       3.7213912       3.1880448       1.2626206    
   89.045319       3.5531926       3.0688877       1.4152849    
   89.540131       3.3250854       2.9280341       1.5733664    
   90.040138       3.0569868       2.7671382       1.7032454    
   90.540535       2.7690179       2.5944161       1.8126459    
   91.040962       2.4805202       2.4247303       1.9068493    
   91.541405       2.1926627       2.2698631       1.9844277    
   92.041847       1.8895186       2.1294169       2.0267367    
   92.542297       1.5626361       2.0045416       2.0254335    
   93.042755       1.2315631       1.8912412       1.9838983    
   93.543213      0.91302872       1.7745540       1.9178078    
   94.043671      0.61025548       1.6474204       1.8334169    
   94.544128      0.32827324       1.4964054       1.7358860    
   95.039368      7.98985362E-02   1.3324652       1.6351547    
   95.539825     -0.13995661       1.1579483       1.5340271    
   96.040291     -0.33603072      0.96912766       1.4311291    
   96.540764     -0.52254951      0.78093517       1.3138313    
   97.041245     -0.70188487      0.60071605       1.1791271    
   97.541733     -0.86572689      0.43115881       1.0337592    
   98.042221      -1.0100811      0.28591794      0.88849628    
   98.542709      -1.1297368      0.17603256      0.75040054    
   99.043198      -1.2329506      0.10129476      0.60704243    
   99.543686      -1.3284155      5.18764518E-02  0.45256788    
   100.04419      -1.4047729      1.44616663E-02  0.29535615    
   100.54469      -1.4584982     -1.90512203E-02  0.14232302    
   101.04521      -1.4830396     -4.84205820E-02  4.61329520E-03
   101.54573      -1.4742224     -7.88270235E-02 -0.10252918    
   102.04625      -1.4437432     -0.11748368     -0.18618344    
   102.54677      -1.3971243     -0.16104789     -0.24971695    
   103.04729      -1.3369939     -0.20122483     -0.29450032    
   103.54781      -1.2771206     -0.22558281     -0.32426786    
   104.04832      -1.2225311     -0.22860138     -0.34375852    
   104.54886      -1.1682087     -0.21745659     -0.35060009    
   105.04939      -1.1150662     -0.18422821     -0.34660316    
   105.54993      -1.0699506     -0.13396232     -0.33758116    
   106.05048      -1.0290755     -7.20488876E-02 -0.32582864    
   106.55103     -0.98585880     -4.31565568E-03 -0.31421012    
   107.05158     -0.93821871      6.00633547E-02 -0.30647394    
   107.55213     -0.88878441      0.11544339     -0.30341697    
   108.05269     -0.83883178      0.15921022     -0.30387831    
   108.55325     -0.79014981      0.18830009     -0.30720651    
   109.05383     -0.74343014      0.20044014     -0.31471449    
   109.55441     -0.69626296      0.19891466     -0.32220292    
   110.05499     -0.64861220      0.18878785     -0.32526931    
   110.55556     -0.59599274      0.17644809     -0.32070681    
   111.05614     -0.53679323      0.16657953     -0.30427122    
   111.55673     -0.46942711      0.16277355     -0.27181000    
   112.05731     -0.39916256      0.16697945     -0.22769749    
   112.55789     -0.33804628      0.17919487     -0.18266931    
   113.05849     -0.29164582      0.19987603     -0.14211604    
   113.55910     -0.26036435      0.23195641     -0.10528458    
   114.05971     -0.24676824      0.27066737     -6.84825704E-02
   114.56032     -0.24605192      0.30739686     -3.44418995E-02
   115.06093     -0.25025553      0.33682969     -4.48585348E-03
   115.56154     -0.24626556      0.35509744      2.38542967E-02
   116.06215     -0.23260482      0.36218119      5.12732938E-02
   116.56277     -0.20652464      0.36258441      7.89246187E-02
   117.06341     -0.17437926      0.36095119      9.67282355E-02
   117.56405     -0.14684671      0.35934997      9.87710804E-02
   118.06469     -0.12491234      0.35764655      9.21981037E-02
   118.56533     -0.10617305      0.35570222      7.64013976E-02
   119.06597     -9.31403041E-02  0.35319480      5.57627454E-02
   119.56661     -8.43866020E-02  0.34766585      3.68132219E-02
   120.06727     -7.99628720E-02  0.34005481      2.52008457E-02
   120.56793     -7.54847229E-02  0.33258647      2.03067195E-02
   121.06860     -6.81539401E-02  0.32652694      2.19632275E-02
   121.56927     -5.88906482E-02  0.32181144      3.04283686E-02
   122.06933     -5.01438379E-02  0.31969598      4.27747965E-02
   122.53907     -4.25823145E-02  0.31887600      5.66749573E-02
   123.00376     -3.46665420E-02  0.31710726      7.10215867E-02
   123.50124     -2.74146684E-02  0.31392744      8.72920081E-02
   124.00192     -2.36160345E-02  0.30947578      0.10509663    
   124.50262     -2.51581613E-02  0.30444872      0.12494551    
   125.00332     -3.19711231E-02  0.29961348      0.14740914    
   125.50402     -4.48172130E-02  0.29590765      0.16988724    
   126.00472     -6.37333840E-02  0.29594529      0.18944797    
   126.50542     -8.54319111E-02  0.30009937      0.20389386    
   127.00613     -0.10409697      0.30527204      0.21321049    
   127.50685     -0.11782660      0.31146327      0.21916068    
   128.00757     -0.12830968      0.31774756      0.22090384    
   128.50830     -0.13823567      0.32210493      0.21762820    
   129.00903     -0.14935070      0.32256836      0.20934545    
   129.50977     -0.16184466      0.31748769      0.19663629    
   130.01050     -0.17606661      0.30608454      0.18124153    
   130.51123     -0.19067591      0.28878695      0.16506101    
   131.01196     -0.20305675      0.26723999      0.14908150    
   131.51270     -0.21198979      0.24315032      0.13404426    
   132.01347     -0.21745753      0.21884388      0.12013684    
   132.51427     -0.22014242      0.19726595      0.10674569    
   133.01506     -0.22036451      0.18059008      9.30216610E-02
   133.51585     -0.21834080      0.16946018      7.86078125E-02
   134.01665     -0.21441931      0.16343689      6.34306297E-02
   134.51747     -0.20829755      0.16187067      4.80457731E-02
   135.01833     -0.20044374      0.16182128      3.39470580E-02
   135.51918     -0.19190288      0.16153370      2.26616543E-02
   136.02010     -0.18252863      0.16037308      1.47828814E-02
   136.52103     -0.17189261      0.15816873      1.00917071E-02
   137.02202     -0.15999088      0.15539348      8.35106149E-03
   137.52307     -0.14685681      0.15346256      9.52517241E-03
   138.02422     -0.13321322      0.15295728      1.34514170E-02
   138.52547     -0.11895624      0.15450060      2.04254724E-02
   139.02687     -0.10442699      0.15896711      3.00052315E-02
   139.52849     -9.05529931E-02  0.16590363      3.96254435E-02
   140.03035     -7.82298148E-02  0.17270641      4.72727008E-02
   140.53252     -6.76431134E-02  0.17722017      5.21585047E-02
   141.03510     -5.81140742E-02  0.17808518      5.44870198E-02
   141.53821     -4.74736057E-02  0.17495322      5.52203581E-02
   142.04198     -3.56601328E-02  0.16899247      5.46797998E-02
   142.54659     -2.19646432E-02  0.16131788      5.31506464E-02
   143.05222     -5.58181200E-03  0.15175481      5.04245013E-02
   143.55908      1.27814710E-02  0.13987967      4.62192334E-02
   144.06729      3.09767947E-02  0.12460359      4.00333181E-02
   144.57579      4.71434332E-02  0.10603395      3.21648456E-02
   145.08437      6.16298132E-02  8.53540748E-02  2.35137660E-02
   145.59303      7.62802064E-02  6.05802573E-02  1.53050581E-02
   146.10185      9.28555951E-02  3.00237983E-02  8.96964967E-03
   146.61092      0.11212958     -6.45319885E-03  5.04205003E-03
   147.12025      0.13521317     -4.69167009E-02  3.71955754E-03
   147.50250      0.15568632     -7.97055066E-02  3.71062988E-03
   148.01257      0.18788014     -0.12740958      4.89365263E-03
   148.52324      0.22478305     -0.17927743      7.26169348E-03
   149.03464      0.26557910     -0.23459692      9.95707884E-03
   149.54691      0.30991548     -0.29244366      1.29017914E-02
   150.05919      0.35718399     -0.35158136      1.65503751E-02
   150.56963      0.40641704     -0.41052794      2.13998109E-02
   151.07835      0.45674524     -0.46851069      2.78476514E-02
   151.58562      0.50729913     -0.52548879      3.67055275E-02
   152.09164      0.55780566     -0.58193123      4.89831939E-02
   152.59665      0.60801893     -0.63944829      6.48323596E-02
   153.10083      0.65949392     -0.69844854      8.57075453E-02
   153.60432      0.71123213     -0.75822568      0.11237215    
   154.10732      0.75900364     -0.81778759      0.14520076    
   154.60988      0.79912812     -0.87488735      0.18451752    
   155.11212      0.83072001     -0.92745000      0.23090763    
   155.61412      0.85527873     -0.97398043      0.28548583    
   156.11594      0.87336123      -1.0155401      0.34917378    
   156.61758      0.88344574      -1.0520132      0.42154756    
   157.11911      0.88129425      -1.0798872      0.49989843    
   157.62054      0.86566031      -1.0997659      0.58013088    
   158.12190      0.83135676      -1.1088556      0.65524995    
   158.62315      0.77540338      -1.0981712      0.72164214    
   159.12434      0.70112336      -1.0607922      0.77415562    
   159.50018      0.63628405      -1.0174109      0.80604362    
   160.00125      0.53981376     -0.94289809      0.84257901    
   160.50226      0.43876117     -0.85874087      0.87361354    
   161.00322      0.34327880     -0.76685584      0.89975905    
   161.50414      0.25481504     -0.66782218      0.92289114    
   162.00505      0.17102569     -0.55921596      0.95034355    
   162.50597      8.89851898E-02 -0.44334251      0.97927427    
   163.00688      7.20959157E-04 -0.32358050      0.99518335    
   163.50781     -9.34160203E-02 -0.20736448      0.99002945    
   164.00880     -0.19070643     -0.10146455      0.96196151    
   164.50987     -0.29079038     -7.40127638E-03  0.91353452    
   165.01100     -0.38342267      7.42476061E-02  0.85340577    
   165.51222     -0.46591264      0.14097770      0.79444253    
   166.01353     -0.54247224      0.19275467      0.73808402    
   166.51494     -0.60895562      0.23532146      0.68493599    
   167.01643     -0.66166407      0.26977891      0.63627315    
   167.51804     -0.70025259      0.29661751      0.59086740    
   168.01971     -0.72524941      0.31582215      0.55036861    
   168.52147     -0.74011862      0.32889524      0.51296234    
   169.02332     -0.75041920      0.33631736      0.46967310    
   169.52524     -0.75931096      0.33680081      0.41624945    
   170.02724     -0.76600212      0.33034039      0.35561237    
   170.52933     -0.76936495      0.31612182      0.29192060    
   171.03151     -0.76748317      0.29485077      0.22964317    
   171.53380     -0.75914508      0.26811638      0.17345056    
   172.03621     -0.74307656      0.23777623      0.12402323    
   172.53874     -0.71839875      0.20617777      8.04173648E-02
   173.04137     -0.68561226      0.17457077      4.09192890E-02
   173.54411     -0.64547199      0.14214611      2.00996362E-03
   174.04697     -0.59844398      0.10741200     -3.82103734E-02
   174.54990     -0.54301333      6.92686513E-02 -7.59779289E-02
   175.05286     -0.47881684      2.68977769E-02 -0.10719776    
   175.55582     -0.40845025     -2.00983956E-02 -0.13058749    
   176.05876     -0.33442765     -7.03082234E-02 -0.14676009    
   176.56174     -0.25766078     -0.12458706     -0.15843123    
   177.06473     -0.17940858     -0.18176168     -0.16847934    
   177.56772     -0.10267555     -0.23776302     -0.17569143    
   178.07071     -2.89918333E-02 -0.29336268     -0.17805304    
   178.57372      4.29056995E-02 -0.34818724     -0.17382590    
   179.07677      0.11273855     -0.40200162     -0.15920083    
   179.57982      0.18325083     -0.45490199     -0.13036546    
   180.08287      0.25500220     -0.50657129     -8.82344171E-02
   180.58591      0.32707894     -0.55638659     -3.67467403E-02
   181.08884      0.39893711     -0.60402912      1.99702755E-02
   181.59164      0.46030694     -0.64818633      7.28620216E-02
   182.09433      0.51157117     -0.68663633      0.11951691    
   182.59689      0.55151922     -0.71806616      0.16012743    
   183.09933      0.57857990     -0.74134803      0.19584465    
   183.60165      0.59400678     -0.75592244      0.22759771    
   184.10385      0.60361946     -0.76420152      0.25831139    
   184.60594      0.60979378     -0.76947021      0.29164624    
   185.10793      0.61198449     -0.77599776      0.32917672    
   185.60979      0.60781455     -0.78652668      0.36978459    
   186.11154      0.59488928     -0.79850101      0.41229051    
   186.61319      0.57042372     -0.80980974      0.45470020    
   187.11472      0.53606534     -0.81758273      0.49640548    
   187.61613      0.49341697     -0.81826097      0.53831869    
   188.11745      0.44043553     -0.80473411      0.57645392    
   188.61864      0.38087982     -0.77942234      0.60670906    
   189.11975      0.31770030     -0.74403143      0.62704289    
   189.62079      0.25177729     -0.69967687      0.64076483    
   190.12178      0.18424290     -0.64717144      0.64802122    
   190.62273      0.11492279     -0.58814603      0.64717269    
   191.12364      4.82217260E-02 -0.52516055      0.63616669    
   191.62459     -1.29896672E-02 -0.46016252      0.61789727    
   192.00032     -5.50645515E-02 -0.41228664      0.59915018    
   192.50125     -0.10709201     -0.35146976      0.56824630    
   193.00195     -0.15705030     -0.29537475      0.53286660    
   193.50240     -0.20254982     -0.24408507      0.49870220    
   194.00258     -0.24376544     -0.19923563      0.46709573    
   194.50249     -0.28087485     -0.16376305      0.43526345    
   195.00221     -0.31390330     -0.14060465      0.40182179    
   195.50171     -0.34159854     -0.13082768      0.36775360    
   196.00102     -0.36081034     -0.13194010      0.33407462    
   196.50015     -0.37197989     -0.14287969      0.30132222    
   197.12386     -0.37159950     -0.16481456      0.26346445    
   197.62267     -0.36073697     -0.18568486      0.23353077    
   198.12132     -0.34618849     -0.21030271      0.20035994    
   198.61986     -0.33014286     -0.23969936      0.16327786    
   199.11827     -0.31278157     -0.27427608      0.12429363    
   199.61659     -0.29342610     -0.31346950      8.65697712E-02
   200.11484     -0.27074230     -0.35554346      5.25526106E-02
   200.58238     -0.24631296     -0.39612591      2.55815741E-02
   201.00679     -0.22136603     -0.43322158      4.97349631E-03
   201.50644     -0.18766257     -0.47725025     -1.49394497E-02
   202.06941     -0.14278677     -0.52781892     -3.20257023E-02
   202.55412     -9.79576260E-02 -0.57230562     -4.18657251E-02
   203.03870     -4.81455177E-02 -0.61718237     -4.89409119E-02
   203.53093      5.68916369E-03 -0.66168433     -5.46894819E-02
   204.00098      5.60475327E-02 -0.70222300     -6.03618212E-02
   204.54810      0.11505430     -0.74615097     -6.59999773E-02
   205.04132      0.16769625     -0.78238523     -7.01824129E-02
   205.50838      0.21609639     -0.81416869     -7.31775984E-02
   206.06245      0.27130759     -0.84877634     -7.61926174E-02
   206.52745      0.31681049     -0.87594146     -7.95198902E-02
   207.03033      0.36791420     -0.90469688     -8.38508531E-02
   207.57266      0.42843041     -0.93554682     -8.92896354E-02
   208.03464      0.48396030     -0.96124601     -9.70944017E-02
   208.50595      0.54355216     -0.98680198     -0.10911368    
   209.07971      0.62101209      -1.0172409     -0.12935239    
   209.56139      0.68980360      -1.0416656     -0.15214762    
   210.04755      0.76258790      -1.0680330     -0.18135196    
   210.54678      0.84285504      -1.1029850     -0.21776439    
   211.09796      0.93920535      -1.1564866     -0.26501271    
   211.55264       1.0238123      -1.2127969     -0.31033462    
   212.02397       1.1138991      -1.2819116     -0.36529151    
   212.50615       1.2089162      -1.3650768     -0.43007869    
   213.12065       1.3425630      -1.4955654     -0.52042639    
   213.61757       1.4689112      -1.6235352     -0.59261042    
   214.11427       1.6132982      -1.7673501     -0.65981948    
   214.61079       1.7720566      -1.9188405     -0.72116244    
   215.10715       1.9424415      -2.0708473     -0.77403283    
   215.60338       2.1324697      -2.2210007     -0.80771554    
   216.09950       2.3452067      -2.3678544     -0.81825948    
   216.59558       2.5611649      -2.5011508     -0.80881703    
   217.09161       2.7579844      -2.6137292     -0.77968180    
   217.58765       2.9279621      -2.7099080     -0.73587817    
   218.08374       3.0759606      -2.7963254     -0.67825174    
   218.57986       3.2021327      -2.8722510     -0.60605717    
   219.07602       3.3073423      -2.9342856     -0.51449066    
   219.57225       3.3902273      -2.9862742     -0.39745083    
   220.06856       3.4529157      -3.0272601     -0.25855380    
   220.56499       3.4909685      -3.0524266     -0.10329361    
   221.06155       3.5034742      -3.0628543      6.31997958E-02
   221.55826       3.4912119      -3.0581326      0.23549297    
   222.05516       3.4594154      -3.0432758      0.40855506    
   222.55226       3.4094100      -3.0245082      0.58007979    
   223.04961       3.3348565      -2.9992137      0.74511361    
   223.54720       3.2263780      -2.9587369      0.89646721    
   224.04503       3.0819583      -2.9084971       1.0280313    
   224.54312       2.9230402      -2.8483567       1.1408623    
   225.04147       2.7476821      -2.7764738       1.2304403    
   225.54005       2.5521765      -2.6961274       1.2946751    
   226.03886       2.3502734      -2.6101356       1.3421440    
   226.53792       2.1396055      -2.5224385       1.3696460    
   227.03716       1.9205345      -2.4336858       1.3780634    
   227.53664       1.6977056      -2.3409042       1.3657410    
   228.03636       1.4802647      -2.2431657       1.3351848    
   228.53633       1.2848129      -2.1385241       1.2946956    
   229.03659       1.1106977      -2.0242438       1.2422180    
   229.53712      0.95223093      -1.9018314       1.1776395    
   230.03799      0.80348903      -1.7763662       1.1026306    
   230.53918      0.65588272      -1.6580510       1.0161870    
   231.04065      0.50724053      -1.5513757      0.91795206    
   231.54227      0.35656080      -1.4628083      0.80573940    
   232.04404      0.21063274      -1.3999679      0.68433452    
   232.54596      7.62235522E-02  -1.3546709      0.56060332    
   233.04802     -4.36443016E-02  -1.3164165      0.43881571    
   233.55022     -0.14350133      -1.2782407      0.32188222    
   234.05257     -0.20939556      -1.2263820      0.22192834    
   234.55495     -0.23758665      -1.1542435      0.14385492    
   235.05734     -0.23969904      -1.0662982      9.07322764E-02
   235.55978     -0.22050695     -0.97210926      5.74484766E-02
   236.06227     -0.20283207     -0.88121414      3.44608203E-02
   236.56482     -0.20149623     -0.81422889      1.44661916E-02
   237.06743     -0.21509635     -0.78025991      3.33248475E-03
   237.57011     -0.24285083     -0.75974619      7.24562444E-04
   238.07285     -0.26818562     -0.75857723      3.23919952E-03
   238.57558     -0.28330192     -0.76833028      1.17550269E-02
   239.07823     -0.29617298     -0.77197784      2.51546837E-02
   239.58076     -0.29675496     -0.76412481      3.56434323E-02
   240.08319     -0.28692922     -0.74435627      4.14848737E-02
   240.58554     -0.27195960     -0.70724511      4.15867493E-02
   241.08781     -0.25349480     -0.66201365      3.37762646E-02
   241.59003     -0.23468468     -0.61649275      2.06782203E-02
   242.09218     -0.22325790     -0.57858276      8.37725587E-03
   242.59428     -0.22394221     -0.55783582      3.79893789E-03
   243.09636     -0.23317946     -0.54851651      2.80508213E-03
   243.59837     -0.24830562     -0.55116665      8.60164128E-03
   244.10033     -0.26697969     -0.56365734      2.04185788E-02
   244.60223     -0.28414387     -0.58101141      3.85647938E-02
   245.10413     -0.29716590     -0.59816623      6.00181930E-02
   245.60597     -0.30702016     -0.61270583      8.37513581E-02
   246.10780     -0.31478453     -0.62578994      0.10993155    
   246.60963     -0.32175583     -0.63985980      0.13833369    
   247.11147     -0.32897696     -0.65553308      0.16778846    
   247.61331     -0.33651960     -0.67313534      0.19959104    
   248.11520     -0.34672666     -0.69259739      0.23546275    
   248.61711     -0.36210534     -0.71336681      0.27569824    
   249.11906     -0.38540369     -0.73230511      0.31793481    
   249.62108     -0.41551983     -0.74797595      0.35897189    
   250.12315     -0.45251334     -0.75868762      0.39612320    
