  0.12474632      1.21323568E-11  7.23313293E-12 -2.67087848E-15
  0.50017345      1.17450528E-11  7.86287355E-12 -3.73700475E-15
   1.0007112      1.11801055E-11  8.60079542E-12 -6.84895340E-15
   1.5011811      1.05579868E-11  9.20925228E-12 -1.20324130E-14
   2.0015700      9.87756925E-12  9.67988970E-12 -1.95034943E-14
   2.5018795      9.15596592E-12  1.00218063E-11 -2.93397508E-14
   3.0021112      8.42923474E-12  1.02598286E-11 -4.08771222E-14
   3.5022826      7.74412392E-12  1.04215508E-11 -5.18372712E-14
   4.0024195      7.07663051E-12  1.04795070E-11 -5.81235160E-14
   4.5025353      6.39299551E-12  1.04031297E-11 -5.84461882E-14
   5.0026474      5.65108810E-12  1.01573350E-11 -5.44135422E-14
   5.5027671      4.83142866E-12  9.72694147E-12 -5.22291290E-14
   6.0029030      3.96500888E-12  9.12387006E-12 -6.19202091E-14
   6.5030551      3.08779890E-12  8.37059328E-12 -9.30049969E-14
   7.0032248      2.23708964E-12  7.49164619E-12 -1.52784279E-13
   7.5034132      1.43906393E-12  6.50441680E-12 -2.41000118E-13
   8.0036135      7.02504136E-13  5.41999085E-12 -3.48721486E-13
   8.5038261      2.37649086E-14  4.25243651E-12 -4.59678736E-13
   9.0040474     -5.98794777E-13  3.02274828E-12 -5.56906734E-13
   9.5042772     -1.14771983E-12  1.78079285E-12 -6.25248768E-13
   10.004511     -1.56914542E-12  6.01945523E-13 -6.58846675E-13
   10.504748     -1.78429938E-12 -4.33375341E-13 -6.60560040E-13
   11.004990     -1.70948563E-12 -1.24034409E-12 -6.40494493E-13
   11.505231     -1.31478834E-12 -1.80501696E-12 -6.11873345E-13
   12.005473     -8.24172490E-13 -2.19669855E-12 -5.83447245E-13
   12.505716     -1.62792197E-13 -2.50451591E-12 -5.53826407E-13
   13.005962      5.19359187E-13 -2.76388070E-12 -5.24668308E-13
   13.506206      1.18129389E-12 -3.05756440E-12 -4.91983624E-13
   14.006449      1.78697692E-12 -3.42252832E-12 -4.65220148E-13
   14.506693      2.35514473E-12 -3.86973526E-12 -4.68609255E-13
   15.006934      2.93024350E-12 -4.38002759E-12 -5.16663535E-13
   15.507174      3.58180347E-12 -4.91555147E-12 -6.21136280E-13
   16.007412      4.38745698E-12 -5.42531645E-12 -7.76907727E-13
   16.507652      5.40136338E-12 -5.87062994E-12 -9.69683752E-13
   17.007891      6.64759090E-12 -6.23751745E-12 -1.17734490E-12
   17.508127      8.11195555E-12 -6.53969413E-12 -1.37284563E-12
   18.008364      9.74226949E-12 -6.81055256E-12 -1.53185277E-12
   18.508598      1.14728921E-11 -7.09472585E-12 -1.64206626E-12
   19.008829      1.32581871E-11 -7.43078082E-12 -1.71225967E-12
   19.509062      1.50938324E-11 -7.84245585E-12 -1.77484178E-12
   20.009295      1.70148583E-11 -8.34192958E-12 -1.86686278E-12
   20.509525      1.90919138E-11 -8.92931475E-12 -2.01034762E-12
   21.009754      2.13882714E-11 -9.60409616E-12 -2.20667777E-12
   21.509983      2.39410002E-11 -1.03795878E-11 -2.44355664E-12
   22.010208      2.67663183E-11 -1.12804982E-11 -2.70882925E-12
   22.510429      2.98781624E-11 -1.23371339E-11 -3.00033436E-12
   23.010654      3.33067671E-11 -1.35752711E-11 -3.32989712E-12
   23.510880      3.71053258E-11 -1.50139883E-11 -3.71642994E-12
   24.011103      4.13439873E-11 -1.66699970E-11 -4.17611778E-12
   24.511326      4.61031387E-11 -1.85656195E-11 -4.71796647E-12
   25.011547      5.14657483E-11 -2.07350040E-11 -5.34533095E-12
   25.511765      5.75177232E-11 -2.32246826E-11 -6.06118020E-12
   26.011982      6.43534045E-11 -2.60898803E-11 -6.87183383E-12
   26.512199      7.20801127E-11 -2.93911874E-11 -7.78727430E-12
   27.012419      8.08206418E-11 -3.31938192E-11 -8.81990488E-12
   27.512634      9.07147968E-11 -3.75696627E-11 -9.98397719E-12
   28.012852      1.01922568E-10 -4.26009852E-11 -1.12974595E-11
   28.513069      1.14629993E-10 -4.83846574E-11 -1.27847012E-11
   29.013285      1.29057348E-10 -5.50353998E-11 -1.44779397E-11
   29.513498      1.45466944E-10 -6.26880214E-11 -1.64165435E-11
   30.013714      1.64167485E-10 -7.14991469E-11 -1.86447628E-11
   30.513929      1.85515603E-10 -8.16495344E-11 -2.12096365E-11
   31.014143      2.09917389E-10 -9.33465041E-11 -2.41610430E-11
   31.514359      2.37833503E-10 -1.06828393E-10 -2.75540597E-11
   32.014572      2.69787803E-10 -1.22369045E-10 -3.14525211E-11
   32.514786      3.06382031E-10 -1.40281231E-10 -3.59314731E-11
   33.014999      3.48313489E-10 -1.60922942E-10 -4.10785572E-11
   33.515217      3.96391198E-10 -1.84706167E-10 -4.69952480E-11
   34.015430      4.51550408E-10 -2.12107776E-10 -5.37989098E-11
   34.515644      5.14868370E-10 -2.43682519E-10 -6.16256005E-11
   35.015862      5.87584092E-10 -2.80075518E-10 -7.06336795E-11
   35.516075      6.71123046E-10 -3.22034455E-10 -8.10077214E-11
   36.016289      7.67132913E-10 -3.70425246E-10 -9.29629707E-11
   36.516502      8.77523110E-10 -4.26249203E-10 -1.06749977E-10
   37.016720      1.00451136E-09 -4.90663399E-10 -1.22659161E-10
   37.516933      1.15067023E-09 -5.65003599E-10 -1.41024956E-10
   38.017147      1.31898070E-09 -6.50811682E-10 -1.62230687E-10
   38.517368      1.51288182E-09 -7.49864726E-10 -1.86713922E-10
   39.017582      1.73632941E-09 -8.64211647E-10 -2.14973372E-10
   39.517796      1.99388017E-09 -9.96221994E-10 -2.47580401E-10
   40.018013      2.29078578E-09 -1.14863541E-09 -2.85193841E-10
   40.518234      2.63310262E-09 -1.32461930E-09 -3.28578303E-10
   41.018448      3.02782377E-09 -1.52782964E-09 -3.78623910E-10
   41.518665      3.48303364E-09 -1.76248949E-09 -4.36367276E-10
   42.018887      4.00806943E-09 -2.03346762E-09 -5.03009578E-10
   42.519104      4.61371075E-09 -2.34637909E-09 -5.79936932E-10
   43.019321      5.31241229E-09 -2.70770983E-09 -6.68745948E-10
   43.519543      6.11855278E-09 -3.12494697E-09 -7.71277153E-10
   44.019764      7.04873626E-09 -3.60673624E-09 -8.89654295E-10
   44.519993      8.12215362E-09 -4.16306767E-09 -1.02633213E-09
   45.020214      9.36097067E-09 -4.80547424E-09 -1.18414556E-09
   45.520435      1.07907709E-08 -5.54725865E-09 -1.36636413E-09
   46.020664      1.24410935E-08 -6.40377529E-09 -1.57675828E-09
   46.520893      1.43460426E-08 -7.39275308E-09 -1.81967375E-09
   47.021122      1.65449610E-08 -8.53464854E-09 -2.10012185E-09
   47.521351      1.90832345E-08 -9.85306681E-09 -2.42388287E-09
   48.021580      2.20132783E-08 -1.13752616E-08 -2.79763412E-09
   48.521816      2.53955825E-08 -1.31326860E-08 -3.22908766E-09
   49.022049      2.92999260E-08 -1.51616018E-08 -3.72714082E-09
   49.522278      3.38069022E-08 -1.75038846E-08 -4.30207248E-09
   50.022514      3.90095352E-08 -2.02078532E-08 -4.96574826E-09
   50.522751      4.50151703E-08 -2.33292567E-08 -5.73185632E-09
   51.022991      5.19476693E-08 -2.69324048E-08 -6.61619026E-09
   51.523232      5.99500467E-08 -3.10915631E-08 -7.63698083E-09
   52.023468      6.91873225E-08 -3.58923842E-08 -8.81524809E-09
   52.523712      7.98498192E-08 -4.14336832E-08 -1.01752402E-08
   53.023956      9.21573786E-08 -4.78295590E-08 -1.17449730E-08
   53.524204      1.06363657E-07 -5.52116646E-08 -1.35567539E-08
   54.024452      1.22761250E-07 -6.37318607E-08 -1.56478794E-08
   54.524696      1.41687991E-07 -7.35654311E-08 -1.80613799E-08
   55.024948      1.63533755E-07 -8.49147099E-08 -2.08469544E-08
   55.525200      1.88748359E-07 -9.80130750E-08 -2.40618885E-08
   56.025455      2.17850896E-07 -1.13129914E-07 -2.77723267E-08
   56.525711      2.51440667E-07 -1.30576197E-07 -3.20546008E-08
   57.025970      2.90209158E-07 -1.50710775E-07 -3.69967950E-08
   57.526230      3.34954052E-07 -1.73947484E-07 -4.27005062E-08
   58.026489      3.86596412E-07 -2.00764248E-07 -4.92830488E-08
   58.526756      4.46198896E-07 -2.31712477E-07 -5.68798271E-08
   59.027020      5.14987335E-07 -2.67428163E-07 -6.56469723E-08
   59.527283      5.94377127E-07 -3.08645724E-07 -7.57647314E-08
   60.027550      6.86001499E-07 -3.56212581E-07 -8.74412365E-08
   60.527817      7.91745379E-07 -4.11106640E-07 -1.00916594E-07
   61.028088      9.13782571E-07 -4.74455931E-07 -1.16467767E-07
   61.528358      1.05462323E-06 -5.47562593E-07 -1.34414563E-07
   62.028625      1.21716323E-06 -6.31929311E-07 -1.55125733E-07
   62.528889      1.40474174E-06 -7.29288502E-07 -1.79026685E-07
   63.029144      1.62121466E-06 -8.41640599E-07 -2.06608661E-07
   63.529388      1.87102785E-06 -9.71292252E-07 -2.38438076E-07
   64.029610      2.15930936E-06 -1.12090390E-06 -2.75167963E-07
   64.529793      2.49196660E-06 -1.29354066E-06 -3.17550956E-07
   65.029915      2.87580951E-06 -1.49273569E-06 -3.66454202E-07
   65.529961      3.31867750E-06 -1.72255591E-06 -4.22876496E-07
   66.029884      3.82959070E-06 -1.98768112E-06 -4.87966531E-07
   66.529579      4.41885004E-06 -2.29345596E-06 -5.63037020E-07
   67.028946      5.09828715E-06 -2.64601840E-06 -6.49594313E-07
   67.527985      5.88160856E-06 -3.05248045E-06 -7.49384867E-07
   68.026711      6.78464767E-06 -3.52105371E-06 -8.64425317E-07
   68.525154      7.82567895E-06 -4.06121944E-06 -9.97043117E-07
   69.023308      9.02564898E-06 -4.68384223E-06 -1.14990576E-06
   69.521164      1.04087158E-05 -5.40145538E-06 -1.32609057E-06
   70.018753      1.20027235E-05 -6.22850166E-06 -1.52914299E-06
   70.516083      1.38397463E-05 -7.18161846E-06 -1.76314848E-06
   71.013168      1.59567862E-05 -8.27999429E-06 -2.03281729E-06
   71.510017      1.83963093E-05 -9.54565621E-06 -2.34355821E-06
   72.006645      2.12073810E-05 -1.10040528E-05 -2.70161763E-06
   72.503052      2.44463499E-05 -1.26843970E-05 -3.11417034E-06
   73.123268      2.91967135E-05 -1.51487593E-05 -3.71921624E-06
   73.619247      3.36513767E-05 -1.74596444E-05 -4.28658177E-06
   74.115067      3.87836626E-05 -2.01219591E-05 -4.94023061E-06
   74.610741      4.46966442E-05 -2.31891336E-05 -5.69327949E-06
   75.106293      5.15089851E-05 -2.67226751E-05 -6.56083284E-06
   75.601738      5.93574186E-05 -3.07934570E-05 -7.56028930E-06
   76.097084      6.83991748E-05 -3.54829426E-05 -8.71165503E-06
   76.592346      7.88156394E-05 -4.08851338E-05 -1.00380084E-05
   77.087570      9.08167276E-05 -4.71087624E-05 -1.15660523E-05
   77.582710      1.04641753E-04 -5.42778034E-05 -1.33262220E-05
   78.077805      1.20568431E-04 -6.25360699E-05 -1.53538349E-05
   78.572929      1.38919189E-04 -7.20505486E-05 -1.76898884E-05
   79.068001      1.60058640E-04 -8.30099598E-05 -2.03807431E-05
   79.563103      1.84413308E-04 -9.56351141E-05 -2.34806048E-05
   80.058319      2.12478510E-04 -1.10182315E-04 -2.70524197E-05
   80.553558      2.44812545E-04 -1.26940402E-04 -3.11671174E-05
   81.048828      2.82065565E-04 -1.46245671E-04 -3.59073238E-05
   81.544167      3.24987952E-04 -1.68486120E-04 -4.13683265E-05
   82.039604      3.74444906E-04 -1.94109103E-04 -4.76600035E-05
   82.535164      4.31433727E-04 -2.23629962E-04 -5.49089818E-05
   83.030861      4.97105648E-04 -2.57643464E-04 -6.32613956E-05
   83.526726      5.72788704E-04 -2.96835555E-04 -7.28857704E-05
   84.022781      6.60015095E-04 -3.41997307E-04 -8.39765344E-05
   84.519058      7.60554161E-04 -3.94041766E-04 -9.67580927E-05
   85.015579      8.76446022E-04 -4.54021501E-04 -1.11489164E-04
   85.512390      1.01004902E-03 -5.23152819E-04 -1.28468819E-04
   86.009499      1.16408570E-03 -6.02838641E-04 -1.48042091E-04
   86.506836      1.34165294E-03 -6.94674964E-04 -1.70601532E-04
   87.004471      1.54639198E-03 -8.00536189E-04 -1.96608598E-04
   87.502487      1.78250892E-03 -9.22587584E-04 -2.26596152E-04
   88.000862      2.05481192E-03 -1.06330228E-03 -2.61173234E-04
   88.624283      2.45460728E-03 -1.26982504E-03 -3.11929121E-04
   89.045319      2.76765367E-03 -1.43159088E-03 -3.51665192E-04
   89.540131      3.18683684E-03 -1.64787285E-03 -4.04864404E-04
   90.040138      3.67480959E-03 -1.89967616E-03 -4.66783065E-04
   90.540535      4.23778873E-03 -2.19006836E-03 -5.38207707E-04
   91.040962      4.88686189E-03 -2.52472353E-03 -6.20542327E-04
   91.541405      5.63511392E-03 -2.91033601E-03 -7.15443864E-04
   92.041847      6.49765600E-03 -3.35462578E-03 -8.24826420E-04
   92.542297      7.49190059E-03 -3.86647927E-03 -9.50895483E-04
   93.042755      8.63791537E-03 -4.45612427E-03 -1.09619391E-03
   93.543213      9.95881297E-03 -5.13532199E-03 -1.26365176E-03
   94.043671      1.14812087E-02 -5.91759523E-03 -1.45664497E-03
   94.544128      1.32357813E-02 -6.81850221E-03 -1.67906797E-03
   95.039368      1.52352080E-02 -7.84430467E-03 -1.93253718E-03
   95.539825      1.75620392E-02 -9.03701782E-03 -2.22753012E-03
   96.040291      2.02434473E-02 -1.04101347E-02 -2.56751478E-03
   96.540764      2.33333930E-02 -1.19907381E-02 -2.95936689E-03
   97.041245      2.68940311E-02 -1.38099119E-02 -3.41102062E-03
   97.541733      3.09969913E-02 -1.59033202E-02 -3.93163320E-03
   98.042221      3.57248411E-02 -1.83118880E-02 -4.53177793E-03
   98.542709      4.11726460E-02 -2.10824646E-02 -5.22366352E-03
   99.043198      4.74499688E-02 -2.42687091E-02 -6.02141814E-03
   99.543686      5.46831787E-02 -2.79320721E-02 -6.94136973E-03
   100.04419      6.30177110E-02 -3.21427882E-02 -8.00228491E-03
   100.54469      7.26210847E-02 -3.69809158E-02 -9.22570191E-03
   101.04521      8.36866945E-02 -4.25375700E-02 -1.06362617E-02
   101.54573      9.64369401E-02 -4.89166901E-02 -1.22615471E-02
   102.04625      0.11112573     -5.62377349E-02 -1.41315395E-02
   102.54677      0.12804094     -6.46387637E-02 -1.62788648E-02
   103.04729      0.14750904     -7.42786527E-02 -1.87411867E-02
   103.54781      0.16990449     -8.53370801E-02 -2.15661358E-02
   104.04832      0.19566312     -9.80136842E-02 -2.48163529E-02
   104.54886      0.22529720     -0.11252651     -2.85719894E-02
   105.04939      0.25940758     -0.12911101     -3.29295024E-02
   105.54993      0.29869354     -0.14801809     -3.79973538E-02
   106.05048      0.34395695     -0.16950634     -4.38941941E-02
   106.55103      0.39611441     -0.19383821     -5.07540107E-02
   107.05158      0.45621485     -0.22127807     -5.87217808E-02
   107.55213      0.52544284     -0.25207245     -6.79481030E-02
   108.05269      0.60512304     -0.28644520     -7.85872266E-02
   108.55325      0.69673800     -0.32459864     -9.07864049E-02
   109.05383      0.80200231     -0.36665443     -0.10467216    
   109.55441      0.92269027     -0.41251260     -0.12029681    
   110.05499       1.0603355     -0.46187264     -0.13767062    
   110.55556       1.2163770     -0.51440001     -0.15683770    
   111.05614       1.3925400     -0.56959701     -0.17767213    
   111.55673       1.5894699     -0.62577540     -0.19990027    
   112.05731       1.8080797     -0.68104333     -0.22345415    
   112.55789       2.0479286     -0.73385835     -0.24759954    
   113.05849       2.3012102     -0.78133589     -0.27166125    
   113.55910       2.5754602     -0.82174367     -0.29703099    
   114.05971       2.8690920     -0.84903455     -0.32081079    
   114.56032       3.1625140     -0.85576081     -0.34027669    
   115.06093       3.4532156     -0.83385998     -0.35675460    
   115.56154       3.7512932     -0.77440131     -0.37068385    
   116.06215       4.0651064     -0.65854788     -0.37660754    
   116.56277       4.3922396     -0.48122516     -0.35894358    
   117.06341       4.6950989     -0.25412753     -0.29364660    
   117.56405       4.8621778     -2.76912712E-02 -0.14716420    
   118.06469       4.8079119      0.16050792      2.28737630E-02
   118.56533       4.5633955      0.31533402      0.14233416    
   119.06597       4.2466936      0.45105991      0.18756652    
   119.56661       3.9267025      0.58119023      0.19926131    
   120.06727       3.6170707      0.71209657      0.20159966    
   120.56793       3.3186147      0.83936894      0.20462465    
   121.06860       3.0257690      0.95812023      0.20780849    
   121.56927       2.7363384       1.0636336      0.20985784    
   122.06933       2.4519985       1.1555431      0.21138240    
   122.53907       2.1929793       1.2327446      0.21328250    
   123.00376       1.9496491       1.3061382      0.21470669    
   123.50124       1.7080876       1.3877826      0.21453363    
   124.00192       1.4916601       1.4798800      0.21348435    
   124.50262       1.3087006       1.5906922      0.21159805    
   125.00332       1.1620362       1.7223455      0.20801748    
   125.50402       1.0538936       1.8786559      0.20226511    
   126.00472      0.98333186       2.0618901      0.19784641    
   126.50542      0.95308936       2.2671967      0.20378797    
   127.00613      0.91094548       2.4480641      0.23086692    
   127.50685      0.76377010       2.5330284      0.27800560    
   128.00757      0.51076299       2.4482157      0.32798931    
   128.50830      6.86229393E-03   2.1588929      0.37336349    
   129.00903     -0.55794555       1.7412379      0.39157706    
   129.50977      -1.0373678       1.3207967      0.38723826    
   130.01050      -1.3631642      0.97192895      0.35982829    
   130.51123      -1.5515423      0.71291471      0.31821474    
   131.01196      -1.6421194      0.50911880      0.25093034    
   131.51270      -1.6962619      0.32275188      0.16261761    
   132.01347      -1.7370908      0.13251543      7.45782629E-02
   132.51427      -1.7722287     -4.74414118E-02  4.28175554E-05
   133.01506      -1.7679144     -0.20225093     -5.76889180E-02
   133.51585      -1.7200906     -0.33327496     -9.11585018E-02
   134.01665      -1.6388565     -0.43843222     -0.10340557    
   134.51747      -1.5364547     -0.51221967     -9.56125036E-02
   135.01833      -1.4123001     -0.55651236     -6.71044737E-02
   135.51918      -1.2801764     -0.57689166     -2.83810236E-02
   136.02010      -1.1543728     -0.57969159      6.57287613E-03
   136.52103      -1.0396518     -0.56952763      2.61615813E-02
   137.02202     -0.93532741     -0.55187559      2.58448310E-02
   137.52307     -0.84120256     -0.53012043      8.34199227E-03
   138.02422     -0.75550067     -0.51266205     -2.37633865E-02
   138.52547     -0.68407905     -0.50347793     -5.90694621E-02
   139.02687     -0.60984850     -0.49786976     -9.02436748E-02
   139.52849     -0.52598357     -0.49103162     -0.11161249    
   140.03035     -0.43827406     -0.47881320     -0.11985841    
   140.53252     -0.34825698     -0.45351583     -0.11806453    
   141.03510     -0.25175828     -0.41184282     -0.11096872    
   141.53821     -0.14973283     -0.35472459     -0.10394496    
   142.04198     -4.74635735E-02 -0.28689057     -9.67392176E-02
   142.54659      4.34021279E-02 -0.21559054     -8.88395980E-02
   143.05222      0.11630593     -0.15306804     -7.53725618E-02
   143.55908      0.16261725     -0.10891851     -5.68082519E-02
   144.06729      0.18749142     -8.76802951E-02 -3.98426019E-02
   144.57579      0.20498240     -7.93492422E-02 -2.86210477E-02
   145.08437      0.22684012     -7.50079006E-02 -2.51018237E-02
   145.59303      0.25033444     -6.65856898E-02 -2.81499252E-02
   146.10185      0.27978170     -4.73800749E-02 -3.68523076E-02
   146.61092      0.31368998     -1.89636685E-02 -4.82389405E-02
   147.12025      0.34745127      1.52655281E-02 -5.41089326E-02
   147.50250      0.37216431      4.21052016E-02 -5.19695282E-02
   148.01257      0.40057003      7.66001046E-02 -4.12421897E-02
   148.52324      0.42530316      0.10916388     -2.26842314E-02
   149.03464      0.44768810      0.14063248     -2.10677064E-03
   149.54691      0.46428001      0.16945724      1.27643598E-02
   150.05919      0.46510196      0.19308332      1.77553594E-02
   150.56963      0.45502275      0.21072233      1.49624515E-02
   151.07835      0.43693975      0.22362661      5.55042317E-03
   151.58562      0.41364908      0.23452532     -5.31205442E-03
   152.09164      0.39156836      0.24668869     -1.33273797E-02
   152.59665      0.37567788      0.26267815     -1.65074579E-02
   153.10083      0.36565912      0.28245646     -1.56864487E-02
   153.60432      0.35799611      0.30580813     -1.05185881E-02
   154.10732      0.35030884      0.33103919     -3.82013246E-03
   154.60988      0.33633786      0.35544321      1.46184675E-03
   155.11212      0.31339797      0.37717292      3.04691587E-03
   155.61412      0.28259355      0.39509505      1.60220265E-03
   156.11594      0.24529108      0.40882945     -2.54884362E-03
   156.61758      0.20356078      0.41849560     -9.22039524E-03
   157.11911      0.16002530      0.42455623     -1.64303258E-02
   157.62054      0.12081470      0.42676491     -2.14202553E-02
   158.12190      8.54330659E-02  0.42574590     -2.32097805E-02
   158.62315      5.31444214E-02  0.42124939     -2.15013511E-02
   159.12434      2.44960673E-02  0.41332003     -1.80414952E-02
   159.50018      5.76113630E-03  0.40525636     -1.55967753E-02
   160.00125     -1.77163240E-02  0.39187726     -1.45475771E-02
   160.50226     -4.02125977E-02  0.37585339     -1.69645194E-02
   161.00322     -6.20628484E-02  0.35793623     -2.29523554E-02
   161.50414     -8.41957554E-02  0.33897316     -3.22773010E-02
   162.00505     -0.10696177      0.31924391     -4.29475158E-02
   162.50597     -0.12992005      0.29945451     -5.30878678E-02
   163.00688     -0.15294327      0.28019169     -6.05994053E-02
   163.50781     -0.17557126      0.26172838     -6.35339767E-02
   164.00880     -0.19616403      0.24427700     -6.18194938E-02
   164.50987     -0.21522403      0.22793788     -5.67235947E-02
   165.01100     -0.23156664      0.21229491     -5.00096120E-02
   165.51222     -0.24327865      0.19712001     -4.46332134E-02
   166.01353     -0.24891841      0.18286954     -4.28829193E-02
   166.51494     -0.24783026      0.17006339     -4.56197858E-02
   167.01643     -0.24140726      0.15804417     -5.31705916E-02
   167.51804     -0.22966501      0.14587051     -6.38637543E-02
   168.01971     -0.21232983      0.13299607     -7.67871886E-02
   168.52147     -0.19146925      0.11895847     -8.99618939E-02
   169.02332     -0.16873868      0.10467659     -0.10095635    
   169.52524     -0.14520285      9.17424187E-02 -0.10826848    
   170.02724     -0.12048274      8.11324939E-02 -0.11076725    
   170.52933     -9.39356983E-02  7.32354745E-02 -0.10865170    
   171.03151     -6.68396503E-02  6.85324222E-02 -0.10231599    
   171.53380     -3.92426774E-02  6.71385899E-02 -9.32953358E-02
   172.03621     -1.12923346E-02  6.83905184E-02 -8.38133246E-02
   172.53874      1.40566183E-02  7.24844337E-02 -7.53439665E-02
   173.04137      3.56310681E-02  7.83962011E-02 -6.89273179E-02
   173.54411      5.41971996E-02  8.54591653E-02 -6.53520897E-02
   174.04697      7.03475028E-02  9.39183235E-02 -6.36333376E-02
   174.54990      8.44315588E-02  0.10389081     -6.25437275E-02
   175.05286      9.71361697E-02  0.11590372     -6.12416565E-02
   175.55582      0.10925499      0.13025953     -5.88629991E-02
   176.05876      0.12037203      0.14713037     -5.48653901E-02
   176.56174      0.13012527      0.16651726     -4.99879867E-02
   177.06473      0.13733226      0.18790036     -4.52711843E-02
   177.56772      0.14114091      0.21032700     -4.22409885E-02
   178.07071      0.14059824      0.23244488     -4.11505923E-02
   178.57372      0.13477010      0.25266272     -4.15195450E-02
   179.07677      0.12399881      0.27006024     -4.32223231E-02
   179.57982      0.10991552      0.28452462     -4.56045568E-02
   180.08287      9.54185128E-02  0.29595575     -4.76966947E-02
   180.58591      8.05625618E-02  0.30420449     -4.86100987E-02
   181.08884      6.41070083E-02  0.30825931     -4.76759449E-02
   181.59164      4.67649922E-02  0.30801851     -4.47433926E-02
   182.09433      2.99723819E-02  0.30339012     -4.03341204E-02
   182.59689      1.42431138E-02  0.29455951     -3.59973051E-02
   183.09933     -5.30450023E-04  0.28239501     -3.32856439E-02
   183.60165     -1.41245732E-02  0.26715371     -3.31318751E-02
   184.10385     -2.58473754E-02  0.24887404     -3.53304259E-02
   184.60594     -3.49586494E-02  0.22778101     -3.92879210E-02
   185.10793     -4.03781682E-02  0.20439579     -4.41421419E-02
   185.60979     -4.13935930E-02  0.17968118     -4.94057536E-02
   186.11154     -3.69930863E-02  0.15445772     -5.49888127E-02
   186.61319     -2.71450523E-02  0.12878914     -6.12493455E-02
   187.11472     -1.32571664E-02  0.10169062     -6.68828338E-02
   187.61613      4.49267123E-03  7.29104877E-02 -7.15280175E-02
   188.11745      2.77940296E-02  4.36986461E-02 -7.51138628E-02
   188.61864      5.82460314E-02  1.51280388E-02 -7.80392140E-02
   189.11975      9.58404019E-02 -1.19947474E-02 -8.04536790E-02
   189.62079      0.13989578     -3.81550416E-02 -8.28096420E-02
   190.12178      0.18978254     -6.43046126E-02 -8.54037106E-02
   190.62273      0.24453062     -9.07446966E-02 -8.76796320E-02
   191.12364      0.30321664     -0.11803724     -8.91861990E-02
   191.62459      0.36491051     -0.14740282     -8.93331617E-02
   192.00032      0.41338855     -0.17117997     -8.86037797E-02
   192.50125      0.48162651     -0.20502652     -8.64500031E-02
   193.00195      0.55586457     -0.24172623     -8.32981393E-02
   193.50240      0.63737148     -0.28175044     -7.88933560E-02
   194.00258      0.72666287     -0.32528925     -7.40690604E-02
   194.50249      0.82350111     -0.37233645     -6.92166910E-02
   195.00221      0.92816806     -0.42362690     -6.32468387E-02
   195.50171       1.0431058     -0.48043925     -5.64301237E-02
   196.00102       1.1662239     -0.54366982     -4.96212542E-02
   196.50015       1.3000960     -0.61406994     -4.27709408E-02
   197.12386       1.4849160     -0.71283615     -3.58438827E-02
   197.62267       1.6460367     -0.80060256     -3.39298472E-02
   198.12132       1.8194011     -0.89627057     -3.56641524E-02
   198.61986       1.9999950      -1.0003164     -4.02237736E-02
   199.11827       2.1830478      -1.1127038     -4.53184098E-02
   199.61659       2.3668272      -1.2316313     -4.81835976E-02
   200.11484       2.5523300      -1.3529347     -4.65307198E-02
   200.58238       2.7297225      -1.4636424     -4.03908677E-02
   201.00679       2.8932083      -1.5562941     -3.15425880E-02
   201.50644       3.0879469      -1.6496692     -1.94007810E-02
   202.06941       3.3049393      -1.7294883     -5.57807134E-03
   202.55412       3.4859653      -1.7707895      2.94049783E-03
   203.03870       3.6665568      -1.7764964      7.17330957E-03
   203.53093       3.8457491      -1.7432110      8.17115046E-03
   204.00098       4.0119138      -1.6736333      7.43100466E-03
   204.54810       4.1774302      -1.5606587      9.67253093E-03
   205.04132       4.2749906      -1.4423697      1.76466350E-02
   205.50838       4.3164272      -1.3234375      3.49014662E-02
   206.06245       4.3000336      -1.1762756      6.47260025E-02
   206.52745       4.2455120      -1.0402817      9.21907350E-02
   207.03033       4.1736999     -0.87115598      0.11684908    
   207.57266       4.0885873     -0.65714186      0.13087486    
   208.03464       4.0075636     -0.43539822      0.12457871    
   208.50595       3.9845324     -0.11259999      9.31127071E-02
   209.07971       4.3163962      0.52238089     -9.28702950E-03
   209.56139       4.5681868       1.0089825     -4.76351269E-02
   210.04755       4.3062706       1.2831323     -9.94794071E-03
   210.54678       3.8364079       1.4029969      7.71669000E-02
   211.09796       3.3604822       1.4938307      0.19346958    
   211.55264       3.1763945       1.6493399      0.31511396    
   212.02397       3.1075056       1.9046932      0.47414950    
   212.50615       3.0953093       2.1660147      0.68769348    
   213.12065       2.8382182       2.3728540      0.98148632    
   213.61757       2.4621279       2.4567156       1.1803389    
   214.11427       2.0380459       2.4967966       1.3165059    
   214.61079       1.6432496       2.5637341       1.4026737    
   215.10715       1.3763641       2.7065947       1.4222410    
   215.60338       1.1884307       2.9176943       1.4044675    
   216.09950       1.0360028       3.1607568       1.3476857    
   216.59558      0.83968759       3.3956337       1.2640712    
   217.09161      0.64460504       3.5733433       1.1549315    
   217.58765      0.41436610       3.6861756       1.0120568    
   218.08374      0.13745478       3.7054908      0.80493271    
   218.57986     -0.20600927       3.5940249      0.52328330    
   219.07602     -0.55047923       3.2850711      0.16644004    
   219.57225     -0.87710524       2.7924585     -0.28564778    
   220.06856      -1.1562870       2.2111192     -0.87376738    
   220.56499      -1.3858120       1.6434275      -1.5321202    
   221.06155      -1.5344543       1.1433849      -2.1434329    
   221.55826      -1.5772421      0.75344419      -2.6255133    
   222.05516      -1.5854851      0.45548713      -2.9461291    
   222.55226      -1.5749776      0.21154019      -3.0988026    
   223.04961      -1.5544276     -2.13182271E-02  -3.1156392    
   223.54720      -1.5009168     -0.26234379      -3.0414093    
   224.04503      -1.4452211     -0.49586290      -2.8934941    
   224.54312      -1.4364266     -0.72207397      -2.7040799    
   225.04147      -1.4451227     -0.93440503      -2.4971881    
   225.54005      -1.4203203      -1.1195209      -2.2894945    
   226.03886      -1.3641812      -1.2677464      -2.0895183    
   226.53792      -1.3049171      -1.3765576      -1.8956759    
   227.03716      -1.2491462      -1.4433399      -1.7100592    
   227.53664      -1.2011815      -1.4706107      -1.5399668    
   228.03636      -1.1648862      -1.4678787      -1.3832381    
   228.53633      -1.1498799      -1.4504149      -1.2428659    
   229.03659      -1.1506014      -1.4193854      -1.1167551    
   229.53712      -1.1564888      -1.3702686      -1.0003376    
   230.03799      -1.1615356      -1.2987013     -0.89069873    
   230.53918      -1.1426090      -1.1980126     -0.79002130    
   231.04065      -1.0845138      -1.0640281     -0.69603550    
   231.54227     -0.99610662     -0.89808202     -0.61783779    
   232.04404     -0.89889657     -0.71332812     -0.56860399    
   232.54596     -0.81659460     -0.53106314     -0.55061018    
   233.04802     -0.77035642     -0.37025338     -0.56966019    
   233.55022     -0.75974977     -0.23797563     -0.62684011    
   234.05257     -0.78812253     -0.13900654     -0.70068431    
   234.55495     -0.82599360     -6.42071813E-02 -0.77362323    
   235.05734     -0.86759651     -1.03030838E-02 -0.82622176    
   235.55978     -0.91142184      2.15379335E-02 -0.85209447    
   236.06227     -0.95309299      3.05371359E-02 -0.85614800    
   236.56482     -0.99770784      2.20745727E-02 -0.83800042    
   237.06743      -1.0308312     -2.84598023E-03 -0.80457652    
   237.57011      -1.0535877     -3.66953649E-02 -0.77192312    
   238.07285      -1.0598339     -8.28097165E-02 -0.75134736    
   238.57558      -1.0377104     -0.14262085     -0.74896759    
   239.07823      -1.0002031     -0.21618944     -0.77829325    
   239.58076     -0.94912338     -0.30054688     -0.83802795    
   240.08319     -0.89648771     -0.39307749     -0.92310178    
   240.58554     -0.84385878     -0.48903888      -1.0142984    
   241.08781     -0.79801124     -0.58546674      -1.0918949    
   241.59003     -0.76474345     -0.68446183      -1.1411793    
   242.09218     -0.74607038     -0.77918065      -1.1567986    
   242.59428     -0.73920739     -0.85585243      -1.1414558    
   243.09636     -0.72446012     -0.91053128      -1.1032180    
   243.59837     -0.70069492     -0.94426107      -1.0469043    
   244.10033     -0.66321653     -0.95593011     -0.97915673    
   244.60223     -0.62798148     -0.95076132     -0.91339737    
   245.10413     -0.59711283     -0.93156707     -0.85511166    
   245.60597     -0.57149804     -0.89720237     -0.81021094    
   246.10780     -0.54745018     -0.84873831     -0.78164256    
   246.60963     -0.52086294     -0.79017544     -0.77510571    
   247.11147     -0.49173307     -0.72502720     -0.79310650    
   247.61331     -0.45601654     -0.65602458     -0.83614135    
   248.11520     -0.41307527     -0.58221895     -0.89999938    
   248.61711     -0.36516362     -0.50580609     -0.97717714    
   249.11906     -0.31699097     -0.43023363      -1.0579681    
   249.62108     -0.27732953     -0.35674804      -1.1304669    
   250.12315     -0.25281674     -0.28803903      -1.1827078    
