  0.12474632      5.45951395E-10  3.30149685E-10 -3.47824200E-12
  0.50017345      5.53841140E-10  3.61951774E-10 -5.43619663E-12
   1.0007112      5.66449776E-10  4.05793898E-10 -1.06166673E-11
   1.5011811      5.83492255E-10  4.51586823E-10 -1.74563645E-11
   2.0015700      6.06596440E-10  4.99850994E-10 -2.51878345E-11
   2.5018795      6.36055819E-10  5.51261148E-10 -3.54381212E-11
   3.0021112      6.71648237E-10  6.06564243E-10 -5.08625295E-11
   3.5022826      7.14649340E-10  6.66471989E-10 -7.30671079E-11
   4.0024195      7.63507590E-10  7.31829930E-10 -1.05065900E-10
   4.5025353      8.18437151E-10  8.03241806E-10 -1.49271318E-10
   5.0026474      8.80911233E-10  8.81181406E-10 -2.07991929E-10
   5.5027671      9.53294776E-10  9.66200009E-10 -2.83278540E-10
   6.0029030      1.03863029E-09  1.05914510E-09 -3.76753573E-10
   6.5030551      1.14011844E-09  1.16122911E-09 -4.89891350E-10
   7.0032248      1.26118271E-09  1.27390498E-09 -6.23855412E-10
   7.5034132      1.40668832E-09  1.39907030E-09 -7.77476972E-10
   8.0036135      1.58303337E-09  1.53988955E-09 -9.50691748E-10
   8.5038261      1.79485737E-09  1.70130898E-09 -1.14565579E-09
   9.0040474      2.04639949E-09  1.88895699E-09 -1.36546507E-09
   9.5042772      2.34316433E-09  2.10850226E-09 -1.61492764E-09
   10.004511      2.69183431E-09  2.36562414E-09 -1.90010097E-09
   10.504748      3.10034975E-09  2.66612399E-09 -2.22772600E-09
   11.004990      3.57777097E-09  3.01617087E-09 -2.60493338E-09
   11.505231      4.13409218E-09  3.42251671E-09 -3.03922509E-09
   12.005473      4.78023221E-09  3.89267862E-09 -3.53868845E-09
   12.505716      5.52835022E-09  4.43519044E-09 -4.11234957E-09
   13.005962      6.39247144E-09  5.06002706E-09 -4.77057460E-09
   13.506206      7.38927719E-09  5.77920378E-09 -5.52551516E-09
   14.006449      8.53886650E-09  6.60744925E-09 -6.39161568E-09
   14.506693      9.86535298E-09  7.56273444E-09 -7.38612327E-09
   15.006934      1.13972369E-08  8.66661942E-09 -8.52956283E-09
   15.507174      1.31676492E-08  9.94435645E-09 -9.84613546E-09
   16.007412      1.52146793E-08  1.14249126E-08 -1.13640377E-08
   16.507652      1.75818364E-08  1.31410758E-08 -1.31158107E-08
   17.007891      2.03186659E-08  1.51298778E-08 -1.51387507E-08
   17.508127      2.34817019E-08  1.74333561E-08 -1.74755286E-08
   18.008364      2.71357372E-08  2.00995540E-08 -2.01749231E-08
   18.508598      3.13554054E-08  2.31837163E-08 -2.32927562E-08
   19.008829      3.62271280E-08  2.67497953E-08 -2.68931934E-08
   19.509062      4.18511590E-08  3.08720018E-08 -3.10502379E-08
   20.009295      4.83437645E-08  3.56364289E-08 -3.58493715E-08
   20.509525      5.58396245E-08  4.11426484E-08 -4.13893346E-08
   21.009754      6.44944862E-08  4.75056332E-08 -4.77842406E-08
   21.509983      7.44880140E-08  5.48577717E-08 -5.51658630E-08
   22.010208      8.60270220E-08  6.33512727E-08 -6.36863291E-08
   22.510429      9.93497551E-08  7.31613312E-08 -7.35213277E-08
   23.010654      1.14730717E-07  8.44898764E-08 -8.48737614E-08
   23.510880      1.32486463E-07  9.75698526E-08 -9.79777681E-08
   24.011103      1.52982366E-07  1.12670463E-07 -1.13103383E-07
   24.511326      1.76640768E-07  1.30103246E-07 -1.30562313E-07
   25.011547      2.03949440E-07  1.50228459E-07 -1.50714030E-07
   25.511765      2.35471518E-07  1.73462354E-07 -1.73972751E-07
   26.011982      2.71857374E-07  2.00285783E-07 -2.00816515E-07
   26.512199      3.13857385E-07  2.31253480E-07 -2.31796889E-07
   27.012419      3.62336891E-07  2.67005078E-07 -2.67549837E-07
   27.512634      4.18293382E-07  3.08277578E-07 -3.08808950E-07
   28.012852      4.82878249E-07  3.55921344E-07 -3.56421310E-07
   28.513069      5.57419241E-07  4.10916357E-07 -4.11364255E-07
   29.013285      6.43447720E-07  4.74392806E-07 -4.74765102E-07
   29.513498      7.42732254E-07  5.47655361E-07 -5.47925936E-07
   30.013714      8.57313239E-07  6.32209662E-07 -6.32349156E-07
   30.513929      9.89545470E-07  7.29792646E-07 -7.29768544E-07
   31.014143      1.14214629E-06  8.42409463E-07 -8.42184704E-07
   31.514359      1.31825323E-06  9.72375233E-07 -9.71908548E-07
   32.014572      1.52148573E-06  1.12236125E-06 -1.12160478E-06
   32.514786      1.75602031E-06  1.29544981E-06 -1.29434954E-06
   33.014999      2.02667911E-06  1.49520065E-06 -1.49369430E-06
   33.515217      2.33902711E-06  1.72572095E-06 -1.72373598E-06
   34.015430      2.69948077E-06  1.99174769E-06 -1.98920179E-06
   34.515644      3.11545068E-06  2.29875013E-06 -2.29554917E-06
   35.015862      3.59548676E-06  2.65303947E-06 -2.64907453E-06
   35.516075      4.14944952E-06  3.06189418E-06 -3.05704134E-06
   36.016289      4.78872425E-06  3.53371638E-06 -3.52783377E-06
   36.516502      5.52645042E-06  4.07820198E-06 -4.07113066E-06
   37.016720      6.37778703E-06  4.70654140E-06 -4.69809720E-06
   37.516933      7.36022412E-06  5.43163969E-06 -5.42161297E-06
   38.017147      8.49395656E-06  6.26840301E-06 -6.25655002E-06
   38.517368      9.80228288E-06  7.23402627E-06 -7.22006735E-06
   39.017582      1.13120850E-05  8.34834918E-06 -8.33196282E-06
   39.517796      1.30544004E-05  9.63428010E-06 -9.61509068E-06
   40.018013      1.50650467E-05  1.11182544E-05 -1.10958281E-05
   40.518234      1.73853514E-05  1.28307756E-05 -1.28046076E-05
   41.018448      2.00629911E-05  1.48070294E-05 -1.47765386E-05
   41.518665      2.31530139E-05  1.70876428E-05 -1.70521616E-05
   42.018887      2.67189189E-05  1.97194931E-05 -1.96782385E-05
   42.519104      3.08339550E-05  2.27566306E-05 -2.27087221E-05
   43.019321      3.55827178E-05  2.62615031E-05 -2.62059002E-05
   43.519543      4.10628090E-05  3.03061388E-05 -3.02416411E-05
   44.019764      4.73868131E-05  3.49736365E-05 -3.48988469E-05
   44.519993      5.46847004E-05  4.03599261E-05 -4.02731966E-05
   45.020214      6.31064322E-05  4.65757075E-05 -4.64751247E-05
   45.520435      7.28250088E-05  5.37486703E-05 -5.36319858E-05
   46.020664      8.40400753E-05  6.20261708E-05 -6.18907652E-05
   46.520893      9.69821413E-05  7.15783681E-05 -7.14211492E-05
   47.021122      1.11917048E-04  8.26014948E-05 -8.24188173E-05
   47.521351      1.29151507E-04  9.53219132E-05 -9.51094553E-05
   48.021580      1.49039523E-04  1.10001012E-04 -1.09753702E-04
   48.521816      1.71989610E-04  1.26940315E-04 -1.26652129E-04
   49.022049      1.98472771E-04  1.46487582E-04 -1.46151317E-04
   49.522278      2.29032885E-04  1.69044230E-04 -1.68651386E-04
   50.022514      2.64297356E-04  1.95073590E-04 -1.94613938E-04
   50.522751      3.04989924E-04  2.25109921E-04 -2.24571239E-04
   51.022991      3.51945404E-04  2.59769615E-04 -2.59137276E-04
   51.523232      4.06127336E-04  2.99764128E-04 -2.99020438E-04
   52.023468      4.68647049E-04  3.45914101E-04 -3.45037697E-04
   52.523712      5.40785899E-04  3.99165874E-04 -3.98130942E-04
   53.023956      6.24023261E-04  4.60611831E-04 -4.59387054E-04
   53.524204      7.20065320E-04  5.31512196E-04 -5.30059333E-04
   54.024452      8.30879086E-04  6.13319804E-04 -6.11592201E-04
   54.524696      9.58734192E-04  7.07711326E-04 -7.05651706E-04
   55.024948      1.10624859E-03  8.16620770E-04 -8.14159284E-04
   55.525200      1.27643999E-03  9.42278071E-04 -9.39328573E-04
   56.025455      1.47278933E-03  1.08725554E-03 -1.08371209E-03
   56.525711      1.69931282E-03  1.25452131E-03 -1.25025306E-03
   57.025970      1.96064031E-03  1.44749752E-03 -1.44234276E-03
   57.526230      2.26210849E-03  1.67012913E-03 -1.66388764E-03
   58.026489      2.60987296E-03  1.92696904E-03 -1.91939226E-03
   58.526756      3.01103038E-03  2.22326559E-03 -2.21404550E-03
   59.027020      3.47376103E-03  2.56506959E-03 -2.55382247E-03
   59.527283      4.00749827E-03  2.95936223E-03 -2.94560939E-03
   60.027550      4.62311786E-03  3.41419270E-03 -3.39733902E-03
   60.527817      5.33315493E-03  3.93884350E-03 -3.91814392E-03
   61.028088      6.15205523E-03  4.54401365E-03 -4.51853778E-03
   61.528358      7.09647778E-03  5.24204597E-03 -5.21062920E-03
   62.028625      8.18562042E-03  6.04717620E-03 -6.00835355E-03
   62.528889      9.44160204E-03  6.97580352E-03 -6.92774449E-03
   63.029144      1.08899251E-02  8.04685522E-03 -7.98725337E-03
   63.529388      1.25599746E-02  9.28215310E-03 -9.20810550E-03
   64.029610      1.44856032E-02  1.07068513E-02 -1.06146988E-02
   64.529793      1.67057775E-02  1.23499334E-02 -1.22350520E-02
   65.029915      1.92653853E-02  1.42448079E-02 -1.41013572E-02
   65.529961      2.22160593E-02  1.64299514E-02 -1.62505303E-02
   66.029884      2.56171785E-02  1.89496689E-02 -1.87248886E-02
   66.529579      2.95365453E-02  2.18546148E-02 -2.15725489E-02
   67.028946      3.40520367E-02  2.52030622E-02 -2.48485245E-02
   67.527985      3.92538458E-02  2.90625766E-02 -2.86162905E-02
   68.026711      4.52461652E-02  3.35113555E-02 -3.29488143E-02
   68.525154      5.21494523E-02  3.86399329E-02 -3.79298292E-02
   69.023308      6.01021349E-02  4.45525795E-02 -4.36548926E-02
   69.521164      6.92634135E-02  5.13700768E-02 -5.02334759E-02
   70.018753      7.98177719E-02  5.92302978E-02 -5.77896088E-02
   70.516083      9.19794738E-02  6.82905838E-02 -6.64637014E-02
   71.013168      0.10599051      7.87373632E-02 -7.64181986E-02
   71.510017      0.12211915      9.07914639E-02 -8.78432468E-02
   72.006645      0.14067645      0.10470986     -0.10095610    
   72.503052      0.16203450      0.12078238     -0.11599417    
   73.123268      0.19336471      0.14440623     -0.13789317    
   73.619247      0.22280391      0.16660781     -0.15824795    
   74.115067      0.25682715      0.19226187     -0.18149050    
   74.610741      0.29617500      0.22196144     -0.20802182    
   75.106293      0.34169057      0.25642627     -0.23830228    
   75.601738      0.39434564      0.29650840     -0.27283549    
   76.097084      0.45526442      0.34320199     -0.31213969    
   76.592346      0.52577186      0.39763206     -0.35671759    
   77.087570      0.60741419      0.46105796     -0.40702999    
   77.582710      0.70187080      0.53498209     -0.46338952    
   78.077805      0.81089103      0.62095618     -0.52602482    
   78.572929      0.93696141      0.72060215     -0.59452611    
   79.068001       1.0818362      0.83616948     -0.66910207    
   79.563103       1.2459329      0.96980071     -0.75136918    
   80.058319       1.4275147       1.1213914     -0.84358716    
   80.553558       1.6226300       1.2892762     -0.94778132    
   81.048828       1.8292826       1.4729756      -1.0614327    
   81.544167       2.0511947       1.6757568      -1.1758395    
   82.039604       2.2926803       1.8999331      -1.2779620    
   82.535164       2.5517139       2.1410253      -1.3524879    
   83.030861       2.8144245       2.3877852      -1.3832031    
   83.526726       3.0766323       2.6249068      -1.3666990    
   84.022781       3.3253484       2.8355596      -1.2999253    
   84.519058       3.5402296       3.0083895      -1.1943942    
   85.015579       3.7080829       3.1394019      -1.0605813    
   85.512390       3.8211129       3.2340014     -0.89909959    
   86.009499       3.9036217       3.2950425     -0.71099383    
   86.506836       3.9668691       3.3523264     -0.49874216    
   87.004471       4.0223808       3.4109645     -0.24800457    
   87.502487       4.0450993       3.4526110      2.32977811E-02
   88.000862       4.0186262       3.4649999      0.28764415    
   88.624283       3.9145684       3.4490941      0.59567964    
   89.045319       3.8073475       3.4095430      0.78810924    
   89.540131       3.6430628       3.3210189      0.99767214    
   90.040138       3.4431138       3.2236977       1.1919693    
   90.540535       3.2087526       3.0973725       1.3622200    
   91.040962       2.9526601       2.9463429       1.5131691    
   91.541405       2.6792419       2.7748177       1.6442251    
   92.041847       2.3896732       2.5903409       1.7478892    
   92.542297       2.0938406       2.4015746       1.8249466    
   93.042755       1.7846823       2.2094297       1.8613058    
   93.543213       1.4697701       2.0182693       1.8561060    
   94.043671       1.1621971       1.8316314       1.8255662    
   94.544128      0.87358481       1.6535022       1.7795553    
   95.039368      0.61048424       1.4808613       1.7274774    
   95.539825      0.36165118       1.3067940       1.6664190    
   96.040291      0.12442267       1.1249076       1.5959263    
   96.540764     -0.10007193      0.93765670       1.5152388    
   97.041245     -0.31488186      0.74618661       1.4177873    
   97.541733     -0.52826399      0.55401641       1.2910136    
   98.042221     -0.73230803      0.36978278       1.1439273    
   98.542709     -0.90695846      0.19265498      0.99527240    
   99.043198      -1.0375072      2.88625378E-02  0.85840189    
   99.543686      -1.1211059     -0.11482792      0.74007475    
   100.04419      -1.1703703     -0.23809916      0.63601923    
   100.54469      -1.2040126     -0.34288394      0.53783011    
   101.04521      -1.2352185     -0.42361534      0.44147402    
   101.54573      -1.2784699     -0.47302601      0.34647757    
   102.04625      -1.3184891     -0.49570054      0.25467893    
   102.54677      -1.3422415     -0.49687058      0.17427005    
   103.04729      -1.3499138     -0.48361015      0.10598519    
   103.54781      -1.3476681     -0.46170917      4.35227826E-02
   104.04832      -1.3311062     -0.43403769     -1.75911263E-02
   104.54886      -1.3041685     -0.40451071     -7.65235350E-02
   105.04939      -1.2687242     -0.37462950     -0.13399206    
   105.54993      -1.2262108     -0.34329337     -0.18589190    
   106.05048      -1.1761892     -0.31143540     -0.22585261    
   106.55103      -1.1167061     -0.28283080     -0.25306123    
   107.05158      -1.0501457     -0.26166892     -0.27006137    
   107.55213     -0.97855443     -0.25082970     -0.28105849    
   108.05269     -0.90328056     -0.24802151     -0.28818831    
   108.55325     -0.82856059     -0.24669491     -0.29227379    
   109.05383     -0.75833392     -0.24327302     -0.29251227    
   109.55441     -0.69312084     -0.23278347     -0.28856289    
   110.05499     -0.63657582     -0.21050560     -0.28101626    
   110.55556     -0.59230745     -0.17255512     -0.26500878    
   111.05614     -0.56298649     -0.12043364     -0.23604281    
   111.55673     -0.53894800     -6.11408576E-02 -0.18917248    
   112.05731     -0.50696021      4.54784371E-03 -0.12544990    
   112.55789     -0.46777481      6.94310740E-02 -5.48313446E-02
   113.05849     -0.42646420      0.12258942      1.37127442E-02
   113.55910     -0.38540781      0.15646979      6.94277212E-02
   114.05971     -0.35158914      0.16835727      0.10142449    
   114.56032     -0.32090321      0.16740581      0.11373145    
   115.06093     -0.28955930      0.15481524      0.11713221    
   115.56154     -0.25389934      0.13450071      0.11627956    
   116.06215     -0.21738291      0.11679602      0.11432707    
   116.56277     -0.18044448      0.10761329      0.11292571    
   117.06341     -0.14785410      0.10606184      0.11588229    
   117.56405     -0.12161703      0.10688071      0.12495680    
   118.06469     -0.10169049      0.10784625      0.13876691    
   118.56533     -8.48515853E-02  0.10779724      0.15542822    
   119.06597     -7.10527375E-02  0.10704079      0.17302120    
   119.56661     -6.18554093E-02  0.10597411      0.18824770    
   120.06727     -5.78725487E-02  0.10526826      0.19925083    
   120.56793     -5.72839081E-02  0.10544784      0.20769110    
   121.06860     -5.74594699E-02  0.10729584      0.21621594    
   121.56927     -5.69843128E-02  0.11026821      0.22940147    
   122.06933     -5.57252094E-02  0.11506263      0.24798986    
   122.53907     -5.50218970E-02  0.12273178      0.26774198    
   123.00376     -5.71234226E-02  0.13388340      0.28672522    
   123.50124     -6.11264333E-02  0.14860860      0.30306500    
   124.00192     -6.47588223E-02  0.16436236      0.31440109    
   124.50262     -6.54295459E-02  0.17859668      0.32146081    
   125.00332     -6.31324649E-02  0.18958630      0.32553238    
   125.50402     -6.17994070E-02  0.19672693      0.32878706    
   126.00472     -6.42296672E-02  0.19948611      0.33182889    
   126.50542     -7.11456761E-02  0.19939615      0.33433485    
   127.00613     -8.30862075E-02  0.19660990      0.33573931    
   127.50685     -9.80451405E-02  0.18936692      0.33623198    
   128.00757     -0.11413096      0.17792872      0.33688971    
   128.50830     -0.12789574      0.16407393      0.33813381    
   129.00903     -0.13751204      0.15028645      0.33938247    
   129.50977     -0.14284071      0.13821083      0.33988041    
   130.01050     -0.14466582      0.12839578      0.34017986    
   130.51123     -0.14445558      0.12021395      0.34052116    
   131.01196     -0.14498428      0.11316738      0.34116909    
   131.51270     -0.14749394      0.10484333      0.34281242    
   132.01347     -0.15133709      9.17086452E-02  0.34474096    
   132.51427     -0.15772459      7.40089864E-02  0.34625214    
   133.01506     -0.16579795      5.25463112E-02  0.34636292    
   133.51585     -0.17475617      2.91299075E-02  0.34272572    
   134.01665     -0.18225254      5.50775975E-03  0.33539599    
   134.51747     -0.18650228     -1.73882749E-02  0.32502776    
   135.01833     -0.18688309     -3.79837528E-02  0.31297743    
   135.51918     -0.18397531     -5.42116165E-02  0.30112681    
   136.02010     -0.17811221     -6.45920485E-02  0.29098254    
   136.52103     -0.16930868     -6.92541450E-02  0.28303367    
   137.02202     -0.15937354     -6.92419782E-02  0.27600220    
   137.52307     -0.14972912     -6.64485469E-02  0.26928994    
   138.02422     -0.14176062     -6.37530163E-02  0.26349545    
   138.52547     -0.13454023     -6.19967803E-02  0.25855291    
   139.02687     -0.12603426     -6.04483038E-02  0.25444987    
   139.52849     -0.11530094     -5.89148849E-02  0.25224406    
   140.03035     -0.10228731     -5.72349280E-02  0.25088304    
   140.53252     -8.61679614E-02 -5.52376695E-02  0.24963170    
   141.03510     -6.69172183E-02 -5.30275553E-02  0.24819306    
   141.53821     -4.50431332E-02 -5.12842759E-02  0.24621780    
   142.04198     -2.17228383E-02 -5.16528934E-02  0.24340069    
   142.54659      2.32257601E-03 -5.50905317E-02  0.23801897    
   143.05222      2.79641636E-02 -6.32558316E-02  0.23076864    
   143.55908      5.45169264E-02 -7.66534582E-02  0.22268194    
   144.06729      8.18610117E-02 -9.52099115E-02  0.21417756    
   144.57579      0.11002489     -0.11878034      0.20556305    
   145.08437      0.13905588     -0.14774600      0.19699793    
   145.59303      0.16912785     -0.18201376      0.18862298    
   146.10185      0.20084800     -0.22145411      0.18089202    
   146.61092      0.23592891     -0.26593900      0.17491670    
   147.12025      0.27406454     -0.31442004      0.17180610    
   147.50250      0.30395553     -0.35347915      0.17148148    
   148.01257      0.34495202     -0.40894917      0.17256369    
   148.52324      0.38670522     -0.46544248      0.17617881    
   149.03464      0.42867240     -0.52367520      0.18128641    
   149.54691      0.47186649     -0.58396226      0.18588732    
   150.05919      0.51726782     -0.64726496      0.19035375    
   150.56963      0.56571257     -0.71471018      0.19585946    
   151.07835      0.61730969     -0.78657836      0.20337155    
   151.58562      0.67028660     -0.86162603      0.21298561    
   152.09164      0.72149944     -0.93742198      0.22514480    
   152.59665      0.76849735      -1.0105617      0.24104133    
   153.10083      0.80942595      -1.0784202      0.26188284    
   153.60432      0.84235078      -1.1394767      0.28786570    
   154.10732      0.86763108      -1.1932526      0.32014617    
   154.60988      0.88710320      -1.2398100      0.36027622    
   155.11212      0.90167940      -1.2809260      0.40841487    
   155.61412      0.90668476      -1.3127930      0.46252790    
   156.11594      0.89565003      -1.3326255      0.51820648    
   156.61758      0.86587262      -1.3330908      0.57013094    
   157.11911      0.81244117      -1.3100568      0.61460954    
   157.62054      0.73784173      -1.2645789      0.65211612    
   158.12190      0.64781839      -1.2012776      0.68192559    
   158.62315      0.55142915      -1.1257571      0.70384049    
   159.12434      0.45052654      -1.0392220      0.72041500    
   159.50018      0.36748263     -0.96968210      0.72812295    
   160.00125      0.25265625     -0.87553722      0.73209405    
   160.50226      0.14214034     -0.78507602      0.72985190    
   161.00322      3.58927771E-02 -0.70126045      0.72120422    
   161.50414     -6.58884197E-02 -0.62327981      0.70322597    
   162.00505     -0.16186345     -0.54984367      0.67647326    
   162.50597     -0.25315413     -0.47702083      0.63945556    
   163.00688     -0.33998966     -0.40228695      0.59308940    
   163.50781     -0.42319685     -0.32722828      0.54062104    
   164.00880     -0.49871278     -0.25401619      0.48312321    
   164.50987     -0.55970263     -0.18712074      0.42291677    
   165.01100     -0.60659093     -0.12970576      0.36363336    
   165.51222     -0.64306462     -8.43616799E-02  0.30928105    
   166.01353     -0.67042893     -5.21056764E-02  0.26128510    
   166.51494     -0.69116765     -3.10037527E-02  0.21835157    
   167.01643     -0.70726383     -1.90652572E-02  0.17896776    
   167.51804     -0.72010326     -1.46387247E-02  0.14276846    
   168.01971     -0.72997826     -1.73055679E-02  0.11024696    
   168.52147     -0.73600280     -2.65828129E-02  8.10594112E-02
   169.02332     -0.73720509     -3.99869047E-02  5.36640435E-02
   169.52524     -0.73209929     -5.54105341E-02  2.64579188E-02
   170.02724     -0.72005528     -7.23186731E-02 -6.27988949E-04
   170.52933     -0.70418948     -9.12312493E-02 -2.86546033E-02
   171.03151     -0.68694377     -0.11298713     -5.81447892E-02
   171.53380     -0.66607487     -0.13892058     -8.78841430E-02
   172.03621     -0.63996077     -0.17081682     -0.11597278    
   172.53874     -0.60812318     -0.20979932     -0.14116479    
   173.04137     -0.56724715     -0.25684857     -0.16339912    
   173.54411     -0.51537728     -0.31214941     -0.18300764    
   174.04697     -0.45392960     -0.37552035     -0.19946441    
   174.54990     -0.38610506     -0.44324967     -0.21388258    
   175.05286     -0.31534448     -0.51087821     -0.22668707    
   175.55582     -0.24384710     -0.57412231     -0.23829257    
   176.05876     -0.17263198     -0.63034010     -0.24903178    
   176.56174     -0.10235668     -0.67885888     -0.25739387    
   177.06473     -3.36970314E-02 -0.72140539     -0.26095527    
   177.56772      3.34351733E-02 -0.76004529     -0.25847638    
   178.07071      0.10039199     -0.79715729     -0.24998616    
   178.57372      0.16711649     -0.83455223     -0.23336206    
   179.07677      0.23604016     -0.87468457     -0.20689754    
   179.57982      0.30737978     -0.91876560     -0.17172554    
   180.08287      0.37801135     -0.96322006     -0.13143034    
   180.58591      0.43886614      -1.0008934     -9.21171904E-02
   181.08884      0.48694542      -1.0251707     -5.58276549E-02
   181.59164      0.51960337      -1.0365973     -2.40078792E-02
   182.09433      0.54295349      -1.0451875      6.35681534E-03
   182.59689      0.56334627      -1.0542244      3.88830528E-02
   183.09933      0.58098662      -1.0638416      7.47429803E-02
   183.60165      0.59291273      -1.0712440      0.11311279    
   184.10385      0.59784663      -1.0756609      0.15055028    
   184.60594      0.59092641      -1.0706369      0.18572837    
   185.10793      0.56971312      -1.0534940      0.21935079    
   185.60979      0.53688180      -1.0264266      0.25285402    
   186.11154      0.50314540     -0.99022424      0.28746656    
   186.61319      0.46787542     -0.94296318      0.31937456    
   187.11472      0.42711210     -0.88476956      0.34706920    
   187.61613      0.37597796     -0.82086354      0.36902192    
   188.11745      0.31368595     -0.75720125      0.38546526    
   188.61864      0.24813898     -0.69795430      0.39860338    
   189.11975      0.18111736     -0.64776951      0.40827042    
   189.62079      0.11230188     -0.60651952      0.41273814    
   190.12178      4.18453440E-02 -0.57257324      0.41011781    
   190.62273     -2.80470327E-02 -0.54428202      0.39959398    
   191.12364     -9.56238434E-02 -0.51999366      0.38123351    
   191.62459     -0.15615472     -0.49536318      0.35464251    
   192.00032     -0.19719251     -0.47670287      0.32875696    
   192.50125     -0.24501210     -0.45199153      0.28751841    
   193.00195     -0.28650653     -0.42970175      0.24165651    
   193.50240     -0.32363227     -0.41186583      0.19406095    
   194.00258     -0.35166726     -0.39736271      0.14699529    
   194.50249     -0.36574611     -0.38830268      0.10068904    
   195.00221     -0.36479968     -0.38338363      5.79942837E-02
   195.50171     -0.35244966     -0.38084751      2.23644860E-02
   196.00102     -0.33366269     -0.38246897     -7.66348094E-03
   196.50015     -0.31334120     -0.39069319     -3.50834355E-02
   197.12386     -0.28840399     -0.41112089     -6.77514970E-02
   197.62267     -0.27001515     -0.43454483     -9.24272910E-02
   198.12132     -0.25282207     -0.46239984     -0.11492220    
   198.61986     -0.23620807     -0.49329764     -0.13523585    
   199.11827     -0.21713357     -0.52537680     -0.15304725    
   199.61659     -0.19147280     -0.55780584     -0.16612376    
   200.11484     -0.15937798     -0.59163082     -0.17261556    
   200.58238     -0.12349252     -0.62709433     -0.17411719    
   201.00679     -8.57449025E-02 -0.66281009     -0.16731690    
   201.50644     -3.38457040E-02 -0.70897746     -0.15441783    
   202.06941      2.63714027E-02 -0.76542938     -0.14127767    
   202.55412      6.90151304E-02 -0.81557733     -0.13628024    
   203.03870      0.10408300     -0.86338580     -0.13661532    
   203.53093      0.13500938     -0.90755618     -0.14398760    
   204.00098      0.16288444     -0.94497198     -0.15761058    
   204.54810      0.19770619     -0.98334110     -0.17546074    
   205.04132      0.23522189      -1.0131218     -0.18914816    
   205.50838      0.27617422      -1.0370104     -0.19923188    
   206.06245      0.33017996      -1.0612166     -0.20952348    
   206.52745      0.37862325      -1.0795312     -0.21885517    
   207.03033      0.43295351      -1.0976958     -0.23179954    
   207.57266      0.49467260      -1.1181831     -0.25158978    
   208.03464      0.55099809      -1.1369818     -0.27263191    
   208.50595      0.61370558      -1.1591163     -0.29795596    
   209.07971      0.69936574      -1.1933086     -0.33461225    
   209.56139      0.78108984      -1.2284807     -0.37096566    
   210.04755      0.87192428      -1.2693706     -0.41531140    
   210.54678      0.97267377      -1.3171844     -0.47120774    
   211.09796       1.0943241      -1.3793879     -0.54259229    
   211.55264       1.2055596      -1.4406210     -0.60454851    
   212.02397       1.3337271      -1.5148845     -0.66632301    
   212.50615       1.4803694      -1.6029532     -0.72213322    
   213.12065       1.6902928      -1.7345327     -0.77848047    
   213.61757       1.8748169      -1.8574688     -0.81316316    
   214.11427       2.0648036      -1.9937092     -0.83985078    
   214.61079       2.2523642      -2.1395512     -0.85719442    
   215.10715       2.4355421      -2.2907100     -0.85914439    
   215.60338       2.6118762      -2.4395547     -0.84397733    
   216.09950       2.7793221      -2.5783811     -0.81213528    
   216.59558       2.9311266      -2.7022281     -0.76219773    
   217.09161       3.0695071      -2.8050146     -0.69287336    
   217.58765       3.1947038      -2.8839715     -0.60277504    
   218.08374       3.3050265      -2.9408655     -0.49276176    
   218.57986       3.3958366      -2.9751740     -0.36621067    
   219.07602       3.4570389      -2.9901397     -0.22614062    
   219.57225       3.4903650      -2.9903495     -7.08352104E-02
   220.06856       3.5095892      -2.9773400      9.59641486E-02
   220.56499       3.5058007      -2.9549568      0.26541802    
   221.06155       3.4797039      -2.9213552      0.43806267    
   221.55826       3.4381361      -2.8795962      0.61220551    
   222.05516       3.3792331      -2.8308687      0.78422040    
   222.55226       3.2974443      -2.7743609      0.94471318    
   223.04961       3.1841362      -2.7090478       1.0861766    
   223.54720       3.0415976      -2.6340230       1.2118895    
   224.04503       2.8681335      -2.5496216       1.3169898    
   224.54312       2.6703560      -2.4586163       1.3988276    
   225.04147       2.4584312      -2.3697288       1.4591058    
   225.54005       2.2424424      -2.2870436       1.5015485    
   226.03886       2.0242474      -2.2121732       1.5199618    
   226.53792       1.7991886      -2.1417100       1.5086734    
   227.03716       1.5713537      -2.0768387       1.4680464    
   227.53664       1.3502557      -2.0216599       1.4065363    
   228.03636       1.1391141      -1.9692705       1.3366909    
   228.53633      0.93886256      -1.9080772       1.2592323    
   229.03659      0.75445640      -1.8366215       1.1740052    
   229.53712      0.58656400      -1.7547061       1.0758619    
   230.03799      0.43783951      -1.6663122      0.96810913    
   230.53918      0.31034797      -1.5730891      0.85527724    
   231.04065      0.20218992      -1.4763058      0.74124098    
   231.54227      0.11162459      -1.3797985      0.63004827    
   232.04404      3.19780037E-02  -1.2884879      0.52387941    
   232.54596     -4.00282294E-02  -1.2084343      0.42383447    
   233.04802     -0.10551325      -1.1397525      0.33007920    
   233.55022     -0.17419881      -1.0824562      0.24293864    
   234.05257     -0.24193656      -1.0372192      0.16974302    
   234.55495     -0.30179924      -1.0033441      0.11669572    
   235.05734     -0.34518883     -0.97723687      8.71935412E-02
   235.55978     -0.37397885     -0.95306206      6.79981634E-02
   236.06227     -0.39493677     -0.92753041      5.31375892E-02
   236.56482     -0.40144441     -0.89097649      4.25304174E-02
   237.06743     -0.39137307     -0.84264308      3.52823436E-02
   237.57011     -0.37013251     -0.78196508      2.72730328E-02
   238.07285     -0.33866695     -0.71464312      1.70473047E-02
   238.57558     -0.30269852     -0.65236473      8.39490630E-03
   239.07823     -0.27630731     -0.60325611     -1.49734318E-04
   239.58076     -0.26202589     -0.57758892     -7.34661520E-03
   240.08319     -0.26456755     -0.56559825     -1.21635189E-02
   240.58554     -0.27448022     -0.56606394     -1.92468930E-02
   241.08781     -0.28755218     -0.57336605     -2.58630887E-02
   241.59003     -0.29428166     -0.58050996     -3.11921518E-02
   242.09218     -0.29224014     -0.58071005     -3.59675921E-02
   242.59428     -0.28605384     -0.57535857     -4.00813483E-02
   243.09636     -0.27344272     -0.56675982     -4.25087549E-02
   243.59837     -0.25595233     -0.55396020     -4.06337008E-02
   244.10033     -0.23671953     -0.54211509     -3.00941058E-02
   244.60223     -0.21895707     -0.53863227     -6.56129047E-03
   245.10413     -0.20440330     -0.54701281      3.03550847E-02
   245.60597     -0.19811541     -0.56879425      7.66763538E-02
   246.10780     -0.20302083     -0.60156190      0.12910426    
   246.60963     -0.22036090     -0.63972282      0.18243554    
   247.11147     -0.24660274     -0.67566371      0.23149638    
   247.61331     -0.27993947     -0.70112586      0.27378175    
   248.11520     -0.31938303     -0.71308571      0.31192589    
   248.61711     -0.35751337     -0.71492046      0.34944764    
   249.11906     -0.39049482     -0.71139669      0.38958552    
   249.62108     -0.41826284     -0.70709366      0.43253684    
   250.12315     -0.44178593     -0.70639968      0.47560760    
