  0.12474632      3.10918082E-08  1.87131750E-08 -2.55142630E-12
  0.50017345      3.33095720E-08  2.05914930E-08 -4.23585255E-12
   1.0007112      3.68386885E-08  2.30445227E-08 -1.13389922E-11
   1.5011811      4.12132692E-08  2.54584478E-08 -3.01137865E-11
   2.0015700      4.64690437E-08  2.81368262E-08 -6.38243902E-11
   2.5018795      5.25523554E-08  3.16508419E-08 -1.16924220E-10
   3.0021112      5.94985394E-08  3.63389425E-08 -1.90988989E-10
   3.5022826      6.74348613E-08  4.24279776E-08 -2.84059914E-10
   4.0024195      7.65222410E-08  5.02213346E-08 -3.89520305E-10
   4.5025353      8.70094539E-08  6.00316525E-08 -4.99510877E-10
   5.0026474      9.92627491E-08  7.21673814E-08 -6.11006856E-10
   5.5027671      1.13748165E-07  8.69341932E-08 -7.23109073E-10
   6.0029030      1.31013863E-07  1.04646986E-07 -8.64144589E-10
   6.5030551      1.51647669E-07  1.25649919E-07 -1.08391041E-09
   7.0032248      1.76262120E-07  1.50331402E-07 -1.41998058E-09
   7.5034132      2.05496434E-07  1.79130495E-07 -1.86075444E-09
   8.0036135      2.40027134E-07  2.12533976E-07 -2.39143616E-09
   8.5038261      2.80587273E-07  2.51070190E-07 -2.99555536E-09
   9.0040474      3.27986470E-07  2.95301163E-07 -3.66209973E-09
   9.5042772      3.83130867E-07  3.45824816E-07 -4.38423076E-09
   10.004511      4.47045068E-07  4.03291324E-07 -5.15920551E-09
   10.504748      5.20901153E-07  4.68438401E-07 -5.98877392E-09
   11.004990      6.06054414E-07  5.42141947E-07 -6.88254698E-09
   11.505231      7.04085892E-07  6.25475877E-07 -7.85778198E-09
   12.005473      8.16851809E-07  7.19778313E-07 -8.94408014E-09
   12.505716      9.46534044E-07  8.26717837E-07 -1.01764552E-08
   13.005962      1.09568691E-06  9.48360821E-07 -1.15846044E-08
   13.506206      1.26728673E-06  1.08723179E-06 -1.31952635E-08
   14.006449      1.46478897E-06  1.24636995E-06 -1.50339083E-08
   14.506693      1.69218413E-06  1.42937370E-06 -1.71232077E-08
   15.006934      1.95406187E-06  1.64043990E-06 -1.94817673E-08
   15.507174      2.25569170E-06  1.88440174E-06 -2.21295817E-08
   16.007412      2.60313163E-06  2.16677108E-06 -2.50956731E-08
   16.507652      3.00335114E-06  2.49379468E-06 -2.84218729E-08
   17.007891      3.46437787E-06  2.87254556E-06 -3.22009583E-08
   17.508127      3.99550618E-06  3.31106617E-06 -3.65643977E-08
   18.008364      4.60753063E-06  3.81854397E-06 -4.16678461E-08
   18.508598      5.31301930E-06  4.40553640E-06 -4.76845514E-08
   19.008829      6.12661370E-06  5.08423636E-06 -5.48096146E-08
   19.509062      7.06533956E-06  5.86874921E-06 -6.32634212E-08
   20.009295      8.14890154E-06  6.77534854E-06 -7.32922132E-08
   20.509525      9.39999063E-06  7.82274947E-06 -8.51458708E-08
   21.009754      1.08446593E-05  9.03244018E-06 -9.90694744E-08
   21.509983      1.25127426E-05  1.04290484E-05 -1.15292174E-07
   22.010208      1.44384203E-05  1.20408286E-05 -1.34070518E-07
   22.510429      1.66610043E-05  1.39003405E-05 -1.55699794E-07
   23.010654      1.92258849E-05  1.60452491E-05 -1.80526840E-07
   23.510880      2.21855771E-05  1.85191948E-05 -2.08960927E-07
   24.011103      2.56009207E-05  2.13728035E-05 -2.41500345E-07
   24.511326      2.95423815E-05  2.46647869E-05 -2.78754328E-07
   25.011547      3.40913721E-05  2.84630169E-05 -3.21460448E-07
   25.511765      3.93417431E-05  3.28458191E-05 -3.70482638E-07
   26.011982      4.54016190E-05  3.79035191E-05 -4.26901266E-07
   26.512199      5.23954659E-05  4.37401723E-05 -4.91976834E-07
   27.012419      6.04666602E-05  5.04757518E-05 -5.67133384E-07
   27.512634      6.97805444E-05  5.82486100E-05 -6.53955340E-07
   28.012852      8.05281670E-05  6.72185197E-05 -7.54262260E-07
   28.513069      9.29301459E-05  7.75698645E-05 -8.70097722E-07
   29.013285      1.07241314E-04  8.95154080E-05 -1.00388581E-06
   29.513498      1.23756094E-04  1.03300845E-04 -1.15837702E-06
   30.013714      1.42814300E-04  1.19209530E-04 -1.33675735E-06
   30.513929      1.64807803E-04  1.37568248E-04 -1.54274744E-06
   31.014143      1.90188730E-04  1.58754105E-04 -1.78064465E-06
   31.514359      2.19478708E-04  1.83202108E-04 -2.05538572E-06
   32.014572      2.53279373E-04  2.11414386E-04 -2.37260952E-06
   32.514786      2.92284938E-04  2.43969989E-04 -2.73877208E-06
   33.014999      3.37296806E-04  2.81537592E-04 -3.16135470E-06
   33.515217      3.89239751E-04  3.24888650E-04 -3.64892048E-06
   34.015430      4.49180428E-04  3.74912692E-04 -4.21138111E-06
   34.515644      5.18350163E-04  4.32636385E-04 -4.86011959E-06
   35.015862      5.98169398E-04  4.99244139E-04 -5.60833814E-06
   35.516075      6.90276793E-04  5.76101418E-04 -6.47134402E-06
   36.016289      7.96562992E-04  6.64784224E-04 -7.46686919E-06
   36.516502      9.19210201E-04  7.67110381E-04 -8.61542685E-06
   37.016720      1.06073532E-03  8.85177229E-04 -9.94036054E-06
   37.516933      1.22404110E-03  1.02140161E-03 -1.14689801E-05
   38.017147      1.41247816E-03  1.17857289E-03 -1.32326513E-05
   38.517368      1.62991090E-03  1.35990756E-03 -1.52673128E-05
   39.017582      1.88079569E-03  1.56911160E-03 -1.76144295E-05
   39.517796      2.17027543E-03  1.81046105E-03 -2.03220443E-05
   40.018013      2.50428100E-03  2.08888552E-03 -2.34452345E-05
   40.518234      2.88965320E-03  2.41006468E-03 -2.70476194E-05
   41.018448      3.33427964E-03  2.78054480E-03 -3.12021511E-05
   41.518665      3.84726096E-03  3.20787402E-03 -3.59927362E-05
   42.018887      4.43908758E-03  3.70074529E-03 -4.15158574E-05
   42.519104      5.12185460E-03  4.26916964E-03 -4.78830843E-05
   43.019321      5.90951741E-03  4.92469128E-03 -5.52237543E-05
   43.519543      6.81816321E-03  5.68059599E-03 -6.36846380E-05
   44.019764      7.86633138E-03  6.55218028E-03 -7.34348796E-05
   44.519993      9.07539949E-03  7.55705452E-03 -8.46685361E-05
   45.020214      1.04700215E-02  8.71549454E-03 -9.76101437E-05
   45.520435      1.20785981E-02  1.00508165E-02 -1.12516303E-04
   46.020664      1.39338747E-02  1.15898494E-02 -1.29680207E-04
   46.520893      1.60736050E-02  1.33634545E-02 -1.49443222E-04
   47.021122      1.85412969E-02  1.54071087E-02 -1.72187923E-04
   47.521351      2.13870741E-02  1.77615583E-02 -1.98356633E-04
   48.021580      2.46687420E-02  2.04736441E-02 -2.28456192E-04
   48.521816      2.84528974E-02  2.35971287E-02 -2.63061811E-04
   49.022049      3.28162536E-02  2.71937046E-02 -3.02818196E-04
   49.522278      3.78472842E-02  3.13341469E-02 -3.48450238E-04
   50.022514      4.36479822E-02  3.60995978E-02 -4.00790508E-04
   50.522751      5.03357686E-02  4.15831171E-02 -4.60719690E-04
   51.022991      5.80462739E-02  4.78911139E-02 -5.29804209E-04
   51.523232      6.69376552E-02  5.51444069E-02 -6.12738659E-04
   52.023468      7.71938786E-02  6.34792596E-02 -7.14911614E-04
   52.523712      8.90141726E-02  7.30547011E-02 -8.20685935E-04
   53.023956      0.10262733      8.40545893E-02 -9.17529105E-04
   53.524204      0.11831106      9.66816321E-02 -9.95283714E-04
   54.024452      0.13634795      0.11116623     -1.01529597E-03
   54.524696      0.15710224      0.12777425     -9.74102935E-04
   55.024948      0.18098211      0.14680542     -8.81004671E-04
   55.525200      0.20844837      0.16861083     -7.38223549E-04
   56.025455      0.24004255      0.19358622     -5.58477652E-04
   56.525711      0.27645588      0.22216229     -4.16514056E-04
   57.025970      0.31845430      0.25481659     -4.03175713E-04
   57.526230      0.36690313      0.29206312     -5.16868662E-04
   58.026489      0.42287552      0.33443248     -9.26734472E-04
   58.526756      0.48756438      0.38247979     -1.70968962E-03
   59.027020      0.56218773      0.43685824     -2.74007558E-03
   59.527283      0.64813566      0.49816906     -3.88462190E-03
   60.027550      0.74676263      0.56690335     -4.73764306E-03
   60.527817      0.86097717      0.64203745     -4.99103451E-03
   61.028088      0.99268711      0.72536427     -3.24618444E-03
   61.528358       1.1402649      0.82088542      5.89573057E-04
   62.028625       1.2981931      0.93248719      6.99729798E-03
   62.528889       1.4655322       1.0632950      1.30611341E-02
   63.029144       1.6455157       1.2141314      1.48711093E-02
   63.529388       1.8433453       1.3811954      1.04136188E-02
   64.029610       2.0633125       1.5563794      3.58155183E-03
   64.529793       2.3089619       1.7319008     -2.63019232E-03
   65.029915       2.5776560       1.8982854     -6.01900974E-03
   65.529961       2.8689814       2.0404506     -7.81681109E-03
   66.029884       3.1892865       2.1472058     -1.62402969E-02
   66.529579       3.5304394       2.2036564     -2.81516723E-02
   67.028946       3.8832431       2.2426941     -3.32669429E-02
   67.527985       4.1873507       2.2498446     -2.70918030E-02
   68.026711       4.4260583       2.2393146     -9.79418401E-03
   68.525154       4.6201458       2.2013636      8.68210383E-03
   69.023308       4.7821336       2.1349792      2.47185677E-02
   69.521164       4.9101076       2.0175133      3.89005132E-02
   70.018753       5.0117774       1.8471239      4.53315563E-02
   70.516083       5.0873728       1.6464390      4.24032360E-02
   71.013168       5.1262722       1.4238110      3.79843228E-02
   71.510017       5.1257696       1.1806763      3.66507061E-02
   72.006645       5.0820708      0.91391075      4.46345210E-02
   72.503052       5.0195818      0.63012439      5.75179048E-02
   73.123268       4.9162908      0.25664416      6.50191009E-02
   73.619247       4.8169260     -6.43280819E-02  6.50105998E-02
   74.115067       4.7013435     -0.40360940      6.56567514E-02
   74.610741       4.5565906     -0.74344957      6.84569404E-02
   75.106293       4.3895488      -1.0795887      7.51505941E-02
   75.601738       4.2208519      -1.4273670      8.60216394E-02
   76.097084       4.0570679      -1.7959468      9.59150046E-02
   76.592346       3.8910465      -2.1822972      9.78310257E-02
   77.087570       3.6970711      -2.5625868      9.70649347E-02
   77.582710       3.4642055      -2.9185998      0.10060529    
   78.077805       3.2130594      -3.2817929      9.86508280E-02
   78.572929       2.9611397      -3.6830776      8.28014240E-02
   79.068001       2.7181635      -4.1218443      5.09966016E-02
   79.563103       2.4726391      -4.4782767      2.09074765E-02
   80.058319       2.1680152      -4.8695369      1.29709532E-02
   80.553558       1.7580390      -5.1267414      2.08113696E-02
   81.048828       1.2832263      -5.2792315      4.83359955E-02
   81.544167      0.76347136      -5.3390617      6.75739646E-02
   82.039604      0.18595733      -5.2641211      5.96784651E-02
   82.535164     -0.54780889      -4.9511375      4.73335311E-02
   83.030861      -1.3719888      -4.4977851      4.55021299E-02
   83.526726      -2.1264362      -4.0469899      5.14165461E-02
   84.022781      -2.6386566      -3.7540483      6.33559972E-02
   84.519058      -2.9639158      -3.7558780      6.06543683E-02
   85.015579      -3.1265051      -3.0665138      5.29890358E-02
   85.512390      -3.1451499       4.9284134      0.18829647    
   86.009499      -3.0894828       9.0230837      8.30374211E-02
   86.506836      -3.0491052       7.1950426      5.25730550E-02
   87.004471      -2.9820983       5.1757002      5.05973063E-02
   87.502487      -2.9031935       3.9504797     -1.32661154E-02
   88.000862      -2.7968011       3.3804188     -0.11394315    
   88.624283      -2.6205149       2.7462347     -0.24514882    
   89.045319      -2.5148859       2.1869564     -0.28105319    
   89.540131      -2.4242952       2.4639034     -0.28779396    
   90.040138      -2.3142195       2.3588383     -0.30141053    
   90.540535      -2.1729550       2.0531650     -0.30990469    
   91.040962      -2.0296299       1.6841872     -0.29877448    
   91.541405      -1.8651574       1.2654508     -0.29042575    
   92.041847      -1.6718488      0.84679478     -0.28398564    
   92.542297      -1.4612947      0.48426729     -0.27475309    
   93.042755      -1.2740459      0.21581793     -0.25302184    
   93.543213      -1.1202903      6.39618412E-02 -0.19463204    
   94.043671      -1.0260082      4.53640893E-02 -0.13327347    
   94.544128     -0.98726445      8.05750638E-02 -8.75676572E-02
   95.039368     -0.95778048      0.10197525     -7.51506984E-02
   95.539825     -0.91290700      9.63526219E-02 -8.00478905E-02
   96.040291     -0.83564478      7.45361522E-02 -9.96878445E-02
   96.540764     -0.74706268      4.80210558E-02 -0.12034575    
   97.041245     -0.66784477      4.77737449E-02 -0.12190448    
   97.541733     -0.60159189      6.82257116E-02 -0.11357577    
   98.042221     -0.54972112      0.10393123     -0.10750097    
   98.542709     -0.50434059      0.14284807     -0.10364787    
   99.043198     -0.46452993      0.17588498     -0.10452627    
   99.543686     -0.41418868      0.18009511     -0.10943946    
   100.04419     -0.34880728      0.15157293     -0.11856250    
   100.54469     -0.27492628      9.73312184E-02 -0.13564196    
   101.04521     -0.19500867      2.72325221E-02 -0.15258884    
   101.54573     -0.11422454     -5.35746738E-02 -0.16358961    
   102.04625     -3.77586484E-02 -0.14125638     -0.16683555    
   102.54677      2.55643297E-02 -0.23441398     -0.16219443    
   103.04729      7.70263970E-02 -0.32497931     -0.13927323    
   103.54781      0.11918781     -0.40614843     -9.36694816E-02
   104.04832      0.13938740     -0.47272518     -4.24948633E-02
   104.54886      0.14132845     -0.52463305      1.78301893E-03
   105.04939      0.13180555     -0.56492049      2.71461699E-02
   105.54993      0.11480896     -0.59394550      3.28876525E-02
   106.05048      9.92231220E-02 -0.62183326      2.50321925E-02
   106.55103      8.24539140E-02 -0.65352547      4.17610630E-03
   107.05158      6.22945689E-02 -0.68623477     -2.53665894E-02
   107.55213      3.78378779E-02 -0.71288794     -5.75045869E-02
   108.05269      1.05628353E-02 -0.73064363     -8.59631449E-02
   108.55325     -1.72133557E-02 -0.74252981     -0.10861666    
   109.05383     -4.60953303E-02 -0.75214696     -0.12720191    
   109.55441     -7.63583705E-02 -0.75148618     -0.13974246    
   110.05499     -0.10647231     -0.74050891     -0.14318724    
   110.55556     -0.13382733     -0.71771759     -0.13935202    
   111.05614     -0.15806797     -0.68429184     -0.13257766    
   111.55673     -0.17912790     -0.64503914     -0.12813862    
   112.05731     -0.19765431     -0.60492218     -0.12818167    
   112.55789     -0.21392277     -0.56574267     -0.13315712    
   113.05849     -0.22966857     -0.52920485     -0.14012665    
   113.55910     -0.24491417     -0.49713424     -0.14969854    
   114.05971     -0.25875235     -0.47029072     -0.16035765    
   114.56032     -0.27085215     -0.44813558     -0.17054547    
   115.06093     -0.28109431     -0.43031606     -0.17892002    
   115.56154     -0.28935203     -0.41683978     -0.18417686    
   116.06215     -0.29514742     -0.40732917     -0.18396625    
   116.56277     -0.29937172     -0.40007314     -0.17977940    
   117.06341     -0.30244869     -0.39296314     -0.17283487    
   117.56405     -0.30480891     -0.38458663     -0.16440651    
   118.06469     -0.30697495     -0.37476856     -0.15545744    
   118.56533     -0.30913305     -0.36468431     -0.14674610    
   119.06597     -0.31160134     -0.35681096     -0.13883615    
   119.56661     -0.31394783     -0.35240614     -0.13229370    
   120.06727     -0.31577003     -0.35075331     -0.12715462    
   120.56793     -0.31641403     -0.35079926     -0.12452877    
   121.06860     -0.31594858     -0.35096383     -0.12616032    
   121.56927     -0.31408364     -0.34922245     -0.13127874    
   122.06933     -0.31091055     -0.34427193     -0.13928801    
   122.53907     -0.30651009     -0.33639857     -0.14954339    
   123.00376     -0.30048889     -0.32581279     -0.16229163    
   123.50124     -0.29216832     -0.31205133     -0.17753851    
   124.00192     -0.28214842     -0.29660657     -0.19282851    
   124.50262     -0.27082083     -0.28111833     -0.20637918    
   125.00332     -0.25854284     -0.26721573     -0.21679923    
   125.50402     -0.24542534     -0.25498608     -0.22385406    
   126.00472     -0.23080154     -0.24477226     -0.22583596    
   126.50542     -0.21555811     -0.23800536     -0.22358866    
   127.00613     -0.20038413     -0.23525292     -0.21837057    
   127.50685     -0.18492997     -0.23618487     -0.21128479    
   128.00757     -0.16968039     -0.24102211     -0.20309353    
   128.50830     -0.15609239     -0.24891809     -0.19427904    
   129.00903     -0.14550751     -0.26007754     -0.18508632    
   129.50977     -0.13757238     -0.27340829     -0.17513494    
   130.01050     -0.12936305     -0.29050350     -0.16486134    
   130.51123     -0.12066171     -0.31063086     -0.15458681    
   131.01196     -0.11263994     -0.33144328     -0.14413811    
   131.51270     -0.10635169     -0.35155845     -0.13435557    
   132.01347     -0.10293154     -0.36961064     -0.12862539    
   132.51427     -0.10434717     -0.38226137     -0.12932348    
   133.01506     -0.10966685     -0.38818032     -0.13377835    
   133.51585     -0.11730997     -0.38849926     -0.14093029    
   134.01665     -0.12536317     -0.38544247     -0.15052295    
   134.51747     -0.13160996     -0.37988970     -0.16036691    
   135.01833     -0.13547191     -0.37256095     -0.16931090    
   135.51918     -0.13759655     -0.36411825     -0.17725325    
   136.02010     -0.13808604     -0.35486960     -0.18490183    
   136.52103     -0.13716656     -0.34530789     -0.19271234    
   137.02202     -0.13522264     -0.33586866     -0.20064530    
   137.52307     -0.13283712     -0.32665330     -0.20796467    
   138.02422     -0.13012031     -0.31754616     -0.21387157    
   138.52547     -0.12649313     -0.30887064     -0.21750905    
   139.02687     -0.12201954     -0.30109921     -0.21936767    
   139.52849     -0.11681941     -0.29479551     -0.22028644    
   140.03035     -0.11121152     -0.29056433     -0.22067198    
   140.53252     -0.10507940     -0.28864333     -0.22101830    
   141.03510     -9.91067588E-02 -0.28899553     -0.22139673    
   141.53821     -9.44942087E-02 -0.29146719     -0.22166678    
   142.04198     -9.16611552E-02 -0.29577914     -0.22102597    
   142.54659     -8.99411738E-02 -0.30288285     -0.21820353    
   143.05222     -8.90298486E-02 -0.31257078     -0.21238062    
   143.55908     -8.90391469E-02 -0.32359469     -0.20431316    
   144.06729     -8.98606479E-02 -0.33467805     -0.19577998    
   144.57579     -9.17960033E-02 -0.34468064     -0.18862900    
   145.08437     -9.55486298E-02 -0.35224265     -0.18390505    
   145.59303     -0.10116275     -0.35615319     -0.18108585    
   146.10185     -0.10881320     -0.35554963     -0.17902878    
   146.61092     -0.11765702     -0.35092878     -0.17697695    
   147.12025     -0.12633878     -0.34345043     -0.17530617    
   147.50250     -0.13253492     -0.33701733     -0.17489520    
   148.01257     -0.14031383     -0.32862937     -0.17535259    
   148.52324     -0.14703166     -0.32094210     -0.17745174    
   149.03464     -0.15244842     -0.31382650     -0.18134513    
   149.54691     -0.15654787     -0.30689692     -0.18617514    
   150.05919     -0.15868963     -0.29966670     -0.19239482    
   150.56963     -0.15867124     -0.29170802     -0.20010737    
   151.07835     -0.15666367     -0.28291401     -0.20908381    
   151.58562     -0.15310174     -0.27359349     -0.21832266    
   152.09164     -0.14858836     -0.26423243     -0.22658759    
   152.59665     -0.14360161     -0.25525689     -0.23290206    
   153.10083     -0.13834217     -0.24706529     -0.23669133    
   153.60432     -0.13301751     -0.24009924     -0.23821831    
   154.10732     -0.12790227     -0.23483895     -0.23802528    
   154.60988     -0.12327013     -0.23167297     -0.23651497    
   155.11212     -0.11909474     -0.23060186     -0.23414621    
   155.61412     -0.11513364     -0.23134986     -0.23149578    
   156.11594     -0.11160117     -0.23288934     -0.22942942    
   156.61758     -0.10854109     -0.23497178     -0.22815830    
   157.11911     -0.10522208     -0.23824584     -0.22702737    
   157.62054     -0.10092586     -0.24247579     -0.22478978    
   158.12190     -9.58826691E-02 -0.24699324     -0.22082433    
   158.62315     -9.06875506E-02 -0.25092998     -0.21596634    
   159.12434     -8.63122791E-02 -0.25328705     -0.21212836    
   159.50018     -8.41018707E-02 -0.25341135     -0.21079358    
   160.00125     -8.21509510E-02 -0.25120908     -0.21126260    
   160.50226     -8.03911835E-02 -0.24622141     -0.21341150    
   161.00322     -7.81730711E-02 -0.23914875     -0.21655230    
   161.50414     -7.54115433E-02 -0.23113126     -0.21993046    
   162.00505     -7.19833076E-02 -0.22313911     -0.22323921    
   162.50597     -6.78527206E-02 -0.21582645     -0.22622798    
   163.00688     -6.30504340E-02 -0.20956147     -0.22839534    
   163.50781     -5.77986687E-02 -0.20456426     -0.22944050    
   164.00880     -5.20401224E-02 -0.20107709     -0.22937487    
   164.50987     -4.57157418E-02 -0.19905268     -0.22828278    
   165.01100     -3.88969257E-02 -0.19830476     -0.22649124    
   165.51222     -3.18410322E-02 -0.19845299     -0.22455689    
   166.01353     -2.53625140E-02 -0.19888327     -0.22333789    
   166.51494     -1.91567782E-02 -0.19962972     -0.22291782    
   167.01643     -1.23205129E-02 -0.20082411     -0.22296691    
   167.51804     -4.59235348E-03 -0.20221300     -0.22320580    
   168.01971      3.90257733E-03 -0.20372459     -0.22331637    
   168.52147      1.29493875E-02 -0.20542547     -0.22301464    
   169.02332      2.16623265E-02 -0.20727558     -0.22205675    
   169.52524      2.87375581E-02 -0.20924744     -0.22081353    
   170.02724      3.36823910E-02 -0.21203463     -0.21926950    
   170.52933      3.65269110E-02 -0.21647459     -0.21762280    
   171.03151      3.72392982E-02 -0.22234857     -0.21622740    
   171.53380      3.63643393E-02 -0.22943838     -0.21531844    
   172.03621      3.44933607E-02 -0.23732625     -0.21516317    
   172.53874      3.22024189E-02 -0.24546012     -0.21586454    
   173.04137      2.97951344E-02 -0.25316539     -0.21711473    
   173.54411      2.72464640E-02 -0.25972855     -0.21824901    
   174.04697      2.43658274E-02 -0.26454970     -0.21931171    
   174.54990      2.09898539E-02 -0.26747066     -0.22052264    
   175.05286      1.61139145E-02 -0.26768547     -0.22253069    
   175.55582      9.93101392E-03 -0.26590884     -0.22588363    
   176.05876      3.31733562E-03 -0.26323745     -0.22983295    
   176.56174     -3.66832153E-03 -0.26100612     -0.23361154    
   177.06473     -1.12381224E-02 -0.25959647     -0.23664987    
   177.56772     -1.91678237E-02 -0.25920922     -0.23896797    
   178.07071     -2.73529124E-02 -0.25953174     -0.24064741    
   178.57372     -3.50569412E-02 -0.26002008     -0.24218863    
   179.07677     -4.17852849E-02 -0.25991142     -0.24297765    
   179.57982     -4.63552661E-02 -0.25730157     -0.24379677    
   180.08287     -4.81636226E-02 -0.25071102     -0.24526176    
   180.58591     -4.76146489E-02 -0.24025901     -0.24708164    
   181.08884     -4.46663313E-02 -0.22550672     -0.24963389    
   181.59164     -3.91334556E-02 -0.20644161     -0.25277391    
   182.09433     -3.12305018E-02 -0.18359932     -0.25588951    
   182.59689     -2.08560973E-02 -0.15799403     -0.25834045    
   183.09933     -8.05970468E-03 -0.13121848     -0.25989157    
   183.60165      6.10919530E-03 -0.10337639     -0.26053286    
   184.10385      2.30746157E-02 -7.67868832E-02 -0.26113200    
   184.60594      4.44404446E-02 -5.41966856E-02 -0.26172343    
   185.10793      6.98182136E-02 -3.60250659E-02 -0.26217785    
   185.60979      9.87159163E-02 -2.19867975E-02 -0.26256016    
   186.11154      0.13078578     -1.11610964E-02 -0.26314473    
   186.61319      0.16576232     -2.13843584E-03 -0.26402801    
   187.11472      0.20330575      5.75412624E-03 -0.26534617    
   187.61613      0.24344704      1.26510076E-02 -0.26732117    
   188.11745      0.28538802      1.94879677E-02 -0.27000719    
   188.61864      0.32905373      2.55276859E-02 -0.27286294    
   189.11975      0.37444034      2.85291784E-02 -0.27491242    
   189.62079      0.41979706      2.71720272E-02 -0.27553105    
   190.12178      0.46383849      2.13321559E-02 -0.27203235    
   190.62273      0.50514233      1.07248770E-02 -0.26388955    
   191.12364      0.54289210     -4.97225905E-03 -0.25209883    
   191.62459      0.57376915     -2.36103497E-02 -0.23835589    
   192.00032      0.59171003     -3.82263288E-02 -0.22722888    
   192.50125      0.61003500     -5.84388562E-02 -0.21455836    
   193.00195      0.62206191     -7.96295330E-02 -0.20840994    
   193.50240      0.62657440     -0.10069320     -0.20799708    
   194.00258      0.62684464     -0.12372215     -0.21249329    
   194.50249      0.62500620     -0.15377176     -0.21789594    
   195.00221      0.61999208     -0.19153208     -0.21934223    
   195.50171      0.61111259     -0.23453484     -0.21545453    
   196.00102      0.59992909     -0.28333905     -0.20496331    
   196.50015      0.58336431     -0.33803344     -0.18817326    
   197.12386      0.55537271     -0.40794972     -0.16139561    
   197.62267      0.52776933     -0.46463397     -0.13619526    
   198.12132      0.49307370     -0.52165431     -0.10713492    
   198.61986      0.44846308     -0.57749474     -7.98343569E-02
   199.11827      0.39357680     -0.62941587     -6.13015071E-02
   199.61659      0.33083755     -0.67637944     -5.20230196E-02
   200.11484      0.26257658     -0.71815723     -4.77419980E-02
   200.58238      0.19122061     -0.74920261     -4.74880785E-02
   201.00679      0.12056557     -0.76897979     -4.86875549E-02
   201.50644      3.28676030E-02 -0.78072035     -5.17369062E-02
   202.06941     -7.11340308E-02 -0.77012551     -5.91935292E-02
   202.55412     -0.16258639     -0.73922706     -6.97569549E-02
   203.03870     -0.25326771     -0.69485122     -8.35391581E-02
   203.53093     -0.33879250     -0.64293700     -9.85824540E-02
   204.00098     -0.41243497     -0.58949214     -0.11227168    
   204.54810     -0.48858225     -0.52913386     -0.12625229    
   205.04132     -0.54584444     -0.47907877     -0.13644554    
   205.50838     -0.58940721     -0.43640825     -0.14400791    
   206.06245     -0.63262749     -0.38546088     -0.15093417    
   206.52745     -0.66316557     -0.34057471     -0.15468985    
   207.03033     -0.69010651     -0.28618830     -0.15741175    
   207.57266     -0.71532458     -0.21950610     -0.15942301    
   208.03464     -0.73052573     -0.15726066     -0.16118972    
   208.50595     -0.74345076     -9.11415517E-02 -0.16235384    
   209.07971     -0.75204694     -9.09708906E-03 -0.16418415    
   209.56139     -0.75117862      5.74703999E-02 -0.16479114    
   210.04755     -0.74330682      0.12003870     -0.16280857    
   210.54678     -0.72768497      0.17856990     -0.15699157    
   211.09796     -0.70482671      0.24300016     -0.13630223    
   211.55264     -0.67887056      0.29649740     -0.11894672    
   212.02397     -0.64675796      0.35265630     -0.11059539    
   212.50615     -0.60950613      0.40530908     -0.11513264    
   213.12065     -0.55336380      0.46630311     -0.13125788    
   213.61757     -0.49747455      0.50523132     -0.14196754    
   214.11427     -0.43012166      0.53146416     -0.14454611    
   214.61079     -0.35110611      0.54478705     -0.14421834    
   215.10715     -0.25976270      0.54605991     -0.14201880    
   215.60338     -0.15718915      0.54017556     -0.13965961    
   216.09950     -5.21497428E-02  0.52906233     -0.13667157    
   216.59558      5.64887710E-02  0.50897491     -0.13133013    
   217.09161      0.16883194      0.47763443     -0.12299468    
   217.58765      0.28527331      0.43049490     -0.10898814    
   218.08374      0.40569451      0.37010753     -9.11949724E-02
   218.57986      0.52566880      0.30496615     -7.30313063E-02
   219.07602      0.63569093      0.24812990     -6.01490438E-02
   219.57225      0.73199272      0.21314906     -5.24589978E-02
   220.06856      0.80906069      0.21102823     -4.22225669E-02
   220.56499      0.86747688      0.23515847     -2.67216284E-02
   221.06155      0.90235478      0.27742782     -1.13303289E-02
   221.55826      0.93143171      0.31907704     -2.73941364E-03
   222.05516      0.97019529      0.32933161      1.42018497E-03
   222.55226       1.0125203      0.30993199      7.11928308E-03
   223.04961       1.0582731      0.26580638      1.93206239E-02
   223.54720       1.1039326      0.20010260      3.69839035E-02
   224.04503       1.1458298      0.12417385      5.63841611E-02
   224.54312       1.1828840      3.43200266E-02  7.51207769E-02
   225.04147       1.2132159     -7.37991408E-02  9.29575339E-02
   225.54005       1.2333081     -0.19213668      0.11401567    
   226.03886       1.2391564     -0.31810921      0.14110222    
   226.53792       1.2333724     -0.44830433      0.17405607    
   227.03716       1.1860735     -0.56499803      0.19923429    
   227.53664       1.1016767     -0.67111969      0.21213201    
   228.03636      0.99617457     -0.76727188      0.21831179    
   228.53633      0.87783366     -0.85513425      0.22098592    
   229.03659      0.75108916     -0.93586195      0.22349840    
   229.53712      0.61789340      -1.0085834      0.22724086    
   230.03799      0.48312649      -1.0736816      0.22935623    
   230.53918      0.34999415      -1.1305816      0.22890177    
   231.04065      0.22117072      -1.1776353      0.22676191    
   231.54227      9.94782597E-02  -1.2130145      0.22207966    
   232.04404     -2.51103602E-02  -1.2157950      0.21426231    
   232.54596     -0.15381458      -1.1745349      0.20484135    
   233.04802     -0.28083891      -1.0942562      0.19501552    
   233.55022     -0.40105575     -0.97332060      0.18209244    
   234.05257     -0.50690979     -0.81854272      0.16874348    
   234.55495     -0.59455001     -0.64148498      0.15817410    
   235.05734     -0.65916646     -0.45516402      0.14326718    
   235.55978     -0.69358915     -0.28619924      0.12909624    
   236.06227     -0.71487617     -0.13700718      0.11805483    
   236.56482     -0.72152275     -2.11551413E-03  0.10643993    
   237.06743     -0.70793903      0.12561442      9.16406438E-02
   237.57011     -0.67155260      0.24043511      7.42597431E-02
   238.07285     -0.62446374      0.35800046      5.90253174E-02
   238.57558     -0.56949943      0.46708623      3.71778160E-02
   239.07823     -0.50458264      0.56333292      1.08655281E-02
   239.58076     -0.42277718      0.65089506     -2.56848466E-02
   240.08319     -0.31471869      0.73997289     -7.49448687E-02
   240.58554     -0.18233725      0.81135565     -0.13481712    
   241.08781     -2.93125547E-02  0.85424727     -0.20145485    
   241.59003      0.14182785      0.86748421     -0.26074606    
   242.09218      0.32244962      0.84729862     -0.31746441    
   242.59428      0.51165581      0.80134338     -0.38009652    
   243.09636      0.70274073      0.74599236     -0.44702506    
   243.59837      0.88511229      0.69811898     -0.51127416    
   244.10033       1.0566857      0.67612946     -0.56774491    
   244.60223       1.2112584      0.68834883     -0.62011349    
   245.10413       1.3553975      0.73138243     -0.67573071    
   245.60597       1.5066208      0.78461945     -0.74468720    
   246.10780       1.6803205      0.82592523     -0.83309263    
   246.60963       1.8771639      0.84800279     -0.94411385    
   247.11147       2.1027946      0.83241582      -1.0732505    
   247.61331       2.3356934      0.79064256      -1.2011883    
   248.11520       2.5461323      0.73340011      -1.3059764    
   248.61711       2.7221627      0.65199840      -1.3785414    
   249.11906       2.8729672      0.58234257      -1.4333855    
   249.62108       3.0053380      0.50037098      -1.4815174    
   250.12315       3.1207848      0.40009356      -1.5224693    
