  0.12474632      1.30890212E-11  7.84257208E-12 -2.46064681E-15
  0.50017345      1.26092643E-11  8.52173453E-12 -3.62772268E-15
   1.0007112      1.19010236E-11  9.30267495E-12 -7.26748763E-15
   1.5011811      1.11058506E-11  9.93443956E-12 -1.34453301E-14
   2.0015700      1.02615364E-11  1.04372101E-11 -2.23943958E-14
   2.5018795      9.42345594E-12  1.08450471E-11 -3.26936422E-14
   3.0021112      8.63275423E-12  1.11769448E-11 -4.09658201E-14
   3.5022826      7.88968543E-12  1.14069604E-11 -4.38695135E-14
   4.0024195      7.05299881E-12  1.14340915E-11 -3.47773229E-14
   4.5025353      6.14872389E-12  1.12223763E-11 -1.85736826E-14
   5.0026474      5.14585510E-12  1.08055804E-11 -1.63830656E-15
   5.5027671      4.10419658E-12  1.02092484E-11  5.45584086E-16
   6.0029030      3.07046771E-12  9.45241368E-12 -1.80941230E-14
   6.5030551      2.06792287E-12  8.53485598E-12 -7.06104351E-14
   7.0032248      1.10037326E-12  7.46505288E-12 -1.64786546E-13
   7.5034132      1.78330156E-13  6.25335504E-12 -2.94179449E-13
   8.0036135     -6.80388959E-13  4.91255647E-12 -4.42943994E-13
   8.5038261     -1.45184212E-12  3.49165532E-12 -5.88896119E-13
   9.0040474     -2.09543949E-12  2.06085409E-12 -7.12109516E-13
   9.5042772     -2.53568607E-12  7.49785325E-13 -7.91178538E-13
   10.004511     -2.69655132E-12 -3.32465473E-13 -8.12179751E-13
   10.504748     -2.51551557E-12 -1.11253671E-12 -7.82412113E-13
   11.004990     -2.11022432E-12 -1.63104057E-12 -7.18097782E-13
   11.505231     -1.60743164E-12 -1.98387270E-12 -6.38559518E-13
   12.005473     -9.77373672E-13 -2.26642967E-12 -5.59487461E-13
   12.505716     -3.50264848E-13 -2.51447127E-12 -4.86495284E-13
   13.005962      2.52273815E-13 -2.81737958E-12 -4.16348542E-13
   13.506206      7.92405367E-13 -3.21131815E-12 -3.53205421E-13
   14.006449      1.28287658E-12 -3.70567205E-12 -3.18472625E-13
   14.506693      1.77692583E-12 -4.27202718E-12 -3.37086804E-13
   15.006934      2.33669030E-12 -4.85703058E-12 -4.23002508E-13
   15.507174      3.04023169E-12 -5.40057669E-12 -5.76654067E-13
   16.007412      3.94425942E-12 -5.86499295E-12 -7.88393656E-13
   16.507652      5.07327427E-12 -6.24341724E-12 -1.03791758E-12
   17.007891      6.40847488E-12 -6.55711249E-12 -1.28963593E-12
   17.508127      7.90198722E-12 -6.84447074E-12 -1.50445672E-12
   18.008364      9.49104510E-12 -7.14666173E-12 -1.65604119E-12
   18.508598      1.11297560E-11 -7.49088465E-12 -1.74185254E-12
   19.008829      1.28150164E-11 -7.88865067E-12 -1.78858707E-12
   19.509062      1.45693752E-11 -8.33333229E-12 -1.83768539E-12
   20.009295      1.64389856E-11 -8.81842082E-12 -1.91846669E-12
   20.509525      1.84679043E-11 -9.36449182E-12 -2.03767797E-12
   21.009754      2.06854013E-11 -9.99304198E-12 -2.19286503E-12
   21.509983      2.31095490E-11 -1.07460967E-11 -2.38092033E-12
   22.010208      2.57577119E-11 -1.16604018E-11 -2.60472720E-12
   22.510429      2.86616841E-11 -1.27576959E-11 -2.87308892E-12
   23.010654      3.18725879E-11 -1.40458062E-11 -3.19894588E-12
   23.510880      3.54527172E-11 -1.55330436E-11 -3.59476164E-12
   24.011103      3.94650562E-11 -1.72374337E-11 -4.06861047E-12
   24.511326      4.39665422E-11 -1.91924497E-11 -4.62521297E-12
   25.011547      4.90181645E-11 -2.14404206E-11 -5.26850352E-12
   25.511765      5.46976561E-11 -2.40274276E-11 -6.00261854E-12
   26.011982      6.10989662E-11 -2.70043293E-11 -6.83112161E-12
   26.512199      6.83294532E-11 -3.04283820E-11 -7.75703460E-12
   27.012419      7.65083968E-11 -3.43639908E-11 -8.78579501E-12
   27.512634      8.57673793E-11 -3.88853082E-11 -9.92885375E-12
   28.012852      9.62526309E-11 -4.40771343E-11 -1.12059025E-11
   28.513069      1.08132635E-10 -5.00365027E-11 -1.26451401E-11
   29.013285      1.21606392E-10 -5.68757472E-11 -1.42818448E-11
   29.513498      1.36910983E-10 -6.47272444E-11 -1.61561476E-11
   30.013714      1.54326579E-10 -7.37481395E-11 -1.83112709E-11
   30.513929      1.74179449E-10 -8.41251790E-11 -2.07931328E-11
   31.014143      1.96845151E-10 -9.60761332E-11 -2.36515633E-11
   31.514359      2.22752122E-10 -1.09851322E-10 -2.69422991E-11
   32.014572      2.52390997E-10 -1.25735228E-10 -3.07293878E-11
   32.514786      2.86329099E-10 -1.44046414E-10 -3.50849766E-11
   33.014999      3.25217658E-10 -1.65146924E-10 -4.00911665E-11
   33.515217      3.69802328E-10 -1.89454216E-10 -4.58436830E-11
   34.015430      4.20936563E-10 -2.17454818E-10 -5.24547628E-11
   34.515644      4.79603135E-10 -2.49717441E-10 -6.00561822E-11
   35.015862      5.46937773E-10 -2.86903751E-10 -6.88019919E-11
   35.516075      6.24255092E-10 -3.29778482E-10 -7.88708820E-11
   36.016289      7.13079096E-10 -3.79223375E-10 -9.04696040E-11
   36.516502      8.15175594E-10 -4.36254366E-10 -1.03837564E-10
   37.016720      9.32590449E-10 -5.02043629E-10 -1.19253094E-10
   37.516933      1.06769349E-09 -5.77946413E-10 -1.37040171E-10
   38.017147      1.22322952E-09 -6.65532851E-10 -1.57573496E-10
   38.517368      1.40236778E-09 -7.66620711E-10 -1.81280907E-10
   39.017582      1.60875802E-09 -8.83310369E-10 -2.08647460E-10
   39.517796      1.84660398E-09 -1.01802800E-09 -2.40225173E-10
   40.018013      2.12074625E-09 -1.17357268E-09 -2.76649759E-10
   40.518234      2.43676879E-09 -1.35317424E-09 -3.18660043E-10
   41.018448      2.80111934E-09 -1.56055857E-09 -3.67118752E-10
   41.518665      3.22125349E-09 -1.80003057E-09 -4.23030694E-10
   42.018887      3.70578213E-09 -2.07656026E-09 -4.87559493E-10
   42.519104      4.26464908E-09 -2.39588438E-09 -5.62047076E-10
   43.019321      4.90934315E-09 -2.76463075E-09 -6.48039067E-10
   43.519543      5.65312908E-09 -3.19044346E-09 -7.47317930E-10
   44.019764      6.51131682E-09 -3.68214303E-09 -8.61940741E-10
   44.519993      7.50160112E-09 -4.24991375E-09 -9.94286875E-10
   45.020214      8.64442828E-09 -4.90551777E-09 -1.14710197E-09
   45.520435      9.96339722E-09 -5.66253133E-09 -1.32354994E-09
   46.020664      1.14857492E-08 -6.53663434E-09 -1.52727697E-09
   46.520893      1.32429472E-08 -7.54593632E-09 -1.76249015E-09
   47.021122      1.52712847E-08 -8.71133299E-09 -2.03404515E-09
   47.521351      1.76126385E-08 -1.00569277E-08 -2.34754349E-09
   48.021580      2.03153618E-08 -1.16105490E-08 -2.70946154E-09
   48.521816      2.34352697E-08 -1.34042999E-08 -3.12727000E-09
   49.022049      2.70367551E-08 -1.54752069E-08 -3.60959307E-09
   49.522278      3.11941690E-08 -1.78660216E-08 -4.16638501E-09
   50.022514      3.59933416E-08 -2.06260786E-08 -4.80913798E-09
   50.522751      4.15333261E-08 -2.38123032E-08 -5.55111868E-09
   51.022991      4.79284026E-08 -2.74903673E-08 -6.40762643E-09
   51.523232      5.53105508E-08 -3.17360893E-08 -7.39632799E-09
   52.023468      6.38320188E-08 -3.66369228E-08 -8.53759907E-09
   52.523712      7.36684456E-08 -4.22937596E-08 -9.85492932E-09
   53.023956      8.50227124E-08 -4.88230754E-08 -1.13754473E-08
   53.524204      9.81288792E-08 -5.63592835E-08 -1.31304523E-08
   54.024452      1.13256945E-07 -6.50574137E-08 -1.51560631E-08
   54.524696      1.30718632E-07 -7.50964162E-08 -1.74939707E-08
   55.024948      1.50873703E-07 -8.66828742E-08 -2.01923154E-08
   55.525200      1.74137170E-07 -1.00055040E-07 -2.33065993E-08
   56.025455      2.00988097E-07 -1.15487964E-07 -2.69008922E-08
   56.525711      2.31979470E-07 -1.33299167E-07 -3.10491473E-08
   57.025970      2.67749328E-07 -1.53854927E-07 -3.58367238E-08
   57.526230      3.09033766E-07 -1.77577846E-07 -4.13620214E-08
   58.026489      3.56682648E-07 -2.04955853E-07 -4.77387090E-08
   58.526756      4.11676723E-07 -2.36551969E-07 -5.50979493E-08
   59.027020      4.75147033E-07 -2.73015502E-07 -6.35909743E-08
   59.527283      5.48399726E-07 -3.15096202E-07 -7.33924708E-08
   60.027550      6.32941692E-07 -3.63659325E-07 -8.47040411E-08
   60.527817      7.30512454E-07 -4.19703326E-07 -9.77582388E-08
   61.028088      8.43118016E-07 -4.84379882E-07 -1.12823493E-07
   61.528358      9.73074293E-07 -5.59018417E-07 -1.30209543E-07
   62.028625      1.12305383E-06 -6.45152909E-07 -1.50273721E-07
   62.528889      1.29613795E-06 -7.44552608E-07 -1.73428177E-07
   63.029144      1.49588459E-06 -8.59259558E-07 -2.00148691E-07
   63.529388      1.72639648E-06 -9.91628781E-07 -2.30984028E-07
   64.029610      1.99240503E-06 -1.14437648E-06 -2.66566900E-07
   64.529793      2.29936245E-06 -1.32063224E-06 -3.07626294E-07
   65.029915      2.65355152E-06 -1.52400321E-06 -3.55002470E-07
   65.529961      3.06220750E-06 -1.75864125E-06 -4.09663187E-07
   66.029884      3.53365317E-06 -2.02932529E-06 -4.72721069E-07
   66.529579      4.07739344E-06 -2.34151139E-06 -5.45447733E-07
   67.028946      4.70434816E-06 -2.70146734E-06 -6.29302974E-07
   67.527985      5.42716543E-06 -3.11645249E-06 -7.25978680E-07
   68.026711      6.26045448E-06 -3.59485261E-06 -8.37427876E-07
   68.525154      7.22108052E-06 -4.14634815E-06 -9.65906452E-07
   69.023308      8.32837213E-06 -4.78203356E-06 -1.11399868E-06
   69.521164      9.60462421E-06 -5.51470430E-06 -1.28468605E-06
   70.018753      1.10755291E-05 -6.35910783E-06 -1.48140407E-06
   70.516083      1.27706917E-05 -7.33223123E-06 -1.70811074E-06
   71.013168      1.47242499E-05 -8.45366958E-06 -1.96937003E-06
   71.510017      1.69754039E-05 -9.74591239E-06 -2.27042301E-06
   72.006645      1.95694338E-05 -1.12349453E-05 -2.61732157E-06
   72.503052      2.25583372E-05 -1.29506025E-05 -3.01701857E-06
   73.123268      2.69419797E-05 -1.54667759E-05 -3.60321610E-06
   73.619247      3.10527794E-05 -1.78262671E-05 -4.15291424E-06
   74.115067      3.57889439E-05 -2.05446086E-05 -4.78621678E-06
   74.610741      4.12455920E-05 -2.36763626E-05 -5.51583435E-06
   75.106293      4.75322449E-05 -2.72843408E-05 -6.35640345E-06
   75.601738      5.47751151E-05 -3.14409299E-05 -7.32478748E-06
   76.097084      6.31193398E-05 -3.62293285E-05 -8.44038186E-06
   76.592346      7.27323350E-05 -4.17455412E-05 -9.72554699E-06
   77.087570      8.38078849E-05 -4.81006391E-05 -1.12061671E-05
   77.582710      9.65669024E-05 -5.54212384E-05 -1.29117489E-05
   78.077805      1.11265763E-04 -6.38542551E-05 -1.48765248E-05
   78.572929      1.28202111E-04 -7.35702488E-05 -1.71402316E-05
   79.068001      1.47712577E-04 -8.47620322E-05 -1.97478148E-05
   79.563103      1.70190993E-04 -9.76551528E-05 -2.27518613E-05
   80.058319      1.96094596E-04 -1.12511472E-04 -2.62133763E-05
   80.553558      2.25939002E-04 -1.29626103E-04 -3.02011358E-05
   81.048828      2.60324567E-04 -1.49342683E-04 -3.47952300E-05
   81.544167      2.99944077E-04 -1.72057640E-04 -4.00880963E-05
   82.039604      3.45596665E-04 -1.98228081E-04 -4.61863237E-05
   82.535164      3.98203352E-04 -2.28380653E-04 -5.32127015E-05
   83.030861      4.58827504E-04 -2.63123249E-04 -6.13089505E-05
   83.526726      5.28695644E-04 -3.03156849E-04 -7.06386054E-05
   84.022781      6.09223323E-04 -3.49290058E-04 -8.13902589E-05
   84.519058      7.02044636E-04 -4.02456208E-04 -9.37816076E-05
   85.015579      8.09044461E-04 -4.63731179E-04 -1.08063723E-04
   85.512390      9.32402094E-04 -5.34358551E-04 -1.24526792E-04
   86.009499      1.07463275E-03 -6.15772675E-04 -1.43505662E-04
   86.506836      1.23859826E-03 -7.09605287E-04 -1.65381382E-04
   87.004471      1.42766326E-03 -8.17773340E-04 -1.90601684E-04
   87.502487      1.64571579E-03 -9.42491053E-04 -2.19683949E-04
   88.000862      1.89719943E-03 -1.08628767E-03 -2.53219274E-04
   88.624283      2.26645148E-03 -1.29734806E-03 -3.02449916E-04
   89.045319      2.55560060E-03 -1.46265491E-03 -3.40995786E-04
   89.540131      2.94280611E-03 -1.68374006E-03 -3.92602378E-04
   90.040138      3.39358253E-03 -1.94112421E-03 -4.52673092E-04
   90.540535      3.91368428E-03 -2.23797187E-03 -5.21971728E-04
   91.040962      4.51336475E-03 -2.58009159E-03 -6.01862092E-04
   91.541405      5.20472880E-03 -2.97433510E-03 -6.93954527E-04
   92.041847      6.00175653E-03 -3.42860771E-03 -8.00109061E-04
   92.542297      6.92055747E-03 -3.95200774E-03 -9.22469480E-04
   93.042755      7.97969941E-03 -4.55501163E-03 -1.06350821E-03
   93.543213      9.20057856E-03 -5.24966978E-03 -1.22607511E-03
   94.043671      1.06078302E-02 -6.04983978E-03 -1.41345477E-03
   94.544128      1.22298654E-02 -6.97146961E-03 -1.62943522E-03
   95.039368      1.40784606E-02 -8.02101009E-03 -1.87559752E-03
   95.539825      1.62300244E-02 -9.24150459E-03 -2.16213102E-03
   96.040291      1.87097788E-02 -1.06468368E-02 -2.49242247E-03
   96.540764      2.15677470E-02 -1.22648142E-02 -2.87317578E-03
   97.041245      2.48615798E-02 -1.41273756E-02 -3.31212720E-03
   97.541733      2.86577232E-02 -1.62712038E-02 -3.81821883E-03
   98.042221      3.30328196E-02 -1.87384412E-02 -4.40177880E-03
   98.542709      3.80752087E-02 -2.15773918E-02 -5.07475156E-03
   99.043198      4.38867882E-02 -2.48434488E-02 -5.85095119E-03
   99.543686      5.05849458E-02 -2.86001787E-02 -6.74626604E-03
   100.04419      5.83051592E-02 -3.29201482E-02 -7.77912652E-03
   100.54469      6.72043115E-02 -3.78858484E-02 -8.97095166E-03
   101.04521      7.74637014E-02 -4.35913801E-02 -1.03457049E-02
   101.54573      8.92902836E-02 -5.01451865E-02 -1.19281504E-02
   102.04625      0.10291740     -5.76734915E-02 -1.37427002E-02
   102.54677      0.11860874     -6.63231313E-02 -1.58157051E-02
   103.04729      0.13666695     -7.62624815E-02 -1.81818139E-02
   103.54781      0.15744562     -8.76810178E-02 -2.08911821E-02
   104.04832      0.18136129     -0.10078949     -2.40129810E-02
   104.54886      0.20890445     -0.11582135     -2.76347306E-02
   105.04939      0.24064970     -0.13303366     -3.18600759E-02
   105.54993      0.27726948     -0.15270568     -3.68081145E-02
   106.05048      0.31954995     -0.17513293     -4.26141657E-02
   106.55103      0.36840189     -0.20061988     -4.94287163E-02
   107.05158      0.42487139     -0.22947668     -5.74105196E-02
   107.55213      0.49014640     -0.26200789     -6.67201877E-02
   108.05269      0.56556714     -0.29850206     -7.75177628E-02
   108.55325      0.65263003     -0.33922365     -8.99555981E-02
   109.05383      0.75295401     -0.38438666     -0.10415470    
   109.55441      0.86829710     -0.43414366     -0.12021312    
   110.05499       1.0004711     -0.48853230     -0.13822031    
   110.55556       1.1513896     -0.54721522     -0.15831378    
   111.05614       1.3234804     -0.60936564     -0.18055777    
   111.55673       1.5185274     -0.67436576     -0.20471892    
   112.05731       1.7358514     -0.74187887     -0.23072091    
   112.55789       1.9740621     -0.81159455     -0.25927383    
   113.05849       2.2340827     -0.88047945     -0.29160988    
   113.55910       2.5113499     -0.94175291     -0.32681066    
   114.05971       2.8073664     -0.98988730     -0.36291656    
   114.56032       3.1258826      -1.0226232     -0.39802793    
   115.06093       3.4559126      -1.0196695     -0.43058819    
   115.56154       3.8101132     -0.95905590     -0.46819794    
   116.06215       4.2157269     -0.81171113     -0.49944073    
   116.56277       4.6292567     -0.60200286     -0.47446647    
   117.06341       4.9523449     -0.35740995     -0.35843310    
   117.56405       5.0715346     -0.14168705     -0.11753641    
   118.06469       4.9581556      4.16749939E-02  7.11834431E-02
   118.56533       4.7017765      0.21769819      0.15860237    
   119.06597       4.3912616      0.39835739      0.18288618    
   119.56661       4.0644560      0.55824977      0.20759244    
   120.06727       3.7484491      0.71193671      0.22106114    
   120.56793       3.4412515      0.85687459      0.22943023    
   121.06860       3.1419003      0.99487424      0.23245880    
   121.56927       2.8382034       1.1162581      0.23411453    
   122.06933       2.5366478       1.2293061      0.23716646    
   122.53907       2.2672532       1.3335569      0.24086779    
   123.00376       2.0228057       1.4403790      0.24371567    
   123.50124       1.7870792       1.5652020      0.24577188    
   124.00192       1.5823740       1.7100799      0.24753858    
   124.50262       1.4160293       1.8792479      0.24653997    
   125.00332       1.2839060       2.0773799      0.24018133    
   125.50402       1.1865124       2.3045573      0.23249672    
   126.00472       1.1288861       2.5644186      0.23396508    
   126.50542       1.0674717       2.8190672      0.25821221    
   127.00613      0.90094715       2.9801056      0.30826783    
   127.50685      0.62644023       2.9441271      0.38036656    
   128.00757      4.52200100E-02   2.6098440      0.46571693    
   128.50830     -0.58475631       2.1408870      0.52328765    
   129.00903      -1.0995524       1.6989948      0.53291214    
   129.50977      -1.4302043       1.3539681      0.50609690    
   130.01050      -1.6084449       1.0963975      0.43364674    
   130.51123      -1.7123098      0.89547384      0.32759613    
   131.01196      -1.8104143      0.64823359      0.16890356    
   131.51270      -1.9239016      0.36639613      4.13132366E-03
   132.01347      -1.9969212      8.62883776E-02 -0.14959747    
   132.51427      -2.0061576     -0.15340345     -0.28694725    
   133.01506      -1.9587345     -0.32994500     -0.39412603    
   133.51585      -1.8670759     -0.46608859     -0.44412047    
   134.01665      -1.7476356     -0.57390684     -0.43676448    
   134.51747      -1.6075552     -0.63489527     -0.38676989    
   135.01833      -1.4471850     -0.65694124     -0.31686804    
   135.51918      -1.2846968     -0.66149795     -0.24325530    
   136.02010      -1.1389140     -0.64992833     -0.17637967    
   136.52103      -1.0151396     -0.62490004     -0.13946085    
   137.02202     -0.91041005     -0.59793484     -0.12970901    
   137.52307     -0.82401562     -0.57540250     -0.14851685    
   138.02422     -0.75273615     -0.56078154     -0.18591687    
   138.52547     -0.69074255     -0.55658597     -0.22244889    
   139.02687     -0.61505425     -0.55348349     -0.25188473    
   139.52849     -0.52319968     -0.54272652     -0.26965448    
   140.03035     -0.41903469     -0.51338744     -0.27603978    
   140.53252     -0.30282477     -0.45870340     -0.27130389    
   141.03510     -0.17829144     -0.38236338     -0.25684199    
   141.53821     -5.58095649E-02 -0.29534274     -0.23546542    
   142.04198      4.79338989E-02 -0.21417594     -0.20489520    
   142.54659      0.12126202     -0.14642447     -0.16646405    
   143.05222      0.16021140     -0.10242219     -0.12996005    
   143.55908      0.17412126     -7.91625232E-02 -0.10203964    
   144.06729      0.18013372     -6.62701502E-02 -8.46683532E-02
   144.57579      0.19941947     -5.69518469E-02 -8.13089311E-02
   145.08437      0.23224960     -4.44090590E-02 -8.97616893E-02
   145.59303      0.27463692     -2.01468412E-02 -0.10531272    
   146.10185      0.32169649      1.02293640E-02 -0.12176365    
   146.61092      0.36031207      4.28024828E-02 -0.13171020    
   147.12025      0.38923585      7.47803748E-02 -0.12982175    
   147.50250      0.40662247      9.73890126E-02 -0.12000295    
   148.01257      0.42839175      0.12563361     -9.68087763E-02
   148.52324      0.45308053      0.15575239     -6.89873546E-02
   149.03464      0.47684342      0.18756911     -4.39637564E-02
   149.54691      0.48873854      0.21578640     -2.77401172E-02
   150.05919      0.48598003      0.23774344     -2.29447763E-02
   150.56963      0.47172883      0.25439245     -2.70044357E-02
   151.07835      0.44975731      0.26789099     -3.92552465E-02
   151.58562      0.42600685      0.28138548     -5.25942110E-02
   152.09164      0.40866733      0.29681194     -6.13630600E-02
   152.59665      0.40133542      0.31602010     -6.29599169E-02
   153.10083      0.39574713      0.33970484     -5.94647601E-02
   153.60432      0.39237985      0.36652946     -5.29438145E-02
   154.10732      0.38370085      0.39365584     -4.77524064E-02
   154.60988      0.36353210      0.41866738     -4.52324189E-02
   155.11212      0.33393675      0.44047767     -4.48057353E-02
   155.61412      0.29659006      0.45892292     -4.61133383E-02
   156.11594      0.25312534      0.47394818     -4.84873913E-02
   156.61758      0.20674171      0.48512349     -5.22439592E-02
   157.11911      0.16048178      0.49272463     -5.51319830E-02
   157.62054      0.11674793      0.49573943     -5.56350052E-02
   158.12190      7.63313919E-02  0.49307725     -5.45964912E-02
   158.62315      3.98241468E-02  0.48556322     -5.08869104E-02
   159.12434      7.65347201E-03  0.47475839     -4.54021245E-02
   159.50018     -1.37378518E-02  0.46463388     -4.18353267E-02
   160.00125     -3.99831794E-02  0.44873893     -4.00714949E-02
   160.50226     -6.55845553E-02  0.43098795     -4.31050286E-02
   161.00322     -8.89273882E-02  0.41159904     -5.08614257E-02
   161.50414     -0.11126328      0.39147568     -6.15210906E-02
   162.00505     -0.13317381      0.37121165     -7.35797584E-02
   162.50597     -0.15375543      0.35106125     -8.48103762E-02
   163.00688     -0.17407311      0.33108184     -9.24052522E-02
   163.50781     -0.19419488      0.31134814     -9.52389762E-02
   164.00880     -0.21180905      0.29186565     -9.20487195E-02
   164.50987     -0.22792885      0.27307111     -8.51640701E-02
   165.01100     -0.24236411      0.25565988     -7.67433941E-02
   165.51222     -0.25196368      0.23998696     -6.95647746E-02
   166.01353     -0.25500143      0.22576228     -6.50750548E-02
   166.51494     -0.25421673      0.21262245     -6.41257241E-02
   167.01643     -0.24953321      0.19942389     -6.82433546E-02
   167.51804     -0.24062838      0.18518826     -7.80608878E-02
   168.01971     -0.22667456      0.16959396     -9.29120630E-02
   168.52147     -0.20828250      0.15293181     -0.10987046    
   169.02332     -0.18610020      0.13608709     -0.12534566    
   169.52524     -0.16119197      0.12079397     -0.13678552    
   170.02724     -0.13397951      0.10848066     -0.14183907    
   170.52933     -0.10474201      9.92088690E-02 -0.13985242    
   171.03151     -7.36728758E-02  9.31260288E-02 -0.13178995    
   171.53380     -4.07008342E-02  8.99601132E-02 -0.11965947    
   172.03621     -8.14604480E-03  8.90354142E-02 -0.10642570    
   172.53874      2.23552175E-02  8.97839218E-02 -9.49144959E-02
   173.04137      4.86093238E-02  9.31763500E-02 -8.68592858E-02
   173.54411      6.87877834E-02  0.10036971     -8.28285664E-02
   174.04697      8.59322771E-02  0.10993336     -8.07271749E-02
   174.54990      0.10158855      0.12190713     -7.89986998E-02
   175.05286      0.11694196      0.13634516     -7.66435787E-02
   175.55582      0.13230324      0.15362027     -7.27702826E-02
   176.05876      0.14726692      0.17424019     -6.75250143E-02
   176.56174      0.16122010      0.19844899     -6.20724931E-02
   177.06473      0.17209241      0.22490866     -5.87773174E-02
   177.56772      0.17720218      0.25134516     -5.75076863E-02
   178.07071      0.17328067      0.27601761     -5.81502169E-02
   178.57372      0.16215365      0.29786929     -6.06902167E-02
   179.07677      0.14670151      0.31711140     -6.65487200E-02
   179.57982      0.12856922      0.33349591     -7.26152584E-02
   180.08287      0.10943071      0.34556419     -7.59961829E-02
   180.58591      8.84474069E-02  0.35266000     -7.54798204E-02
   181.08884      6.62083104E-02  0.35623160     -7.20016807E-02
   181.59164      4.34175208E-02  0.35627687     -6.56208619E-02
   182.09433      2.11878903E-02  0.35165453     -5.83561137E-02
   182.59689      5.18077402E-04  0.34278470     -5.19264005E-02
   183.09933     -1.70977414E-02  0.33010674     -4.76804413E-02
   183.60165     -3.31784338E-02  0.31331736     -4.60366085E-02
   184.10385     -4.71713170E-02  0.29302204     -4.73129079E-02
   184.60594     -5.78537546E-02  0.26988742     -5.10037020E-02
   185.10793     -6.30611032E-02  0.24449214     -5.61324134E-02
   185.60979     -6.13805279E-02  0.21747421     -6.22387975E-02
   186.11154     -5.40197045E-02  0.18905142     -6.89229965E-02
   186.61319     -4.48418185E-02  0.15889326     -7.53505826E-02
   187.11472     -3.47233713E-02  0.12653704     -8.07777494E-02
   187.61613     -2.13983431E-02  9.41024572E-02 -8.45742226E-02
   188.11745     -1.78626738E-03  6.38957992E-02 -8.64497274E-02
   188.61864      2.61953790E-02  3.59951854E-02 -8.83868039E-02
   189.11975      6.27976134E-02  9.57577676E-03 -9.10470337E-02
   189.62079      0.10751613     -1.62759591E-02 -9.49011892E-02
   190.12178      0.15936390     -4.15474474E-02 -0.10065281    
   190.62273      0.21583866     -6.74957633E-02 -0.10639729    
   191.12364      0.27407402     -9.45121795E-02 -0.10970388    
   191.62459      0.33386922     -0.12288906     -0.10954073    
   192.00032      0.38126606     -0.14500989     -0.10783182    
   192.50125      0.44940373     -0.17536139     -0.10403196    
   193.00195      0.52332538     -0.20677045     -9.97100621E-02
   193.50240      0.60355616     -0.23984694     -9.53882337E-02
   194.00258      0.69072783     -0.27526265     -9.11705345E-02
   194.50249      0.78477049     -0.31420895     -8.68339092E-02
   195.00221      0.88518369     -0.35841638     -8.20674226E-02
   195.50171      0.99305606     -0.40932691     -7.63575435E-02
   196.00102       1.1098094     -0.46746594     -6.95172846E-02
   196.50015       1.2371221     -0.53320211     -6.28084615E-02
   197.12386       1.4131699     -0.62749088     -5.69744632E-02
   197.62267       1.5671906     -0.71439385     -5.66652529E-02
   198.12132       1.7303960     -0.81429744     -6.01399802E-02
   198.61986       1.8989875     -0.92867255     -6.51242957E-02
   199.11827       2.0705521      -1.0557585     -6.92611411E-02
   199.61659       2.2472019      -1.1907767     -6.94366321E-02
   200.11484       2.4331229      -1.3276081     -6.47517666E-02
   200.58238       2.6167588      -1.4514982     -5.60177080E-02
   201.00679       2.7917643      -1.5545959     -4.58475985E-02
   201.50644       3.0052056      -1.6594098     -3.28857377E-02
   202.06941       3.2444372      -1.7488393     -2.27656476E-02
   202.55412       3.4588630      -1.7897604     -1.97541378E-02
   203.03870       3.6864777      -1.7865906     -2.04060711E-02
   203.53093       3.9186077      -1.7467999     -2.33313963E-02
   204.00098       4.1133747      -1.6845578     -2.22014263E-02
   204.54810       4.2735639      -1.5971067     -1.22508826E-02
   205.04132       4.3655252      -1.5102187      1.25233959E-02
   205.50838       4.4039516      -1.4169710      4.57968712E-02
   206.06245       4.4121532      -1.2823544      9.04941708E-02
   206.52745       4.3984985      -1.1407347      0.12567614    
   207.03033       4.3576369     -0.95377773      0.14960250    
   207.57266       4.3146672     -0.70061570      0.14629960    
   208.03464       4.3265963     -0.38984680      0.10711953    
   208.50595       4.6300402      0.16753338     -3.26709077E-03
   209.07971       5.0414004       1.0476482     -0.13513865    
   209.56139       4.7837682       1.2227689     -2.73964144E-02
   210.04755       4.3226466       1.2664144      8.71518478E-02
   210.54678       3.8507936       1.3479344      0.19932199    
   211.09796       3.5601604       1.5916610      0.33173120    
   211.55264       3.4863794       1.8992600      0.48856184    
   212.02397       3.4460392       2.1931262      0.71880066    
   212.50615       3.2168014       2.3825836      0.97465420    
   213.12065       2.7845173       2.5237541       1.2774866    
   213.61757       2.4075663       2.5972235       1.4760139    
   214.11427       2.0048933       2.7067778       1.6097699    
   214.61079       1.6850324       2.9196897       1.6299232    
   215.10715       1.4312375       3.2441375       1.5807871    
   215.60338       1.1657760       3.6068983       1.4645330    
   216.09950      0.88213933       3.9302013       1.2502131    
   216.59558      0.57857275       4.1990600      0.90428168    
   217.09161      0.23159155       4.3995209      0.46970230    
   217.58765     -9.52364951E-02   4.4791622      1.55113284E-02
   218.08374     -0.40217379       4.3681884     -0.44772363    
   218.57986     -0.71304309       3.9939008     -0.94861269    
   219.07602      -1.0479996       3.4040785      -1.5058033    
   219.57225      -1.3443364       2.7503822      -2.1173725    
   220.06856      -1.5790781       2.1819472      -2.7220192    
   220.56499      -1.6998410       1.7540023      -3.3034143    
   221.06155      -1.7196162       1.4028141      -3.7938676    
   221.55826      -1.7196411       1.1193836      -4.1418309    
   222.05516      -1.6968279      0.88511741      -4.2976251    
   222.55226      -1.7001439      0.66845810      -4.2738481    
   223.04961      -1.7557298      0.41786271      -4.1535873    
   223.54720      -1.8067896      0.12931065      -3.9917438    
   224.04503      -1.8322176     -0.20238128      -3.7860937    
   224.54312      -1.8328232     -0.56149453      -3.5559695    
   225.04147      -1.7814956     -0.88397336      -3.2991464    
   225.54005      -1.6932766      -1.1510262      -3.0135040    
   226.03886      -1.5767201      -1.3653116      -2.7372334    
   226.53792      -1.4506481      -1.5301172      -2.4790187    
   227.03716      -1.3370837      -1.6495810      -2.2401445    
   227.53664      -1.2450733      -1.7165843      -2.0161095    
   228.03636      -1.1904134      -1.7323105      -1.8025030    
   228.53633      -1.1663401      -1.7038662      -1.6049386    
   229.03659      -1.1419027      -1.6337811      -1.4244379    
   229.53712      -1.1042349      -1.5272191      -1.2638665    
   230.03799      -1.0377820      -1.3750283      -1.1137993    
   230.53918     -0.93563962      -1.1768725     -0.96596956    
   231.04065     -0.80077159     -0.94581950     -0.83581293    
   231.54227     -0.68106890     -0.69692874     -0.75197041    
   232.04404     -0.59457725     -0.46101710     -0.72085834    
   232.54596     -0.56276333     -0.26074219     -0.72610968    
   233.04802     -0.58392918     -0.11100502     -0.78702545    
   233.55022     -0.64728218     -2.70628929E-03 -0.86950284    
   234.05257     -0.71132928      8.85848552E-02 -0.95386702    
   234.55495     -0.76168495      0.17322034      -1.0149300    
   235.05734     -0.80708945      0.24575138      -1.0350193    
   235.55978     -0.86330581      0.30208376      -1.0248891    
   236.06227     -0.93216974      0.33085465      -1.0008125    
   236.56482      -1.0047399      0.32555419     -0.96874022    
   237.06743      -1.0677011      0.28852469     -0.93222380    
   237.57011      -1.1131654      0.23149070     -0.90249234    
   238.07285      -1.1336398      0.15612191     -0.88854945    
   238.57558      -1.1295624      5.57781756E-02 -0.89702332    
   239.07823      -1.1125257     -6.69311285E-02 -0.93828118    
   239.58076      -1.0747151     -0.19407080      -1.0098482    
   240.08319      -1.0174266     -0.31950247      -1.0947936    
   240.58554     -0.95912641     -0.43612200      -1.1819001    
   241.08781     -0.91034311     -0.54583538      -1.2530198    
   241.59003     -0.87735862     -0.65301830      -1.3006427    
   242.09218     -0.85427713     -0.75460958      -1.3204632    
   242.59428     -0.82873213     -0.83911043      -1.3096272    
   243.09636     -0.78827715     -0.89751709      -1.2714431    
   243.59837     -0.73459560     -0.92627776      -1.2081984    
   244.10033     -0.67181528     -0.93572938      -1.1356812    
   244.60223     -0.61104029     -0.92711163      -1.0632404    
   245.10413     -0.55657399     -0.89639884     -0.99649656    
   245.60597     -0.50687170     -0.84912258     -0.94034600    
   246.10780     -0.47009987     -0.78904867     -0.90799916    
   246.60963     -0.43693471     -0.72052050     -0.90046740    
   247.11147     -0.40487134     -0.64844930     -0.92541283    
   247.61331     -0.37267628     -0.57661957     -0.98441374    
   248.11520     -0.33512267     -0.50049055      -1.0715308    
   248.61711     -0.29181179     -0.42014432      -1.1723647    
   249.11906     -0.24712874     -0.33860540      -1.2702373    
   249.62108     -0.20939660     -0.25756505      -1.3503116    
   250.12315     -0.18700351     -0.18065599      -1.4017043    
