  0.12474632      0.49287498       0.0000000       0.0000000    
  0.50017345      0.49287498       0.0000000       0.0000000    
   1.0007112      0.49287498       0.0000000       0.0000000    
   1.5011811      0.49287498       0.0000000       0.0000000    
   2.0015700      0.49287498       0.0000000       0.0000000    
   2.5018795      0.49287498       0.0000000       0.0000000    
   3.0021112      0.49287498       0.0000000       0.0000000    
   3.5022826      0.49287498       0.0000000       0.0000000    
   4.0024195      0.49287498       0.0000000       0.0000000    
   4.5025353      0.49287498       0.0000000       0.0000000    
   5.0026474      0.49287498       0.0000000       0.0000000    
   5.5027671      0.49287498       0.0000000       0.0000000    
   6.0029030      0.49287498       0.0000000       0.0000000    
   6.5030551      0.49287498       0.0000000       0.0000000    
   7.0032248      0.49287498       0.0000000       0.0000000    
   7.5034132      0.49287498       0.0000000       0.0000000    
   8.0036135      0.49287498       0.0000000       0.0000000    
   8.5038261      0.49287498       0.0000000       0.0000000    
   9.0040474      0.49287498       0.0000000       0.0000000    
   9.5042772      0.49287498       0.0000000       0.0000000    
   10.004511      0.49287498       0.0000000       0.0000000    
   10.504748      0.49287498       0.0000000       0.0000000    
   11.004990      0.49287498       0.0000000       0.0000000    
   11.505231      0.49287498       0.0000000       0.0000000    
   12.005473      0.49287498       0.0000000       0.0000000    
   12.505716      0.49287498       0.0000000       0.0000000    
   13.005962      0.49287498       0.0000000       0.0000000    
   13.506206      0.49287498       0.0000000       0.0000000    
   14.006449      0.49287498       0.0000000       0.0000000    
   14.506693      0.49287498       0.0000000       0.0000000    
   15.006934      0.49287498       0.0000000       0.0000000    
   15.507174      0.49287498       0.0000000       0.0000000    
   16.007412      0.49287498       0.0000000       0.0000000    
   16.507652      0.49287498       0.0000000       0.0000000    
   17.007891      0.49287498       0.0000000       0.0000000    
   17.508127      0.49287498       0.0000000       0.0000000    
   18.008364      0.49287498       0.0000000       0.0000000    
   18.508598      0.49287498       0.0000000       0.0000000    
   19.008829      0.49287498       0.0000000       0.0000000    
   19.509062      0.49287498       0.0000000       0.0000000    
   20.009295      0.49287498       0.0000000       0.0000000    
   20.509525      0.49287498       0.0000000       0.0000000    
   21.009754      0.49287498       0.0000000       0.0000000    
   21.509983      0.49287498       0.0000000       0.0000000    
   22.010208      0.49287498       0.0000000       0.0000000    
   22.510429      0.49287498       0.0000000       0.0000000    
   23.010654      0.49287498       0.0000000       0.0000000    
   23.510880      0.49287498       0.0000000       0.0000000    
   24.011103      0.49287498       0.0000000       0.0000000    
   24.511326      0.49287498       0.0000000       0.0000000    
   25.011547      0.49287498       0.0000000       0.0000000    
   25.511765      0.49287498       0.0000000       0.0000000    
   26.011982      0.49287498       0.0000000       0.0000000    
   26.512199      0.49287498       0.0000000       0.0000000    
   27.012419      0.49287498       0.0000000       0.0000000    
   27.512634      0.49287498       0.0000000       0.0000000    
   28.012852      0.49287498       0.0000000       0.0000000    
   28.513069      0.49287498       0.0000000       0.0000000    
   29.013285      0.49287498       0.0000000       0.0000000    
   29.513498      0.49287498       0.0000000       0.0000000    
   30.013714      0.49287498       0.0000000       0.0000000    
   30.513929      0.49287498       0.0000000       0.0000000    
   31.014143      0.49287498       0.0000000       0.0000000    
   31.514359      0.49287498       0.0000000       0.0000000    
   32.014572      0.49287498       0.0000000       0.0000000    
   32.514786      0.49287498       0.0000000       0.0000000    
   33.014999      0.49287498       0.0000000       0.0000000    
   33.515217      0.49287498       0.0000000       0.0000000    
   34.015430      0.49287498       0.0000000       0.0000000    
   34.515644      0.49287498       0.0000000       0.0000000    
   35.015862      0.49287498       0.0000000       0.0000000    
   35.516075      0.49287498       0.0000000       0.0000000    
   36.016289      0.49287498       0.0000000       0.0000000    
   36.516502      0.49287498       0.0000000       0.0000000    
   37.016720      0.49287498       0.0000000       0.0000000    
   37.516933      0.49287498       0.0000000       0.0000000    
   38.017147      0.49287498       0.0000000       0.0000000    
   38.517368      0.49287498       0.0000000       0.0000000    
   39.017582      0.49287498       0.0000000       0.0000000    
   39.517796      0.49287498       0.0000000       0.0000000    
   40.018013      0.49287498       0.0000000       0.0000000    
   40.518234      0.49287498       0.0000000       0.0000000    
   41.018448      0.49287498       0.0000000       0.0000000    
   41.518665      0.49287498       0.0000000       0.0000000    
   42.018887      0.49287498       0.0000000       0.0000000    
   42.519104      0.49287498       0.0000000       0.0000000    
   43.019321      0.49287498       0.0000000       0.0000000    
   43.519543      0.49287498       0.0000000       0.0000000    
   44.019764      0.49287498       0.0000000       0.0000000    
   44.519993      0.49287498       0.0000000       0.0000000    
   45.020214      0.49287498       0.0000000       0.0000000    
   45.520435      0.49287498       0.0000000       0.0000000    
   46.020664      0.49287498       0.0000000       0.0000000    
   46.520893      0.49287498       0.0000000       0.0000000    
   47.021122      0.49287498       0.0000000       0.0000000    
   47.521351      0.49287498       0.0000000       0.0000000    
   48.021580      0.49287498       0.0000000       0.0000000    
   48.521816      0.49287498       0.0000000       0.0000000    
   49.022049      0.49287498       0.0000000       0.0000000    
   49.522278      0.49287498       0.0000000       0.0000000    
   50.022514      0.49287498       0.0000000       0.0000000    
   50.522751      0.49287498       0.0000000       0.0000000    
   51.022991      0.49287498       0.0000000       0.0000000    
   51.523232      0.49287498       0.0000000       0.0000000    
   52.023468      0.49287498       0.0000000       0.0000000    
   52.523712      0.49287498       0.0000000       0.0000000    
   53.023956      0.49287498       0.0000000       0.0000000    
   53.524204      0.49287498       0.0000000       0.0000000    
   54.024452      0.49287498       0.0000000       0.0000000    
   54.524696      0.49287498       0.0000000       0.0000000    
   55.024948      0.49287498       0.0000000       0.0000000    
   55.525200      0.49287498       0.0000000       0.0000000    
   56.025455      0.49287498       0.0000000       0.0000000    
   56.525711      0.49287498       0.0000000       0.0000000    
   57.025970      0.49287498       0.0000000       0.0000000    
   57.526230      0.49287498       0.0000000       0.0000000    
   58.026489      0.49287498       0.0000000       0.0000000    
   58.526756      0.49287498       0.0000000       0.0000000    
   59.027020      0.49287498       0.0000000       0.0000000    
   59.527283      0.49287498       0.0000000       0.0000000    
   60.027550      0.49287498       0.0000000       0.0000000    
   60.527817      0.49444887      0.37170470     -0.80359870    
   61.028088      0.51144576       1.1038582      -3.9757833    
   61.528358      0.53891706       1.2962320      -3.8870103    
   62.028625      0.58504868       1.5256871      -2.5994098    
   62.528889      0.66398787       1.6960828      -1.4373406    
   63.029144      0.78592747       1.8106521     -0.70452744    
   63.529388      0.95524514       1.8684256     -0.32885554    
   64.029610       1.1791713       1.9143467     -0.15677962    
   64.529793       1.4680891       1.9467374     -8.60884562E-02
   65.029915       1.8304260       1.9750141     -8.61174688E-02
   65.529961       2.0712371       2.1222620     -4.39732261E-02
   66.029884       2.3195009       2.3977687     -4.35282104E-02
   66.529579       2.6155183       2.5928497     -6.05965182E-02
   67.028946       2.9705782       2.6321950     -7.22255707E-02
   67.527985       3.3547873       2.6753323     -7.43398070E-02
   68.026711       3.7385294       2.7133081     -4.85662334E-02
   68.525154       4.0923152       2.7246456     -2.13314500E-02
   69.023308       4.3951750       2.6876693      6.21794909E-03
   69.521164       4.6501541       2.6006563      2.28879303E-02
   70.018753       4.8556585       2.4755962      2.43584011E-02
   70.516083       5.0236259       2.2996922      2.31421366E-02
   71.013168       5.1551962       2.0921257      1.98664200E-02
   71.510017       5.2541194       1.8508281      2.09196992E-02
   72.006645       5.3273401       1.5495100      2.53957398E-02
   72.503052       5.3784351       1.2025260      3.04829050E-02
   73.123268       5.3956795      0.73027122      3.01082302E-02
   73.619247       5.3598347      0.33249721      2.18491293E-02
   74.115067       5.2929239     -0.10019241      1.01232762E-02
   74.610741       5.2047019     -0.57325119      1.58133171E-03
   75.106293       5.0886745      -1.0515206     -5.91464713E-03
   75.601738       4.9482369      -1.5056342     -1.15759624E-02
   76.097084       4.7831903      -1.9590006     -1.87099818E-02
   76.592346       4.5956302      -2.4409487     -2.51720380E-02
   77.087570       4.3909936      -2.9913182     -2.92970482E-02
   77.582710       4.1685824      -3.6161149     -3.46382856E-02
   78.077805       3.9010468      -4.3246622     -2.60462519E-02
   78.572929       3.5610642      -4.9716210      2.22749524E-02
   79.068001       3.1367242      -5.4429398      9.71207097E-02
   79.563103       2.6724095      -5.7663922      0.12897372    
   80.058319       2.1575146      -6.0761318      0.11275937    
   80.553558       1.5892469      -6.5080209     -7.67247751E-03
   81.048828       1.0063784      -7.3235760     -0.14128132    
   81.544167      0.59606397      -8.5181551     -0.12382457    
   82.039604      0.51167339      -5.3147502     -6.82879463E-02
   82.535164      0.49898979      -3.9755125     -6.26027659E-02
   83.030861      0.49529946      -3.4906740     -5.99852465E-02
   83.526726      0.49462438      -3.3945069     -5.89187890E-02
   84.022781      0.49322653      -3.1865242     -3.03950235E-02
   84.519058      0.49363697      -3.2491226     -2.64422465E-02
   85.015579      0.49439496      -3.3615911     -2.82023437E-02
   85.512390      0.49976975      -4.0708823     -4.09378931E-02
   86.009499      0.50579298      -4.7413597     -4.53187041E-02
   86.506836      0.50602555      -4.7653861     -4.23986576E-02
   87.004471      0.50115001      -4.2339869     -3.38980593E-02
   87.502487      0.49688679      -3.7073956     -2.81943604E-02
   88.000862      0.49297571      -3.1477139     -2.65528578E-02
   88.624283      0.48924577      -3.1319573     -2.90657636E-02
   89.045319      0.48671257      -3.1319411     -3.07316855E-02
   89.540131      0.48371121      -3.1319220     -3.26298252E-02
   90.040138      0.48396215       0.0000000       0.0000000    
   90.540535      0.48396215       0.0000000       0.0000000    
   91.040962      0.48396215       0.0000000       0.0000000    
   91.541405      0.48396215       0.0000000       0.0000000    
   92.041847      0.48396215       0.0000000       0.0000000    
   92.542297      0.48396215       0.0000000       0.0000000    
   93.042755      0.48396215       0.0000000       0.0000000    
   93.543213      0.48396215       0.0000000       0.0000000    
   94.043671      0.48396215       0.0000000       0.0000000    
   94.544128      0.48396215       0.0000000       0.0000000    
   95.039368      0.48396215       0.0000000       0.0000000    
   95.539825      0.48396215       0.0000000       0.0000000    
   96.040291      0.48396215       0.0000000       0.0000000    
   96.540764      0.48396215       0.0000000       0.0000000    
   97.041245      0.48396215       0.0000000       0.0000000    
   97.541733      0.48396215       0.0000000       0.0000000    
   98.042221      0.48396215       0.0000000       0.0000000    
   98.542709      0.48396215       0.0000000       0.0000000    
   99.043198      0.48396215       0.0000000       0.0000000    
   99.543686      0.48396215       0.0000000       0.0000000    
   100.04419      0.48396215       0.0000000       0.0000000    
   100.54469      0.48396215       0.0000000       0.0000000    
   101.04521      0.48396215       0.0000000       0.0000000    
   101.54573      0.48396215       0.0000000       0.0000000    
   102.04625      0.48396215       0.0000000       0.0000000    
   102.54677      0.48396215       0.0000000       0.0000000    
   103.04729      0.48396215       0.0000000       0.0000000    
   103.54781      0.48396215       0.0000000       0.0000000    
   104.04832      0.48396215       0.0000000       0.0000000    
   104.54886      0.48396215       0.0000000       0.0000000    
   105.04939      0.48396215       0.0000000       0.0000000    
   105.54993      0.48396215       0.0000000       0.0000000    
   106.05048      0.48396215       0.0000000       0.0000000    
   106.55103      0.48396215       0.0000000       0.0000000    
   107.05158      0.48396215       0.0000000       0.0000000    
   107.55213      0.48396215       0.0000000       0.0000000    
   108.05269      0.48396215       0.0000000       0.0000000    
   108.55325      0.48396215       0.0000000       0.0000000    
   109.05383      0.48396215       0.0000000       0.0000000    
   109.55441      0.48396215       0.0000000       0.0000000    
   110.05499      0.48396215       0.0000000       0.0000000    
   110.55556      0.48396215       0.0000000       0.0000000    
   111.05614      0.48396215       0.0000000       0.0000000    
   111.55673      0.48396215       0.0000000       0.0000000    
   112.05731      0.48396215       0.0000000       0.0000000    
   112.55789      0.48396215       0.0000000       0.0000000    
   113.05849      0.48396215       0.0000000       0.0000000    
   113.55910      0.48396215       0.0000000       0.0000000    
   114.05971      0.48396215       0.0000000       0.0000000    
   114.56032      0.48396215       0.0000000       0.0000000    
   115.06093      0.48396215       0.0000000       0.0000000    
   115.56154      0.48396215       0.0000000       0.0000000    
   116.06215      0.48396215       0.0000000       0.0000000    
   116.56277      0.48396215       0.0000000       0.0000000    
   117.06341      0.48396215       0.0000000       0.0000000    
   117.56405      0.48396215       0.0000000       0.0000000    
   118.06469      0.48396215       0.0000000       0.0000000    
   118.56533      0.48396215       0.0000000       0.0000000    
   119.06597      0.48396215       0.0000000       0.0000000    
   119.56661      0.48396215       0.0000000       0.0000000    
   120.06727      0.48396215       0.0000000       0.0000000    
   120.56793      0.48396215       0.0000000       0.0000000    
   121.06860      0.48396215       0.0000000       0.0000000    
   121.56927      0.48396215       0.0000000       0.0000000    
   122.06933      0.48396215       0.0000000       0.0000000    
   122.53907      0.48396215       0.0000000       0.0000000    
   123.00376      0.48396215       0.0000000       0.0000000    
   123.50124      0.48396215       0.0000000       0.0000000    
   124.00192      0.48396215       0.0000000       0.0000000    
   124.50262      0.48396215       0.0000000       0.0000000    
   125.00332      0.48396215       0.0000000       0.0000000    
   125.50402      0.48396215       0.0000000       0.0000000    
   126.00472      0.48396215       0.0000000       0.0000000    
   126.50542      0.48396215       0.0000000       0.0000000    
   127.00613      0.48396215       0.0000000       0.0000000    
   127.50685      0.48396215       0.0000000       0.0000000    
   128.00757      0.48396215       0.0000000       0.0000000    
   128.50830      0.48396215       0.0000000       0.0000000    
   129.00903      0.48396215       0.0000000       0.0000000    
   129.50977      0.48396215       0.0000000       0.0000000    
   130.01050      0.48396215       0.0000000       0.0000000    
   130.51123      0.48396215       0.0000000       0.0000000    
   131.01196      0.48396215       0.0000000       0.0000000    
   131.51270      0.48396215       0.0000000       0.0000000    
   132.01347      0.48396215       0.0000000       0.0000000    
   132.51427      0.48396215       0.0000000       0.0000000    
   133.01506      0.48396215       0.0000000       0.0000000    
   133.51585      0.48396215       0.0000000       0.0000000    
   134.01665      0.48396215       0.0000000       0.0000000    
   134.51747      0.48396215       0.0000000       0.0000000    
   135.01833      0.48396215       0.0000000       0.0000000    
   135.51918      0.48396215       0.0000000       0.0000000    
   136.02010      0.48396215       0.0000000       0.0000000    
   136.52103      0.48396215       0.0000000       0.0000000    
   137.02202      0.48396215       0.0000000       0.0000000    
   137.52307      0.48396215       0.0000000       0.0000000    
   138.02422      0.48396215       0.0000000       0.0000000    
   138.52547      0.48396215       0.0000000       0.0000000    
   139.02687      0.48396215       0.0000000       0.0000000    
   139.52849      0.48396215       0.0000000       0.0000000    
   140.03035      0.48396215       0.0000000       0.0000000    
   140.53252      0.48396215       0.0000000       0.0000000    
   141.03510      0.48396215       0.0000000       0.0000000    
   141.53821      0.48396215       0.0000000       0.0000000    
   142.04198      0.48396215       0.0000000       0.0000000    
   142.54659      0.48396215       0.0000000       0.0000000    
   143.05222      0.48396215       0.0000000       0.0000000    
   143.55908      0.48396215       0.0000000       0.0000000    
   144.06729      0.48396215       0.0000000       0.0000000    
   144.57579      0.48396215       0.0000000       0.0000000    
   145.08437      0.48396215       0.0000000       0.0000000    
   145.59303      0.48396215       0.0000000       0.0000000    
   146.10185      0.48396215       0.0000000       0.0000000    
   146.61092      0.48396215       0.0000000       0.0000000    
   147.12025      0.48396215       0.0000000       0.0000000    
   147.50250      0.48396215       0.0000000       0.0000000    
   148.01257      0.48396215       0.0000000       0.0000000    
   148.52324      0.48396215       0.0000000       0.0000000    
   149.03464      0.48396215       0.0000000       0.0000000    
   149.54691      0.48396215       0.0000000       0.0000000    
   150.05919      0.48396215       0.0000000       0.0000000    
   150.56963      0.48396215       0.0000000       0.0000000    
   151.07835      0.48396215       0.0000000       0.0000000    
   151.58562      0.48396215       0.0000000       0.0000000    
   152.09164      0.48396215       0.0000000       0.0000000    
   152.59665      0.48396215       0.0000000       0.0000000    
   153.10083      0.48396215       0.0000000       0.0000000    
   153.60432      0.48396215       0.0000000       0.0000000    
   154.10732      0.48396215       0.0000000       0.0000000    
   154.60988      0.48396215       0.0000000       0.0000000    
   155.11212      0.48396215       0.0000000       0.0000000    
   155.61412      0.48396215       0.0000000       0.0000000    
   156.11594      0.48396215       0.0000000       0.0000000    
   156.61758      0.48396215       0.0000000       0.0000000    
   157.11911      0.48396215       0.0000000       0.0000000    
   157.62054      0.48396215       0.0000000       0.0000000    
   158.12190      0.48396215       0.0000000       0.0000000    
   158.62315      0.48396215       0.0000000       0.0000000    
   159.12434      0.48396215       0.0000000       0.0000000    
   159.50018      0.48396215       0.0000000       0.0000000    
   160.00125      0.48396215       0.0000000       0.0000000    
   160.50226      0.48396215       0.0000000       0.0000000    
   161.00322      0.48396215       0.0000000       0.0000000    
   161.50414      0.48396215       0.0000000       0.0000000    
   162.00505      0.48396215       0.0000000       0.0000000    
   162.50597      0.48396215       0.0000000       0.0000000    
   163.00688      0.48396215       0.0000000       0.0000000    
   163.50781      0.48396215       0.0000000       0.0000000    
   164.00880      0.48396215       0.0000000       0.0000000    
   164.50987      0.48396215       0.0000000       0.0000000    
   165.01100      0.48396215       0.0000000       0.0000000    
   165.51222      0.48396215       0.0000000       0.0000000    
   166.01353      0.48396215       0.0000000       0.0000000    
   166.51494      0.48396215       0.0000000       0.0000000    
   167.01643      0.48396215       0.0000000       0.0000000    
   167.51804      0.48396215       0.0000000       0.0000000    
   168.01971      0.48396215       0.0000000       0.0000000    
   168.52147      0.48396215       0.0000000       0.0000000    
   169.02332      0.48396215       0.0000000       0.0000000    
   169.52524      0.48396215       0.0000000       0.0000000    
   170.02724      0.48396215       0.0000000       0.0000000    
   170.52933      0.48396215       0.0000000       0.0000000    
   171.03151      0.48396215       0.0000000       0.0000000    
   171.53380      0.48396215       0.0000000       0.0000000    
   172.03621      0.48396215       0.0000000       0.0000000    
   172.53874      0.48396215       0.0000000       0.0000000    
   173.04137      0.48396215       0.0000000       0.0000000    
   173.54411      0.48396215       0.0000000       0.0000000    
   174.04697      0.48396215       0.0000000       0.0000000    
   174.54990      0.48396215       0.0000000       0.0000000    
   175.05286      0.48396215       0.0000000       0.0000000    
   175.55582      0.48396215       0.0000000       0.0000000    
   176.05876      0.48396215       0.0000000       0.0000000    
   176.56174      0.48396215       0.0000000       0.0000000    
   177.06473      0.48396215       0.0000000       0.0000000    
   177.56772      0.48396215       0.0000000       0.0000000    
   178.07071      0.48396215       0.0000000       0.0000000    
   178.57372      0.48396215       0.0000000       0.0000000    
   179.07677      0.48396215       0.0000000       0.0000000    
   179.57982      0.48396215       0.0000000       0.0000000    
   180.08287      0.48396215       0.0000000       0.0000000    
   180.58591      0.48396215       0.0000000       0.0000000    
   181.08884      0.48396215       0.0000000       0.0000000    
   181.59164      0.48396215       0.0000000       0.0000000    
   182.09433      0.48396215       0.0000000       0.0000000    
   182.59689      0.48396215       0.0000000       0.0000000    
   183.09933      0.48396215       0.0000000       0.0000000    
   183.60165      0.48396215       0.0000000       0.0000000    
   184.10385      0.48396215       0.0000000       0.0000000    
   184.60594      0.48396215       0.0000000       0.0000000    
   185.10793      0.48396215       0.0000000       0.0000000    
   185.60979      0.48396215       0.0000000       0.0000000    
   186.11154      0.48396215       0.0000000       0.0000000    
   186.61319      0.48396215       0.0000000       0.0000000    
   187.11472      0.48396215       0.0000000       0.0000000    
   187.61613      0.48396215       0.0000000       0.0000000    
   188.11745      0.48396215       0.0000000       0.0000000    
   188.61864      0.48396215       0.0000000       0.0000000    
   189.11975      0.48396215       0.0000000       0.0000000    
   189.62079      0.48396215       0.0000000       0.0000000    
   190.12178      0.48396215       0.0000000       0.0000000    
   190.62273      0.48396215       0.0000000       0.0000000    
   191.12364      0.49112111      0.53457499      -3.0861349    
   191.62459      0.50444329      0.81077784      -4.5278187    
   192.00032      0.51632679       1.0034937      -5.6399660    
   192.50125      0.53345644       1.1139957      -6.3834324    
   193.00195      0.55272353      0.98481673      -4.6057057    
   193.50240      0.57541180      0.92847276      -3.7756646    
   194.00258      0.59721458      0.86912751      -3.3622525    
   194.50249      0.61466682      0.78351474      -3.1349247    
   195.00221      0.62645364      0.67843544      -2.9852560    
   195.50171      0.63123322      0.56324357      -2.8714833    
   196.00102      0.62981188      0.45735645      -2.7505322    
   196.50015      0.62210393      0.32600111      -2.6215167    
   197.12386      0.60533035      0.12271000      -2.4297504    
   197.62267      0.58859539     -0.10529014      -2.1646693    
   198.12132      0.57111967     -0.42281163      -1.6873195    
   198.61986      0.55257130     -0.95590991      -1.0625968    
   199.11827      0.53044474      -2.0545952     -0.36694214    
   199.61659      0.50596094      -4.2211924     -7.68457502E-02
   200.11484      0.49100855      -3.1313043     -7.02442378E-02
   200.58238      0.48356771      -3.1320918     -8.28617485E-04
   201.00679      0.48342705       0.0000000       0.0000000    
   201.50644      0.48342705       0.0000000       0.0000000    
   202.06941      0.48342705       0.0000000       0.0000000    
   202.55412      0.48342705       0.0000000       0.0000000    
   203.03870      0.48342705       0.0000000       0.0000000    
   203.53093      0.48342705       0.0000000       0.0000000    
   204.00098      0.48342705       0.0000000       0.0000000    
   204.54810      0.48342705       0.0000000       0.0000000    
   205.04132      0.48342705       0.0000000       0.0000000    
   205.50838      0.48342705       0.0000000       0.0000000    
   206.06245      0.48342705       0.0000000       0.0000000    
   206.52745      0.48342705       0.0000000       0.0000000    
   207.03033      0.48342705       0.0000000       0.0000000    
   207.57266      0.48342705       0.0000000       0.0000000    
   208.03464      0.48342705       0.0000000       0.0000000    
   208.50595      0.48342705       0.0000000       0.0000000    
   209.07971      0.48342705       0.0000000       0.0000000    
   209.56139      0.48342705       0.0000000       0.0000000    
   210.04755      0.48342705       0.0000000       0.0000000    
   210.54678      0.48342705       0.0000000       0.0000000    
   211.09796      0.48342705       0.0000000       0.0000000    
   211.55264      0.48342705       0.0000000       0.0000000    
   212.02397      0.48342705       0.0000000       0.0000000    
   212.50615      0.48342705       0.0000000       0.0000000    
   213.12065      0.48342705       0.0000000       0.0000000    
   213.61757      0.48342705       0.0000000       0.0000000    
   214.11427      0.48342705       0.0000000       0.0000000    
   214.61079      0.48342705       0.0000000       0.0000000    
   215.10715      0.48342705       0.0000000       0.0000000    
   215.60338      0.48342705       0.0000000       0.0000000    
   216.09950      0.48342705       0.0000000       0.0000000    
   216.59558      0.48342705       0.0000000       0.0000000    
   217.09161      0.48342705       0.0000000       0.0000000    
   217.58765      0.48342705       0.0000000       0.0000000    
   218.08374      0.48342705       0.0000000       0.0000000    
   218.57986      0.48980403      0.59317887      -3.0754087    
   219.07602      0.51752841       1.3160809      -5.6800475    
   219.57225      0.57244849      0.85468549      -6.3252234    
   220.06856      0.61453474      0.72470790      -4.5113192    
   220.56499      0.68461323      0.70772558      -2.7003083    
   221.06155      0.77834040      0.60224295      -1.6315987    
   221.55826      0.87377667      0.43548501      -1.0700829    
   222.05516      0.97047406      0.28106207     -0.71620584    
   222.55226       1.0605127      0.16150975     -0.49188739    
   223.04961       1.1448820      8.27575400E-02 -0.35592362    
   223.54720       1.2232931      1.02874124E-02 -0.28955889    
   224.04503       1.2926736     -6.74078241E-02 -0.23552862    
   224.54312       1.3499713     -0.15838933     -0.17470713    
   225.04147       1.3939617     -0.25140783     -0.10339901    
   225.54005       1.4224608     -0.33715829     -2.12055091E-02
   226.03886       1.4235590     -0.42290652      5.94500825E-02
   226.53792       1.4002721     -0.52338195      0.12764899    
   227.03716       1.3482404     -0.68207622      0.18845648    
   227.53664       1.2708486     -0.85529387      0.24538249    
   228.03636       1.1748526      -1.0295634      0.29466754    
   228.53633       1.0657468      -1.2196903      0.32878235    
   229.03659      0.94753432      -1.4704360      0.33882317    
   229.53712      0.82655466      -1.8472719      0.31678003    
   230.03799      0.70780253      -2.4672995      0.23814575    
   230.53918      0.59633410      -3.6197970      4.35419679E-02
   231.04065      0.51677418      -5.6084318       1.3418629    
   231.54227      0.49468553      -3.4038200      1.22839455E-02
   232.04404      0.48664454      -3.1320534      1.55514544E-02
   232.54596      0.48443156       0.0000000       0.0000000    
   233.04802      0.48443156       0.0000000       0.0000000    
   233.55022      0.48443156       0.0000000       0.0000000    
   234.05257      0.48443156       0.0000000       0.0000000    
   234.55495      0.48443156       0.0000000       0.0000000    
   235.05734      0.48443156       0.0000000       0.0000000    
   235.55978      0.48443156       0.0000000       0.0000000    
   236.06227      0.48443156       0.0000000       0.0000000    
   236.56482      0.48443156       0.0000000       0.0000000    
   237.06743      0.48443156       0.0000000       0.0000000    
   237.57011      0.48443156       0.0000000       0.0000000    
   238.07285      0.48443156       0.0000000       0.0000000    
   238.57558      0.48443156       0.0000000       0.0000000    
   239.07823      0.48443156       0.0000000       0.0000000    
   239.58076      0.48443156       0.0000000       0.0000000    
   240.08319      0.48443156       0.0000000       0.0000000    
   240.58554      0.48443156       0.0000000       0.0000000    
   241.08781      0.48443156       0.0000000       0.0000000    
   241.59003      0.48443156       0.0000000       0.0000000    
   242.09218      0.48443156       0.0000000       0.0000000    
   242.59428      0.50673658       1.6810158      -4.5367832    
   243.09636      0.60144359       1.5187565      -7.5950613    
   243.59837      0.66948867       1.3942556      -5.4712691    
   244.10033      0.75537848       1.4911315      -3.9513073    
   244.60223      0.87228644       1.5959032      -2.9423087    
   245.10413       1.0249139       1.6883194      -2.3290074    
   245.60597       1.2404838       1.6582427      -2.0679417    
   246.10780       1.4827822       1.4193521      -1.8412358    
   246.60963       1.7022336       1.1847101      -1.7558398    
   247.11147       1.9442405       1.0913997      -1.6006864    
   247.61331       2.1869311       1.1154951      -1.4058434    
   248.11520       2.4039819       1.2232833      -1.2359660    
   248.61711       2.6030624       1.2655267      -1.1905243    
   249.11906       2.7992043       1.2127993      -1.2679639    
   249.62108       2.9894488       1.1401333      -1.4080499    
   250.12315       3.1292958       1.0674149      -1.4637736    
