 60.00000000   0.00151574   1.42392111
 30.00000000  -0.00238854   0.15954563
 20.00000000   0.00308286  -0.98725422
 15.00000000   0.00324075   1.02193695
 12.00000000  -0.00273744  -0.11416791
 10.00000000   0.00175178  -1.26007975
  8.57142857   0.00066881   0.65855186
  7.50000000   0.00022701   0.47429364
  6.66666667  -0.00061251  -0.93124513
  6.00000000  -0.00068461   1.31093330
  5.45454545   0.00059217   0.57683117
  5.00000000  -0.00044914  -0.02084638
  4.61538462   0.00032422  -0.39664475
  4.28571429  -0.00030288  -0.62976095
  4.00000000   0.00032006  -1.12615031
  3.75000000   0.00027113   1.37017151
  3.52941176  -0.00017391   0.86618136
  3.33333333   0.00011724   0.80581440
  3.15789474  -0.00012312   0.69145124
  3.00000000   0.00012479   0.35484899
