  -1.1900000e-05
  -1.8912200e-06
   7.3930400e-06
   1.5700000e-05
   2.2800000e-05
   2.8700000e-05
   3.3200000e-05
   3.6400000e-05
   3.8400000e-05
   3.9300000e-05
   3.9300000e-05
   3.8400000e-05
   3.7100000e-05
   3.5400000e-05
   3.3500000e-05
   3.1700000e-05
   3.0100000e-05
   2.8700000e-05
   2.7700000e-05
   2.7000000e-05
   2.6800000e-05
   2.6900000e-05
   2.7300000e-05
   2.8100000e-05
   2.9000000e-05
   3.0200000e-05
   3.1500000e-05
   3.2900000e-05
   3.4400000e-05
   3.6000000e-05
   3.7700000e-05
   3.9500000e-05
   4.1400000e-05
   4.3500000e-05
   4.5600000e-05
   4.7700000e-05
   4.9800000e-05
   5.1800000e-05
   5.3600000e-05
   5.4900000e-05
   5.5700000e-05
   5.5600000e-05
   5.4500000e-05
   5.2100000e-05
   4.8300000e-05
   4.2800000e-05
   3.5500000e-05
   2.6200000e-05
   1.4900000e-05
   1.5426800e-06
  -1.3700000e-05
  -3.0900000e-05
  -4.9700000e-05
  -7.0000000e-05
  -9.1600000e-05
  -1.1400000e-04
  -1.3720000e-04
  -1.6070000e-04
  -1.8450000e-04
  -2.0820000e-04
  -2.3180000e-04
  -2.5520000e-04
  -2.7840000e-04
  -3.0160000e-04
  -3.2490000e-04
  -3.4870000e-04
  -3.7340000e-04
  -3.9920000e-04
  -4.2670000e-04
  -4.5630000e-04
  -4.8850000e-04
  -5.2380000e-04
  -5.6240000e-04
  -6.0490000e-04
  -6.5130000e-04
  -7.0180000e-04
  -7.5630000e-04
  -8.1480000e-04
  -8.7710000e-04
  -9.4260000e-04
  -1.0110000e-03
  -1.0817000e-03
  -1.1540000e-03
  -1.2272000e-03
  -1.3005000e-03
  -1.3733000e-03
  -1.4448000e-03
  -1.5144000e-03
  -1.5814000e-03
  -1.6453000e-03
  -1.7057000e-03
  -1.7624000e-03
  -1.8151000e-03
  -1.8639000e-03
  -1.9089000e-03
  -1.9502000e-03
  -1.9881000e-03
  -2.0231000e-03
  -2.0556000e-03
  -2.0861000e-03
  -2.1151000e-03
  -2.1431000e-03
  -2.1707000e-03
  -2.1982000e-03
  -2.2260000e-03
  -2.2544000e-03
  -2.2837000e-03
  -2.3139000e-03
  -2.3451000e-03
  -2.3772000e-03
  -2.4101000e-03
  -2.4435000e-03
  -2.4772000e-03
  -2.5108000e-03
  -2.5440000e-03
  -2.5764000e-03
  -2.6077000e-03
  -2.6375000e-03
  -2.6657000e-03
  -2.6921000e-03
  -2.7164000e-03
  -2.7387000e-03
  -2.7591000e-03
  -2.7775000e-03
  -2.7942000e-03
  -2.8095000e-03
  -2.8235000e-03
  -2.8366000e-03
  -2.8489000e-03
  -2.8608000e-03
  -2.8724000e-03
  -2.8838000e-03
  -2.8950000e-03
  -2.9058000e-03
  -2.9161000e-03
  -2.9254000e-03
  -2.9332000e-03
  -2.9389000e-03
  -2.9417000e-03
  -2.9408000e-03
  -2.9354000e-03
  -2.9244000e-03
  -2.9070000e-03
  -2.8823000e-03
  -2.8495000e-03
  -2.8079000e-03
  -2.7570000e-03
  -2.6966000e-03
  -2.6263000e-03
  -2.5465000e-03
  -2.4574000e-03
  -2.3596000e-03
  -2.2538000e-03
  -2.1409000e-03
  -2.0222000e-03
  -1.8987000e-03
  -1.7719000e-03
  -1.6428000e-03
  -1.5128000e-03
  -1.3829000e-03
  -1.2541000e-03
  -1.1270000e-03
  -1.0022000e-03
  -8.7970000e-04
  -7.5950000e-04
  -6.4110000e-04
  -5.2360000e-04
  -4.0590000e-04
  -2.8670000e-04
  -1.6430000e-04
  -3.7100000e-05
   9.7000000e-05
   2.3970000e-04
   3.9310000e-04
   5.5880000e-04
   7.3850000e-04
   9.3350000e-04
   1.1450000e-03
   1.3736000e-03
   1.6197000e-03
   1.8833000e-03
   2.1640000e-03
   2.4610000e-03
   2.7732000e-03
   3.0990000e-03
   3.4368000e-03
   3.7846000e-03
   4.1403000e-03
   4.5017000e-03
   4.8668000e-03
   5.2333000e-03
   5.5993000e-03
   5.9629000e-03
   6.3225000e-03
   6.6767000e-03
   7.0245000e-03
   7.3649000e-03
   7.6974000e-03
   8.0218000e-03
   8.3379000e-03
   8.6460000e-03
   8.9463000e-03
   9.2393000e-03
   9.5256000e-03
   9.8057000e-03
   1.0080300e-02
   1.0349800e-02
   1.0614700e-02
   1.0875600e-02
   1.1132600e-02
   1.1385900e-02
   1.1635500e-02
   1.1881400e-02
   1.2123400e-02
   1.2361200e-02
   1.2594400e-02
   1.2822600e-02
   1.3045300e-02
   1.3262000e-02
   1.3472400e-02
   1.3675800e-02
   1.3872000e-02
   1.4060700e-02
   1.4241400e-02
   1.4414100e-02
   1.4578600e-02
   1.4734800e-02
   1.4882800e-02
   1.5022400e-02
   1.5153900e-02
   1.5277400e-02
   1.5392900e-02
   1.5500500e-02
   1.5600400e-02
   1.5692700e-02
   1.5777400e-02
   1.5854500e-02
   1.5924000e-02
   1.5985700e-02
   1.6039700e-02
   1.6085800e-02
   1.6123600e-02
   1.6153100e-02
   1.6174000e-02
   1.6185900e-02
   1.6188600e-02
   1.6181900e-02
   1.6165600e-02
   1.6139300e-02
   1.6102900e-02
   1.6056400e-02
   1.5999600e-02
   1.5932600e-02
   1.5855400e-02
   1.5768300e-02
   1.5671500e-02
   1.5565300e-02
   1.5450200e-02
   1.5326600e-02
   1.5195200e-02
   1.5056600e-02
   1.4911300e-02
   1.4760200e-02
   1.4603800e-02
   1.4442900e-02
   1.4278200e-02
   1.4110100e-02
   1.3939200e-02
   1.3766000e-02
   1.3590800e-02
   1.3413800e-02
   1.3235100e-02
   1.3054700e-02
   1.2872500e-02
   1.2688300e-02
   1.2501800e-02
   1.2312500e-02
   1.2120100e-02
   1.1924100e-02
   1.1724000e-02
   1.1519400e-02
   1.1309900e-02
   1.1095100e-02
   1.0874900e-02
   1.0649000e-02
   1.0417300e-02
   1.0180000e-02
   9.9371000e-03
   9.6889000e-03
   9.4358000e-03
   9.1781000e-03
   8.9163000e-03
   8.6509000e-03
   8.3824000e-03
   8.1113000e-03
   7.8381000e-03
   7.5632000e-03
   7.2872000e-03
   7.0103000e-03
   6.7331000e-03
   6.4558000e-03
   6.1788000e-03
   5.9024000e-03
   5.6270000e-03
   5.3530000e-03
   5.0810000e-03
   4.8113000e-03
   4.5446000e-03
   4.2817000e-03
   4.0233000e-03
   3.7702000e-03
   3.5234000e-03
   3.2838000e-03
   3.0522000e-03
   2.8298000e-03
   2.6171000e-03
   2.4150000e-03
   2.2240000e-03
   2.0445000e-03
   1.8766000e-03
   1.7202000e-03
   1.5748000e-03
   1.4400000e-03
   1.3147000e-03
   1.1979000e-03
   1.0882000e-03
   9.8400000e-04
   8.8390000e-04
   7.8600000e-04
   6.8880000e-04
   5.9070000e-04
   4.9010000e-04
   3.8590000e-04
   2.7700000e-04
   1.6260000e-04
   4.2300000e-05
  -8.4100000e-05
  -2.1650000e-04
  -3.5440000e-04
  -4.9720000e-04
  -6.4410000e-04
  -7.9400000e-04
  -9.4580000e-04
  -1.0986000e-03
  -1.2513000e-03
  -1.4029000e-03
  -1.5529000e-03
  -1.7007000e-03
  -1.8462000e-03
  -1.9893000e-03
  -2.1305000e-03
  -2.2704000e-03
  -2.4099000e-03
  -2.5500000e-03
  -2.6920000e-03
  -2.8371000e-03
  -2.9868000e-03
  -3.1423000e-03
  -3.3048000e-03
  -3.4751000e-03
  -3.6541000e-03
  -3.8423000e-03
  -4.0397000e-03
  -4.2462000e-03
  -4.4613000e-03
  -4.6842000e-03
  -4.9139000e-03
  -5.1492000e-03
  -5.3886000e-03
  -5.6306000e-03
  -5.8737000e-03
  -6.1164000e-03
  -6.3571000e-03
  -6.5947000e-03
  -6.8279000e-03
  -7.0560000e-03
  -7.2782000e-03
  -7.4941000e-03
  -7.7035000e-03
  -7.9064000e-03
  -8.1029000e-03
  -8.2935000e-03
  -8.4784000e-03
  -8.6582000e-03
  -8.8333000e-03
  -9.0042000e-03
  -9.1712000e-03
  -9.3346000e-03
  -9.4945000e-03
  -9.6510000e-03
  -9.8040000e-03
  -9.9532000e-03
  -1.0098400e-02
  -1.0239300e-02
  -1.0375300e-02
  -1.0506000e-02
  -1.0631000e-02
  -1.0749900e-02
  -1.0862100e-02
  -1.0967300e-02
  -1.1065000e-02
  -1.1154800e-02
  -1.1236200e-02
  -1.1308800e-02
  -1.1371800e-02
  -1.1424500e-02
  -1.1465800e-02
  -1.1494700e-02
  -1.1509700e-02
  -1.1509100e-02
  -1.1491100e-02
  -1.1453500e-02
  -1.1394100e-02
  -1.1310600e-02
  -1.1200400e-02
  -1.1061200e-02
  -1.0890700e-02
  -1.0687100e-02
  -1.0448600e-02
  -1.0174200e-02
  -9.8631000e-03
  -9.5156000e-03
  -9.1324000e-03
  -8.7150000e-03
  -8.2657000e-03
  -7.7877000e-03
  -7.2847000e-03
  -6.7612000e-03
  -6.2222000e-03
  -5.6733000e-03
  -5.1200000e-03
  -4.5685000e-03
  -4.0245000e-03
  -3.4937000e-03
  -2.9814000e-03
  -2.4926000e-03
  -2.0314000e-03
  -1.6013000e-03
  -1.2050000e-03
  -8.4420000e-04
  -5.1980000e-04
  -2.3190000e-04
   2.0300000e-05
   0.0000000e+00
   0.0000000e+00
   0.0000000e+00
   0.0000000e+00
   0.0000000e+00
   0.0000000e+00
   0.0000000e+00
   0.0000000e+00
   0.0000000e+00
   0.0000000e+00
   0.0000000e+00
   0.0000000e+00
   0.0000000e+00
   0.0000000e+00
   0.0000000e+00
   0.0000000e+00
   0.0000000e+00
   0.0000000e+00
   0.0000000e+00
   0.0000000e+00
   0.0000000e+00
   0.0000000e+00
   0.0000000e+00
   0.0000000e+00
   0.0000000e+00
   0.0000000e+00
   0.0000000e+00
   0.0000000e+00
   0.0000000e+00
   0.0000000e+00
   0.0000000e+00
   0.0000000e+00
   0.0000000e+00
   0.0000000e+00
   0.0000000e+00
   0.0000000e+00
   0.0000000e+00
   0.0000000e+00
   0.0000000e+00
   0.0000000e+00
   0.0000000e+00
   0.0000000e+00
   0.0000000e+00
   0.0000000e+00
   0.0000000e+00
   0.0000000e+00
   0.0000000e+00
   0.0000000e+00
   0.0000000e+00
   0.0000000e+00
   0.0000000e+00
   0.0000000e+00
   0.0000000e+00
   0.0000000e+00
   0.0000000e+00
   0.0000000e+00
   0.0000000e+00
   0.0000000e+00
   0.0000000e+00
   0.0000000e+00
   0.0000000e+00
   0.0000000e+00
   0.0000000e+00
   0.0000000e+00
   0.0000000e+00
   0.0000000e+00
   0.0000000e+00
   0.0000000e+00
   0.0000000e+00
   0.0000000e+00
   0.0000000e+00
   0.0000000e+00
   0.0000000e+00
   0.0000000e+00
   0.0000000e+00
   0.0000000e+00
   0.0000000e+00
   0.0000000e+00
   0.0000000e+00
   0.0000000e+00
   0.0000000e+00
   0.0000000e+00
   0.0000000e+00
   0.0000000e+00
   0.0000000e+00
   0.0000000e+00
   0.0000000e+00
   0.0000000e+00
   0.0000000e+00
   0.0000000e+00
   0.0000000e+00
   0.0000000e+00
   0.0000000e+00
   0.0000000e+00
   0.0000000e+00
   0.0000000e+00
   0.0000000e+00
   0.0000000e+00
   0.0000000e+00
   0.0000000e+00
   0.0000000e+00
   0.0000000e+00
   0.0000000e+00
   0.0000000e+00
   0.0000000e+00
   0.0000000e+00
   0.0000000e+00
   0.0000000e+00
   0.0000000e+00
   0.0000000e+00
   0.0000000e+00
   0.0000000e+00
   0.0000000e+00
   0.0000000e+00
   0.0000000e+00
   0.0000000e+00
   0.0000000e+00
   0.0000000e+00
   0.0000000e+00
   0.0000000e+00
   0.0000000e+00
   0.0000000e+00
   0.0000000e+00
   0.0000000e+00
   0.0000000e+00
   0.0000000e+00
   0.0000000e+00
   0.0000000e+00
   0.0000000e+00
   0.0000000e+00
   0.0000000e+00
   0.0000000e+00
   0.0000000e+00
   0.0000000e+00
   0.0000000e+00
   0.0000000e+00
   0.0000000e+00
   0.0000000e+00
   0.0000000e+00
   0.0000000e+00
   0.0000000e+00
   0.0000000e+00
   0.0000000e+00
   0.0000000e+00
   0.0000000e+00
   0.0000000e+00
   0.0000000e+00
   0.0000000e+00
   0.0000000e+00
   0.0000000e+00
   0.0000000e+00
   0.0000000e+00
   0.0000000e+00
   0.0000000e+00
   0.0000000e+00
   0.0000000e+00
   0.0000000e+00
   0.0000000e+00
   0.0000000e+00
   0.0000000e+00
   0.0000000e+00
   0.0000000e+00
   0.0000000e+00
   0.0000000e+00
   0.0000000e+00
   0.0000000e+00
   0.0000000e+00
   0.0000000e+00
   0.0000000e+00
   0.0000000e+00
   0.0000000e+00
   0.0000000e+00
   0.0000000e+00
   0.0000000e+00
   0.0000000e+00
   0.0000000e+00
   0.0000000e+00
   0.0000000e+00
   0.0000000e+00
   0.0000000e+00
   0.0000000e+00
   0.0000000e+00
   0.0000000e+00
   0.0000000e+00
   0.0000000e+00
   0.0000000e+00
   0.0000000e+00
   0.0000000e+00
   0.0000000e+00
   0.0000000e+00
   0.0000000e+00
   0.0000000e+00
   0.0000000e+00
   0.0000000e+00
   0.0000000e+00
   0.0000000e+00
   0.0000000e+00
   0.0000000e+00
   0.0000000e+00
   0.0000000e+00
   0.0000000e+00
   0.0000000e+00
   0.0000000e+00
   0.0000000e+00
   0.0000000e+00
   0.0000000e+00
   0.0000000e+00
   0.0000000e+00
   0.0000000e+00
   0.0000000e+00
   0.0000000e+00
   0.0000000e+00
   0.0000000e+00
   0.0000000e+00
   0.0000000e+00
   0.0000000e+00
   0.0000000e+00
   0.0000000e+00
   0.0000000e+00
   0.0000000e+00
   0.0000000e+00
   0.0000000e+00
   0.0000000e+00
   0.0000000e+00
   0.0000000e+00
   0.0000000e+00
   0.0000000e+00
   0.0000000e+00
   0.0000000e+00
   0.0000000e+00
   0.0000000e+00
   0.0000000e+00
   0.0000000e+00
   0.0000000e+00
   0.0000000e+00
   0.0000000e+00
   0.0000000e+00
   0.0000000e+00
   0.0000000e+00
   0.0000000e+00
   0.0000000e+00
   0.0000000e+00
   0.0000000e+00
   0.0000000e+00
   0.0000000e+00
   0.0000000e+00
   0.0000000e+00
   0.0000000e+00
   0.0000000e+00
   0.0000000e+00
   0.0000000e+00
   0.0000000e+00
   0.0000000e+00
   0.0000000e+00
   0.0000000e+00
   0.0000000e+00
   0.0000000e+00
   0.0000000e+00
   0.0000000e+00
   0.0000000e+00
   0.0000000e+00
   0.0000000e+00
   0.0000000e+00
   0.0000000e+00
   0.0000000e+00
   0.0000000e+00
   0.0000000e+00
   0.0000000e+00
   0.0000000e+00
   0.0000000e+00
   0.0000000e+00
   0.0000000e+00
   0.0000000e+00
   0.0000000e+00
   0.0000000e+00
   0.0000000e+00
   0.0000000e+00
   0.0000000e+00
   0.0000000e+00
   0.0000000e+00
   0.0000000e+00
   0.0000000e+00
   0.0000000e+00
   0.0000000e+00
   0.0000000e+00
   0.0000000e+00
   0.0000000e+00
   0.0000000e+00
   0.0000000e+00
   0.0000000e+00
   0.0000000e+00
   0.0000000e+00
   0.0000000e+00
   0.0000000e+00
   0.0000000e+00
   0.0000000e+00
   0.0000000e+00
   0.0000000e+00
   0.0000000e+00
   0.0000000e+00
   0.0000000e+00
   0.0000000e+00
   0.0000000e+00
   0.0000000e+00
   0.0000000e+00
   0.0000000e+00
   0.0000000e+00
   0.0000000e+00
   0.0000000e+00
   0.0000000e+00
   0.0000000e+00
   0.0000000e+00
   0.0000000e+00
   0.0000000e+00
   0.0000000e+00
   0.0000000e+00
   0.0000000e+00
   0.0000000e+00
   0.0000000e+00
   0.0000000e+00
   0.0000000e+00
   0.0000000e+00
   0.0000000e+00
   0.0000000e+00
   0.0000000e+00
   0.0000000e+00
   0.0000000e+00
   0.0000000e+00
   0.0000000e+00
   0.0000000e+00
   0.0000000e+00
   0.0000000e+00
   0.0000000e+00
   0.0000000e+00
   0.0000000e+00
   0.0000000e+00
   0.0000000e+00
   0.0000000e+00
   0.0000000e+00
   0.0000000e+00
   0.0000000e+00
   0.0000000e+00
   0.0000000e+00
   0.0000000e+00
   0.0000000e+00
   0.0000000e+00
   0.0000000e+00
   0.0000000e+00
   0.0000000e+00
   0.0000000e+00
   0.0000000e+00
   0.0000000e+00
   0.0000000e+00
   0.0000000e+00
   0.0000000e+00
   0.0000000e+00
   0.0000000e+00
   0.0000000e+00
   0.0000000e+00
   0.0000000e+00
   0.0000000e+00
   0.0000000e+00
   0.0000000e+00
   0.0000000e+00
   0.0000000e+00
   0.0000000e+00
   0.0000000e+00
   0.0000000e+00
   0.0000000e+00
   0.0000000e+00
   0.0000000e+00
   0.0000000e+00
   0.0000000e+00
   0.0000000e+00
   0.0000000e+00
   0.0000000e+00
   0.0000000e+00
   0.0000000e+00
   0.0000000e+00
   0.0000000e+00
   0.0000000e+00
   0.0000000e+00
   0.0000000e+00
   0.0000000e+00
   0.0000000e+00
   0.0000000e+00
   0.0000000e+00
   0.0000000e+00
   0.0000000e+00
   0.0000000e+00
   0.0000000e+00
   0.0000000e+00
   0.0000000e+00
   0.0000000e+00
   0.0000000e+00
   0.0000000e+00
   0.0000000e+00
   0.0000000e+00
   0.0000000e+00
   0.0000000e+00
   0.0000000e+00
   0.0000000e+00
   0.0000000e+00
   0.0000000e+00
   0.0000000e+00
   0.0000000e+00
   0.0000000e+00
   0.0000000e+00
   0.0000000e+00
   0.0000000e+00
   0.0000000e+00
   0.0000000e+00
   0.0000000e+00
   0.0000000e+00
   0.0000000e+00
   0.0000000e+00
   0.0000000e+00
   0.0000000e+00
   0.0000000e+00
   0.0000000e+00
   0.0000000e+00
   0.0000000e+00
   0.0000000e+00
   0.0000000e+00
   0.0000000e+00
   0.0000000e+00
   0.0000000e+00
   0.0000000e+00
   0.0000000e+00
   0.0000000e+00
   0.0000000e+00
   0.0000000e+00
   0.0000000e+00
   0.0000000e+00
   0.0000000e+00
   0.0000000e+00
   0.0000000e+00
   0.0000000e+00
   0.0000000e+00
   0.0000000e+00
   0.0000000e+00
   0.0000000e+00
   0.0000000e+00
   0.0000000e+00
   0.0000000e+00
   0.0000000e+00
   0.0000000e+00
   0.0000000e+00
   0.0000000e+00
   0.0000000e+00
   0.0000000e+00
   0.0000000e+00
   0.0000000e+00
   0.0000000e+00
   0.0000000e+00
   0.0000000e+00
   0.0000000e+00
   0.0000000e+00
   0.0000000e+00
   0.0000000e+00
   0.0000000e+00
   0.0000000e+00
   0.0000000e+00
   0.0000000e+00
   0.0000000e+00
   0.0000000e+00
   0.0000000e+00
   0.0000000e+00
   0.0000000e+00
   0.0000000e+00
   0.0000000e+00
   0.0000000e+00
   0.0000000e+00
   0.0000000e+00
   0.0000000e+00
   0.0000000e+00
   0.0000000e+00
   0.0000000e+00
   0.0000000e+00
   0.0000000e+00
   0.0000000e+00
   0.0000000e+00
   0.0000000e+00
   0.0000000e+00
   0.0000000e+00
   0.0000000e+00
   0.0000000e+00
   0.0000000e+00
   0.0000000e+00
   0.0000000e+00
   0.0000000e+00
   0.0000000e+00
   0.0000000e+00
   0.0000000e+00
   0.0000000e+00
   0.0000000e+00
   0.0000000e+00
   0.0000000e+00
   0.0000000e+00
   0.0000000e+00
   0.0000000e+00
   0.0000000e+00
   0.0000000e+00
   0.0000000e+00
   0.0000000e+00
   0.0000000e+00
   0.0000000e+00
   0.0000000e+00
   0.0000000e+00
   0.0000000e+00
   0.0000000e+00
   0.0000000e+00
   0.0000000e+00
   0.0000000e+00
   0.0000000e+00
   0.0000000e+00
   0.0000000e+00
   0.0000000e+00
   0.0000000e+00
   0.0000000e+00
   0.0000000e+00
   0.0000000e+00
   0.0000000e+00
   0.0000000e+00
   0.0000000e+00
   0.0000000e+00
   0.0000000e+00
   0.0000000e+00
   0.0000000e+00
   0.0000000e+00
   0.0000000e+00
   0.0000000e+00
   0.0000000e+00
   0.0000000e+00
   0.0000000e+00
   0.0000000e+00
   0.0000000e+00
   0.0000000e+00
   0.0000000e+00
   0.0000000e+00
   0.0000000e+00
   0.0000000e+00
   0.0000000e+00
   0.0000000e+00
   0.0000000e+00
   0.0000000e+00
   0.0000000e+00
   0.0000000e+00
   0.0000000e+00
   0.0000000e+00
   0.0000000e+00
   0.0000000e+00
   0.0000000e+00
   0.0000000e+00
   0.0000000e+00
   0.0000000e+00
   0.0000000e+00
   0.0000000e+00
   0.0000000e+00
   0.0000000e+00
   0.0000000e+00
   0.0000000e+00
   0.0000000e+00
   0.0000000e+00
   0.0000000e+00
   0.0000000e+00
   0.0000000e+00
   0.0000000e+00
   0.0000000e+00
   0.0000000e+00
   0.0000000e+00
   0.0000000e+00
   0.0000000e+00
   0.0000000e+00
   0.0000000e+00
   0.0000000e+00
   0.0000000e+00
   0.0000000e+00
   0.0000000e+00
   0.0000000e+00
   0.0000000e+00
