512.00000000   0.19460252   1.10898272
256.00000000   0.31414774   2.75737961
170.66666667   0.38163453  -1.78442813
128.00000000   0.34685059  -0.04192184
102.40000000   0.22191343   1.68828280
 85.33333333   0.07317845  -2.96604935
 73.14285714   0.03976859   2.70128246
 64.00000000   0.07833145  -1.85129020
 56.88888889   0.07460922   0.25970173
 51.20000000   0.05626256   2.56654486
 46.54545455   0.03790478  -1.14451566
 42.66666667   0.03470825   1.64413546
 39.38461538   0.03597491  -2.20568955
 36.57142857   0.02631666   0.10772369
 34.13333333   0.01430935   2.81876468
 32.00000000   0.01307345  -0.40128268
 30.11764706   0.01365267   2.29298027
